#!ascii label  , from subject bert vox2ras=TkReg
1277
34573  -47.358  -53.545  -3.626 0.0000000000
34574  -47.659  -53.591  -4.041 0.0000000000
34589  -47.739  -53.128  -4.937 0.0000000000
34590  -48.087  -53.440  -5.609 0.0000000000
34591  -48.510  -53.737  -6.129 0.0000000000
34609  -48.088  -53.105  -6.437 0.0000000000
34610  -48.659  -53.369  -6.683 0.0000000000
34611  -49.367  -53.341  -7.151 0.0000000000
34628  -49.291  -52.690  -7.385 0.0000000000
34629  -49.688  -52.943  -7.420 0.0000000000
34630  -50.221  -53.152  -7.405 0.0000000000
35620  -46.009  -53.540  -1.353 0.0000000000
35633  -46.485  -53.238  -2.075 0.0000000000
35634  -46.687  -53.637  -2.219 0.0000000000
35643  -46.458  -52.679  -2.745 0.0000000000
35644  -46.636  -53.112  -2.949 0.0000000000
35647  -46.935  -52.815  -4.094 0.0000000000
35648  -47.380  -52.705  -4.771 0.0000000000
35652  -46.886  -52.184  -5.149 0.0000000000
35653  -47.312  -52.334  -5.752 0.0000000000
35654  -47.700  -52.624  -6.319 0.0000000000
35665  -47.406  -51.965  -6.503 0.0000000000
35666  -47.889  -52.296  -6.826 0.0000000000
35667  -48.479  -52.349  -7.163 0.0000000000
35668  -48.943  -52.262  -7.353 0.0000000000
35669  -51.266  -53.005  -6.923 0.0000000000
35683  -49.354  -52.235  -7.392 0.0000000000
35684  -49.870  -52.407  -7.378 0.0000000000
35685  -50.487  -52.713  -7.273 0.0000000000
36670  -45.777  -53.160  -1.299 0.0000000000
36684  -45.696  -52.695  -1.706 0.0000000000
36685  -45.848  -52.726  -1.900 0.0000000000
36701  -46.066  -52.693  -2.149 0.0000000000
36710  -46.074  -52.256  -3.007 0.0000000000
36711  -46.346  -52.484  -3.139 0.0000000000
36713  -45.995  -51.707  -3.730 0.0000000000
36714  -46.353  -51.986  -3.890 0.0000000000
36718  -46.524  -51.695  -4.983 0.0000000000
36719  -46.655  -51.502  -5.821 0.0000000000
36727  -46.930  -51.385  -6.450 0.0000000000
36728  -47.367  -51.331  -6.855 0.0000000000
36729  -47.881  -51.423  -7.141 0.0000000000
36730  -48.433  -51.491  -7.311 0.0000000000
36731  -50.652  -52.077  -6.925 0.0000000000
36732  -51.409  -52.189  -6.428 0.0000000000
36738  -48.993  -51.548  -7.363 0.0000000000
36739  -49.553  -51.653  -7.309 0.0000000000
36740  -50.092  -51.871  -7.204 0.0000000000
37653  -52.920  -48.142  -3.360 0.0000000000
37654  -53.576  -48.608  -3.275 0.0000000000
37655  -54.330  -48.987  -3.290 0.0000000000
37722  -45.635  -52.193  -2.218 0.0000000000
37723  -45.683  -52.420  -2.121 0.0000000000
37740  -45.591  -51.561  -3.252 0.0000000000
37741  -45.710  -52.161  -2.635 0.0000000000
37748  -45.549  -51.266  -3.690 0.0000000000
37749  -45.705  -51.494  -3.657 0.0000000000
37751  -46.031  -51.239  -4.312 0.0000000000
37752  -46.246  -51.046  -4.954 0.0000000000
37757  -46.314  -50.842  -5.734 0.0000000000
37758  -46.501  -50.695  -6.356 0.0000000000
37767  -46.881  -50.602  -6.790 0.0000000000
37768  -47.386  -50.598  -7.033 0.0000000000
37769  -47.953  -50.674  -7.180 0.0000000000
37770  -48.600  -50.834  -7.142 0.0000000000
37771  -50.017  -51.036  -6.294 0.0000000000
37772  -50.524  -51.306  -6.361 0.0000000000
37773  -51.686  -51.289  -6.182 0.0000000000
37780  -49.225  -51.036  -7.090 0.0000000000
37781  -49.822  -51.135  -6.890 0.0000000000
37782  -50.230  -51.561  -6.929 0.0000000000
38544  -52.068  -46.483  -1.993 0.0000000000
38545  -52.297  -46.573  -2.108 0.0000000000
38546  -52.808  -46.977  -2.305 0.0000000000
38547  -53.498  -47.441  -2.449 0.0000000000
38548  -54.211  -47.757  -2.591 0.0000000000
38560  -51.946  -46.642  -2.408 0.0000000000
38561  -52.209  -46.779  -2.433 0.0000000000
38562  -52.914  -47.513  -2.610 0.0000000000
38563  -53.580  -47.982  -2.681 0.0000000000
38564  -54.318  -48.293  -2.860 0.0000000000
38582  -51.993  -46.818  -2.924 0.0000000000
38583  -52.363  -47.741  -3.661 0.0000000000
38606  -51.812  -47.456  -3.954 0.0000000000
38627  -45.547  -51.504  -3.019 0.0000000000
38649  -45.561  -51.091  -3.831 0.0000000000
38650  -45.844  -50.875  -4.146 0.0000000000
38659  -45.633  -51.147  -3.962 0.0000000000
38660  -45.951  -50.845  -4.445 0.0000000000
38662  -46.155  -50.535  -5.073 0.0000000000
38663  -46.195  -50.268  -5.657 0.0000000000
38668  -46.304  -50.043  -6.176 0.0000000000
38669  -46.614  -49.899  -6.530 0.0000000000
38670  -51.225  -49.919  -6.073 0.0000000000
38671  -52.492  -50.404  -6.046 0.0000000000
38678  -47.025  -49.852  -6.736 0.0000000000
38679  -47.526  -49.902  -6.810 0.0000000000
38680  -48.178  -50.040  -6.744 0.0000000000
38681  -49.040  -50.352  -6.517 0.0000000000
38682  -49.941  -50.526  -6.265 0.0000000000
38683  -50.835  -50.580  -6.113 0.0000000000
38684  -51.502  -50.560  -6.063 0.0000000000
38689  -49.387  -50.834  -6.874 0.0000000000
38690  -49.482  -50.793  -6.485 0.0000000000
39398  -50.723  -45.592  -0.927 0.0000000000
39399  -51.003  -45.639  -1.064 0.0000000000
39400  -51.163  -45.663  -1.229 0.0000000000
39408  -50.139  -45.613  -1.233 0.0000000000
39409  -50.691  -45.674  -1.337 0.0000000000
39410  -51.160  -45.769  -1.455 0.0000000000
39411  -51.662  -46.022  -1.676 0.0000000000
39412  -51.904  -46.104  -1.635 0.0000000000
39413  -52.717  -46.572  -2.092 0.0000000000
39414  -53.565  -47.020  -2.351 0.0000000000
39415  -54.546  -47.378  -2.826 0.0000000000
39423  -50.390  -45.589  -1.674 0.0000000000
39424  -50.868  -45.773  -2.068 0.0000000000
39425  -51.547  -46.249  -2.135 0.0000000000
39426  -51.679  -46.180  -1.872 0.0000000000
39436  -51.025  -46.061  -2.806 0.0000000000
39437  -51.451  -46.494  -3.098 0.0000000000
39455  -51.013  -46.358  -3.579 0.0000000000
39456  -51.303  -47.172  -4.355 0.0000000000
39496  -46.202  -50.452  -4.706 0.0000000000
39505  -46.260  -50.274  -5.031 0.0000000000
39513  -46.284  -50.135  -5.323 0.0000000000
39514  -46.274  -49.872  -5.662 0.0000000000
39521  -46.369  -49.494  -6.012 0.0000000000
39522  -46.575  -49.236  -6.261 0.0000000000
39523  -50.179  -48.699  -6.240 0.0000000000
39524  -50.635  -48.956  -6.306 0.0000000000
39525  -51.733  -49.095  -6.139 0.0000000000
39526  -52.997  -49.219  -5.739 0.0000000000
39533  -46.854  -49.102  -6.404 0.0000000000
39534  -47.221  -49.076  -6.442 0.0000000000
39535  -47.812  -49.153  -6.235 0.0000000000
39536  -48.584  -49.196  -6.181 0.0000000000
39537  -49.654  -49.105  -6.141 0.0000000000
39538  -50.404  -49.851  -6.105 0.0000000000
40251  -47.950  -45.168  0.598 0.0000000000
40252  -48.268  -45.243  0.439 0.0000000000
40253  -48.944  -45.411  0.191 0.0000000000
40254  -49.772  -45.468  -0.157 0.0000000000
40255  -50.333  -45.420  -0.375 0.0000000000
40256  -50.886  -45.462  -0.704 0.0000000000
40257  -51.321  -45.436  -0.907 0.0000000000
40268  -48.257  -45.308  -0.018 0.0000000000
40269  -49.130  -45.478  -0.502 0.0000000000
40270  -49.825  -45.539  -0.582 0.0000000000
40271  -50.430  -45.602  -0.845 0.0000000000
40272  -51.390  -45.618  -1.277 0.0000000000
40273  -52.004  -45.818  -1.417 0.0000000000
40274  -52.911  -46.206  -1.949 0.0000000000
40275  -53.867  -46.489  -2.493 0.0000000000
40285  -48.960  -45.259  -1.160 0.0000000000
40286  -49.941  -45.488  -1.645 0.0000000000
40287  -50.482  -45.610  -1.965 0.0000000000
40288  -54.925  -46.647  -3.302 0.0000000000
40299  -49.151  -45.127  -1.915 0.0000000000
40300  -49.805  -45.383  -2.672 0.0000000000
40301  -50.593  -45.713  -2.634 0.0000000000
40314  -50.114  -45.797  -4.243 0.0000000000
40315  -50.537  -46.038  -3.846 0.0000000000
40327  -49.896  -46.475  -5.201 0.0000000000
40328  -50.254  -46.662  -4.966 0.0000000000
40336  -46.613  -49.839  -5.342 0.0000000000
40337  -47.055  -49.023  -5.731 0.0000000000
40338  -47.639  -48.436  -6.091 0.0000000000
40339  -48.582  -47.555  -5.923 0.0000000000
40355  -46.613  -49.560  -5.532 0.0000000000
40356  -47.164  -48.311  -5.975 0.0000000000
40357  -47.664  -47.868  -6.084 0.0000000000
40358  -48.039  -47.705  -6.073 0.0000000000
40368  -46.500  -49.496  -5.743 0.0000000000
40369  -46.823  -48.600  -5.953 0.0000000000
40378  -46.368  -49.664  -5.742 0.0000000000
40379  -46.541  -49.076  -5.962 0.0000000000
40380  -53.884  -47.894  -5.065 0.0000000000
40388  -46.733  -48.606  -6.119 0.0000000000
40389  -46.878  -48.362  -6.212 0.0000000000
40390  -50.165  -48.170  -6.320 0.0000000000
40391  -51.045  -48.110  -6.218 0.0000000000
40392  -52.098  -48.215  -5.870 0.0000000000
40393  -53.291  -48.240  -5.435 0.0000000000
40398  -47.096  -48.234  -6.272 0.0000000000
40399  -47.526  -48.218  -6.189 0.0000000000
40400  -48.167  -48.238  -6.116 0.0000000000
40401  -48.901  -48.212  -6.058 0.0000000000
40402  -49.542  -48.003  -6.262 0.0000000000
41161  -47.494  -44.459  1.464 0.0000000000
41162  -47.701  -44.609  1.433 0.0000000000
41163  -48.213  -44.802  1.289 0.0000000000
41164  -48.867  -44.855  1.018 0.0000000000
41165  -49.500  -44.859  0.701 0.0000000000
41178  -47.472  -44.551  1.181 0.0000000000
41179  -47.625  -44.745  1.165 0.0000000000
41180  -48.187  -45.098  0.922 0.0000000000
41181  -48.862  -45.183  0.641 0.0000000000
41182  -49.563  -45.214  0.379 0.0000000000
41183  -50.236  -45.134  0.126 0.0000000000
41184  -50.911  -45.150  -0.334 0.0000000000
41185  -51.585  -45.193  -0.823 0.0000000000
41195  -47.520  -44.779  0.960 0.0000000000
41196  -47.762  -45.064  0.510 0.0000000000
41197  -52.386  -45.421  -1.435 0.0000000000
41198  -53.260  -45.624  -2.121 0.0000000000
41199  -54.272  -45.756  -2.839 0.0000000000
41209  -47.682  -44.913  0.339 0.0000000000
41210  -48.136  -45.145  -0.333 0.0000000000
41211  -55.367  -45.730  -3.723 0.0000000000
41222  -48.035  -44.927  -0.520 0.0000000000
41223  -48.657  -45.045  -1.485 0.0000000000
41224  -49.220  -45.124  -2.462 0.0000000000
41234  -48.477  -44.815  -1.542 0.0000000000
41235  -49.051  -44.955  -2.721 0.0000000000
41236  -49.635  -45.278  -3.539 0.0000000000
41245  -49.511  -45.217  -4.219 0.0000000000
41246  -49.724  -45.818  -4.764 0.0000000000
41257  -49.228  -46.132  -5.362 0.0000000000
41258  -49.441  -46.598  -5.490 0.0000000000
41274  -47.500  -47.314  -6.028 0.0000000000
41275  -48.025  -46.857  -5.898 0.0000000000
41276  -48.401  -47.011  -5.854 0.0000000000
41288  -47.264  -47.274  -6.070 0.0000000000
41289  -47.672  -46.884  -5.960 0.0000000000
41299  -46.979  -47.854  -6.118 0.0000000000
41300  -52.757  -46.821  -5.200 0.0000000000
41301  -54.025  -47.152  -4.787 0.0000000000
41312  -47.021  -47.641  -6.155 0.0000000000
41313  -47.118  -47.442  -6.242 0.0000000000
41314  -50.344  -47.146  -6.280 0.0000000000
41315  -51.413  -47.283  -5.932 0.0000000000
41316  -52.390  -47.452  -5.530 0.0000000000
41317  -53.232  -47.489  -5.227 0.0000000000
41321  -47.383  -47.379  -6.310 0.0000000000
41322  -47.867  -47.318  -6.336 0.0000000000
41323  -48.515  -47.281  -6.370 0.0000000000
41324  -49.185  -47.314  -6.401 0.0000000000
41325  -49.741  -47.464  -6.424 0.0000000000
42106  -46.939  -43.788  2.008 0.0000000000
42107  -47.325  -44.124  1.873 0.0000000000
42108  -47.726  -44.281  1.827 0.0000000000
42109  -48.322  -44.381  1.626 0.0000000000
42110  -49.043  -44.399  1.231 0.0000000000
42111  -49.984  -44.426  0.565 0.0000000000
42112  -50.482  -43.971  0.311 0.0000000000
42121  -47.343  -44.254  1.410 0.0000000000
42122  -47.308  -44.237  1.650 0.0000000000
42123  -50.521  -44.866  0.103 0.0000000000
42124  -51.022  -44.451  -0.192 0.0000000000
42125  -52.020  -44.657  -0.954 0.0000000000
42133  -47.439  -44.577  0.877 0.0000000000
42134  -52.802  -44.796  -1.607 0.0000000000
42135  -53.697  -44.855  -2.501 0.0000000000
42136  -54.701  -45.026  -3.278 0.0000000000
42145  -47.626  -44.607  0.286 0.0000000000
42146  -55.795  -44.787  -3.917 0.0000000000
42156  -48.023  -44.621  -0.635 0.0000000000
42157  -56.764  -44.399  -4.087 0.0000000000
42166  -48.439  -44.544  -1.661 0.0000000000
42167  -48.750  -44.720  -2.430 0.0000000000
42173  -48.717  -44.513  -2.787 0.0000000000
42174  -49.135  -44.854  -3.488 0.0000000000
42182  -49.199  -44.712  -4.022 0.0000000000
42183  -49.277  -45.304  -4.755 0.0000000000
42196  -48.927  -45.446  -5.235 0.0000000000
42197  -48.897  -46.055  -5.577 0.0000000000
42210  -47.460  -46.561  -5.968 0.0000000000
42211  -48.054  -46.178  -5.861 0.0000000000
42220  -47.186  -46.753  -6.038 0.0000000000
42221  -47.127  -46.443  -6.023 0.0000000000
42222  -51.376  -45.897  -5.450 0.0000000000
42223  -51.977  -46.078  -5.271 0.0000000000
42224  -53.279  -46.167  -4.761 0.0000000000
42225  -54.714  -46.211  -4.493 0.0000000000
42235  -47.144  -47.026  -6.088 0.0000000000
42236  -47.233  -46.592  -6.169 0.0000000000
42237  -47.511  -46.208  -6.328 0.0000000000
42238  -49.242  -45.984  -6.418 0.0000000000
42239  -49.693  -46.208  -6.236 0.0000000000
42240  -50.923  -46.202  -5.736 0.0000000000
42241  -51.861  -46.735  -5.575 0.0000000000
42245  -47.345  -46.791  -6.306 0.0000000000
42246  -47.687  -46.523  -6.456 0.0000000000
42247  -48.178  -46.537  -6.519 0.0000000000
42248  -48.934  -46.334  -6.536 0.0000000000
42249  -49.557  -46.854  -6.443 0.0000000000
42996  -46.732  -43.174  2.936 0.0000000000
42997  -46.960  -43.263  2.894 0.0000000000
42998  -47.479  -43.353  2.734 0.0000000000
42999  -48.038  -43.353  2.463 0.0000000000
43004  -46.225  -42.930  2.561 0.0000000000
43005  -46.453  -43.131  2.384 0.0000000000
43006  -46.777  -43.319  2.610 0.0000000000
43007  -47.288  -43.731  2.399 0.0000000000
43008  -47.846  -43.864  2.224 0.0000000000
43009  -48.530  -43.730  1.868 0.0000000000
43010  -49.253  -43.724  1.246 0.0000000000
43011  -49.931  -43.401  0.514 0.0000000000
43021  -46.281  -42.956  2.336 0.0000000000
43022  -46.667  -43.467  1.933 0.0000000000
43023  -50.883  -43.393  0.028 0.0000000000
43024  -51.888  -43.648  -0.841 0.0000000000
43025  -52.185  -43.093  -1.618 0.0000000000
43031  -47.223  -43.995  1.174 0.0000000000
43032  -52.434  -44.249  -1.252 0.0000000000
43033  -52.955  -43.788  -1.955 0.0000000000
43034  -54.482  -43.989  -3.241 0.0000000000
43040  -47.683  -44.193  0.284 0.0000000000
43041  -56.011  -43.781  -3.844 0.0000000000
43051  -48.159  -44.282  -0.758 0.0000000000
43052  -57.305  -43.799  -3.805 0.0000000000
43061  -48.397  -44.236  -1.961 0.0000000000
43067  -48.672  -44.283  -3.146 0.0000000000
43075  -49.098  -44.614  -4.294 0.0000000000
43085  -48.751  -45.115  -5.185 0.0000000000
43099  -47.569  -46.146  -5.962 0.0000000000
43100  -48.196  -45.482  -5.735 0.0000000000
43109  -47.285  -46.251  -6.001 0.0000000000
43110  -47.598  -45.860  -5.963 0.0000000000
43111  -50.359  -45.248  -5.280 0.0000000000
43112  -51.277  -45.522  -5.163 0.0000000000
43113  -52.550  -45.422  -4.720 0.0000000000
43114  -53.895  -45.324  -4.518 0.0000000000
43115  -55.343  -45.265  -4.320 0.0000000000
43127  -47.659  -45.719  -6.155 0.0000000000
43128  -47.948  -45.653  -6.394 0.0000000000
43129  -48.520  -45.360  -6.423 0.0000000000
43130  -49.173  -45.561  -6.268 0.0000000000
43131  -50.027  -45.583  -5.816 0.0000000000
43132  -50.597  -45.631  -5.490 0.0000000000
43139  -47.981  -46.111  -6.549 0.0000000000
43140  -48.333  -45.914  -6.546 0.0000000000
43141  -48.712  -45.748  -6.512 0.0000000000
43896  -46.393  -42.549  2.942 0.0000000000
43897  -46.702  -42.851  3.051 0.0000000000
43898  -47.216  -42.821  3.100 0.0000000000
43899  -47.861  -42.786  2.833 0.0000000000
43900  -48.650  -42.764  2.205 0.0000000000
43901  -49.141  -42.317  1.909 0.0000000000
43907  -46.227  -42.692  2.477 0.0000000000
43908  -46.357  -42.841  2.695 0.0000000000
43909  -46.516  -42.910  2.874 0.0000000000
43910  -48.871  -43.245  1.666 0.0000000000
43911  -49.347  -42.657  1.265 0.0000000000
43912  -50.527  -42.521  0.300 0.0000000000
43913  -51.265  -42.257  -0.080 0.0000000000
43922  -46.146  -42.532  2.252 0.0000000000
43923  -46.261  -42.943  2.084 0.0000000000
43924  -50.943  -42.915  0.069 0.0000000000
43925  -51.278  -42.772  -0.332 0.0000000000
43926  -51.997  -42.583  -1.218 0.0000000000
43934  -46.165  -42.564  2.008 0.0000000000
43935  -46.590  -43.039  1.805 0.0000000000
43936  -52.692  -42.575  -2.008 0.0000000000
43937  -53.524  -42.766  -2.958 0.0000000000
43942  -47.313  -43.465  1.230 0.0000000000
43943  -55.166  -42.857  -3.601 0.0000000000
43944  -58.967  -43.043  -2.344 0.0000000000
43951  -47.935  -43.795  0.304 0.0000000000
43952  -56.682  -42.992  -3.820 0.0000000000
43953  -58.031  -43.058  -3.509 0.0000000000
43962  -48.387  -43.964  -0.953 0.0000000000
43968  -48.521  -43.992  -2.280 0.0000000000
43974  -48.679  -44.072  -3.426 0.0000000000
43984  -48.999  -44.427  -4.410 0.0000000000
43999  -48.672  -44.758  -5.150 0.0000000000
44008  -48.194  -45.039  -5.628 0.0000000000
44009  -48.220  -44.823  -5.745 0.0000000000
44010  -50.209  -44.851  -5.098 0.0000000000
44011  -50.822  -44.957  -4.752 0.0000000000
44012  -51.938  -44.874  -4.502 0.0000000000
44013  -53.221  -44.651  -4.357 0.0000000000
44014  -54.504  -44.380  -4.437 0.0000000000
44015  -56.005  -44.308  -4.135 0.0000000000
44026  -47.896  -45.248  -5.933 0.0000000000
44027  -48.087  -44.983  -5.991 0.0000000000
44028  -48.358  -44.914  -6.153 0.0000000000
44029  -48.880  -44.855  -6.031 0.0000000000
44030  -49.647  -44.886  -5.535 0.0000000000
44828  -46.356  -42.033  2.883 0.0000000000
44829  -46.571  -42.142  3.111 0.0000000000
44830  -47.000  -42.204  3.256 0.0000000000
44831  -47.601  -42.150  3.087 0.0000000000
44832  -48.350  -42.012  2.713 0.0000000000
44833  -49.291  -41.742  2.235 0.0000000000
44834  -50.109  -41.143  2.256 0.0000000000
44845  -46.159  -41.902  2.319 0.0000000000
44846  -46.269  -42.289  2.683 0.0000000000
44847  -49.358  -42.030  1.617 0.0000000000
44848  -50.158  -41.640  1.395 0.0000000000
44849  -51.358  -41.499  0.084 0.0000000000
44850  -51.860  -40.832  -0.640 0.0000000000
44857  -46.128  -41.947  2.038 0.0000000000
44858  -51.598  -42.106  -0.721 0.0000000000
44859  -52.589  -41.421  -1.589 0.0000000000
44860  -53.405  -40.803  -2.633 0.0000000000
44869  -46.291  -42.172  1.871 0.0000000000
44870  -46.762  -42.469  1.668 0.0000000000
44871  -53.093  -42.049  -2.614 0.0000000000
44872  -53.944  -41.574  -3.379 0.0000000000
44873  -58.694  -42.361  -1.867 0.0000000000
44878  -47.564  -42.819  1.319 0.0000000000
44879  -56.390  -42.071  -3.699 0.0000000000
44880  -57.941  -42.160  -3.018 0.0000000000
44881  -58.290  -41.939  -2.316 0.0000000000
44886  -48.475  -43.325  0.441 0.0000000000
44887  -49.310  -43.071  0.799 0.0000000000
44888  -57.127  -42.610  -3.728 0.0000000000
44889  -57.376  -42.447  -3.584 0.0000000000
44898  -48.719  -43.752  -1.301 0.0000000000
44899  -49.196  -43.356  -0.293 0.0000000000
44906  -48.709  -43.795  -2.603 0.0000000000
44907  -49.067  -43.530  -1.712 0.0000000000
44914  -48.756  -43.912  -3.638 0.0000000000
44915  -48.943  -43.652  -2.927 0.0000000000
44924  -48.890  -44.222  -4.478 0.0000000000
44925  -48.906  -43.843  -3.821 0.0000000000
44941  -48.675  -44.478  -5.140 0.0000000000
44942  -48.856  -44.011  -4.492 0.0000000000
44953  -48.418  -44.647  -5.509 0.0000000000
44954  -48.638  -44.382  -5.366 0.0000000000
44955  -48.999  -44.214  -5.216 0.0000000000
44956  -49.475  -44.255  -4.900 0.0000000000
44957  -50.189  -44.526  -4.661 0.0000000000
44958  -51.421  -44.493  -4.113 0.0000000000
44959  -52.786  -44.289  -3.849 0.0000000000
44960  -54.015  -43.734  -4.134 0.0000000000
44961  -55.088  -43.363  -4.505 0.0000000000
44972  -48.388  -44.629  -5.880 0.0000000000
44973  -48.687  -44.503  -5.757 0.0000000000
44974  -49.167  -44.445  -5.513 0.0000000000
44975  -49.548  -44.490  -5.185 0.0000000000
45827  -46.522  -41.501  2.888 0.0000000000
45828  -46.872  -41.549  3.125 0.0000000000
45829  -47.393  -41.538  3.109 0.0000000000
45830  -48.071  -41.410  2.885 0.0000000000
45831  -48.882  -41.155  2.591 0.0000000000
45832  -49.749  -40.804  2.460 0.0000000000
45833  -50.500  -40.508  2.444 0.0000000000
45834  -51.103  -40.371  2.332 0.0000000000
45843  -46.175  -41.022  2.191 0.0000000000
45844  -46.285  -41.470  2.541 0.0000000000
45845  -50.666  -40.856  2.108 0.0000000000
45846  -51.250  -40.616  1.541 0.0000000000
45847  -51.701  -40.345  0.292 0.0000000000
45856  -46.132  -41.076  1.999 0.0000000000
45857  -52.229  -40.178  -0.955 0.0000000000
45858  -53.038  -40.123  -2.061 0.0000000000
45867  -46.294  -41.171  1.852 0.0000000000
45868  -46.461  -41.678  1.772 0.0000000000
45869  -54.546  -40.260  -2.924 0.0000000000
45870  -56.516  -40.239  -3.348 0.0000000000
45877  -46.540  -40.983  1.770 0.0000000000
45878  -46.959  -41.545  1.671 0.0000000000
45879  -55.711  -41.045  -3.537 0.0000000000
45880  -57.296  -41.240  -3.380 0.0000000000
45881  -58.041  -41.591  -2.537 0.0000000000
45885  -47.907  -41.868  1.521 0.0000000000
45886  -48.959  -42.230  1.136 0.0000000000
45895  -49.928  -42.548  0.657 0.0000000000
45896  -50.509  -42.190  0.441 0.0000000000
45904  -49.891  -43.274  -0.613 0.0000000000
45905  -50.610  -42.763  -0.032 0.0000000000
45912  -49.512  -43.456  -2.087 0.0000000000
45913  -50.385  -43.217  -1.156 0.0000000000
45922  -49.234  -43.682  -3.412 0.0000000000
45923  -50.012  -43.465  -2.395 0.0000000000
45939  -49.084  -43.936  -4.412 0.0000000000
45940  -49.789  -43.754  -3.494 0.0000000000
45941  -50.737  -43.797  -2.992 0.0000000000
45942  -51.808  -43.538  -2.626 0.0000000000
45943  -52.900  -43.086  -2.405 0.0000000000
45944  -53.231  -42.601  -2.721 0.0000000000
45954  -48.969  -44.057  -4.931 0.0000000000
45955  -49.329  -44.004  -4.541 0.0000000000
45956  -50.011  -44.101  -4.030 0.0000000000
45957  -51.023  -44.195  -3.547 0.0000000000
45958  -52.276  -43.923  -3.243 0.0000000000
45959  -53.801  -43.013  -3.175 0.0000000000
45960  -54.603  -42.502  -4.332 0.0000000000
45961  -55.627  -42.328  -4.558 0.0000000000
46910  -46.868  -40.903  2.740 0.0000000000
46911  -47.258  -40.963  2.908 0.0000000000
46912  -47.857  -40.866  2.811 0.0000000000
46913  -48.611  -40.652  2.647 0.0000000000
46914  -49.454  -40.346  2.588 0.0000000000
46915  -50.289  -40.065  2.622 0.0000000000
46916  -51.012  -39.862  2.521 0.0000000000
46917  -51.646  -39.729  2.127 0.0000000000
46918  -52.148  -39.217  1.540 0.0000000000
46925  -46.357  -40.559  2.060 0.0000000000
46926  -46.571  -40.787  2.441 0.0000000000
46927  -51.877  -39.868  1.348 0.0000000000
46928  -52.246  -39.154  0.220 0.0000000000
46929  -53.036  -38.570  -0.898 0.0000000000
46936  -46.471  -39.401  1.113 0.0000000000
46937  -46.283  -40.062  1.587 0.0000000000
46938  -52.870  -39.429  -1.167 0.0000000000
46939  -54.095  -39.052  -1.990 0.0000000000
46940  -55.612  -38.862  -2.446 0.0000000000
46949  -46.380  -39.603  1.216 0.0000000000
46950  -46.282  -40.300  1.751 0.0000000000
46951  -55.543  -39.522  -2.738 0.0000000000
46952  -57.122  -39.377  -2.870 0.0000000000
46961  -46.513  -39.307  1.064 0.0000000000
46962  -46.649  -39.926  1.514 0.0000000000
46963  -46.799  -40.649  1.762 0.0000000000
46968  -47.137  -39.629  1.432 0.0000000000
46969  -47.316  -40.377  1.694 0.0000000000
46970  -48.209  -40.785  1.379 0.0000000000
46977  -49.201  -40.973  1.032 0.0000000000
46978  -50.271  -41.208  0.581 0.0000000000
46979  -50.495  -40.531  0.388 0.0000000000
46987  -50.853  -41.848  0.020 0.0000000000
46988  -50.850  -40.862  0.113 0.0000000000
46995  -51.072  -42.540  -0.691 0.0000000000
46996  -51.510  -41.322  -0.580 0.0000000000
46997  -51.976  -40.858  -0.903 0.0000000000
47005  -50.933  -43.238  -1.543 0.0000000000
47006  -51.870  -42.561  -1.087 0.0000000000
47007  -52.354  -41.535  -1.375 0.0000000000
47008  -52.836  -41.266  -1.920 0.0000000000
47027  -50.545  -43.530  -2.484 0.0000000000
47028  -51.494  -43.339  -1.937 0.0000000000
47029  -52.380  -42.787  -1.733 0.0000000000
47030  -52.799  -42.072  -2.238 0.0000000000
47031  -53.423  -41.848  -3.056 0.0000000000
47041  -54.282  -41.470  -4.055 0.0000000000
47042  -54.928  -41.364  -4.801 0.0000000000
47043  -56.237  -41.418  -4.492 0.0000000000
47973  -47.183  -40.557  2.583 0.0000000000
47974  -47.649  -40.288  2.486 0.0000000000
47975  -48.367  -40.155  2.513 0.0000000000
47976  -49.161  -39.846  2.514 0.0000000000
47977  -50.031  -39.549  2.558 0.0000000000
47978  -50.836  -39.298  2.579 0.0000000000
47979  -51.507  -39.045  2.361 0.0000000000
47980  -52.127  -38.732  1.984 0.0000000000
47981  -52.685  -38.437  1.256 0.0000000000
47991  -46.640  -40.262  2.013 0.0000000000
47992  -47.117  -39.959  1.995 0.0000000000
47993  -47.782  -39.667  2.036 0.0000000000
47994  -53.176  -38.108  0.169 0.0000000000
47995  -54.141  -38.020  -1.043 0.0000000000
47996  -55.292  -37.782  -1.699 0.0000000000
48002  -46.453  -39.077  1.243 0.0000000000
48003  -46.702  -39.653  1.378 0.0000000000
48004  -47.036  -39.320  1.246 0.0000000000
48005  -55.098  -38.372  -1.873 0.0000000000
48006  -56.423  -38.242  -2.410 0.0000000000
48012  -46.365  -38.740  1.050 0.0000000000
48013  -58.009  -38.708  -2.352 0.0000000000
48021  -46.253  -38.513  0.935 0.0000000000
48022  -46.563  -38.946  0.998 0.0000000000
48028  -46.378  -38.313  0.582 0.0000000000
48029  -46.768  -38.754  0.894 0.0000000000
48030  -47.398  -39.443  1.354 0.0000000000
48031  -47.757  -39.914  1.610 0.0000000000
48036  -46.774  -38.266  0.579 0.0000000000
48037  -47.245  -38.708  0.899 0.0000000000
48038  -48.149  -39.413  1.387 0.0000000000
48039  -49.426  -39.649  0.816 0.0000000000
48040  -50.191  -40.277  0.482 0.0000000000
48048  -49.657  -38.932  0.737 0.0000000000
48049  -50.589  -39.662  0.408 0.0000000000
48050  -51.310  -39.129  0.296 0.0000000000
48059  -51.461  -40.523  0.100 0.0000000000
48060  -51.942  -39.895  -0.418 0.0000000000
48061  -52.690  -39.377  -0.845 0.0000000000
48069  -52.235  -40.633  -1.140 0.0000000000
48070  -52.842  -40.127  -1.855 0.0000000000
48071  -53.588  -39.373  -3.268 0.0000000000
48089  -53.213  -41.172  -2.400 0.0000000000
48090  -53.758  -40.263  -3.700 0.0000000000
48106  -54.403  -40.380  -4.664 0.0000000000
48107  -55.448  -40.417  -4.682 0.0000000000
48108  -57.188  -40.626  -4.088 0.0000000000
48994  -48.174  -39.725  2.248 0.0000000000
48995  -48.819  -39.404  2.234 0.0000000000
48996  -49.729  -38.950  2.265 0.0000000000
48997  -50.631  -38.716  2.411 0.0000000000
48998  -51.398  -38.416  2.373 0.0000000000
48999  -52.081  -38.096  2.182 0.0000000000
49000  -52.760  -37.784  1.772 0.0000000000
49001  -53.486  -37.463  0.895 0.0000000000
49002  -54.196  -36.978  0.074 0.0000000000
49013  -47.763  -39.300  1.406 0.0000000000
49014  -48.379  -39.098  1.681 0.0000000000
49015  -49.195  -38.642  1.716 0.0000000000
49016  -49.875  -38.288  1.666 0.0000000000
49017  -53.946  -37.534  -0.070 0.0000000000
49018  -54.801  -37.109  -1.048 0.0000000000
49019  -56.244  -37.184  -2.120 0.0000000000
49033  -46.707  -38.722  0.913 0.0000000000
49034  -46.968  -38.709  0.900 0.0000000000
49035  -47.403  -38.802  1.027 0.0000000000
49036  -57.793  -37.621  -2.346 0.0000000000
49046  -46.481  -38.252  0.688 0.0000000000
49058  -46.145  -37.787  0.481 0.0000000000
49067  -45.967  -37.343  0.168 0.0000000000
49068  -46.186  -37.834  0.495 0.0000000000
49077  -45.927  -37.092  0.094 0.0000000000
49078  -46.139  -37.609  0.194 0.0000000000
49079  -46.807  -37.947  0.409 0.0000000000
49080  -47.541  -38.352  0.661 0.0000000000
49081  -48.329  -38.566  1.025 0.0000000000
49093  -46.305  -37.240  -0.070 0.0000000000
49094  -46.870  -37.499  0.014 0.0000000000
49095  -47.700  -37.754  0.348 0.0000000000
49096  -48.827  -38.098  0.903 0.0000000000
49097  -49.776  -38.190  0.841 0.0000000000
49098  -50.675  -38.334  0.475 0.0000000000
49109  -51.628  -38.423  0.155 0.0000000000
49110  -52.495  -38.632  -0.403 0.0000000000
49113  -52.940  -38.683  -1.310 0.0000000000
49114  -53.460  -38.619  -2.778 0.0000000000
49125  -54.066  -38.831  -4.055 0.0000000000
49126  -55.568  -38.654  -4.021 0.0000000000
49127  -57.484  -38.691  -3.476 0.0000000000
49147  -54.130  -39.679  -4.493 0.0000000000
49148  -54.797  -39.546  -4.564 0.0000000000
49149  -56.300  -39.538  -4.314 0.0000000000
50025  -50.432  -38.165  2.086 0.0000000000
50026  -51.223  -37.744  2.188 0.0000000000
50027  -52.028  -37.426  2.174 0.0000000000
50028  -52.757  -37.123  1.992 0.0000000000
50029  -53.479  -36.805  1.487 0.0000000000
50030  -54.172  -36.461  0.544 0.0000000000
50031  -54.805  -36.300  -0.605 0.0000000000
50038  -48.072  -38.540  0.936 0.0000000000
50039  -48.810  -38.107  0.938 0.0000000000
50040  -49.611  -37.844  1.154 0.0000000000
50041  -50.275  -37.665  1.478 0.0000000000
50042  -50.796  -37.547  1.838 0.0000000000
50043  -55.803  -36.234  -1.750 0.0000000000
50044  -57.542  -36.268  -2.404 0.0000000000
50062  -46.656  -37.863  0.357 0.0000000000
50063  -47.169  -37.914  0.393 0.0000000000
50064  -47.767  -37.896  0.461 0.0000000000
50065  -48.287  -37.810  0.584 0.0000000000
50084  -46.164  -37.278  0.175 0.0000000000
50096  -45.400  -36.075  -0.259 0.0000000000
50097  -45.680  -36.496  -0.104 0.0000000000
50105  -45.279  -35.956  -0.369 0.0000000000
50106  -45.563  -36.353  -0.228 0.0000000000
50120  -45.141  -35.835  -0.501 0.0000000000
50121  -45.453  -36.200  -0.359 0.0000000000
50122  -45.754  -36.615  -0.135 0.0000000000
50136  -45.380  -36.054  -0.545 0.0000000000
50137  -45.744  -36.420  -0.373 0.0000000000
50138  -46.127  -36.612  -0.434 0.0000000000
50139  -46.788  -36.771  -0.300 0.0000000000
50140  -47.860  -37.026  0.088 0.0000000000
50141  -48.938  -37.103  0.672 0.0000000000
50142  -49.936  -37.406  0.747 0.0000000000
50155  -47.084  -36.333  -0.498 0.0000000000
50156  -47.669  -36.520  -0.361 0.0000000000
50157  -49.444  -36.560  0.376 0.0000000000
50158  -50.708  -37.083  0.346 0.0000000000
50159  -52.056  -37.268  -0.195 0.0000000000
50160  -52.918  -36.948  -0.642 0.0000000000
50170  -52.809  -37.803  -0.768 0.0000000000
50171  -53.364  -37.272  -1.818 0.0000000000
50172  -54.722  -36.822  -2.424 0.0000000000
50173  -56.411  -36.687  -2.287 0.0000000000
50174  -58.027  -36.593  -2.612 0.0000000000
50183  -54.040  -37.830  -3.112 0.0000000000
50184  -55.102  -37.768  -3.358 0.0000000000
50185  -56.801  -37.634  -3.207 0.0000000000
51097  -51.195  -37.131  1.786 0.0000000000
51098  -51.840  -36.597  1.981 0.0000000000
51099  -52.730  -36.423  1.957 0.0000000000
51100  -53.468  -36.134  1.665 0.0000000000
51101  -54.189  -35.773  0.926 0.0000000000
51102  -55.116  -35.389  -0.469 0.0000000000
51103  -55.946  -34.840  -1.158 0.0000000000
51121  -48.592  -37.313  0.696 0.0000000000
51122  -49.212  -37.009  0.841 0.0000000000
51123  -49.978  -36.934  1.253 0.0000000000
51124  -50.758  -36.887  1.525 0.0000000000
51125  -51.265  -36.689  1.690 0.0000000000
51126  -55.434  -35.721  -1.289 0.0000000000
51127  -56.485  -35.246  -1.720 0.0000000000
51128  -57.898  -35.199  -2.070 0.0000000000
51142  -46.273  -36.852  0.103 0.0000000000
51143  -46.712  -36.714  0.208 0.0000000000
51144  -47.409  -36.877  0.327 0.0000000000
51145  -48.127  -36.946  0.441 0.0000000000
51146  -48.654  -36.648  0.655 0.0000000000
51163  -45.790  -36.084  0.016 0.0000000000
51164  -46.161  -36.100  0.141 0.0000000000
51180  -45.156  -35.743  -0.325 0.0000000000
51181  -45.242  -35.530  -0.182 0.0000000000
51192  -44.840  -35.477  -0.527 0.0000000000
51204  -44.730  -35.441  -0.747 0.0000000000
51205  -44.999  -35.696  -0.764 0.0000000000
51216  -44.515  -35.300  -1.020 0.0000000000
51217  -44.907  -35.633  -0.986 0.0000000000
51218  -45.291  -35.871  -1.062 0.0000000000
51219  -45.869  -36.151  -0.959 0.0000000000
51220  -46.338  -36.147  -0.881 0.0000000000
51221  -48.129  -36.636  -0.129 0.0000000000
51222  -48.563  -36.448  -0.098 0.0000000000
51235  -45.307  -35.584  -1.294 0.0000000000
51236  -45.745  -35.626  -1.304 0.0000000000
51237  -46.479  -35.693  -1.068 0.0000000000
51238  -47.575  -35.903  -0.568 0.0000000000
51239  -48.629  -35.779  -0.404 0.0000000000
51240  -49.771  -35.808  -0.116 0.0000000000
51241  -51.072  -35.907  -0.164 0.0000000000
51242  -52.424  -35.826  -0.514 0.0000000000
51243  -53.535  -35.278  -0.884 0.0000000000
51244  -54.541  -35.001  -1.300 0.0000000000
51258  -53.344  -36.312  -0.904 0.0000000000
51259  -54.176  -35.988  -1.463 0.0000000000
51260  -55.819  -35.394  -1.589 0.0000000000
51261  -57.568  -35.427  -2.148 0.0000000000
52207  -52.035  -35.667  1.677 0.0000000000
52208  -52.675  -35.630  1.725 0.0000000000
52209  -53.445  -35.430  1.552 0.0000000000
52210  -54.166  -35.086  1.076 0.0000000000
52211  -54.991  -34.690  0.204 0.0000000000
52212  -55.805  -34.441  -0.772 0.0000000000
52232  -48.970  -35.956  0.906 0.0000000000
52233  -49.675  -36.006  1.149 0.0000000000
52234  -50.514  -35.994  1.316 0.0000000000
52235  -51.331  -36.025  1.522 0.0000000000
52236  -56.571  -34.317  -1.536 0.0000000000
52237  -57.502  -34.302  -1.884 0.0000000000
52246  -46.370  -35.545  0.242 0.0000000000
52247  -47.025  -35.797  0.318 0.0000000000
52248  -47.723  -35.933  0.439 0.0000000000
52249  -48.371  -35.942  0.621 0.0000000000
52250  -58.453  -34.438  -1.661 0.0000000000
52258  -45.374  -35.090  0.004 0.0000000000
52259  -45.839  -35.310  0.155 0.0000000000
52268  -44.698  -35.012  -0.432 0.0000000000
52269  -44.980  -34.859  -0.215 0.0000000000
52283  -44.279  -34.851  -0.752 0.0000000000
52296  -44.112  -34.793  -1.076 0.0000000000
52307  -44.256  -34.785  -1.326 0.0000000000
52308  -44.622  -35.096  -1.338 0.0000000000
52309  -44.891  -35.216  -1.388 0.0000000000
52316  -44.228  -34.486  -1.616 0.0000000000
52317  -44.482  -34.600  -1.649 0.0000000000
52318  -45.029  -34.881  -1.579 0.0000000000
52319  -45.743  -34.952  -1.528 0.0000000000
52320  -46.624  -34.962  -1.245 0.0000000000
52321  -47.640  -34.894  -0.908 0.0000000000
52322  -48.761  -34.812  -0.705 0.0000000000
52323  -50.001  -34.724  -0.461 0.0000000000
52324  -51.356  -34.574  -0.393 0.0000000000
52325  -52.678  -34.268  -0.675 0.0000000000
52326  -53.936  -34.075  -1.157 0.0000000000
52327  -55.301  -34.115  -1.453 0.0000000000
52328  -56.530  -33.727  -1.516 0.0000000000
52344  -56.280  -34.443  -1.451 0.0000000000
52345  -57.082  -34.415  -1.763 0.0000000000
53378  -51.814  -35.245  1.323 0.0000000000
53379  -52.530  -34.871  1.294 0.0000000000
53380  -53.375  -34.659  1.230 0.0000000000
53381  -54.152  -34.341  0.935 0.0000000000
53382  -54.982  -33.925  0.322 0.0000000000
53383  -56.106  -33.564  -0.680 0.0000000000
53384  -56.963  -32.917  -1.347 0.0000000000
53399  -48.704  -35.129  0.826 0.0000000000
53400  -49.383  -35.075  1.003 0.0000000000
53401  -50.256  -35.054  0.983 0.0000000000
53402  -51.250  -35.037  0.933 0.0000000000
53403  -52.019  -34.651  0.973 0.0000000000
53404  -56.400  -33.927  -1.121 0.0000000000
53405  -57.178  -33.403  -1.623 0.0000000000
53413  -46.041  -34.657  0.301 0.0000000000
53414  -46.654  -34.790  0.398 0.0000000000
53415  -47.379  -34.950  0.521 0.0000000000
53416  -48.075  -35.078  0.665 0.0000000000
53417  -58.119  -33.590  -1.698 0.0000000000
53418  -58.897  -33.731  -0.869 0.0000000000
53422  -45.136  -34.373  -0.094 0.0000000000
53423  -45.575  -34.532  0.159 0.0000000000
53427  -44.171  -34.263  -0.637 0.0000000000
53428  -44.668  -34.334  -0.362 0.0000000000
53438  -43.856  -33.548  -1.420 0.0000000000
53439  -43.838  -34.041  -1.129 0.0000000000
53451  -43.854  -33.664  -1.583 0.0000000000
53452  -43.871  -34.180  -1.457 0.0000000000
53465  -43.978  -33.590  -1.794 0.0000000000
53466  -43.942  -33.977  -1.769 0.0000000000
53467  -53.686  -32.085  -1.158 0.0000000000
53468  -54.143  -32.135  -1.290 0.0000000000
53469  -55.111  -32.198  -1.556 0.0000000000
53477  -44.123  -33.936  -1.928 0.0000000000
53478  -44.436  -33.872  -1.950 0.0000000000
53479  -45.038  -34.123  -1.830 0.0000000000
53480  -45.781  -34.117  -1.681 0.0000000000
53481  -46.681  -34.016  -1.406 0.0000000000
53482  -47.713  -33.879  -1.186 0.0000000000
53483  -48.893  -33.613  -1.017 0.0000000000
53484  -50.263  -33.491  -0.661 0.0000000000
53485  -51.616  -33.198  -0.830 0.0000000000
53486  -53.218  -32.575  -0.918 0.0000000000
53487  -54.534  -33.051  -1.389 0.0000000000
53488  -55.688  -33.006  -1.682 0.0000000000
53499  -44.560  -33.398  -2.057 0.0000000000
53500  -45.015  -33.316  -2.007 0.0000000000
53501  -45.767  -33.186  -1.828 0.0000000000
53502  -46.704  -33.039  -1.612 0.0000000000
53503  -47.711  -32.856  -1.452 0.0000000000
53504  -48.522  -32.575  -1.378 0.0000000000
54461  -52.579  -34.214  0.729 0.0000000000
54462  -53.243  -34.017  0.773 0.0000000000
54463  -54.129  -33.427  0.515 0.0000000000
54464  -54.910  -33.215  0.303 0.0000000000
54465  -56.095  -32.569  -0.493 0.0000000000
54466  -56.709  -32.771  -0.964 0.0000000000
54475  -48.478  -34.478  0.784 0.0000000000
54476  -49.047  -34.371  0.831 0.0000000000
54477  -49.811  -34.075  0.628 0.0000000000
54478  -50.889  -34.219  0.307 0.0000000000
54479  -52.021  -34.042  0.137 0.0000000000
54480  -53.113  -33.433  0.224 0.0000000000
54481  -53.715  -33.298  0.341 0.0000000000
54482  -57.106  -31.654  -0.862 0.0000000000
54483  -57.737  -32.262  -1.191 0.0000000000
54484  -59.141  -32.672  -0.130 0.0000000000
54496  -45.816  -34.078  0.289 0.0000000000
54497  -46.284  -33.874  0.386 0.0000000000
54498  -47.027  -34.031  0.562 0.0000000000
54499  -47.900  -34.095  0.760 0.0000000000
54500  -48.749  -33.835  0.691 0.0000000000
54501  -49.265  -33.854  0.640 0.0000000000
54502  -57.857  -33.100  -1.464 0.0000000000
54503  -58.325  -33.077  -1.166 0.0000000000
54506  -44.985  -33.678  -0.402 0.0000000000
54507  -45.536  -33.798  0.045 0.0000000000
54508  -45.905  -33.721  0.281 0.0000000000
54512  -44.154  -33.578  -1.041 0.0000000000
54513  -44.408  -33.781  -0.592 0.0000000000
54517  -44.060  -33.158  -1.780 0.0000000000
54518  -43.993  -33.324  -1.491 0.0000000000
54525  -44.034  -33.027  -1.988 0.0000000000
54536  -43.979  -32.977  -2.146 0.0000000000
54537  -44.101  -33.455  -2.012 0.0000000000
54538  -53.806  -31.453  -1.188 0.0000000000
54539  -54.761  -31.313  -1.329 0.0000000000
54547  -43.965  -32.410  -2.478 0.0000000000
54548  -44.093  -32.885  -2.317 0.0000000000
54549  -44.262  -33.047  -2.229 0.0000000000
54550  -49.393  -32.767  -1.214 0.0000000000
54551  -50.390  -32.228  -1.265 0.0000000000
54552  -51.848  -31.836  -1.198 0.0000000000
54553  -52.919  -31.357  -1.304 0.0000000000
54564  -44.041  -32.490  -2.546 0.0000000000
54565  -44.363  -32.630  -2.466 0.0000000000
54566  -44.930  -32.456  -2.388 0.0000000000
54567  -45.758  -32.272  -2.194 0.0000000000
54568  -46.807  -32.162  -1.954 0.0000000000
54569  -47.808  -31.943  -1.838 0.0000000000
54570  -48.982  -31.767  -1.668 0.0000000000
54571  -49.898  -31.315  -1.854 0.0000000000
54584  -45.020  -31.975  -2.706 0.0000000000
54585  -45.340  -31.684  -2.766 0.0000000000
55413  -61.518  -30.371  8.683 0.0000000000
55423  -59.505  -28.729  6.639 0.0000000000
55424  -59.888  -28.971  6.875 0.0000000000
55425  -61.126  -29.717  7.731 0.0000000000
55426  -61.816  -30.755  7.481 0.0000000000
55445  -59.381  -28.652  6.347 0.0000000000
55446  -59.692  -28.853  6.086 0.0000000000
55447  -60.685  -29.449  6.182 0.0000000000
55448  -61.321  -30.136  5.653 0.0000000000
55464  -60.935  -30.275  4.080 0.0000000000
55474  -54.427  -32.764  0.189 0.0000000000
55475  -54.780  -32.612  0.090 0.0000000000
55476  -55.483  -32.255  -0.222 0.0000000000
55477  -60.190  -30.515  2.422 0.0000000000
55478  -60.604  -31.790  2.435 0.0000000000
55485  -49.876  -33.603  0.339 0.0000000000
55486  -50.371  -33.539  0.029 0.0000000000
55487  -51.546  -33.355  -0.565 0.0000000000
55488  -52.788  -32.864  -0.688 0.0000000000
55489  -54.314  -32.178  -0.342 0.0000000000
55490  -55.408  -31.619  -0.382 0.0000000000
55491  -56.557  -31.139  -0.617 0.0000000000
55492  -57.968  -30.906  -0.820 0.0000000000
55493  -59.111  -30.966  0.421 0.0000000000
55494  -60.007  -32.273  1.232 0.0000000000
55515  -46.348  -33.463  0.349 0.0000000000
55516  -46.705  -33.311  0.372 0.0000000000
55517  -47.459  -33.366  0.536 0.0000000000
55518  -48.353  -33.279  0.407 0.0000000000
55519  -49.563  -33.258  0.098 0.0000000000
55520  -50.920  -32.684  -0.870 0.0000000000
55521  -52.217  -32.102  -1.077 0.0000000000
55522  -53.488  -31.477  -1.174 0.0000000000
55523  -54.349  -30.869  -1.174 0.0000000000
55524  -57.742  -30.039  -0.506 0.0000000000
55525  -58.619  -30.183  -0.205 0.0000000000
55526  -58.909  -30.300  0.042 0.0000000000
55547  -45.095  -33.237  -0.598 0.0000000000
55548  -45.495  -33.098  -0.422 0.0000000000
55549  -46.166  -33.271  0.130 0.0000000000
55550  -46.564  -33.079  0.195 0.0000000000
55572  -44.393  -32.718  -1.721 0.0000000000
55573  -44.773  -33.099  -0.957 0.0000000000
55574  -45.202  -33.004  -0.724 0.0000000000
55588  -44.022  -32.295  -2.216 0.0000000000
55589  -44.152  -32.688  -1.947 0.0000000000
55601  -43.906  -32.369  -2.423 0.0000000000
55611  -43.845  -32.001  -2.595 0.0000000000
55612  -54.441  -30.603  -1.313 0.0000000000
55624  -43.668  -31.853  -2.893 0.0000000000
55625  -43.919  -32.201  -2.682 0.0000000000
55626  -50.916  -31.145  -1.747 0.0000000000
55627  -52.135  -30.509  -1.647 0.0000000000
55628  -53.606  -30.302  -1.475 0.0000000000
55640  -43.465  -31.387  -3.284 0.0000000000
55641  -43.759  -31.746  -3.165 0.0000000000
55642  -44.352  -31.991  -3.034 0.0000000000
55643  -44.705  -32.021  -2.943 0.0000000000
55644  -46.069  -31.582  -2.544 0.0000000000
55645  -46.999  -31.396  -2.439 0.0000000000
55646  -48.023  -30.969  -2.397 0.0000000000
55647  -49.146  -30.782  -2.227 0.0000000000
55648  -50.163  -30.472  -2.181 0.0000000000
55649  -51.102  -30.215  -2.055 0.0000000000
55661  -43.612  -31.290  -3.540 0.0000000000
55662  -43.942  -31.395  -3.514 0.0000000000
55663  -44.688  -31.527  -3.314 0.0000000000
55664  -45.457  -31.192  -3.197 0.0000000000
55665  -46.308  -30.971  -3.027 0.0000000000
55666  -47.168  -30.841  -3.053 0.0000000000
56508  -59.896  -29.077  8.344 0.0000000000
56509  -60.605  -29.654  9.455 0.0000000000
56526  -59.061  -28.286  6.625 0.0000000000
56527  -59.371  -28.583  7.198 0.0000000000
56528  -60.174  -29.202  8.051 0.0000000000
56529  -61.294  -30.049  8.878 0.0000000000
56546  -58.867  -28.255  6.210 0.0000000000
56547  -59.318  -28.579  6.650 0.0000000000
56548  -60.487  -29.362  7.724 0.0000000000
56549  -61.027  -29.698  8.111 0.0000000000
56566  -58.411  -27.955  5.188 0.0000000000
56567  -58.761  -28.192  5.337 0.0000000000
56568  -58.857  -28.241  4.933 0.0000000000
56569  -59.464  -28.759  5.059 0.0000000000
56570  -60.150  -29.210  5.009 0.0000000000
56580  -57.932  -27.610  3.936 0.0000000000
56581  -58.269  -27.528  3.987 0.0000000000
56582  -58.621  -28.030  3.990 0.0000000000
56583  -59.241  -28.633  4.008 0.0000000000
56584  -60.005  -29.346  4.062 0.0000000000
56593  -57.558  -27.207  2.830 0.0000000000
56594  -58.068  -27.245  2.917 0.0000000000
56595  -58.587  -27.806  2.921 0.0000000000
56596  -59.092  -28.571  2.925 0.0000000000
56597  -59.535  -29.405  2.632 0.0000000000
56599  -55.271  -31.026  -0.726 0.0000000000
56600  -56.031  -30.495  -0.635 0.0000000000
56601  -56.904  -29.966  -0.586 0.0000000000
56602  -58.604  -29.068  0.718 0.0000000000
56603  -59.088  -29.546  1.097 0.0000000000
56608  -47.178  -33.014  0.315 0.0000000000
56609  -47.772  -32.834  0.086 0.0000000000
56610  -48.848  -32.547  -0.405 0.0000000000
56611  -50.260  -31.789  -1.019 0.0000000000
56612  -51.604  -31.450  -1.349 0.0000000000
56613  -52.928  -30.703  -1.423 0.0000000000
56614  -54.209  -30.042  -1.195 0.0000000000
56615  -55.319  -30.052  -0.981 0.0000000000
56616  -56.574  -29.354  -0.574 0.0000000000
56617  -57.527  -29.211  -0.304 0.0000000000
56618  -58.414  -29.370  0.144 0.0000000000
56619  -58.884  -30.015  0.182 0.0000000000
56628  -45.661  -32.730  -0.647 0.0000000000
56629  -46.065  -32.574  -0.630 0.0000000000
56630  -46.927  -32.671  -0.149 0.0000000000
56631  -48.102  -32.079  -0.627 0.0000000000
56632  -49.222  -31.658  -1.142 0.0000000000
56633  -49.963  -31.293  -1.533 0.0000000000
56649  -44.465  -32.089  -2.023 0.0000000000
56650  -44.842  -32.038  -1.802 0.0000000000
56651  -45.510  -32.461  -1.038 0.0000000000
56652  -45.943  -32.249  -1.004 0.0000000000
56667  -43.849  -31.701  -2.409 0.0000000000
56668  -44.115  -31.735  -2.245 0.0000000000
56669  -44.473  -31.740  -2.091 0.0000000000
56688  -43.568  -31.408  -2.602 0.0000000000
56689  -43.744  -31.376  -2.444 0.0000000000
56702  -43.339  -31.193  -2.987 0.0000000000
56710  -43.252  -31.015  -3.336 0.0000000000
56722  -43.340  -30.908  -3.603 0.0000000000
56723  -43.448  -31.144  -3.565 0.0000000000
56724  -48.653  -30.418  -2.912 0.0000000000
56725  -49.472  -30.003  -2.667 0.0000000000
56738  -43.306  -30.635  -3.775 0.0000000000
56739  -43.502  -30.789  -3.760 0.0000000000
56740  -44.077  -30.739  -3.777 0.0000000000
56741  -44.819  -30.682  -3.617 0.0000000000
56742  -45.647  -30.473  -3.403 0.0000000000
56743  -46.663  -30.352  -3.378 0.0000000000
56744  -47.835  -30.287  -3.287 0.0000000000
56745  -48.870  -29.838  -3.241 0.0000000000
57620  -59.566  -28.700  8.024 0.0000000000
57621  -59.891  -29.152  8.985 0.0000000000
57635  -58.929  -28.222  6.428 0.0000000000
57636  -59.239  -28.381  7.172 0.0000000000
57650  -58.434  -28.076  5.351 0.0000000000
57660  -56.758  -27.389  3.255 0.0000000000
57661  -57.509  -27.508  3.777 0.0000000000
57669  -55.997  -27.642  2.031 0.0000000000
57670  -56.314  -27.485  2.658 0.0000000000
57671  -57.037  -27.256  2.701 0.0000000000
57681  -55.613  -27.703  1.665 0.0000000000
57682  -56.151  -27.568  1.581 0.0000000000
57683  -56.622  -27.150  1.750 0.0000000000
57684  -57.310  -27.159  1.862 0.0000000000
57685  -58.028  -27.404  1.880 0.0000000000
57686  -58.587  -28.003  1.946 0.0000000000
57687  -58.972  -28.614  2.040 0.0000000000
57695  -54.975  -27.538  0.704 0.0000000000
57696  -55.448  -27.719  0.631 0.0000000000
57697  -56.317  -27.866  0.726 0.0000000000
57698  -57.199  -27.840  0.848 0.0000000000
57699  -58.028  -27.989  0.959 0.0000000000
57700  -58.604  -28.634  1.146 0.0000000000
57701  -59.070  -28.961  1.689 0.0000000000
57704  -51.197  -31.104  -1.663 0.0000000000
57705  -52.084  -30.252  -1.456 0.0000000000
57706  -53.846  -28.827  -0.472 0.0000000000
57707  -55.230  -28.741  -0.419 0.0000000000
57708  -56.327  -28.548  -0.289 0.0000000000
57709  -57.298  -28.481  0.057 0.0000000000
57710  -58.060  -28.668  0.358 0.0000000000
57711  -58.407  -28.880  0.563 0.0000000000
57716  -46.654  -32.162  -0.800 0.0000000000
57717  -47.384  -31.609  -1.032 0.0000000000
57718  -48.569  -31.236  -1.340 0.0000000000
57719  -49.600  -30.904  -1.711 0.0000000000
57720  -50.754  -30.646  -1.802 0.0000000000
57721  -51.653  -29.807  -1.548 0.0000000000
57728  -44.933  -31.306  -1.974 0.0000000000
57729  -45.403  -31.434  -1.775 0.0000000000
57730  -46.303  -31.637  -1.449 0.0000000000
57731  -47.218  -30.891  -1.651 0.0000000000
57742  -43.974  -30.844  -2.324 0.0000000000
57743  -44.460  -31.026  -2.137 0.0000000000
57757  -43.284  -30.618  -2.738 0.0000000000
57758  -43.594  -30.699  -2.538 0.0000000000
57778  -43.100  -30.434  -2.992 0.0000000000
57791  -43.021  -30.386  -3.362 0.0000000000
57801  -43.081  -30.216  -3.683 0.0000000000
57815  -43.231  -30.145  -3.886 0.0000000000
57816  -43.549  -29.797  -4.097 0.0000000000
57817  -44.273  -29.991  -3.924 0.0000000000
57818  -45.001  -29.950  -3.680 0.0000000000
57819  -45.867  -29.640  -3.519 0.0000000000
57820  -47.153  -29.677  -3.459 0.0000000000
57821  -48.312  -29.511  -3.442 0.0000000000
57837  -43.523  -29.143  -4.375 0.0000000000
57838  -43.921  -29.284  -4.252 0.0000000000
57839  -44.605  -29.379  -3.966 0.0000000000
57840  -45.145  -29.465  -3.720 0.0000000000
58711  -59.283  -28.322  7.576 0.0000000000
58712  -59.606  -28.792  8.884 0.0000000000
58719  -58.554  -28.157  5.755 0.0000000000
58720  -59.002  -28.187  6.658 0.0000000000
58727  -57.943  -27.887  4.556 0.0000000000
58735  -56.572  -27.392  3.127 0.0000000000
58736  -57.403  -27.658  3.608 0.0000000000
58744  -55.822  -27.547  1.849 0.0000000000
58745  -56.193  -27.247  2.460 0.0000000000
58753  -54.503  -27.735  0.405 0.0000000000
58754  -55.015  -27.728  0.958 0.0000000000
58763  -53.595  -28.147  -0.113 0.0000000000
58764  -54.148  -27.969  0.266 0.0000000000
58769  -52.610  -28.971  -0.846 0.0000000000
58770  -53.499  -28.415  -0.281 0.0000000000
58773  -48.064  -30.678  -1.585 0.0000000000
58774  -49.034  -30.430  -1.820 0.0000000000
58775  -50.019  -29.915  -2.022 0.0000000000
58776  -51.113  -29.636  -1.779 0.0000000000
58777  -51.755  -29.332  -1.340 0.0000000000
58783  -45.020  -30.661  -2.001 0.0000000000
58784  -45.670  -30.231  -1.923 0.0000000000
58785  -46.656  -30.227  -1.867 0.0000000000
58786  -47.616  -29.959  -1.771 0.0000000000
58787  -48.611  -29.832  -1.855 0.0000000000
58788  -49.314  -29.836  -2.013 0.0000000000
58795  -43.970  -29.938  -2.437 0.0000000000
58796  -44.668  -29.992  -2.233 0.0000000000
58797  -45.118  -30.014  -2.099 0.0000000000
58808  -43.162  -29.926  -2.826 0.0000000000
58809  -43.456  -29.754  -2.636 0.0000000000
58825  -42.976  -29.635  -3.174 0.0000000000
58846  -42.929  -29.794  -3.375 0.0000000000
58856  -42.877  -29.523  -3.721 0.0000000000
58865  -42.894  -29.253  -4.117 0.0000000000
58866  -43.113  -29.365  -4.239 0.0000000000
58867  -45.846  -29.185  -3.529 0.0000000000
58868  -46.460  -29.063  -3.472 0.0000000000
58886  -42.939  -28.731  -4.435 0.0000000000
58887  -43.220  -28.807  -4.494 0.0000000000
58888  -43.621  -28.607  -4.521 0.0000000000
58889  -44.266  -28.637  -4.289 0.0000000000
58890  -45.316  -28.826  -3.706 0.0000000000
59694  -59.180  -28.152  7.457 0.0000000000
59695  -59.415  -28.266  8.509 0.0000000000
59702  -58.369  -27.999  5.794 0.0000000000
59703  -58.722  -28.008  6.379 0.0000000000
59704  -59.112  -27.976  7.297 0.0000000000
59711  -58.089  -28.049  5.075 0.0000000000
59712  -58.378  -27.914  5.606 0.0000000000
59722  -56.797  -27.198  3.107 0.0000000000
59723  -57.458  -27.572  3.924 0.0000000000
59732  -55.912  -27.529  1.597 0.0000000000
59733  -56.370  -27.456  2.325 0.0000000000
59742  -54.535  -27.816  0.691 0.0000000000
59743  -54.950  -27.726  1.320 0.0000000000
59753  -54.009  -27.904  0.137 0.0000000000
59759  -52.964  -28.253  -0.519 0.0000000000
59762  -50.072  -29.391  -2.070 0.0000000000
59763  -50.637  -29.108  -1.974 0.0000000000
59764  -51.787  -28.806  -1.263 0.0000000000
59767  -45.656  -29.367  -1.950 0.0000000000
59768  -46.147  -29.317  -1.911 0.0000000000
59769  -47.050  -29.138  -2.013 0.0000000000
59770  -48.155  -29.010  -2.015 0.0000000000
59771  -49.547  -29.038  -2.045 0.0000000000
59772  -50.516  -28.375  -1.991 0.0000000000
59776  -43.973  -29.125  -2.525 0.0000000000
59777  -44.363  -29.156  -2.357 0.0000000000
59778  -45.139  -29.207  -2.114 0.0000000000
59786  -43.338  -29.224  -2.873 0.0000000000
59787  -43.641  -28.977  -2.667 0.0000000000
59797  -43.129  -29.022  -3.173 0.0000000000
59813  -42.868  -28.883  -3.577 0.0000000000
59833  -42.732  -28.446  -4.069 0.0000000000
59841  -42.783  -28.135  -4.461 0.0000000000
59850  -42.954  -27.969  -4.685 0.0000000000
59851  -43.279  -27.842  -4.768 0.0000000000
59852  -43.833  -27.787  -4.676 0.0000000000
60639  -58.968  -27.838  6.729 0.0000000000
60640  -59.410  -27.544  7.548 0.0000000000
60649  -58.321  -27.925  5.070 0.0000000000
60650  -58.570  -27.631  5.748 0.0000000000
60651  -59.051  -27.156  6.248 0.0000000000
60661  -57.357  -27.226  3.409 0.0000000000
60662  -57.874  -27.445  4.128 0.0000000000
60663  -58.375  -27.670  4.443 0.0000000000
60671  -56.156  -27.480  1.906 0.0000000000
60672  -56.665  -27.177  2.652 0.0000000000
60673  -57.452  -27.351  3.117 0.0000000000
60682  -54.767  -27.497  1.077 0.0000000000
60683  -55.602  -27.461  1.398 0.0000000000
60684  -56.237  -27.517  1.773 0.0000000000
60693  -54.609  -27.670  0.493 0.0000000000
60694  -54.983  -27.622  0.838 0.0000000000
60703  -53.564  -27.806  -0.135 0.0000000000
60706  -51.296  -28.345  -1.689 0.0000000000
60707  -52.396  -27.782  -1.090 0.0000000000
60709  -45.719  -28.800  -1.969 0.0000000000
60710  -46.353  -28.213  -2.131 0.0000000000
60711  -47.477  -28.035  -2.223 0.0000000000
60712  -48.687  -27.938  -2.202 0.0000000000
60713  -49.900  -27.722  -1.994 0.0000000000
60714  -51.176  -27.513  -1.828 0.0000000000
60715  -52.048  -27.040  -1.480 0.0000000000
60718  -43.976  -28.502  -2.419 0.0000000000
60719  -44.596  -28.254  -2.298 0.0000000000
60720  -45.441  -27.964  -2.118 0.0000000000
60721  -46.044  -27.316  -1.978 0.0000000000
60729  -43.310  -28.398  -2.996 0.0000000000
60730  -43.629  -27.959  -2.674 0.0000000000
60739  -42.919  -28.002  -3.421 0.0000000000
60747  -42.687  -27.623  -3.921 0.0000000000
60766  -42.642  -27.125  -4.447 0.0000000000
60784  -42.790  -27.138  -4.783 0.0000000000
60790  -43.001  -27.030  -4.972 0.0000000000
61733  -58.650  -27.152  5.195 0.0000000000
61734  -59.236  -26.649  5.753 0.0000000000
61743  -58.066  -27.407  3.597 0.0000000000
61744  -58.461  -27.287  4.112 0.0000000000
61745  -58.974  -26.636  4.598 0.0000000000
61746  -59.517  -26.267  5.281 0.0000000000
61755  -56.794  -27.001  2.413 0.0000000000
61756  -57.629  -27.168  2.836 0.0000000000
61757  -58.206  -27.125  3.172 0.0000000000
61758  -58.532  -26.915  3.873 0.0000000000
61766  -55.508  -27.216  1.232 0.0000000000
61767  -56.253  -27.356  1.590 0.0000000000
61768  -57.157  -26.956  2.229 0.0000000000
61769  -57.769  -26.975  2.619 0.0000000000
61777  -54.373  -27.716  0.207 0.0000000000
61778  -55.060  -27.446  0.693 0.0000000000
61779  -55.707  -27.554  1.048 0.0000000000
61790  -53.471  -27.377  -0.460 0.0000000000
61791  -54.200  -27.108  -0.099 0.0000000000
61795  -52.983  -26.755  -1.230 0.0000000000
61796  -53.651  -26.879  -0.659 0.0000000000
61798  -46.760  -26.900  -2.015 0.0000000000
61799  -47.964  -26.925  -2.202 0.0000000000
61800  -49.156  -26.762  -1.951 0.0000000000
61801  -50.387  -26.610  -1.833 0.0000000000
61802  -51.551  -26.481  -1.659 0.0000000000
61803  -52.270  -26.500  -1.502 0.0000000000
61806  -44.083  -27.645  -2.406 0.0000000000
61807  -44.752  -27.102  -2.339 0.0000000000
61808  -45.646  -26.896  -2.088 0.0000000000
61809  -46.175  -26.758  -1.861 0.0000000000
61813  -43.281  -27.193  -3.222 0.0000000000
61814  -43.813  -27.086  -2.767 0.0000000000
61815  -44.229  -27.047  -2.572 0.0000000000
61819  -42.770  -26.852  -3.726 0.0000000000
61824  -42.591  -26.379  -4.242 0.0000000000
61833  -42.540  -25.956  -4.646 0.0000000000
61851  -42.626  -26.170  -4.891 0.0000000000
61865  -42.805  -26.358  -5.073 0.0000000000
62757  -59.092  -26.303  4.291 0.0000000000
62767  -58.205  -26.879  2.994 0.0000000000
62768  -58.595  -26.417  3.567 0.0000000000
62777  -56.192  -27.175  1.419 0.0000000000
62778  -56.616  -26.962  1.625 0.0000000000
62779  -57.751  -26.621  2.291 0.0000000000
62788  -55.326  -27.429  0.562 0.0000000000
62789  -55.718  -27.016  1.037 0.0000000000
62790  -56.649  -26.289  1.076 0.0000000000
62803  -54.947  -26.922  0.273 0.0000000000
62804  -55.654  -26.244  0.084 0.0000000000
62814  -53.253  -26.226  -1.337 0.0000000000
62815  -54.210  -26.190  -1.053 0.0000000000
62816  -55.570  -25.210  -0.694 0.0000000000
62823  -46.800  -26.277  -1.867 0.0000000000
62824  -47.346  -26.047  -1.947 0.0000000000
62825  -48.485  -25.814  -1.879 0.0000000000
62826  -49.672  -25.563  -1.868 0.0000000000
62827  -50.968  -25.427  -1.801 0.0000000000
62828  -52.619  -25.606  -1.653 0.0000000000
62829  -53.868  -24.824  -1.770 0.0000000000
62834  -44.756  -26.549  -2.502 0.0000000000
62835  -45.226  -26.249  -2.447 0.0000000000
62836  -46.378  -26.023  -2.051 0.0000000000
62837  -47.278  -25.344  -2.411 0.0000000000
62841  -43.258  -26.594  -3.330 0.0000000000
62842  -43.516  -26.369  -3.184 0.0000000000
62843  -44.369  -26.281  -2.785 0.0000000000
62844  -45.066  -25.494  -2.882 0.0000000000
62847  -43.032  -26.211  -3.541 0.0000000000
62848  -43.319  -25.622  -3.514 0.0000000000
62853  -42.677  -25.711  -4.051 0.0000000000
62861  -42.408  -24.674  -4.650 0.0000000000
62862  -42.535  -25.054  -4.617 0.0000000000
62878  -42.427  -24.662  -4.870 0.0000000000
62879  -42.512  -25.094  -4.940 0.0000000000
63787  -54.808  -24.837  -1.532 0.0000000000
63797  -48.060  -25.370  -2.456 0.0000000000
63798  -49.026  -24.611  -2.386 0.0000000000
63799  -50.308  -24.353  -2.224 0.0000000000
63800  -51.595  -24.076  -2.116 0.0000000000
63808  -45.786  -25.416  -2.667 0.0000000000
63809  -46.725  -24.763  -2.906 0.0000000000
63810  -48.025  -24.390  -3.074 0.0000000000
63813  -43.808  -25.603  -3.298 0.0000000000
63814  -44.479  -24.988  -3.384 0.0000000000
63815  -45.651  -24.606  -3.431 0.0000000000
63818  -42.971  -25.187  -3.885 0.0000000000
63819  -43.564  -24.745  -3.717 0.0000000000
63820  -44.165  -24.110  -3.786 0.0000000000
63823  -42.673  -24.653  -4.356 0.0000000000
63826  -42.397  -24.427  -4.799 0.0000000000
63827  -42.453  -24.187  -4.717 0.0000000000
64852  -44.936  -23.952  -3.798 0.0000000000
64858  -43.040  -24.220  -4.185 0.0000000000
64859  -43.652  -23.551  -4.192 0.0000000000
64864  -42.732  -23.632  -4.600 0.0000000000
64865  -43.098  -23.578  -4.383 0.0000000000
