#!ascii label  , from subject bert vox2ras=TkReg
559
78553  -15.777  -9.396  -16.771 0.0000000000
78605  -16.263  -9.315  -19.180 0.0000000000
79605  -16.198  -8.858  -19.057 0.0000000000
79606  -16.053  -9.126  -19.805 0.0000000000
79621  -16.519  -9.518  -21.192 0.0000000000
79622  -17.091  -10.206  -21.800 0.0000000000
79632  -16.764  -9.213  -22.336 0.0000000000
79633  -17.468  -9.849  -22.772 0.0000000000
79634  -18.488  -10.049  -24.229 0.0000000000
79645  -19.403  -10.295  -26.049 0.0000000000
79646  -20.306  -10.890  -26.588 0.0000000000
79660  -19.990  -9.702  -26.862 0.0000000000
79661  -20.924  -10.177  -27.399 0.0000000000
79662  -22.103  -10.695  -28.235 0.0000000000
79675  -21.494  -9.597  -28.239 0.0000000000
79676  -21.940  -9.939  -28.642 0.0000000000
79677  -22.841  -10.227  -28.913 0.0000000000
79678  -23.653  -10.299  -28.741 0.0000000000
80573  -16.912  -7.964  -17.964 0.0000000000
80592  -16.119  -8.139  -19.170 0.0000000000
80593  -15.928  -8.616  -19.596 0.0000000000
80607  -15.712  -7.855  -19.782 0.0000000000
80608  -15.852  -8.382  -20.340 0.0000000000
80614  -16.289  -8.598  -21.865 0.0000000000
80615  -17.131  -8.775  -23.348 0.0000000000
80616  -17.910  -9.354  -23.797 0.0000000000
80625  -17.540  -8.366  -24.344 0.0000000000
80626  -18.262  -8.989  -25.005 0.0000000000
80640  -19.212  -9.215  -26.642 0.0000000000
80641  -20.168  -9.192  -27.464 0.0000000000
80642  -24.383  -9.807  -28.722 0.0000000000
80662  -21.132  -9.055  -27.866 0.0000000000
80663  -21.876  -9.195  -28.598 0.0000000000
80664  -22.861  -9.406  -28.685 0.0000000000
80665  -23.600  -9.674  -29.124 0.0000000000
81578  -16.455  -7.382  -18.827 0.0000000000
81595  -15.932  -7.427  -19.494 0.0000000000
81596  -15.641  -7.522  -20.140 0.0000000000
81602  -15.834  -7.709  -21.179 0.0000000000
81603  -16.242  -7.924  -22.619 0.0000000000
81610  -16.852  -7.963  -23.976 0.0000000000
81611  -17.616  -8.044  -25.166 0.0000000000
81619  -18.046  -8.379  -26.879 0.0000000000
81620  -19.399  -8.568  -27.412 0.0000000000
81621  -24.258  -9.104  -29.100 0.0000000000
81622  -25.115  -9.027  -28.728 0.0000000000
81623  -26.180  -9.066  -28.303 0.0000000000
81636  -19.158  -7.887  -27.729 0.0000000000
81637  -20.224  -8.230  -28.145 0.0000000000
81638  -21.623  -8.136  -28.187 0.0000000000
81639  -22.820  -8.394  -28.390 0.0000000000
81640  -23.582  -8.801  -29.357 0.0000000000
82557  -15.797  -6.925  -19.690 0.0000000000
82558  -15.644  -6.953  -20.380 0.0000000000
82568  -15.702  -7.050  -21.682 0.0000000000
82569  -16.157  -7.277  -23.319 0.0000000000
82575  -16.882  -7.304  -24.805 0.0000000000
82576  -17.474  -7.755  -26.223 0.0000000000
82583  -17.486  -6.967  -25.991 0.0000000000
82584  -17.423  -7.597  -27.284 0.0000000000
82585  -24.501  -8.079  -29.161 0.0000000000
82586  -25.777  -8.089  -28.535 0.0000000000
82587  -26.909  -8.227  -28.387 0.0000000000
82601  -18.517  -7.280  -27.722 0.0000000000
82602  -19.300  -7.328  -28.647 0.0000000000
82603  -20.949  -6.730  -28.449 0.0000000000
82604  -22.505  -7.171  -28.389 0.0000000000
82605  -23.430  -7.663  -29.423 0.0000000000
82614  -19.846  -6.074  -28.321 0.0000000000
82615  -20.485  -5.925  -28.490 0.0000000000
83522  -15.810  -6.587  -19.793 0.0000000000
83523  -15.936  -6.165  -19.828 0.0000000000
83537  -15.629  -6.335  -22.572 0.0000000000
83538  -16.065  -6.890  -23.970 0.0000000000
83543  -15.547  -6.048  -23.825 0.0000000000
83544  -16.450  -6.422  -24.840 0.0000000000
83553  -17.279  -6.784  -27.417 0.0000000000
83554  -17.944  -6.999  -27.791 0.0000000000
83555  -25.460  -6.793  -28.328 0.0000000000
83556  -26.325  -6.924  -27.844 0.0000000000
83557  -27.303  -7.246  -28.278 0.0000000000
83569  -18.014  -6.663  -28.159 0.0000000000
83570  -18.195  -6.799  -28.897 0.0000000000
83571  -18.871  -6.540  -29.202 0.0000000000
83572  -22.042  -6.398  -28.723 0.0000000000
83573  -22.794  -6.349  -29.712 0.0000000000
83574  -24.116  -6.551  -29.255 0.0000000000
83581  -18.704  -6.229  -29.742 0.0000000000
83582  -19.787  -5.510  -29.075 0.0000000000
83583  -21.457  -5.740  -29.336 0.0000000000
83584  -22.299  -5.752  -30.161 0.0000000000
84467  -15.123  -5.413  -23.322 0.0000000000
84468  -15.820  -5.825  -24.406 0.0000000000
84478  -15.403  -4.854  -24.479 0.0000000000
84479  -16.549  -5.402  -25.613 0.0000000000
84480  -25.261  -5.595  -28.353 0.0000000000
84481  -25.956  -5.686  -27.584 0.0000000000
84482  -26.522  -5.851  -27.585 0.0000000000
84483  -27.297  -6.131  -28.151 0.0000000000
84497  -18.130  -5.854  -27.976 0.0000000000
84498  -18.393  -5.879  -29.781 0.0000000000
84499  -23.458  -5.410  -29.683 0.0000000000
84500  -24.436  -5.294  -29.043 0.0000000000
84516  -19.238  -5.090  -29.847 0.0000000000
84517  -20.706  -5.144  -30.194 0.0000000000
84518  -21.932  -5.332  -30.395 0.0000000000
84519  -22.603  -5.420  -30.220 0.0000000000
85477  -14.953  -4.196  -21.690 0.0000000000
85493  -14.635  -4.384  -23.826 0.0000000000
85494  -15.797  -4.235  -25.330 0.0000000000
85495  -25.128  -4.650  -28.542 0.0000000000
85496  -25.643  -4.636  -27.581 0.0000000000
85497  -26.080  -4.684  -27.323 0.0000000000
85498  -26.499  -4.878  -27.445 0.0000000000
85499  -27.191  -5.100  -28.155 0.0000000000
85513  -17.266  -4.195  -27.409 0.0000000000
85514  -18.513  -4.963  -28.979 0.0000000000
85515  -22.511  -4.155  -30.363 0.0000000000
85516  -23.122  -4.286  -30.022 0.0000000000
85517  -24.302  -4.138  -29.262 0.0000000000
85534  -18.215  -4.024  -29.307 0.0000000000
85535  -18.690  -4.601  -30.433 0.0000000000
85536  -20.084  -4.379  -30.704 0.0000000000
85537  -21.698  -4.271  -30.442 0.0000000000
85538  -22.383  -4.752  -30.355 0.0000000000
86502  -15.098  -2.942  -20.623 0.0000000000
86524  -14.255  -3.350  -22.791 0.0000000000
86541  -15.019  -3.228  -24.746 0.0000000000
86542  -16.017  -3.425  -26.186 0.0000000000
86543  -25.390  -3.633  -28.478 0.0000000000
86544  -25.801  -3.555  -27.510 0.0000000000
86545  -25.958  -3.723  -27.414 0.0000000000
86546  -26.383  -3.838  -27.608 0.0000000000
86547  -26.920  -4.033  -28.205 0.0000000000
86558  -15.724  -2.673  -26.002 0.0000000000
86559  -16.534  -2.807  -27.228 0.0000000000
86560  -22.718  -3.402  -30.622 0.0000000000
86561  -23.756  -3.014  -30.136 0.0000000000
86562  -24.621  -2.744  -29.219 0.0000000000
86575  -17.761  -2.933  -28.611 0.0000000000
86576  -18.547  -3.111  -30.271 0.0000000000
86577  -19.613  -3.351  -30.869 0.0000000000
86578  -21.363  -2.787  -30.780 0.0000000000
86593  -19.443  -2.383  -30.741 0.0000000000
86594  -20.373  -2.120  -30.948 0.0000000000
86595  -21.291  -1.653  -31.091 0.0000000000
87541  -15.070  -1.836  -19.502 0.0000000000
87556  -13.874  -1.100  -20.901 0.0000000000
87557  -14.115  -2.202  -21.836 0.0000000000
87577  -13.546  -1.586  -22.442 0.0000000000
87578  -13.951  -2.309  -23.606 0.0000000000
87591  -15.121  -2.068  -25.075 0.0000000000
87592  -25.230  -2.255  -28.281 0.0000000000
87593  -25.713  -2.365  -27.788 0.0000000000
87594  -25.914  -2.550  -27.670 0.0000000000
87595  -26.184  -2.821  -27.592 0.0000000000
87596  -26.412  -3.165  -28.038 0.0000000000
87609  -15.832  -1.819  -26.702 0.0000000000
87610  -17.048  -1.803  -28.137 0.0000000000
87611  -22.953  -1.932  -30.814 0.0000000000
87612  -23.884  -1.835  -29.840 0.0000000000
87613  -24.459  -1.726  -28.905 0.0000000000
87626  -18.150  -1.760  -29.578 0.0000000000
87627  -18.968  -1.971  -30.377 0.0000000000
87628  -21.961  -1.400  -31.132 0.0000000000
87641  -18.710  -1.207  -30.540 0.0000000000
87642  -19.614  -1.402  -30.921 0.0000000000
87643  -20.775  -1.163  -31.177 0.0000000000
87644  -21.542  -1.052  -31.328 0.0000000000
88549  -13.346  -0.223  -20.679 0.0000000000
88550  -13.344  -0.624  -21.964 0.0000000000
88565  -14.024  -1.125  -23.455 0.0000000000
88566  -14.432  -1.662  -24.309 0.0000000000
88582  -14.629  -0.179  -23.989 0.0000000000
88583  -15.081  -0.757  -25.337 0.0000000000
88584  -25.078  -1.102  -27.759 0.0000000000
88585  -25.375  -1.222  -27.506 0.0000000000
88586  -25.653  -1.491  -27.409 0.0000000000
88587  -25.860  -1.875  -27.507 0.0000000000
88588  -26.079  -2.302  -28.013 0.0000000000
88601  -16.391  -0.532  -27.659 0.0000000000
88602  -17.457  -0.904  -28.898 0.0000000000
88603  -23.280  -0.713  -30.206 0.0000000000
88604  -23.873  -0.777  -29.049 0.0000000000
88605  -24.655  -0.934  -28.374 0.0000000000
88617  -17.405  -0.005  -28.891 0.0000000000
88618  -18.174  -0.390  -30.023 0.0000000000
88619  -21.727  0.073  -31.068 0.0000000000
88620  -22.230  -0.541  -30.897 0.0000000000
88633  -19.084  -0.456  -30.848 0.0000000000
88634  -20.108  -0.465  -31.068 0.0000000000
88635  -21.312  -0.350  -31.259 0.0000000000
88636  -21.837  -0.832  -31.316 0.0000000000
89494  -13.407  0.700  -19.988 0.0000000000
89495  -13.047  0.540  -21.230 0.0000000000
89509  -14.112  0.474  -22.736 0.0000000000
89522  -14.870  0.798  -24.524 0.0000000000
89523  -15.753  0.860  -26.592 0.0000000000
89524  -24.559  0.747  -27.929 0.0000000000
89525  -24.904  0.197  -27.518 0.0000000000
89526  -25.263  -0.059  -27.466 0.0000000000
89527  -25.458  -0.424  -27.461 0.0000000000
89528  -25.673  -0.827  -27.575 0.0000000000
89529  -26.000  -1.391  -27.705 0.0000000000
89539  -16.790  0.897  -28.361 0.0000000000
89540  -23.414  0.340  -29.341 0.0000000000
89541  -24.163  0.333  -28.488 0.0000000000
89542  -24.637  -0.143  -27.855 0.0000000000
89557  -17.659  0.879  -29.653 0.0000000000
89558  -18.836  0.744  -30.702 0.0000000000
89559  -19.582  1.093  -30.910 0.0000000000
89560  -21.942  0.605  -30.770 0.0000000000
89561  -22.765  0.447  -30.290 0.0000000000
89578  -19.545  0.078  -30.924 0.0000000000
89579  -20.150  0.515  -30.951 0.0000000000
89580  -21.203  0.622  -30.968 0.0000000000
90419  -13.110  1.449  -20.455 0.0000000000
90436  -13.072  2.302  -20.224 0.0000000000
90437  -12.919  1.939  -21.485 0.0000000000
90449  -14.000  2.160  -23.243 0.0000000000
90450  -15.096  2.354  -25.309 0.0000000000
90451  -24.251  1.643  -28.476 0.0000000000
90452  -24.759  1.769  -27.822 0.0000000000
90453  -24.961  1.403  -27.252 0.0000000000
90454  -25.200  1.024  -27.174 0.0000000000
90455  -25.367  0.693  -27.245 0.0000000000
90456  -25.520  0.379  -27.341 0.0000000000
90462  -16.351  2.568  -27.969 0.0000000000
90463  -16.936  3.131  -29.203 0.0000000000
90464  -22.176  2.249  -29.924 0.0000000000
90465  -23.151  1.648  -29.713 0.0000000000
90466  -23.838  1.316  -29.043 0.0000000000
90467  -25.838  -0.530  -27.463 0.0000000000
90475  -17.137  1.666  -29.076 0.0000000000
90476  -17.664  2.306  -29.951 0.0000000000
90477  -19.420  1.923  -30.888 0.0000000000
90478  -21.120  1.801  -30.450 0.0000000000
90479  -22.213  1.321  -30.116 0.0000000000
90492  -19.919  1.186  -30.891 0.0000000000
90493  -20.386  1.214  -30.862 0.0000000000
91328  -12.991  3.282  -20.566 0.0000000000
91329  -12.890  3.506  -21.935 0.0000000000
91333  -24.740  3.880  -27.023 0.0000000000
91334  -24.959  3.580  -26.916 0.0000000000
91335  -25.220  3.197  -26.844 0.0000000000
91336  -25.383  2.905  -26.900 0.0000000000
91343  -13.700  3.846  -23.711 0.0000000000
91344  -15.151  3.951  -25.892 0.0000000000
91345  -23.087  3.950  -28.824 0.0000000000
91346  -23.899  3.192  -28.418 0.0000000000
91347  -24.719  3.126  -27.418 0.0000000000
91348  -25.093  2.414  -27.059 0.0000000000
91349  -25.225  2.090  -27.096 0.0000000000
91350  -25.419  1.984  -27.003 0.0000000000
91351  -25.496  1.732  -27.003 0.0000000000
91358  -15.921  4.254  -27.791 0.0000000000
91359  -16.515  3.691  -28.836 0.0000000000
91360  -21.478  3.298  -30.083 0.0000000000
91361  -22.837  3.258  -29.468 0.0000000000
91362  -23.760  2.254  -29.122 0.0000000000
91363  -25.497  1.024  -27.174 0.0000000000
91370  -16.375  4.496  -28.896 0.0000000000
91371  -17.260  3.915  -29.582 0.0000000000
91372  -18.542  3.507  -30.337 0.0000000000
91373  -20.022  3.261  -30.349 0.0000000000
92207  -13.596  4.631  -19.064 0.0000000000
92208  -13.324  6.013  -19.818 0.0000000000
92228  -13.038  4.182  -20.877 0.0000000000
92229  -13.145  5.251  -21.558 0.0000000000
92233  -24.356  5.008  -27.338 0.0000000000
92234  -24.768  4.581  -27.013 0.0000000000
92235  -25.142  4.264  -26.778 0.0000000000
92236  -25.426  3.854  -26.673 0.0000000000
92237  -25.553  3.311  -26.729 0.0000000000
92248  -14.170  5.327  -24.145 0.0000000000
92249  -15.183  5.363  -26.336 0.0000000000
92250  -23.142  4.719  -28.537 0.0000000000
92251  -23.972  4.585  -27.764 0.0000000000
92252  -24.512  4.229  -27.203 0.0000000000
92253  -25.574  2.833  -26.832 0.0000000000
92254  -25.628  2.419  -26.892 0.0000000000
92261  -15.926  5.367  -28.136 0.0000000000
92262  -21.623  4.472  -29.579 0.0000000000
92263  -22.452  4.625  -29.144 0.0000000000
92264  -25.606  1.874  -27.012 0.0000000000
92272  -16.809  5.208  -29.211 0.0000000000
92273  -17.969  4.912  -29.891 0.0000000000
92274  -19.181  4.582  -30.218 0.0000000000
92275  -20.444  4.436  -29.843 0.0000000000
93115  -13.772  6.747  -20.403 0.0000000000
93116  -14.381  7.847  -21.561 0.0000000000
93120  -24.023  5.926  -27.834 0.0000000000
93121  -24.600  5.834  -27.436 0.0000000000
93122  -24.952  5.405  -26.897 0.0000000000
93123  -25.469  5.014  -26.790 0.0000000000
93124  -25.712  4.443  -26.635 0.0000000000
93125  -25.802  4.235  -26.495 0.0000000000
93140  -13.758  6.587  -22.409 0.0000000000
93141  -14.328  6.791  -24.699 0.0000000000
93142  -20.910  6.474  -28.990 0.0000000000
93143  -21.925  5.963  -28.873 0.0000000000
93144  -23.275  5.973  -28.363 0.0000000000
93145  -25.651  3.794  -26.595 0.0000000000
93146  -25.775  3.662  -26.666 0.0000000000
93153  -15.378  6.500  -27.124 0.0000000000
93154  -19.387  6.607  -29.689 0.0000000000
93155  -20.517  5.906  -29.601 0.0000000000
93156  -21.690  5.262  -29.341 0.0000000000
93157  -25.808  3.316  -26.780 0.0000000000
93165  -16.206  6.314  -28.660 0.0000000000
93166  -17.281  6.113  -29.453 0.0000000000
93167  -18.774  5.981  -29.857 0.0000000000
93168  -19.759  5.223  -29.844 0.0000000000
93169  -25.773  2.924  -26.867 0.0000000000
94064  -14.228  8.625  -22.890 0.0000000000
94075  -14.391  8.149  -24.223 0.0000000000
94076  -14.472  8.491  -22.085 0.0000000000
94077  -22.780  7.516  -27.690 0.0000000000
94078  -23.720  6.871  -27.359 0.0000000000
94079  -24.532  6.588  -27.011 0.0000000000
94080  -25.126  6.183  -26.766 0.0000000000
94081  -25.499  5.644  -26.586 0.0000000000
94082  -25.705  4.957  -26.422 0.0000000000
94083  -25.834  4.376  -26.478 0.0000000000
94098  -14.919  7.583  -26.369 0.0000000000
94099  -19.630  8.310  -29.109 0.0000000000
94100  -20.760  7.387  -28.781 0.0000000000
94101  -22.290  7.314  -28.350 0.0000000000
94102  -23.252  6.688  -27.937 0.0000000000
94103  -25.796  5.148  -26.290 0.0000000000
94104  -25.852  4.622  -26.453 0.0000000000
94116  -15.748  7.486  -28.084 0.0000000000
94117  -16.444  7.595  -28.906 0.0000000000
94118  -19.574  7.329  -29.435 0.0000000000
94119  -20.491  6.810  -29.273 0.0000000000
94120  -25.900  4.190  -26.632 0.0000000000
94127  -16.543  6.982  -29.055 0.0000000000
94128  -17.498  7.082  -29.382 0.0000000000
94129  -18.612  7.070  -29.591 0.0000000000
94130  -25.866  4.026  -26.832 0.0000000000
95007  -14.322  8.818  -22.526 0.0000000000
95017  -14.064  9.092  -24.636 0.0000000000
95018  -17.995  9.783  -27.893 0.0000000000
95019  -19.208  9.739  -28.042 0.0000000000
95020  -20.649  9.587  -28.206 0.0000000000
95021  -22.019  8.775  -27.924 0.0000000000
95022  -22.978  8.203  -27.246 0.0000000000
95023  -23.865  7.760  -26.862 0.0000000000
95024  -24.635  7.395  -26.713 0.0000000000
95025  -25.142  6.870  -26.490 0.0000000000
95026  -25.431  6.295  -26.370 0.0000000000
95038  -15.044  8.763  -27.175 0.0000000000
95039  -17.092  9.247  -28.067 0.0000000000
95040  -18.831  9.142  -28.644 0.0000000000
95041  -20.170  8.896  -28.776 0.0000000000
95042  -21.308  8.490  -28.545 0.0000000000
95043  -25.593  5.620  -26.292 0.0000000000
95044  -25.740  4.911  -26.419 0.0000000000
95058  -15.971  8.037  -28.365 0.0000000000
95059  -17.094  8.086  -28.776 0.0000000000
95060  -18.488  8.355  -29.008 0.0000000000
95061  -25.589  5.832  -26.102 0.0000000000
95062  -25.717  5.202  -26.484 0.0000000000
95070  -17.921  7.512  -29.323 0.0000000000
95071  -18.374  7.716  -29.340 0.0000000000
95073  -25.550  5.091  -26.745 0.0000000000
95918  -14.028  9.234  -22.363 0.0000000000
95919  -20.999  10.863  -26.658 0.0000000000
95920  -21.625  10.492  -26.665 0.0000000000
95921  -22.483  10.004  -26.530 0.0000000000
95922  -23.119  9.589  -26.317 0.0000000000
95931  -14.392  9.653  -24.124 0.0000000000
95932  -16.707  10.127  -27.161 0.0000000000
95933  -17.883  10.479  -27.259 0.0000000000
95934  -19.353  10.542  -27.334 0.0000000000
95935  -20.921  10.376  -27.178 0.0000000000
95936  -22.299  9.480  -27.085 0.0000000000
95937  -23.152  8.927  -26.736 0.0000000000
95938  -23.937  8.720  -26.485 0.0000000000
95939  -24.713  8.114  -26.377 0.0000000000
95940  -25.138  7.554  -26.208 0.0000000000
95948  -14.574  9.804  -25.973 0.0000000000
95949  -15.590  9.770  -26.813 0.0000000000
95950  -25.281  7.046  -26.190 0.0000000000
95961  -25.410  6.611  -26.103 0.0000000000
95962  -25.562  5.982  -26.311 0.0000000000
95973  -25.395  6.349  -26.473 0.0000000000
95974  -25.536  5.673  -26.501 0.0000000000
96845  -13.544  9.675  -21.351 0.0000000000
96858  -14.562  10.695  -23.786 0.0000000000
96859  -16.316  11.791  -25.124 0.0000000000
96860  -17.914  12.165  -25.878 0.0000000000
96861  -18.801  12.152  -26.074 0.0000000000
96862  -21.012  11.399  -26.409 0.0000000000
96863  -21.775  11.017  -26.202 0.0000000000
96864  -22.548  10.547  -26.024 0.0000000000
96865  -23.310  9.926  -25.962 0.0000000000
96875  -14.892  10.321  -25.651 0.0000000000
96876  -16.085  10.923  -26.119 0.0000000000
96877  -17.816  11.322  -26.496 0.0000000000
96878  -19.329  11.481  -26.525 0.0000000000
96879  -20.382  11.433  -26.585 0.0000000000
96880  -24.091  9.289  -26.007 0.0000000000
96881  -24.709  8.690  -25.952 0.0000000000
96882  -25.088  8.243  -25.923 0.0000000000
96888  -14.865  10.276  -26.402 0.0000000000
96889  -15.368  10.462  -26.567 0.0000000000
96890  -25.029  7.860  -25.948 0.0000000000
96893  -25.270  7.604  -26.078 0.0000000000
96903  -25.026  7.496  -26.364 0.0000000000
96918  -24.719  7.555  -26.665 0.0000000000
97708  -12.871  10.556  -20.432 0.0000000000
97724  -13.734  11.241  -21.803 0.0000000000
97725  -15.054  12.161  -23.324 0.0000000000
97726  -16.883  12.735  -24.538 0.0000000000
97727  -18.544  12.785  -25.521 0.0000000000
97728  -20.039  12.543  -26.175 0.0000000000
97729  -21.055  12.049  -25.952 0.0000000000
97730  -21.790  11.801  -25.699 0.0000000000
97731  -22.629  11.170  -25.596 0.0000000000
97745  -19.336  12.196  -26.213 0.0000000000
97746  -19.810  11.891  -26.364 0.0000000000
97747  -23.415  10.491  -25.635 0.0000000000
97748  -24.184  9.852  -25.707 0.0000000000
97749  -24.766  9.129  -25.767 0.0000000000
97751  -24.553  9.759  -25.692 0.0000000000
97752  -25.009  9.101  -25.745 0.0000000000
97754  -25.214  8.792  -25.882 0.0000000000
97759  -25.238  8.610  -26.046 0.0000000000
97771  -24.537  8.328  -26.599 0.0000000000
97772  -25.043  8.635  -26.319 0.0000000000
97790  -23.799  8.456  -26.641 0.0000000000
98518  -19.677  11.358  -12.171 0.0000000000
98519  -20.734  11.424  -12.186 0.0000000000
98555  -12.706  11.567  -18.340 0.0000000000
98564  -12.568  11.152  -19.477 0.0000000000
98565  -13.099  12.389  -19.822 0.0000000000
98566  -16.474  13.756  -22.277 0.0000000000
98567  -17.067  14.128  -22.768 0.0000000000
98568  -18.393  14.499  -23.646 0.0000000000
98569  -19.553  14.650  -24.405 0.0000000000
98582  -13.068  11.641  -20.650 0.0000000000
98583  -14.086  12.660  -21.491 0.0000000000
98584  -16.130  13.248  -22.585 0.0000000000
98585  -17.677  13.641  -24.162 0.0000000000
98586  -19.134  13.823  -25.136 0.0000000000
98587  -20.659  13.507  -25.258 0.0000000000
98588  -21.915  12.721  -25.235 0.0000000000
98589  -22.721  11.806  -25.276 0.0000000000
98600  -23.426  11.065  -25.425 0.0000000000
98601  -24.035  10.574  -25.560 0.0000000000
98609  -24.554  10.131  -25.651 0.0000000000
98610  -25.066  9.729  -25.737 0.0000000000
98612  -25.249  9.494  -25.910 0.0000000000
98614  -25.204  9.883  -26.333 0.0000000000
98615  -25.201  9.466  -26.190 0.0000000000
98621  -24.436  10.135  -26.938 0.0000000000
98622  -24.759  9.497  -26.545 0.0000000000
98623  -25.173  9.232  -26.376 0.0000000000
98638  -23.874  9.593  -27.050 0.0000000000
98639  -24.265  9.251  -26.766 0.0000000000
99330  -19.055  11.967  -12.438 0.0000000000
99343  -18.585  12.017  -13.087 0.0000000000
99344  -20.092  12.701  -13.078 0.0000000000
99363  -16.304  12.617  -15.034 0.0000000000
99364  -21.389  14.186  -14.322 0.0000000000
99378  -14.309  12.757  -16.501 0.0000000000
99379  -16.120  14.375  -17.413 0.0000000000
99387  -13.385  12.903  -18.403 0.0000000000
99388  -14.822  14.027  -18.850 0.0000000000
99389  -16.909  14.800  -19.870 0.0000000000
99398  -14.185  13.428  -20.270 0.0000000000
99399  -16.152  13.864  -21.351 0.0000000000
99400  -17.845  15.124  -21.947 0.0000000000
99401  -19.121  15.489  -23.129 0.0000000000
99402  -20.209  15.052  -23.856 0.0000000000
99414  -14.980  13.524  -21.570 0.0000000000
99415  -15.919  13.451  -21.830 0.0000000000
99416  -21.214  14.219  -24.298 0.0000000000
99417  -22.103  13.358  -24.797 0.0000000000
99418  -22.740  12.193  -25.087 0.0000000000
99426  -23.364  11.596  -25.348 0.0000000000
99427  -23.936  11.046  -25.469 0.0000000000
99437  -24.445  10.576  -25.702 0.0000000000
99438  -25.042  10.119  -25.797 0.0000000000
99446  -24.663  10.587  -25.905 0.0000000000
99447  -25.149  10.046  -25.988 0.0000000000
99449  -24.831  10.377  -26.257 0.0000000000
99450  -25.228  9.992  -26.199 0.0000000000
99454  -24.015  10.696  -27.156 0.0000000000
99455  -24.538  10.570  -26.753 0.0000000000
99465  -23.389  10.317  -27.462 0.0000000000
100160  -18.086  12.660  -14.676 0.0000000000
100161  -19.410  13.414  -14.808 0.0000000000
100162  -20.657  14.141  -14.873 0.0000000000
100180  -18.459  14.439  -16.748 0.0000000000
100181  -20.287  14.981  -16.320 0.0000000000
100194  -18.010  15.391  -18.853 0.0000000000
100201  -18.300  16.072  -20.535 0.0000000000
100209  -18.937  16.482  -21.707 0.0000000000
100210  -19.797  16.089  -22.341 0.0000000000
100211  -20.616  15.486  -22.801 0.0000000000
100222  -21.465  14.725  -23.578 0.0000000000
100223  -21.853  13.330  -24.573 0.0000000000
100224  -22.839  12.392  -25.020 0.0000000000
100231  -22.002  12.986  -24.699 0.0000000000
100232  -23.029  12.187  -25.105 0.0000000000
100233  -23.809  11.259  -25.464 0.0000000000
100240  -23.330  12.015  -25.471 0.0000000000
100241  -23.972  11.323  -25.637 0.0000000000
100250  -23.549  11.881  -26.005 0.0000000000
100251  -24.170  11.242  -25.966 0.0000000000
100259  -23.629  11.779  -26.565 0.0000000000
100260  -24.224  11.198  -26.430 0.0000000000
100264  -22.734  11.928  -27.268 0.0000000000
100265  -23.565  11.563  -27.067 0.0000000000
100266  -24.089  11.189  -26.835 0.0000000000
100277  -23.186  11.141  -27.446 0.0000000000
100948  -18.931  16.357  -18.633 0.0000000000
100949  -19.851  16.400  -17.812 0.0000000000
100963  -18.716  16.867  -19.717 0.0000000000
100964  -20.680  17.291  -17.874 0.0000000000
100976  -18.939  17.203  -20.543 0.0000000000
100986  -19.535  17.261  -21.006 0.0000000000
100987  -20.460  16.727  -21.580 0.0000000000
100988  -20.360  16.132  -22.096 0.0000000000
100997  -20.734  16.940  -21.284 0.0000000000
100998  -20.765  15.820  -21.675 0.0000000000
100999  -21.336  14.928  -22.585 0.0000000000
101006  -21.642  13.618  -23.859 0.0000000000
101007  -22.099  12.790  -24.777 0.0000000000
101015  -21.745  13.481  -24.043 0.0000000000
101016  -22.348  12.900  -24.611 0.0000000000
101023  -22.751  12.602  -25.351 0.0000000000
101035  -22.914  12.407  -26.046 0.0000000000
101048  -22.952  12.237  -26.709 0.0000000000
101707  -19.053  17.357  -19.350 0.0000000000
101708  -19.403  17.257  -18.843 0.0000000000
101722  -18.972  17.575  -19.843 0.0000000000
101723  -20.038  17.614  -18.629 0.0000000000
101724  -20.923  17.917  -18.263 0.0000000000
101735  -19.085  17.599  -20.103 0.0000000000
101736  -20.297  17.885  -18.931 0.0000000000
101737  -21.065  17.577  -18.354 0.0000000000
101746  -19.388  17.172  -19.808 0.0000000000
101747  -20.196  17.147  -19.743 0.0000000000
101748  -21.389  17.056  -18.860 0.0000000000
101759  -20.647  16.938  -20.946 0.0000000000
101760  -20.859  16.695  -20.423 0.0000000000
101777  -21.820  13.432  -24.284 0.0000000000
101784  -22.092  13.526  -24.723 0.0000000000
102520  -19.134  17.664  -19.460 0.0000000000
102521  -19.234  17.548  -19.229 0.0000000000
102534  -19.119  17.672  -19.706 0.0000000000
102535  -19.398  17.661  -19.176 0.0000000000
102542  -19.302  17.627  -19.531 0.0000000000
102543  -19.619  17.710  -19.111 0.0000000000
102550  -19.504  17.253  -19.438 0.0000000000
102551  -19.650  17.448  -19.212 0.0000000000
