#!ascii label  , from subject bert vox2ras=TkReg
1351
34174  -3.474  -55.435  26.423 0.0000000000
34175  -4.133  -55.751  26.881 0.0000000000
34176  -5.303  -55.862  27.194 0.0000000000
34177  -6.520  -55.650  27.531 0.0000000000
34178  -7.669  -55.370  28.248 0.0000000000
34179  -8.811  -54.818  28.296 0.0000000000
34202  -3.443  -55.444  25.621 0.0000000000
34203  -3.843  -56.021  25.712 0.0000000000
34204  -4.827  -56.428  25.554 0.0000000000
34205  -6.090  -56.610  26.043 0.0000000000
34206  -7.211  -56.318  26.509 0.0000000000
34224  -3.497  -55.513  25.072 0.0000000000
34225  -3.689  -55.784  25.213 0.0000000000
34226  -5.139  -56.599  24.556 0.0000000000
34227  -5.778  -56.775  24.692 0.0000000000
34228  -6.825  -56.590  24.502 0.0000000000
34239  -7.030  -56.054  23.486 0.0000000000
35186  -2.692  -54.375  26.871 0.0000000000
35187  -3.359  -54.635  27.441 0.0000000000
35188  -4.625  -54.907  28.107 0.0000000000
35189  -5.784  -54.977  28.474 0.0000000000
35190  -6.967  -54.588  28.274 0.0000000000
35191  -8.212  -54.062  28.406 0.0000000000
35192  -9.462  -53.685  28.387 0.0000000000
35207  -2.508  -54.116  26.403 0.0000000000
35208  -2.894  -54.818  26.209 0.0000000000
35209  -3.843  -55.991  25.122 0.0000000000
35210  -4.095  -56.190  25.020 0.0000000000
35211  -8.911  -53.245  28.439 0.0000000000
35212  -9.350  -53.122  28.061 0.0000000000
35235  -2.499  -54.126  25.455 0.0000000000
35236  -3.134  -54.929  24.971 0.0000000000
35237  -3.759  -55.655  24.527 0.0000000000
35238  -4.586  -56.126  24.206 0.0000000000
35239  -5.470  -56.321  23.875 0.0000000000
35240  -6.211  -56.429  23.779 0.0000000000
35258  -2.598  -54.078  24.203 0.0000000000
35259  -3.261  -54.726  23.683 0.0000000000
35260  -3.989  -55.278  22.903 0.0000000000
35261  -5.039  -55.708  23.034 0.0000000000
35262  -5.966  -55.690  23.054 0.0000000000
35263  -6.760  -56.009  22.895 0.0000000000
35281  -2.694  -54.003  23.058 0.0000000000
35282  -3.217  -54.420  22.430 0.0000000000
35283  -3.636  -54.759  21.985 0.0000000000
36185  -2.592  -53.660  27.139 0.0000000000
36186  -3.273  -53.493  27.972 0.0000000000
36187  -4.161  -53.752  28.769 0.0000000000
36188  -5.159  -54.066  28.641 0.0000000000
36189  -6.190  -53.980  28.315 0.0000000000
36190  -7.284  -53.749  28.337 0.0000000000
36191  -9.573  -53.035  28.001 0.0000000000
36192  -9.925  -52.947  27.904 0.0000000000
36206  -2.408  -53.331  26.037 0.0000000000
36207  -4.846  -53.455  28.699 0.0000000000
36208  -5.540  -53.224  28.563 0.0000000000
36209  -6.757  -52.883  28.023 0.0000000000
36210  -8.097  -52.765  28.051 0.0000000000
36211  -9.380  -52.440  27.757 0.0000000000
36212  -10.548  -52.082  27.361 0.0000000000
36228  -2.364  -53.131  24.697 0.0000000000
36245  -2.464  -53.216  23.311 0.0000000000
36246  -4.639  -55.244  22.142 0.0000000000
36247  -5.518  -55.189  22.193 0.0000000000
36248  -6.357  -55.115  22.246 0.0000000000
36249  -6.760  -55.140  22.203 0.0000000000
36268  -2.490  -53.337  21.697 0.0000000000
36269  -3.268  -54.279  21.341 0.0000000000
36270  -3.990  -54.850  21.415 0.0000000000
36271  -4.900  -54.810  21.257 0.0000000000
36272  -5.915  -54.707  21.430 0.0000000000
36286  -2.373  -52.732  20.071 0.0000000000
36287  -2.775  -53.797  20.309 0.0000000000
36288  -3.516  -54.377  20.327 0.0000000000
36289  -4.234  -54.709  20.194 0.0000000000
36290  -5.222  -54.670  20.130 0.0000000000
36302  -2.497  -52.405  18.994 0.0000000000
36303  -2.581  -53.428  19.224 0.0000000000
36304  -3.067  -54.137  19.413 0.0000000000
36305  -3.690  -54.553  19.514 0.0000000000
36321  -2.500  -52.273  18.458 0.0000000000
36322  -2.510  -52.951  18.282 0.0000000000
36323  -2.828  -53.902  18.497 0.0000000000
36324  -3.370  -54.410  18.888 0.0000000000
36344  -2.511  -52.983  17.868 0.0000000000
36345  -2.645  -53.353  17.880 0.0000000000
37240  -2.518  -52.493  26.780 0.0000000000
37241  -2.917  -52.641  27.715 0.0000000000
37242  -3.693  -52.618  28.500 0.0000000000
37259  -2.446  -52.080  25.414 0.0000000000
37260  -2.508  -51.323  24.872 0.0000000000
37261  -4.732  -52.572  28.633 0.0000000000
37262  -6.100  -52.018  27.999 0.0000000000
37263  -7.387  -51.637  27.420 0.0000000000
37264  -8.632  -51.336  27.033 0.0000000000
37265  -9.808  -51.098  26.577 0.0000000000
37266  -10.933  -50.708  26.260 0.0000000000
37287  -2.406  -52.316  24.567 0.0000000000
37288  -2.484  -51.629  24.371 0.0000000000
37298  -2.416  -52.303  23.773 0.0000000000
37299  -2.512  -51.179  23.264 0.0000000000
37311  -2.411  -52.049  22.450 0.0000000000
37312  -2.421  -50.621  21.936 0.0000000000
37322  -2.262  -51.295  20.825 0.0000000000
37323  -2.320  -50.125  21.053 0.0000000000
37324  -4.048  -54.728  19.517 0.0000000000
37325  -4.362  -54.769  19.522 0.0000000000
37336  -2.348  -51.388  19.525 0.0000000000
37337  -3.880  -54.735  19.049 0.0000000000
37338  -4.440  -54.762  18.911 0.0000000000
37349  -2.377  -51.438  18.558 0.0000000000
37350  -2.458  -52.151  18.110 0.0000000000
37351  -2.870  -53.894  17.927 0.0000000000
37352  -3.501  -54.381  18.156 0.0000000000
37353  -4.444  -54.668  17.921 0.0000000000
37364  -2.372  -51.422  17.852 0.0000000000
37365  -2.512  -52.458  17.543 0.0000000000
37366  -2.862  -53.547  17.360 0.0000000000
37367  -3.653  -54.137  17.115 0.0000000000
37378  -2.651  -52.623  16.862 0.0000000000
37379  -3.016  -53.162  16.480 0.0000000000
38287  -2.760  -51.768  27.377 0.0000000000
38288  -3.290  -51.623  28.050 0.0000000000
38289  -4.126  -51.424  28.607 0.0000000000
38307  -2.540  -51.199  26.467 0.0000000000
38308  -2.525  -51.092  25.345 0.0000000000
38309  -5.328  -51.127  28.342 0.0000000000
38310  -6.743  -50.737  27.364 0.0000000000
38311  -7.921  -50.417  26.645 0.0000000000
38312  -9.086  -50.149  26.154 0.0000000000
38313  -10.207  -49.871  25.776 0.0000000000
38314  -11.281  -49.486  25.511 0.0000000000
38335  -2.511  -50.366  25.541 0.0000000000
38336  -2.562  -50.496  24.331 0.0000000000
38348  -2.711  -49.863  22.768 0.0000000000
38354  -2.634  -49.134  21.272 0.0000000000
38355  -2.592  -48.165  20.539 0.0000000000
38361  -2.197  -50.342  19.801 0.0000000000
38362  -2.211  -49.370  20.173 0.0000000000
38363  -2.509  -48.627  20.446 0.0000000000
38367  -2.066  -50.016  19.005 0.0000000000
38368  -2.054  -49.597  19.532 0.0000000000
38372  -2.221  -50.257  18.082 0.0000000000
38380  -2.352  -50.667  17.067 0.0000000000
38381  -2.482  -51.916  16.890 0.0000000000
38389  -2.357  -49.880  15.985 0.0000000000
38390  -2.572  -51.751  16.194 0.0000000000
38391  -2.862  -52.634  15.967 0.0000000000
38399  -2.339  -49.391  15.432 0.0000000000
38400  -2.366  -50.394  15.104 0.0000000000
38401  -2.875  -52.342  15.403 0.0000000000
38408  -2.472  -50.153  13.979 0.0000000000
38409  -2.655  -51.505  14.531 0.0000000000
38412  -2.437  -50.072  12.932 0.0000000000
38413  -2.608  -51.198  13.601 0.0000000000
38417  -2.275  -50.321  11.606 0.0000000000
38418  -2.411  -51.109  12.667 0.0000000000
38427  -2.587  -50.142  10.086 0.0000000000
38509  -12.184  -50.981  1.286 0.0000000000
39211  -2.828  -50.633  27.521 0.0000000000
39212  -3.575  -50.317  28.293 0.0000000000
39213  -4.745  -50.144  28.592 0.0000000000
39227  -2.311  -49.831  26.638 0.0000000000
39228  -6.144  -49.924  27.610 0.0000000000
39229  -7.239  -49.633  26.727 0.0000000000
39230  -8.348  -49.316  26.138 0.0000000000
39231  -9.478  -49.085  25.668 0.0000000000
39232  -10.481  -48.853  25.403 0.0000000000
39233  -11.161  -48.583  25.320 0.0000000000
39234  -11.737  -48.658  25.403 0.0000000000
39243  -2.446  -49.236  24.878 0.0000000000
39244  -2.644  -49.298  23.563 0.0000000000
39254  -2.398  -48.424  23.609 0.0000000000
39255  -2.627  -48.425  22.331 0.0000000000
39258  -2.562  -47.804  20.998 0.0000000000
39259  -2.533  -47.375  20.220 0.0000000000
39262  -2.286  -48.614  19.688 0.0000000000
39263  -2.498  -47.829  19.749 0.0000000000
39266  -2.023  -49.261  18.891 0.0000000000
39267  -2.137  -48.593  19.137 0.0000000000
39268  -2.494  -47.113  18.990 0.0000000000
39272  -2.107  -49.139  18.502 0.0000000000
39273  -2.219  -47.900  18.226 0.0000000000
39276  -2.266  -48.756  17.568 0.0000000000
39277  -2.328  -47.328  17.611 0.0000000000
39281  -2.345  -48.667  16.549 0.0000000000
39289  -2.361  -48.310  15.588 0.0000000000
39290  -2.278  -48.955  15.041 0.0000000000
39299  -2.273  -47.745  14.719 0.0000000000
39300  -2.282  -48.943  14.344 0.0000000000
39309  -2.293  -47.604  13.812 0.0000000000
39310  -2.333  -48.858  13.370 0.0000000000
39313  -2.288  -47.621  12.813 0.0000000000
39314  -2.359  -48.891  12.277 0.0000000000
39316  -2.487  -47.753  11.801 0.0000000000
39317  -2.553  -48.882  11.066 0.0000000000
39323  -2.734  -47.785  10.874 0.0000000000
39324  -3.176  -48.508  9.661 0.0000000000
39331  -3.674  -49.137  7.821 0.0000000000
39368  -10.950  -50.341  2.463 0.0000000000
39369  -11.488  -50.841  2.124 0.0000000000
39374  -11.358  -49.666  1.995 0.0000000000
39375  -12.077  -50.143  1.690 0.0000000000
39376  -12.436  -50.630  1.164 0.0000000000
39377  -14.273  -49.815  0.035 0.0000000000
39378  -15.481  -49.568  -0.045 0.0000000000
39379  -16.935  -49.376  0.414 0.0000000000
39380  -18.142  -49.371  0.802 0.0000000000
39391  -12.659  -49.432  1.084 0.0000000000
39392  -13.151  -50.051  0.980 0.0000000000
39393  -13.765  -50.003  0.368 0.0000000000
40066  -2.711  -48.944  27.961 0.0000000000
40067  -4.048  -49.111  28.892 0.0000000000
40068  -5.933  -48.885  28.095 0.0000000000
40069  -6.921  -48.210  27.145 0.0000000000
40077  -2.329  -48.396  26.127 0.0000000000
40078  -6.732  -49.206  27.061 0.0000000000
40079  -7.450  -48.569  26.620 0.0000000000
40080  -8.781  -48.342  25.929 0.0000000000
40081  -9.836  -48.206  25.591 0.0000000000
40082  -10.679  -48.093  25.474 0.0000000000
40083  -11.316  -48.030  25.492 0.0000000000
40084  -11.802  -48.056  25.633 0.0000000000
40089  -2.319  -47.832  24.415 0.0000000000
40096  -2.354  -47.351  22.844 0.0000000000
40097  -2.303  -46.979  21.421 0.0000000000
40104  -2.494  -46.623  20.309 0.0000000000
40105  -2.559  -46.376  19.512 0.0000000000
40108  -2.638  -46.176  18.958 0.0000000000
40111  -2.399  -46.998  18.497 0.0000000000
40112  -2.591  -45.966  18.522 0.0000000000
40115  -2.372  -46.622  17.927 0.0000000000
40116  -2.600  -45.832  18.101 0.0000000000
40119  -2.422  -47.314  16.948 0.0000000000
40120  -2.396  -46.129  17.281 0.0000000000
40121  -2.528  -45.706  17.694 0.0000000000
40125  -2.420  -47.086  16.117 0.0000000000
40126  -2.347  -45.981  16.500 0.0000000000
40131  -2.285  -46.512  15.219 0.0000000000
40132  -2.297  -45.868  15.833 0.0000000000
40137  -2.138  -46.344  14.246 0.0000000000
40148  -2.173  -46.357  13.272 0.0000000000
40160  -2.438  -46.600  12.243 0.0000000000
40171  -2.657  -46.950  11.357 0.0000000000
40178  -2.947  -46.970  10.373 0.0000000000
40179  -3.331  -47.410  9.584 0.0000000000
40182  -3.264  -46.723  9.501 0.0000000000
40183  -3.603  -47.525  8.663 0.0000000000
40190  -3.754  -47.983  7.184 0.0000000000
40202  -4.087  -48.219  5.653 0.0000000000
40204  -8.460  -49.337  4.464 0.0000000000
40215  -4.465  -48.457  4.309 0.0000000000
40222  -10.467  -49.635  4.644 0.0000000000
40225  -10.676  -49.313  3.490 0.0000000000
40229  -11.107  -49.070  2.395 0.0000000000
40230  -11.853  -49.011  1.974 0.0000000000
40231  -13.716  -48.731  0.405 0.0000000000
40232  -14.045  -48.875  0.300 0.0000000000
40233  -14.867  -48.765  -0.073 0.0000000000
40234  -16.242  -48.593  0.336 0.0000000000
40235  -17.466  -48.575  0.718 0.0000000000
40236  -18.503  -48.827  0.905 0.0000000000
40243  -12.416  -48.865  1.259 0.0000000000
40244  -13.296  -48.814  0.712 0.0000000000
40245  -13.704  -49.518  0.374 0.0000000000
40246  -18.029  -48.317  0.742 0.0000000000
40989  -2.690  -47.162  28.854 0.0000000000
40990  -2.951  -47.270  29.017 0.0000000000
40991  -3.689  -47.392  29.350 0.0000000000
40998  -2.721  -47.429  28.474 0.0000000000
40999  -3.384  -48.010  28.912 0.0000000000
41000  -4.911  -47.777  28.893 0.0000000000
41001  -6.704  -47.779  27.720 0.0000000000
41002  -7.619  -47.447  27.037 0.0000000000
41003  -11.174  -47.489  26.278 0.0000000000
41006  -2.241  -47.491  27.239 0.0000000000
41007  -7.381  -47.876  26.829 0.0000000000
41008  -8.218  -47.641  26.408 0.0000000000
41009  -9.271  -47.568  25.966 0.0000000000
41010  -10.149  -47.550  25.791 0.0000000000
41011  -10.818  -47.581  25.779 0.0000000000
41012  -11.236  -47.600  25.961 0.0000000000
41015  -2.412  -47.030  25.397 0.0000000000
41019  -2.428  -46.502  23.562 0.0000000000
41020  -2.323  -45.923  21.803 0.0000000000
41028  -2.241  -45.700  20.428 0.0000000000
41029  -2.503  -45.395  19.440 0.0000000000
41033  -2.870  -44.969  18.703 0.0000000000
41034  -3.624  -44.379  18.479 0.0000000000
41038  -2.886  -45.033  18.446 0.0000000000
41039  -3.727  -44.502  18.325 0.0000000000
41043  -2.953  -44.984  18.166 0.0000000000
41044  -3.892  -44.602  18.194 0.0000000000
41048  -2.576  -45.219  17.320 0.0000000000
41049  -2.928  -44.909  17.683 0.0000000000
41050  -3.977  -44.637  17.819 0.0000000000
41054  -2.514  -45.136  16.742 0.0000000000
41055  -2.992  -44.610  16.981 0.0000000000
41056  -3.900  -44.486  17.182 0.0000000000
41060  -2.253  -45.364  15.324 0.0000000000
41061  -2.418  -44.977  15.905 0.0000000000
41062  -2.916  -44.446  16.272 0.0000000000
41063  -3.680  -44.263  16.365 0.0000000000
41066  -2.190  -45.365  14.653 0.0000000000
41067  -2.488  -44.642  14.926 0.0000000000
41068  -2.989  -44.230  15.536 0.0000000000
41069  -3.424  -44.185  15.877 0.0000000000
41072  -2.246  -45.156  13.777 0.0000000000
41073  -2.260  -44.811  14.377 0.0000000000
41077  -2.336  -45.429  12.632 0.0000000000
41087  -2.578  -45.825  11.334 0.0000000000
41099  -2.769  -45.811  10.025 0.0000000000
41111  -3.307  -46.075  8.670 0.0000000000
41112  -3.702  -46.980  7.965 0.0000000000
41119  -3.022  -45.629  7.931 0.0000000000
41120  -3.671  -46.447  7.198 0.0000000000
41121  -8.842  -49.333  5.085 0.0000000000
41122  -9.229  -49.593  5.311 0.0000000000
41123  -9.454  -49.870  5.363 0.0000000000
41125  -4.107  -46.731  5.461 0.0000000000
41126  -7.728  -49.042  3.325 0.0000000000
41127  -8.511  -48.527  4.297 0.0000000000
41128  -9.018  -48.672  4.976 0.0000000000
41129  -9.506  -49.000  5.161 0.0000000000
41130  -9.822  -49.433  5.311 0.0000000000
41137  -4.490  -47.341  3.936 0.0000000000
41138  -5.507  -48.005  2.998 0.0000000000
41139  -6.775  -48.289  2.735 0.0000000000
41140  -7.768  -48.191  3.304 0.0000000000
41141  -9.688  -48.178  4.814 0.0000000000
41142  -9.964  -48.794  4.956 0.0000000000
41143  -10.245  -49.130  4.869 0.0000000000
41147  -10.069  -47.899  4.509 0.0000000000
41148  -10.369  -48.348  4.263 0.0000000000
41151  -10.809  -48.174  3.142 0.0000000000
41154  -11.422  -47.902  2.032 0.0000000000
41155  -12.030  -48.134  1.439 0.0000000000
41156  -13.869  -48.469  0.407 0.0000000000
41157  -14.376  -48.040  0.035 0.0000000000
41158  -15.611  -47.827  0.310 0.0000000000
41159  -16.691  -47.908  0.590 0.0000000000
41160  -17.432  -47.982  0.659 0.0000000000
41169  -11.796  -47.375  1.316 0.0000000000
41170  -12.464  -47.787  0.985 0.0000000000
41171  -13.594  -47.753  0.603 0.0000000000
41172  -14.550  -47.294  0.294 0.0000000000
41173  -16.216  -47.405  0.475 0.0000000000
41174  -16.902  -47.487  0.467 0.0000000000
41175  -17.900  -47.811  0.500 0.0000000000
41191  -18.298  -47.692  0.189 0.0000000000
41905  -2.607  -46.923  28.855 0.0000000000
41906  -3.237  -46.748  29.225 0.0000000000
41907  -4.553  -46.792  29.507 0.0000000000
41908  -5.948  -46.603  29.381 0.0000000000
41909  -7.010  -46.494  28.868 0.0000000000
41914  -2.362  -46.634  28.033 0.0000000000
41915  -5.370  -47.071  29.206 0.0000000000
41916  -6.298  -47.167  28.891 0.0000000000
41917  -7.726  -46.948  28.083 0.0000000000
41918  -8.717  -46.785  27.474 0.0000000000
41919  -9.375  -46.518  26.971 0.0000000000
41920  -10.030  -46.585  26.768 0.0000000000
41921  -10.624  -46.957  26.720 0.0000000000
41924  -2.402  -46.217  26.441 0.0000000000
41925  -8.217  -47.130  26.979 0.0000000000
41926  -8.895  -47.014  26.540 0.0000000000
41927  -9.705  -47.010  26.299 0.0000000000
41928  -10.381  -47.153  26.208 0.0000000000
41929  -10.804  -47.318  26.128 0.0000000000
41932  -2.476  -45.719  24.481 0.0000000000
41938  -2.283  -45.173  22.537 0.0000000000
41939  -2.090  -45.084  21.487 0.0000000000
41950  -2.002  -44.555  21.338 0.0000000000
41951  -2.074  -44.733  20.573 0.0000000000
41952  -2.449  -44.547  19.463 0.0000000000
41961  -2.914  -44.406  18.779 0.0000000000
41962  -3.675  -44.216  18.631 0.0000000000
41966  -4.566  -44.182  18.637 0.0000000000
41967  -5.426  -44.142  18.731 0.0000000000
41968  -5.965  -43.998  18.799 0.0000000000
41973  -4.823  -44.346  18.402 0.0000000000
41974  -5.766  -44.252  18.368 0.0000000000
41975  -6.230  -43.918  18.637 0.0000000000
41979  -4.966  -44.458  17.984 0.0000000000
41980  -5.833  -44.361  17.488 0.0000000000
41981  -6.064  -44.251  16.724 0.0000000000
41985  -4.907  -44.460  17.325 0.0000000000
41986  -5.554  -44.306  16.669 0.0000000000
41987  -5.960  -44.379  16.207 0.0000000000
41990  -4.661  -44.258  16.457 0.0000000000
41991  -5.411  -44.428  15.845 0.0000000000
41992  -6.194  -44.501  15.372 0.0000000000
41995  -2.717  -44.398  14.611 0.0000000000
41996  -3.076  -44.167  14.771 0.0000000000
41997  -4.174  -44.184  15.291 0.0000000000
41998  -5.589  -44.660  14.742 0.0000000000
41999  -6.441  -44.574  14.378 0.0000000000
42003  -2.412  -44.669  13.667 0.0000000000
42004  -2.703  -44.461  14.071 0.0000000000
42005  -3.779  -44.123  14.042 0.0000000000
42006  -5.115  -44.203  13.823 0.0000000000
42007  -6.153  -44.472  13.703 0.0000000000
42008  -6.758  -44.522  13.563 0.0000000000
42012  -2.625  -44.605  13.092 0.0000000000
42013  -3.334  -44.128  13.115 0.0000000000
42014  -4.459  -44.265  13.027 0.0000000000
42015  -5.390  -44.246  12.899 0.0000000000
42016  -6.004  -44.260  13.003 0.0000000000
42017  -6.568  -44.235  12.955 0.0000000000
42022  -2.657  -44.704  11.910 0.0000000000
42023  -3.018  -44.127  12.236 0.0000000000
42024  -3.876  -44.074  12.084 0.0000000000
42025  -5.014  -44.042  12.273 0.0000000000
42026  -5.902  -43.997  12.403 0.0000000000
42027  -6.372  -44.067  12.591 0.0000000000
42035  -2.624  -44.677  10.654 0.0000000000
42036  -2.865  -44.123  11.380 0.0000000000
42037  -3.269  -44.134  11.697 0.0000000000
42049  -2.478  -44.920  9.478 0.0000000000
42060  -2.458  -44.894  8.221 0.0000000000
42061  -2.851  -45.402  7.560 0.0000000000
42069  -2.336  -44.384  7.747 0.0000000000
42070  -2.806  -45.024  6.791 0.0000000000
42071  -8.295  -47.725  3.744 0.0000000000
42072  -8.844  -47.836  4.416 0.0000000000
42073  -9.186  -48.173  4.791 0.0000000000
42078  -3.237  -45.465  4.538 0.0000000000
42079  -4.592  -46.592  3.264 0.0000000000
42080  -5.937  -47.212  2.605 0.0000000000
42081  -7.380  -47.450  2.718 0.0000000000
42082  -8.395  -46.918  3.611 0.0000000000
42083  -9.322  -47.323  4.317 0.0000000000
42084  -9.852  -47.782  4.564 0.0000000000
42089  -2.913  -44.810  3.758 0.0000000000
42090  -3.517  -45.436  3.213 0.0000000000
42091  -4.982  -46.107  2.519 0.0000000000
42092  -6.562  -46.602  2.328 0.0000000000
42093  -7.581  -46.755  2.783 0.0000000000
42094  -9.517  -46.452  3.918 0.0000000000
42095  -10.068  -46.912  3.899 0.0000000000
42096  -10.520  -47.557  3.683 0.0000000000
42099  -10.573  -46.046  2.838 0.0000000000
42100  -10.773  -47.112  2.981 0.0000000000
42102  -10.799  -45.804  2.050 0.0000000000
42103  -11.087  -46.553  1.636 0.0000000000
42104  -14.912  -47.322  -0.174 0.0000000000
42105  -15.733  -47.277  0.329 0.0000000000
42114  -11.898  -46.626  1.238 0.0000000000
42115  -12.812  -46.749  0.875 0.0000000000
42116  -13.975  -46.621  0.508 0.0000000000
42117  -14.562  -46.714  -0.371 0.0000000000
42118  -15.910  -46.881  0.142 0.0000000000
42119  -17.116  -47.036  0.026 0.0000000000
42120  -17.837  -47.463  0.143 0.0000000000
42130  -17.355  -46.892  -0.501 0.0000000000
42131  -18.046  -47.340  -0.583 0.0000000000
42141  -18.236  -47.192  -1.073 0.0000000000
42806  -2.607  -46.169  28.796 0.0000000000
42807  -3.641  -45.690  29.309 0.0000000000
42808  -5.421  -45.766  29.397 0.0000000000
42809  -6.937  -45.875  29.266 0.0000000000
42810  -8.239  -45.959  28.521 0.0000000000
42811  -9.379  -45.590  28.067 0.0000000000
42812  -9.803  -45.450  27.829 0.0000000000
42813  -10.367  -45.822  27.528 0.0000000000
42819  -2.453  -45.371  27.617 0.0000000000
42820  -2.615  -45.509  28.802 0.0000000000
42821  -8.485  -46.484  28.051 0.0000000000
42822  -9.070  -46.220  27.796 0.0000000000
42823  -9.788  -45.911  27.463 0.0000000000
42824  -10.246  -46.215  27.224 0.0000000000
42825  -10.472  -46.288  27.170 0.0000000000
42828  -2.428  -44.947  25.497 0.0000000000
42830  -2.244  -44.486  23.569 0.0000000000
42837  -2.016  -44.053  21.909 0.0000000000
42846  -1.924  -43.784  20.612 0.0000000000
42847  -2.328  -43.630  19.544 0.0000000000
42848  -3.286  -43.546  18.679 0.0000000000
42849  -4.376  -43.283  18.838 0.0000000000
42859  -3.650  -43.998  18.775 0.0000000000
42860  -4.795  -43.687  18.901 0.0000000000
42861  -5.884  -43.379  19.305 0.0000000000
42862  -6.316  -43.202  19.372 0.0000000000
42867  -5.208  -44.022  18.892 0.0000000000
42868  -5.672  -43.832  18.991 0.0000000000
42869  -6.279  -43.581  19.053 0.0000000000
42876  -6.373  -43.943  18.174 0.0000000000
42877  -6.415  -43.690  18.696 0.0000000000
42883  -6.495  -44.218  16.858 0.0000000000
42884  -6.173  -44.304  16.486 0.0000000000
42889  -6.612  -44.304  15.719 0.0000000000
42890  -6.489  -44.627  16.005 0.0000000000
42894  -6.668  -44.656  15.077 0.0000000000
42895  -6.744  -44.746  14.851 0.0000000000
42898  -6.912  -44.582  14.110 0.0000000000
42901  -7.061  -44.513  13.502 0.0000000000
42904  -6.970  -44.334  12.904 0.0000000000
42907  -4.019  -44.138  11.562 0.0000000000
42908  -4.529  -44.052  11.538 0.0000000000
42909  -5.544  -43.998  11.600 0.0000000000
42910  -6.576  -44.221  11.858 0.0000000000
42914  -2.590  -44.301  10.431 0.0000000000
42915  -2.675  -44.064  10.625 0.0000000000
42916  -3.562  -43.982  11.059 0.0000000000
42917  -4.763  -43.811  10.841 0.0000000000
42918  -5.885  -43.772  10.769 0.0000000000
42919  -6.642  -43.692  10.454 0.0000000000
42930  -2.533  -44.302  10.053 0.0000000000
42931  -2.706  -43.750  10.037 0.0000000000
42932  -3.651  -43.353  10.094 0.0000000000
42933  -4.990  -43.381  10.000 0.0000000000
42934  -6.005  -43.338  9.848 0.0000000000
42935  -6.618  -43.267  9.514 0.0000000000
42948  -2.251  -44.155  9.202 0.0000000000
42949  -2.694  -43.454  8.953 0.0000000000
42950  -3.873  -42.900  9.182 0.0000000000
42951  -5.180  -42.934  9.188 0.0000000000
42952  -6.090  -42.906  9.134 0.0000000000
42953  -6.642  -43.126  8.922 0.0000000000
42964  -2.292  -44.094  8.336 0.0000000000
42965  -2.358  -43.745  7.518 0.0000000000
42974  -2.345  -43.949  5.898 0.0000000000
42975  -8.406  -46.386  3.516 0.0000000000
42976  -8.698  -46.424  3.713 0.0000000000
42981  -2.472  -44.086  4.358 0.0000000000
42982  -2.757  -44.415  3.137 0.0000000000
42983  -3.991  -44.878  2.502 0.0000000000
42984  -5.706  -45.653  1.970 0.0000000000
42985  -7.841  -46.047  2.799 0.0000000000
42986  -9.025  -45.811  3.676 0.0000000000
42987  -9.607  -45.904  3.686 0.0000000000
42992  -2.958  -44.135  2.507 0.0000000000
42993  -3.465  -44.129  2.129 0.0000000000
42994  -9.346  -45.214  3.378 0.0000000000
42995  -9.905  -45.337  3.216 0.0000000000
43002  -10.450  -45.089  2.403 0.0000000000
43003  -10.673  -45.699  1.405 0.0000000000
43014  -10.648  -44.913  1.424 0.0000000000
43015  -11.177  -45.389  1.127 0.0000000000
43016  -12.107  -45.543  0.793 0.0000000000
43017  -13.288  -45.637  0.574 0.0000000000
43018  -14.209  -45.883  -0.135 0.0000000000
43019  -15.200  -45.874  -0.346 0.0000000000
43020  -16.183  -46.339  -0.206 0.0000000000
43028  -15.869  -45.747  -0.484 0.0000000000
43029  -16.798  -46.253  -0.795 0.0000000000
43030  -17.530  -46.846  -0.834 0.0000000000
43037  -17.156  -45.794  -1.714 0.0000000000
43038  -17.939  -46.717  -1.353 0.0000000000
43046  -17.308  -45.461  -2.124 0.0000000000
43047  -17.777  -45.853  -2.037 0.0000000000
43666  -10.385  -44.849  28.402 0.0000000000
43673  -3.821  -44.738  29.384 0.0000000000
43674  -5.027  -44.888  29.405 0.0000000000
43675  -6.579  -44.926  29.239 0.0000000000
43676  -8.019  -45.096  29.080 0.0000000000
43677  -9.088  -45.062  28.618 0.0000000000
43678  -9.818  -45.033  28.132 0.0000000000
43679  -10.252  -45.131  28.077 0.0000000000
43686  -2.436  -44.386  27.601 0.0000000000
43687  -2.772  -44.799  28.753 0.0000000000
43688  -10.042  -45.433  27.829 0.0000000000
43689  -10.165  -45.726  27.660 0.0000000000
43692  -2.351  -44.174  26.316 0.0000000000
43695  -2.374  -43.734  24.502 0.0000000000
43702  -2.073  -43.344  22.718 0.0000000000
43710  -1.955  -43.019  21.138 0.0000000000
43711  -2.160  -42.768  19.828 0.0000000000
43712  -2.831  -42.553  18.902 0.0000000000
43713  -4.109  -42.471  18.693 0.0000000000
43714  -5.241  -42.333  19.308 0.0000000000
43715  -5.916  -42.246  19.559 0.0000000000
43725  -4.942  -43.045  19.103 0.0000000000
43726  -5.566  -42.994  19.449 0.0000000000
43727  -6.244  -42.673  19.563 0.0000000000
43736  -6.537  -43.007  19.432 0.0000000000
43741  -6.606  -43.589  18.444 0.0000000000
43742  -6.635  -43.407  18.950 0.0000000000
43752  -6.558  -43.763  17.533 0.0000000000
43753  -6.561  -43.803  17.775 0.0000000000
43763  -6.375  -44.055  16.782 0.0000000000
43764  -6.493  -44.020  17.020 0.0000000000
43765  -6.503  -44.325  16.409 0.0000000000
43775  -6.129  -44.339  16.374 0.0000000000
43776  -6.315  -44.475  15.843 0.0000000000
43777  -6.545  -44.614  15.271 0.0000000000
43778  -6.875  -44.680  14.584 0.0000000000
43786  -5.791  -44.207  14.871 0.0000000000
43787  -5.953  -44.396  15.233 0.0000000000
43788  -6.464  -44.570  14.647 0.0000000000
43789  -6.831  -44.573  14.164 0.0000000000
43790  -7.090  -44.543  13.801 0.0000000000
43796  -6.056  -43.996  13.346 0.0000000000
43797  -5.962  -44.208  13.566 0.0000000000
43798  -5.957  -44.172  14.174 0.0000000000
43799  -6.400  -44.511  13.846 0.0000000000
43800  -6.803  -44.456  13.443 0.0000000000
43801  -7.080  -44.418  13.178 0.0000000000
43802  -7.103  -44.534  13.104 0.0000000000
43808  -6.003  -43.996  12.847 0.0000000000
43809  -6.114  -44.200  12.882 0.0000000000
43810  -6.262  -44.028  13.004 0.0000000000
43811  -6.498  -44.162  12.956 0.0000000000
43812  -6.931  -44.135  12.694 0.0000000000
43813  -7.152  -44.033  12.125 0.0000000000
43814  -7.042  -44.206  12.403 0.0000000000
43819  -7.182  -43.773  11.267 0.0000000000
43820  -6.997  -43.673  11.106 0.0000000000
43823  -6.972  -43.294  9.817 0.0000000000
43830  -6.902  -43.051  8.977 0.0000000000
43842  -3.112  -42.830  8.038 0.0000000000
43843  -4.332  -42.548  8.341 0.0000000000
43844  -5.441  -42.552  8.530 0.0000000000
43845  -6.233  -42.954  8.449 0.0000000000
43846  -7.039  -42.859  8.379 0.0000000000
43855  -2.685  -42.834  6.787 0.0000000000
43856  -3.579  -42.099  7.198 0.0000000000
43857  -4.814  -42.127  7.746 0.0000000000
43858  -5.733  -42.443  7.919 0.0000000000
43859  -6.454  -42.724  8.028 0.0000000000
43869  -2.804  -42.615  5.516 0.0000000000
43870  -2.969  -42.198  6.439 0.0000000000
43879  -3.036  -43.040  3.687 0.0000000000
43880  -2.742  -43.826  2.778 0.0000000000
43881  -4.709  -44.578  1.844 0.0000000000
43882  -6.529  -44.914  1.945 0.0000000000
43883  -8.298  -44.895  2.807 0.0000000000
43884  -9.020  -44.971  3.256 0.0000000000
43889  -2.771  -42.685  2.831 0.0000000000
43890  -2.802  -43.387  2.297 0.0000000000
43891  -3.738  -43.648  1.706 0.0000000000
43892  -5.309  -43.918  1.590 0.0000000000
43893  -7.268  -43.881  2.155 0.0000000000
43894  -8.995  -44.137  2.640 0.0000000000
43895  -9.890  -44.570  2.716 0.0000000000
43905  -9.278  -43.331  2.210 0.0000000000
43906  -9.872  -44.012  1.928 0.0000000000
43916  -10.435  -44.508  0.473 0.0000000000
43917  -11.227  -44.282  0.327 0.0000000000
43918  -12.494  -44.657  0.170 0.0000000000
43919  -13.707  -44.882  -0.037 0.0000000000
43920  -14.520  -45.266  -0.467 0.0000000000
43921  -14.984  -45.376  -0.462 0.0000000000
43928  -11.300  -43.814  -0.134 0.0000000000
43929  -11.846  -43.946  -0.178 0.0000000000
43930  -12.999  -44.102  -0.356 0.0000000000
43931  -14.203  -44.345  -0.540 0.0000000000
43932  -15.134  -45.092  -0.647 0.0000000000
43933  -15.929  -45.381  -0.866 0.0000000000
43939  -14.779  -44.266  -0.974 0.0000000000
43940  -15.421  -44.665  -1.393 0.0000000000
43941  -16.353  -45.240  -1.414 0.0000000000
43946  -15.999  -44.516  -1.849 0.0000000000
43947  -16.760  -44.900  -2.120 0.0000000000
43948  -17.520  -45.138  -2.422 0.0000000000
43949  -18.138  -45.446  -2.339 0.0000000000
43958  -17.901  -44.940  -2.660 0.0000000000
44517  -10.666  -43.278  29.523 0.0000000000
44526  -6.991  -43.801  29.487 0.0000000000
44527  -7.797  -43.666  29.374 0.0000000000
44528  -8.890  -43.661  29.200 0.0000000000
44529  -9.743  -43.752  28.933 0.0000000000
44530  -10.328  -44.037  28.863 0.0000000000
44536  -3.506  -44.220  29.004 0.0000000000
44537  -4.648  -44.288  29.516 0.0000000000
44538  -6.284  -44.187  29.383 0.0000000000
44539  -7.794  -44.233  29.172 0.0000000000
44540  -8.978  -44.375  29.044 0.0000000000
44541  -9.757  -44.476  28.716 0.0000000000
44542  -10.106  -44.684  28.492 0.0000000000
44549  -2.449  -43.587  26.956 0.0000000000
44550  -2.713  -43.972  28.081 0.0000000000
44553  -2.464  -43.013  25.397 0.0000000000
44555  -2.285  -42.545  23.592 0.0000000000
44558  -2.135  -42.190  21.899 0.0000000000
44559  -3.609  -41.010  19.206 0.0000000000
44560  -4.182  -41.143  19.621 0.0000000000
44561  -5.027  -41.211  20.013 0.0000000000
44566  -2.203  -41.989  20.394 0.0000000000
44567  -2.606  -41.802  19.348 0.0000000000
44568  -3.493  -41.506  18.972 0.0000000000
44569  -4.712  -41.656  19.312 0.0000000000
44570  -5.619  -41.810  20.126 0.0000000000
44571  -6.189  -42.024  20.231 0.0000000000
44577  -6.515  -42.231  20.117 0.0000000000
44591  -6.681  -42.655  19.651 0.0000000000
44592  -6.804  -42.703  19.565 0.0000000000
44593  -6.663  -42.813  19.524 0.0000000000
44608  -6.677  -42.869  18.607 0.0000000000
44609  -6.800  -43.011  18.796 0.0000000000
44610  -6.762  -43.244  18.871 0.0000000000
44611  -6.854  -43.076  19.252 0.0000000000
44624  -6.403  -43.195  17.555 0.0000000000
44625  -6.574  -43.276  17.792 0.0000000000
44626  -6.670  -43.489  17.913 0.0000000000
44627  -6.716  -43.392  18.340 0.0000000000
44643  -5.930  -43.903  16.251 0.0000000000
44644  -6.148  -43.696  16.709 0.0000000000
44645  -6.374  -43.809  16.957 0.0000000000
44646  -6.509  -43.667  17.434 0.0000000000
44662  -5.675  -44.279  15.491 0.0000000000
44663  -5.804  -44.364  15.940 0.0000000000
44664  -5.838  -44.348  16.226 0.0000000000
44678  -5.601  -44.410  14.331 0.0000000000
44679  -5.495  -44.429  14.751 0.0000000000
44680  -5.594  -44.343  15.130 0.0000000000
44681  -5.612  -44.435  15.693 0.0000000000
44694  -5.834  -44.133  13.866 0.0000000000
44695  -5.782  -44.368  14.190 0.0000000000
44696  -5.610  -44.286  14.566 0.0000000000
44710  -6.214  -43.979  12.405 0.0000000000
44711  -6.334  -43.899  12.202 0.0000000000
44712  -6.594  -43.903  12.123 0.0000000000
44713  -6.934  -43.850  12.001 0.0000000000
44714  -7.165  -43.848  11.806 0.0000000000
44726  -6.431  -43.843  11.588 0.0000000000
44727  -6.596  -43.831  11.308 0.0000000000
44728  -6.821  -43.734  11.189 0.0000000000
44729  -7.014  -43.628  11.095 0.0000000000
44730  -7.198  -43.747  11.032 0.0000000000
44731  -7.125  -43.651  10.695 0.0000000000
44742  -6.553  -43.599  10.401 0.0000000000
44743  -6.736  -43.596  10.339 0.0000000000
44744  -6.919  -43.455  10.257 0.0000000000
44745  -7.121  -43.392  10.399 0.0000000000
44746  -7.281  -43.367  10.194 0.0000000000
44747  -7.119  -43.285  10.014 0.0000000000
44758  -6.629  -43.120  9.269 0.0000000000
44759  -6.882  -43.147  9.874 0.0000000000
44760  -6.914  -43.074  9.583 0.0000000000
44761  -6.953  -42.964  9.342 0.0000000000
44762  -7.066  -42.936  8.959 0.0000000000
44763  -7.004  -42.732  8.581 0.0000000000
44779  -6.923  -42.552  8.451 0.0000000000
44780  -6.902  -42.497  8.211 0.0000000000
44793  -3.747  -42.022  6.625 0.0000000000
44794  -4.305  -41.968  6.802 0.0000000000
44795  -5.352  -42.008  7.140 0.0000000000
44796  -6.893  -42.512  7.276 0.0000000000
44803  -2.910  -41.852  5.551 0.0000000000
44804  -3.372  -41.530  6.128 0.0000000000
44805  -4.754  -41.330  6.471 0.0000000000
44806  -5.909  -41.497  6.551 0.0000000000
44807  -6.923  -41.799  6.662 0.0000000000
44817  -3.061  -41.644  4.931 0.0000000000
44818  -3.315  -41.180  5.391 0.0000000000
44822  -3.026  -41.836  3.514 0.0000000000
44823  -2.740  -42.364  2.277 0.0000000000
44824  -2.940  -42.779  1.523 0.0000000000
44825  -4.131  -43.002  1.282 0.0000000000
44826  -5.978  -43.010  1.610 0.0000000000
44827  -7.582  -43.110  1.992 0.0000000000
44838  -3.112  -41.407  2.678 0.0000000000
44839  -2.714  -41.794  1.635 0.0000000000
44840  -3.235  -42.087  1.079 0.0000000000
44841  -4.671  -42.228  1.057 0.0000000000
44842  -6.531  -42.286  1.475 0.0000000000
44843  -8.367  -42.625  1.628 0.0000000000
44844  -9.401  -43.148  1.783 0.0000000000
44854  -8.615  -42.132  0.817 0.0000000000
44855  -9.778  -43.073  0.343 0.0000000000
44856  -10.479  -44.077  -0.103 0.0000000000
44864  -10.060  -42.781  -0.626 0.0000000000
44865  -10.883  -43.463  -0.401 0.0000000000
44866  -12.188  -43.376  -0.551 0.0000000000
44867  -13.575  -43.290  -0.845 0.0000000000
44868  -14.377  -43.807  -0.913 0.0000000000
44875  -13.918  -42.918  -1.396 0.0000000000
44876  -14.735  -43.488  -1.664 0.0000000000
44877  -15.424  -44.181  -2.003 0.0000000000
44882  -15.199  -43.034  -2.263 0.0000000000
44883  -15.882  -43.665  -2.521 0.0000000000
44884  -17.081  -44.353  -2.591 0.0000000000
44885  -17.601  -44.684  -2.632 0.0000000000
44892  -16.266  -42.961  -2.974 0.0000000000
44893  -16.929  -43.341  -2.816 0.0000000000
44894  -17.809  -44.164  -2.811 0.0000000000
45536  -8.891  -42.658  29.933 0.0000000000
45537  -9.437  -42.587  30.003 0.0000000000
45538  -10.335  -42.780  29.745 0.0000000000
45547  -6.576  -43.682  29.701 0.0000000000
45548  -7.392  -43.368  29.730 0.0000000000
45549  -8.575  -42.899  29.739 0.0000000000
45550  -9.632  -42.861  29.492 0.0000000000
45551  -10.246  -43.160  29.242 0.0000000000
45556  -3.494  -43.932  28.787 0.0000000000
45557  -4.340  -43.956  29.065 0.0000000000
45558  -6.004  -44.135  29.504 0.0000000000
45559  -7.667  -43.441  29.571 0.0000000000
45560  -8.801  -43.194  29.415 0.0000000000
45561  -9.696  -43.224  29.150 0.0000000000
45562  -10.120  -43.437  29.027 0.0000000000
45568  -2.595  -42.644  27.569 0.0000000000
45569  -3.103  -43.507  28.307 0.0000000000
45570  -4.440  -44.115  29.218 0.0000000000
45571  -5.296  -44.134  29.547 0.0000000000
45577  -2.433  -42.519  26.585 0.0000000000
45578  -2.629  -43.412  27.520 0.0000000000
45582  -2.099  -41.797  24.408 0.0000000000
45585  -1.995  -41.430  22.636 0.0000000000
45589  -2.139  -41.053  20.955 0.0000000000
45590  -2.618  -40.474  19.822 0.0000000000
45591  -3.560  -40.545  19.608 0.0000000000
45592  -4.740  -40.499  20.071 0.0000000000
45593  -5.627  -40.866  20.719 0.0000000000
45594  -6.307  -40.628  20.955 0.0000000000
45602  -2.438  -41.220  19.761 0.0000000000
45603  -2.979  -41.066  19.306 0.0000000000
45604  -3.372  -41.008  19.144 0.0000000000
45605  -6.159  -41.304  20.625 0.0000000000
45606  -6.527  -41.200  20.893 0.0000000000
45616  -6.692  -41.366  20.727 0.0000000000
45617  -6.824  -41.588  20.627 0.0000000000
45632  -6.171  -41.963  20.223 0.0000000000
45633  -6.394  -42.052  20.235 0.0000000000
45634  -6.637  -42.030  20.220 0.0000000000
45635  -6.687  -42.313  19.966 0.0000000000
45650  -6.161  -42.334  18.769 0.0000000000
45651  -6.229  -42.269  19.127 0.0000000000
45652  -6.409  -42.328  19.338 0.0000000000
45653  -6.527  -42.506  19.542 0.0000000000
45666  -6.255  -42.825  17.803 0.0000000000
45667  -6.317  -42.718  18.155 0.0000000000
45668  -6.482  -42.738  18.404 0.0000000000
45680  -6.137  -43.374  17.033 0.0000000000
45681  -6.231  -43.110  17.398 0.0000000000
45738  -6.692  -43.225  9.501 0.0000000000
45739  -6.672  -43.115  9.595 0.0000000000
45740  -6.866  -43.116  9.633 0.0000000000
45747  -6.503  -42.859  8.655 0.0000000000
45748  -6.691  -42.894  8.521 0.0000000000
45749  -6.786  -43.002  8.699 0.0000000000
45750  -6.804  -42.993  8.945 0.0000000000
45751  -6.694  -42.754  8.689 0.0000000000
45752  -6.714  -42.663  8.449 0.0000000000
45753  -6.868  -42.443  8.416 0.0000000000
45754  -7.013  -42.656  8.365 0.0000000000
45765  -6.529  -42.701  8.043 0.0000000000
45766  -6.454  -42.547  7.814 0.0000000000
45767  -6.631  -42.524  7.988 0.0000000000
45768  -6.419  -42.211  8.028 0.0000000000
45769  -6.550  -42.043  7.861 0.0000000000
45770  -6.677  -42.411  7.552 0.0000000000
45771  -6.935  -42.522  7.967 0.0000000000
45792  -6.318  -42.335  7.483 0.0000000000
45793  -6.361  -42.129  7.244 0.0000000000
45794  -7.185  -41.569  6.753 0.0000000000
45801  -3.528  -41.002  5.571 0.0000000000
45802  -4.229  -40.920  5.688 0.0000000000
45803  -5.359  -40.851  5.720 0.0000000000
45804  -7.478  -41.463  5.821 0.0000000000
45805  -7.741  -40.119  5.773 0.0000000000
45814  -3.066  -41.110  4.339 0.0000000000
45815  -3.546  -40.572  4.922 0.0000000000
45816  -4.767  -40.174  5.244 0.0000000000
45817  -6.175  -40.437  5.276 0.0000000000
45818  -7.438  -40.882  4.790 0.0000000000
45819  -8.220  -40.496  5.189 0.0000000000
45825  -3.302  -40.679  3.800 0.0000000000
45826  -3.578  -40.165  4.341 0.0000000000
45837  -3.362  -40.748  2.965 0.0000000000
45838  -2.820  -40.829  2.007 0.0000000000
45839  -2.840  -41.152  1.172 0.0000000000
45840  -3.640  -41.344  0.748 0.0000000000
45841  -5.215  -41.526  0.757 0.0000000000
45842  -6.704  -41.766  1.008 0.0000000000
45850  -2.953  -40.412  1.470 0.0000000000
45851  -3.175  -40.405  0.875 0.0000000000
45852  -4.174  -40.545  0.500 0.0000000000
45853  -5.693  -40.906  0.269 0.0000000000
45854  -7.429  -41.597  0.455 0.0000000000
45855  -8.553  -41.908  0.095 0.0000000000
45861  -6.441  -40.761  -0.316 0.0000000000
45862  -7.609  -41.078  -0.432 0.0000000000
45863  -9.199  -41.749  -0.399 0.0000000000
45864  -10.355  -42.195  -0.963 0.0000000000
45865  -11.350  -42.455  -0.770 0.0000000000
45866  -12.367  -42.744  -1.118 0.0000000000
45873  -10.848  -41.893  -1.611 0.0000000000
45874  -11.804  -41.696  -1.281 0.0000000000
45875  -13.175  -42.101  -1.336 0.0000000000
45876  -14.113  -42.520  -1.667 0.0000000000
45882  -13.725  -41.754  -1.912 0.0000000000
45883  -14.610  -42.175  -2.218 0.0000000000
45884  -15.379  -42.640  -2.568 0.0000000000
45889  -15.074  -41.798  -2.777 0.0000000000
45890  -15.771  -42.373  -3.014 0.0000000000
45891  -16.670  -42.246  -3.122 0.0000000000
45892  -17.531  -42.913  -3.029 0.0000000000
45900  -16.897  -41.674  -3.396 0.0000000000
46589  -7.167  -43.509  30.963 0.0000000000
46609  -6.301  -43.785  30.434 0.0000000000
46610  -7.912  -43.021  30.498 0.0000000000
46611  -8.856  -42.664  30.218 0.0000000000
46623  -5.133  -44.227  29.829 0.0000000000
46624  -6.809  -43.501  30.027 0.0000000000
46625  -8.229  -42.862  29.988 0.0000000000
46626  -9.066  -42.611  30.057 0.0000000000
46633  -2.870  -43.139  29.216 0.0000000000
46634  -3.974  -44.130  29.270 0.0000000000
46635  -5.615  -44.100  29.598 0.0000000000
46636  -7.168  -43.379  29.844 0.0000000000
46637  -7.915  -43.032  29.820 0.0000000000
46641  -2.274  -41.969  28.553 0.0000000000
46642  -3.069  -43.362  28.517 0.0000000000
46643  -4.152  -44.047  29.121 0.0000000000
46644  -4.986  -44.081  29.373 0.0000000000
46652  -2.215  -41.817  27.307 0.0000000000
46653  -2.747  -42.803  27.951 0.0000000000
46659  -1.070  -39.706  24.265 0.0000000000
46660  -1.530  -40.701  25.049 0.0000000000
46664  -1.014  -39.745  23.539 0.0000000000
46665  -1.429  -40.594  23.235 0.0000000000
46668  -0.992  -39.639  22.401 0.0000000000
46669  -1.458  -40.333  21.771 0.0000000000
46670  -4.374  -39.200  20.764 0.0000000000
46671  -4.862  -39.208  20.893 0.0000000000
46672  -5.643  -39.324  21.346 0.0000000000
46673  -6.348  -39.387  21.606 0.0000000000
46680  -1.263  -39.452  21.503 0.0000000000
46681  -1.960  -39.752  20.600 0.0000000000
46682  -2.977  -39.613  19.905 0.0000000000
46683  -4.209  -39.591  20.261 0.0000000000
46684  -5.148  -39.973  20.890 0.0000000000
46685  -6.086  -40.061  21.243 0.0000000000
46686  -6.648  -39.788  21.084 0.0000000000
46699  -6.880  -40.166  20.898 0.0000000000
46700  -6.859  -40.493  20.887 0.0000000000
46712  -6.453  -40.718  20.949 0.0000000000
46713  -6.685  -40.708  20.883 0.0000000000
46714  -6.771  -40.914  20.826 0.0000000000
46725  -5.813  -41.031  20.667 0.0000000000
46726  -5.959  -41.232  20.600 0.0000000000
46727  -6.231  -41.368  20.605 0.0000000000
46728  -6.466  -41.442  20.665 0.0000000000
46740  -5.879  -41.671  20.021 0.0000000000
46741  -6.045  -41.796  20.138 0.0000000000
46829  -6.362  -42.355  7.353 0.0000000000
46830  -6.450  -41.909  7.182 0.0000000000
46831  -6.733  -41.680  6.998 0.0000000000
46832  -6.883  -41.429  6.859 0.0000000000
46833  -7.126  -41.445  6.529 0.0000000000
46854  -6.108  -41.829  6.851 0.0000000000
46855  -6.136  -41.520  6.717 0.0000000000
46856  -6.692  -41.180  6.256 0.0000000000
46857  -7.140  -40.833  6.039 0.0000000000
46858  -7.230  -41.177  5.714 0.0000000000
46859  -7.458  -41.148  5.505 0.0000000000
46878  -6.334  -40.898  5.939 0.0000000000
46879  -6.534  -40.845  5.580 0.0000000000
46880  -7.193  -40.359  5.537 0.0000000000
46881  -7.240  -40.751  4.825 0.0000000000
46882  -7.399  -40.028  5.516 0.0000000000
46883  -7.980  -39.870  5.289 0.0000000000
46891  -3.771  -39.965  4.539 0.0000000000
46892  -4.275  -39.755  4.695 0.0000000000
46893  -5.241  -39.857  4.612 0.0000000000
46894  -6.399  -39.714  4.633 0.0000000000
46895  -7.781  -39.815  4.179 0.0000000000
46902  -3.451  -40.334  3.389 0.0000000000
46903  -3.765  -39.649  3.866 0.0000000000
46904  -4.661  -39.083  4.163 0.0000000000
46905  -5.545  -39.106  3.740 0.0000000000
46906  -7.072  -39.223  3.769 0.0000000000
46907  -7.468  -38.566  4.146 0.0000000000
46908  -9.101  -36.943  3.098 0.0000000000
46909  -8.962  -36.883  3.370 0.0000000000
46921  -3.448  -40.322  2.953 0.0000000000
46922  -3.434  -39.853  2.481 0.0000000000
46923  -9.385  -36.805  3.104 0.0000000000
46924  -9.101  -36.636  2.971 0.0000000000
46932  -3.337  -39.629  1.454 0.0000000000
46933  -3.586  -39.407  0.655 0.0000000000
46934  -4.592  -39.789  0.156 0.0000000000
46935  -5.534  -40.069  -0.249 0.0000000000
46943  -4.072  -38.848  0.304 0.0000000000
46944  -4.896  -39.074  -0.234 0.0000000000
46945  -6.292  -39.749  -0.877 0.0000000000
46946  -8.060  -40.400  -0.887 0.0000000000
46947  -9.552  -40.867  -0.803 0.0000000000
46948  -10.473  -41.451  -1.555 0.0000000000
46955  -7.211  -39.212  -1.380 0.0000000000
46956  -8.605  -39.707  -1.283 0.0000000000
46957  -9.909  -40.210  -1.254 0.0000000000
46958  -10.963  -40.880  -2.123 0.0000000000
46959  -12.363  -40.980  -1.768 0.0000000000
46960  -13.110  -41.515  -2.075 0.0000000000
46964  -11.390  -40.183  -2.489 0.0000000000
46965  -11.804  -40.471  -2.547 0.0000000000
46966  -13.307  -40.907  -2.417 0.0000000000
46967  -14.385  -41.464  -2.574 0.0000000000
46973  -13.620  -40.364  -2.794 0.0000000000
46974  -14.421  -40.821  -2.807 0.0000000000
46975  -15.330  -41.177  -3.322 0.0000000000
46976  -15.894  -41.880  -3.468 0.0000000000
46983  -15.444  -40.767  -3.722 0.0000000000
46984  -16.173  -41.311  -3.652 0.0000000000
47721  -1.491  -40.698  27.830 0.0000000000
47727  -1.312  -40.127  26.332 0.0000000000
47735  -0.783  -39.082  23.776 0.0000000000
47736  -1.124  -39.432  24.857 0.0000000000
47740  -0.662  -38.980  22.858 0.0000000000
47744  -0.843  -38.862  21.972 0.0000000000
47745  -3.395  -38.432  20.555 0.0000000000
47746  -4.136  -38.681  20.922 0.0000000000
47747  -5.052  -38.577  21.528 0.0000000000
47748  -5.993  -38.636  21.831 0.0000000000
47749  -6.580  -38.714  21.557 0.0000000000
47760  -1.561  -38.779  21.124 0.0000000000
47761  -2.468  -38.887  20.347 0.0000000000
47762  -3.447  -38.931  20.336 0.0000000000
47763  -4.057  -39.122  20.580 0.0000000000
47764  -6.926  -38.825  21.499 0.0000000000
47777  -7.074  -39.329  21.272 0.0000000000
47778  -6.958  -39.535  21.180 0.0000000000
47788  -6.176  -39.691  21.319 0.0000000000
47789  -6.557  -39.768  21.049 0.0000000000
47790  -6.812  -39.949  20.962 0.0000000000
47801  -5.848  -39.838  21.202 0.0000000000
47802  -5.743  -40.143  21.041 0.0000000000
47803  -5.884  -40.409  20.983 0.0000000000
47804  -6.160  -40.560  20.908 0.0000000000
47816  -5.823  -40.702  20.822 0.0000000000
47913  -7.209  -40.745  5.265 0.0000000000
47914  -7.261  -40.456  5.228 0.0000000000
47915  -7.507  -40.561  4.740 0.0000000000
47934  -5.886  -40.448  5.339 0.0000000000
47935  -5.448  -40.230  5.485 0.0000000000
47936  -6.670  -40.302  5.006 0.0000000000
47937  -7.309  -40.713  4.761 0.0000000000
47938  -7.483  -40.617  4.655 0.0000000000
47939  -7.630  -40.403  4.553 0.0000000000
47940  -7.983  -39.761  5.126 0.0000000000
47941  -8.321  -39.427  4.579 0.0000000000
47952  -5.907  -39.926  4.783 0.0000000000
47953  -6.086  -39.549  4.610 0.0000000000
47954  -6.860  -39.674  4.712 0.0000000000
47955  -7.381  -39.887  4.555 0.0000000000
47956  -8.465  -39.275  4.425 0.0000000000
47957  -7.919  -38.639  3.997 0.0000000000
47958  -8.990  -38.334  3.837 0.0000000000
47959  -8.826  -37.221  3.555 0.0000000000
47966  -3.808  -39.156  3.215 0.0000000000
47967  -4.264  -38.697  3.559 0.0000000000
47968  -5.122  -38.445  3.626 0.0000000000
47969  -6.300  -38.272  3.569 0.0000000000
47970  -7.521  -38.087  3.560 0.0000000000
47971  -8.847  -37.339  3.099 0.0000000000
47972  -9.036  -36.725  3.177 0.0000000000
47984  -3.878  -38.916  2.424 0.0000000000
47985  -4.660  -38.148  2.811 0.0000000000
47986  -5.753  -37.984  2.856 0.0000000000
47987  -6.760  -37.430  3.019 0.0000000000
47988  -7.727  -37.074  2.696 0.0000000000
47989  -8.696  -36.558  2.676 0.0000000000
47990  -9.631  -36.637  2.694 0.0000000000
47998  -3.749  -38.805  1.353 0.0000000000
47999  -3.887  -38.403  0.799 0.0000000000
48000  -9.201  -36.067  2.356 0.0000000000
48001  -9.515  -36.020  2.283 0.0000000000
48009  -4.348  -38.072  0.263 0.0000000000
48010  -5.326  -38.125  -0.444 0.0000000000
48011  -6.239  -38.617  -1.109 0.0000000000
48016  -6.025  -37.722  -0.771 0.0000000000
48017  -6.731  -38.095  -1.383 0.0000000000
48018  -7.878  -38.483  -1.655 0.0000000000
48019  -9.137  -39.136  -1.525 0.0000000000
48020  -10.090  -39.642  -1.652 0.0000000000
48023  -8.683  -38.260  -1.731 0.0000000000
48024  -9.602  -38.648  -1.731 0.0000000000
48025  -10.732  -39.511  -2.319 0.0000000000
48026  -11.399  -39.743  -2.898 0.0000000000
48027  -12.076  -40.077  -2.629 0.0000000000
48032  -11.842  -39.384  -2.897 0.0000000000
48033  -12.826  -39.798  -2.840 0.0000000000
48034  -13.947  -39.735  -3.067 0.0000000000
48035  -14.663  -40.416  -3.206 0.0000000000
48044  -14.098  -39.261  -3.371 0.0000000000
48045  -14.759  -39.789  -3.476 0.0000000000
48046  -15.757  -40.395  -3.800 0.0000000000
48055  -14.540  -39.216  -3.739 0.0000000000
48056  -15.113  -39.640  -3.863 0.0000000000
48754  -1.359  -39.247  27.246 0.0000000000
48759  -1.359  -38.782  25.697 0.0000000000
48766  -0.527  -38.505  23.262 0.0000000000
48767  -0.818  -38.333  24.202 0.0000000000
48773  -0.475  -38.300  22.554 0.0000000000
48782  -1.056  -38.120  21.809 0.0000000000
48783  -1.868  -37.825  21.380 0.0000000000
48784  -3.092  -37.889  20.971 0.0000000000
48785  -4.475  -37.695  21.192 0.0000000000
48786  -5.557  -37.702  21.703 0.0000000000
48787  -6.299  -37.864  22.062 0.0000000000
48788  -6.812  -38.092  21.930 0.0000000000
48802  -1.651  -38.274  21.327 0.0000000000
48803  -2.213  -38.290  20.803 0.0000000000
48804  -2.894  -38.392  20.379 0.0000000000
48805  -7.050  -38.264  21.848 0.0000000000
48816  -6.784  -38.070  21.837 0.0000000000
48817  -6.951  -38.532  21.633 0.0000000000
48818  -7.087  -38.670  21.588 0.0000000000
48828  -6.081  -38.390  21.705 0.0000000000
48829  -6.166  -38.777  21.545 0.0000000000
48830  -6.604  -38.696  21.510 0.0000000000
48831  -6.848  -39.237  21.241 0.0000000000
48841  -5.799  -39.343  21.393 0.0000000000
48842  -5.813  -39.154  21.476 0.0000000000
48843  -5.901  -39.649  21.299 0.0000000000
48957  -7.571  -40.343  4.680 0.0000000000
48958  -7.605  -40.278  4.471 0.0000000000
48959  -7.766  -39.579  4.855 0.0000000000
48960  -8.204  -39.335  4.749 0.0000000000
48975  -6.391  -39.239  4.144 0.0000000000
48976  -6.555  -39.295  3.946 0.0000000000
48977  -6.711  -39.302  4.239 0.0000000000
48978  -7.025  -39.436  4.322 0.0000000000
48979  -7.294  -39.328  4.448 0.0000000000
48980  -7.477  -38.966  4.727 0.0000000000
48981  -8.574  -38.826  4.164 0.0000000000
48982  -8.838  -38.050  3.630 0.0000000000
48983  -8.685  -37.146  3.463 0.0000000000
48984  -8.848  -36.693  3.105 0.0000000000
48990  -8.780  -37.015  3.282 0.0000000000
48991  -9.132  -36.591  3.044 0.0000000000
48992  -9.644  -36.181  2.795 0.0000000000
48993  -10.277  -35.778  2.270 0.0000000000
49005  -4.257  -38.492  1.918 0.0000000000
49006  -4.559  -38.042  1.777 0.0000000000
49007  -5.114  -37.537  1.977 0.0000000000
49008  -6.050  -36.938  2.261 0.0000000000
49009  -7.097  -36.581  2.440 0.0000000000
49010  -7.958  -36.342  2.462 0.0000000000
49011  -9.887  -35.990  2.269 0.0000000000
49012  -10.752  -35.554  2.021 0.0000000000
49022  -4.024  -38.184  1.320 0.0000000000
49023  -4.407  -37.619  1.020 0.0000000000
49024  -5.413  -36.861  0.984 0.0000000000
49025  -6.587  -36.331  1.442 0.0000000000
49026  -7.666  -36.008  1.768 0.0000000000
49027  -8.767  -35.908  2.003 0.0000000000
49028  -9.956  -35.719  1.921 0.0000000000
49029  -11.076  -35.305  1.713 0.0000000000
49040  -4.588  -37.124  0.231 0.0000000000
49041  -5.467  -36.716  -0.226 0.0000000000
49050  -6.411  -37.102  -0.817 0.0000000000
49051  -7.199  -37.330  -1.415 0.0000000000
49052  -8.086  -37.461  -1.713 0.0000000000
49059  -8.940  -37.624  -1.852 0.0000000000
49060  -9.919  -37.983  -1.965 0.0000000000
49061  -10.817  -38.389  -2.391 0.0000000000
49062  -11.475  -38.885  -2.802 0.0000000000
49069  -11.165  -38.096  -2.720 0.0000000000
49070  -11.603  -38.375  -2.983 0.0000000000
49071  -12.312  -38.644  -2.977 0.0000000000
49072  -13.119  -39.079  -3.138 0.0000000000
49082  -12.865  -38.165  -3.194 0.0000000000
49083  -13.385  -38.667  -3.482 0.0000000000
49084  -13.994  -38.936  -3.484 0.0000000000
49099  -13.391  -38.420  -3.691 0.0000000000
49100  -13.839  -38.747  -3.820 0.0000000000
49101  -14.159  -38.829  -3.983 0.0000000000
49797  -1.464  -38.201  26.441 0.0000000000
49803  -1.129  -37.538  25.281 0.0000000000
49809  -0.551  -37.962  23.216 0.0000000000
49810  -0.760  -37.227  23.726 0.0000000000
49821  -0.681  -37.496  22.608 0.0000000000
49822  -0.843  -36.805  22.929 0.0000000000
49823  -6.257  -36.382  22.324 0.0000000000
49824  -6.439  -36.509  22.419 0.0000000000
49838  -1.336  -37.360  21.940 0.0000000000
49839  -2.251  -37.087  21.484 0.0000000000
49840  -3.509  -36.841  21.346 0.0000000000
49841  -4.840  -36.813  21.827 0.0000000000
49842  -5.997  -36.688  22.151 0.0000000000
49843  -6.589  -37.149  22.494 0.0000000000
49844  -7.011  -37.793  22.239 0.0000000000
49856  -6.929  -37.267  22.478 0.0000000000
49857  -7.017  -37.953  22.014 0.0000000000
49865  -6.452  -37.028  22.131 0.0000000000
49866  -6.568  -37.526  22.107 0.0000000000
49867  -6.831  -37.616  22.265 0.0000000000
49868  -7.039  -38.179  21.857 0.0000000000
49879  -6.075  -37.925  21.746 0.0000000000
49880  -6.282  -37.690  21.927 0.0000000000
49881  -6.431  -38.159  21.742 0.0000000000
49894  -5.767  -38.862  21.624 0.0000000000
50001  -6.355  -38.722  3.668 0.0000000000
50002  -6.453  -38.946  3.716 0.0000000000
50003  -6.573  -38.937  3.982 0.0000000000
50004  -6.793  -38.693  4.375 0.0000000000
50005  -7.343  -38.426  4.103 0.0000000000
50006  -8.171  -38.149  3.673 0.0000000000
50007  -8.561  -37.746  3.468 0.0000000000
50008  -8.595  -37.226  3.473 0.0000000000
50015  -6.259  -38.220  3.642 0.0000000000
50016  -6.590  -38.357  3.593 0.0000000000
50017  -6.760  -38.104  3.853 0.0000000000
50018  -7.392  -37.678  4.038 0.0000000000
50019  -8.123  -37.417  3.726 0.0000000000
50020  -8.693  -37.099  3.323 0.0000000000
50021  -8.983  -36.753  2.935 0.0000000000
50022  -9.740  -36.053  2.597 0.0000000000
50023  -10.411  -35.697  2.464 0.0000000000
50024  -11.107  -35.429  2.056 0.0000000000
50048  -6.274  -36.239  0.343 0.0000000000
50049  -7.279  -35.788  0.739 0.0000000000
50050  -8.404  -35.546  1.082 0.0000000000
50051  -9.558  -35.344  1.282 0.0000000000
50052  -10.712  -35.171  1.352 0.0000000000
50070  -6.301  -36.341  -0.368 0.0000000000
50071  -7.117  -35.939  -0.334 0.0000000000
50072  -8.162  -35.584  0.090 0.0000000000
50073  -9.216  -35.182  0.419 0.0000000000
50074  -10.338  -34.919  0.700 0.0000000000
50085  -6.880  -36.571  -0.874 0.0000000000
50086  -7.649  -36.454  -1.262 0.0000000000
50087  -8.468  -36.692  -1.667 0.0000000000
50098  -9.243  -36.887  -1.940 0.0000000000
50099  -10.058  -37.098  -2.202 0.0000000000
50100  -10.746  -37.502  -2.443 0.0000000000
50107  -10.482  -36.789  -2.389 0.0000000000
50108  -11.075  -37.263  -2.712 0.0000000000
50109  -11.612  -37.605  -3.240 0.0000000000
50110  -12.441  -37.636  -3.045 0.0000000000
50123  -11.649  -37.443  -3.585 0.0000000000
50124  -12.575  -37.376  -3.319 0.0000000000
50125  -12.827  -37.649  -3.653 0.0000000000
50143  -12.976  -37.698  -3.864 0.0000000000
50144  -13.367  -37.372  -4.259 0.0000000000
50145  -13.720  -37.943  -4.237 0.0000000000
50161  -12.875  -37.618  -4.628 0.0000000000
50875  -1.015  -36.513  24.619 0.0000000000
50889  -1.027  -36.144  23.459 0.0000000000
50904  -1.110  -36.971  22.434 0.0000000000
50905  -1.490  -36.430  22.607 0.0000000000
50906  -5.706  -35.621  22.295 0.0000000000
50907  -6.056  -35.977  22.399 0.0000000000
50908  -6.499  -36.189  22.645 0.0000000000
50924  -1.662  -36.794  22.070 0.0000000000
50925  -2.444  -36.238  21.932 0.0000000000
50926  -3.856  -36.044  21.929 0.0000000000
50927  -5.231  -35.811  22.152 0.0000000000
50928  -5.828  -36.157  22.268 0.0000000000
50929  -6.736  -36.436  22.744 0.0000000000
50939  -6.851  -36.612  22.712 0.0000000000
50948  -6.191  -36.217  22.216 0.0000000000
50949  -6.297  -36.544  22.238 0.0000000000
50950  -6.478  -36.448  22.477 0.0000000000
50951  -6.687  -36.438  22.667 0.0000000000
50963  -6.151  -36.420  22.078 0.0000000000
50964  -6.233  -37.129  21.951 0.0000000000
51085  -6.424  -37.475  3.734 0.0000000000
51086  -6.796  -37.451  3.668 0.0000000000
51087  -7.360  -37.214  3.712 0.0000000000
51088  -8.055  -37.065  3.490 0.0000000000
51089  -8.696  -36.718  2.960 0.0000000000
51090  -9.311  -36.333  2.759 0.0000000000
51091  -9.933  -35.916  2.514 0.0000000000
51092  -10.623  -35.584  2.298 0.0000000000
51093  -10.985  -35.457  2.266 0.0000000000
51105  -9.007  -36.342  2.621 0.0000000000
51106  -9.485  -36.083  2.644 0.0000000000
51107  -10.160  -35.743  2.490 0.0000000000
51108  -10.958  -35.420  2.307 0.0000000000
51150  -8.131  -35.819  -0.821 0.0000000000
51151  -9.020  -35.334  -0.532 0.0000000000
51152  -10.017  -34.896  -0.147 0.0000000000
51165  -8.256  -36.145  -1.301 0.0000000000
51166  -8.981  -35.922  -1.480 0.0000000000
51167  -9.925  -35.128  -1.135 0.0000000000
51182  -9.523  -36.442  -1.942 0.0000000000
51183  -9.979  -36.050  -1.999 0.0000000000
51193  -10.662  -36.224  -2.420 0.0000000000
51194  -11.183  -36.458  -2.782 0.0000000000
51195  -11.359  -37.073  -3.396 0.0000000000
51206  -11.445  -36.303  -2.930 0.0000000000
51207  -11.383  -36.929  -3.625 0.0000000000
51208  -12.200  -36.580  -3.546 0.0000000000
51209  -12.189  -37.380  -4.080 0.0000000000
51223  -11.494  -37.201  -4.296 0.0000000000
51224  -11.858  -37.314  -4.557 0.0000000000
51225  -12.395  -36.972  -4.762 0.0000000000
51245  -11.547  -37.033  -4.872 0.0000000000
51246  -11.894  -37.217  -4.928 0.0000000000
52017  -1.976  -35.608  22.675 0.0000000000
52018  -5.549  -35.138  22.425 0.0000000000
52019  -6.232  -35.343  22.707 0.0000000000
52020  -6.581  -35.711  22.907 0.0000000000
52030  -2.967  -35.319  21.973 0.0000000000
52031  -3.958  -35.239  22.157 0.0000000000
52032  -4.630  -34.849  22.210 0.0000000000
52033  -6.808  -35.714  22.940 0.0000000000
52041  -6.802  -35.212  22.855 0.0000000000
52042  -6.849  -35.486  22.941 0.0000000000
52051  -6.005  -35.382  22.361 0.0000000000
52052  -6.114  -35.720  22.346 0.0000000000
52053  -6.345  -35.631  22.578 0.0000000000
52054  -6.648  -35.431  22.801 0.0000000000
52055  -6.749  -35.783  22.807 0.0000000000
52067  -5.944  -35.572  22.252 0.0000000000
52068  -6.090  -35.896  22.176 0.0000000000
52194  -6.765  -37.256  3.452 0.0000000000
52195  -7.326  -37.032  3.248 0.0000000000
52196  -8.011  -36.887  3.177 0.0000000000
52197  -8.359  -36.804  3.063 0.0000000000
52214  -7.631  -36.905  3.211 0.0000000000
52215  -7.915  -36.878  2.695 0.0000000000
52216  -8.606  -36.541  2.749 0.0000000000
52217  -9.424  -36.160  2.414 0.0000000000
52218  -10.268  -35.670  2.284 0.0000000000
52219  -11.106  -35.263  2.200 0.0000000000
52260  -10.730  -34.714  -1.126 0.0000000000
52270  -10.637  -35.348  -1.867 0.0000000000
52271  -11.263  -34.618  -1.496 0.0000000000
52284  -10.893  -35.807  -2.393 0.0000000000
52285  -11.212  -35.472  -2.385 0.0000000000
52297  -11.484  -36.011  -2.896 0.0000000000
52298  -11.156  -36.562  -3.549 0.0000000000
52299  -11.168  -36.886  -4.073 0.0000000000
52310  -11.175  -37.001  -4.642 0.0000000000
52311  -11.308  -37.188  -4.996 0.0000000000
52330  -11.197  -36.675  -5.186 0.0000000000
53153  -6.713  -34.841  22.908 0.0000000000
53161  -6.771  -34.775  22.924 0.0000000000
53169  -5.786  -34.726  22.608 0.0000000000
53170  -5.932  -34.977  22.533 0.0000000000
53171  -6.182  -34.879  22.660 0.0000000000
53172  -6.445  -34.714  22.800 0.0000000000
53173  -6.630  -34.398  22.938 0.0000000000
53183  -5.718  -34.909  22.455 0.0000000000
53184  -5.832  -35.178  22.430 0.0000000000
53366  -7.017  -37.098  3.164 0.0000000000
53387  -7.330  -37.007  2.958 0.0000000000
53389  -8.407  -36.624  2.934 0.0000000000
53390  -9.093  -36.221  2.585 0.0000000000
53440  -11.437  -34.766  -2.032 0.0000000000
53441  -11.730  -34.673  -2.170 0.0000000000
53442  -12.023  -34.812  -2.606 0.0000000000
53453  -11.488  -35.214  -2.459 0.0000000000
53454  -11.576  -35.575  -2.900 0.0000000000
53455  -11.019  -36.133  -4.012 0.0000000000
53471  -11.136  -36.103  -5.112 0.0000000000
54237  -5.820  -34.272  22.793 0.0000000000
54238  -6.055  -34.174  22.921 0.0000000000
54239  -6.273  -34.078  22.862 0.0000000000
54519  -11.283  -35.303  -4.288 0.0000000000
54526  -11.118  -35.366  -5.127 0.0000000000
55266  -5.905  -33.481  22.946 0.0000000000
55267  -5.857  -33.293  23.152 0.0000000000
55268  -6.061  -33.534  23.011 0.0000000000
56369  -5.769  -33.066  23.209 0.0000000000
