#!ascii label  , from subject bert vox2ras=TkReg
1062
49155  -18.834  -39.563  -12.475 0.0000000000
49163  -15.041  -39.072  -11.174 0.0000000000
49164  -16.228  -39.429  -12.214 0.0000000000
49165  -17.461  -39.717  -12.541 0.0000000000
50205  -18.562  -39.045  -12.603 0.0000000000
50206  -19.316  -38.889  -12.505 0.0000000000
50207  -20.299  -38.868  -10.531 0.0000000000
50208  -20.633  -38.346  -9.859 0.0000000000
50209  -21.200  -38.020  -9.289 0.0000000000
50210  -22.279  -37.999  -9.073 0.0000000000
50211  -23.430  -38.175  -9.237 0.0000000000
50212  -24.583  -38.262  -9.465 0.0000000000
50225  -12.914  -37.356  -9.327 0.0000000000
50226  -14.542  -38.063  -10.688 0.0000000000
50227  -15.705  -38.559  -11.988 0.0000000000
50228  -17.542  -38.745  -12.864 0.0000000000
50229  -18.389  -38.527  -12.790 0.0000000000
50240  -13.454  -36.875  -9.829 0.0000000000
50241  -14.160  -37.219  -10.465 0.0000000000
50242  -15.257  -37.745  -11.648 0.0000000000
50243  -16.172  -38.169  -12.405 0.0000000000
51276  -11.120  -36.395  -7.770 0.0000000000
51277  -19.724  -38.488  -11.949 0.0000000000
51278  -20.205  -38.170  -11.387 0.0000000000
51279  -20.753  -37.590  -10.614 0.0000000000
51280  -21.587  -37.416  -9.732 0.0000000000
51281  -22.650  -37.440  -9.532 0.0000000000
51282  -23.643  -37.556  -9.559 0.0000000000
51283  -24.394  -37.532  -9.630 0.0000000000
51284  -25.174  -37.711  -9.739 0.0000000000
51297  -11.860  -36.508  -8.558 0.0000000000
51298  -17.433  -38.114  -12.994 0.0000000000
51299  -18.495  -38.019  -12.890 0.0000000000
51300  -19.903  -37.596  -12.104 0.0000000000
51301  -20.401  -37.245  -11.674 0.0000000000
51303  -29.009  -37.071  -9.456 0.0000000000
51304  -29.239  -36.763  -9.835 0.0000000000
51309  -12.860  -36.493  -9.431 0.0000000000
51310  -13.722  -36.548  -10.240 0.0000000000
51311  -14.754  -36.886  -11.288 0.0000000000
51312  -16.438  -37.576  -12.607 0.0000000000
51313  -17.259  -37.368  -13.217 0.0000000000
52331  -11.184  -36.831  -5.371 0.0000000000
52332  -11.024  -36.694  -5.505 0.0000000000
52348  -10.737  -36.331  -6.118 0.0000000000
52363  -10.900  -35.992  -7.590 0.0000000000
52364  -10.694  -36.220  -6.659 0.0000000000
52376  -11.395  -35.950  -8.261 0.0000000000
52377  -21.235  -37.199  -10.383 0.0000000000
52378  -22.031  -37.094  -10.364 0.0000000000
52379  -22.823  -36.828  -9.758 0.0000000000
52380  -23.727  -36.886  -9.548 0.0000000000
52381  -24.602  -36.923  -9.572 0.0000000000
52382  -25.484  -36.818  -9.421 0.0000000000
52383  -26.354  -36.834  -9.432 0.0000000000
52395  -12.190  -35.905  -8.964 0.0000000000
52396  -19.229  -37.437  -13.002 0.0000000000
52397  -19.794  -36.881  -12.551 0.0000000000
52398  -21.038  -36.879  -11.304 0.0000000000
52399  -22.276  -36.528  -10.883 0.0000000000
52400  -23.131  -36.215  -10.071 0.0000000000
52401  -23.929  -36.096  -9.489 0.0000000000
52402  -24.825  -36.046  -9.307 0.0000000000
52403  -25.702  -36.047  -9.323 0.0000000000
52404  -26.575  -36.093  -9.427 0.0000000000
52405  -27.392  -36.156  -9.523 0.0000000000
52406  -28.087  -36.230  -9.640 0.0000000000
52407  -28.667  -36.432  -9.876 0.0000000000
52408  -29.157  -36.194  -10.173 0.0000000000
52409  -29.413  -36.123  -10.269 0.0000000000
52412  -13.059  -35.922  -9.783 0.0000000000
52413  -13.983  -36.010  -10.690 0.0000000000
52414  -15.165  -36.278  -11.810 0.0000000000
52415  -16.449  -36.630  -12.949 0.0000000000
52416  -18.085  -36.895  -13.355 0.0000000000
52417  -18.912  -36.464  -13.202 0.0000000000
52418  -29.510  -35.627  -10.433 0.0000000000
52419  -29.767  -35.510  -10.541 0.0000000000
53491  -11.131  -36.072  -5.599 0.0000000000
53492  -11.036  -35.917  -5.945 0.0000000000
53493  -10.834  -35.948  -6.210 0.0000000000
53506  -10.936  -35.369  -6.515 0.0000000000
53507  -10.822  -35.436  -6.897 0.0000000000
53523  -11.200  -35.621  -8.070 0.0000000000
53524  -11.098  -35.216  -7.891 0.0000000000
53539  -11.593  -35.444  -8.609 0.0000000000
53540  -11.721  -34.781  -9.010 0.0000000000
53543  -12.411  -35.331  -9.350 0.0000000000
53544  -12.700  -34.736  -9.840 0.0000000000
53545  -20.435  -36.431  -12.043 0.0000000000
53546  -21.323  -36.167  -11.811 0.0000000000
53547  -22.574  -35.645  -11.248 0.0000000000
53548  -23.445  -35.526  -10.161 0.0000000000
53549  -24.193  -35.404  -9.715 0.0000000000
53550  -25.031  -35.351  -9.540 0.0000000000
53551  -25.903  -35.424  -9.724 0.0000000000
53552  -26.821  -35.428  -9.868 0.0000000000
53553  -27.657  -35.597  -9.941 0.0000000000
53554  -28.333  -35.643  -10.111 0.0000000000
53555  -28.916  -35.606  -10.324 0.0000000000
53556  -29.339  -35.440  -10.478 0.0000000000
53558  -13.189  -35.410  -10.131 0.0000000000
53559  -14.008  -35.130  -10.900 0.0000000000
53560  -15.413  -35.485  -12.316 0.0000000000
53561  -16.661  -35.929  -13.531 0.0000000000
53562  -18.043  -36.008  -13.663 0.0000000000
53563  -19.668  -35.863  -12.681 0.0000000000
53564  -21.222  -35.361  -12.075 0.0000000000
53565  -21.978  -34.993  -11.596 0.0000000000
53566  -27.292  -35.078  -10.252 0.0000000000
53567  -27.898  -35.032  -10.414 0.0000000000
53568  -28.608  -34.957  -10.534 0.0000000000
53569  -29.220  -34.890  -10.670 0.0000000000
53570  -29.679  -34.932  -10.796 0.0000000000
53571  -30.005  -34.759  -11.147 0.0000000000
54527  -11.241  -34.837  -5.425 0.0000000000
54542  -11.192  -35.439  -5.713 0.0000000000
54543  -11.140  -34.714  -5.976 0.0000000000
54556  -11.155  -35.581  -5.929 0.0000000000
54557  -11.163  -35.031  -6.321 0.0000000000
54574  -11.116  -34.585  -7.097 0.0000000000
54575  -11.113  -34.417  -7.775 0.0000000000
54591  -11.393  -33.598  -8.871 0.0000000000
54592  -11.354  -34.016  -8.617 0.0000000000
54608  -11.559  -33.518  -9.203 0.0000000000
54609  -11.987  -34.041  -9.476 0.0000000000
54615  -12.095  -33.419  -9.801 0.0000000000
54616  -12.941  -33.963  -10.437 0.0000000000
54617  -23.155  -35.131  -10.727 0.0000000000
54618  -23.613  -34.927  -10.397 0.0000000000
54619  -24.377  -34.792  -10.110 0.0000000000
54620  -25.216  -34.757  -10.046 0.0000000000
54621  -26.075  -34.832  -10.223 0.0000000000
54622  -26.758  -34.836  -10.361 0.0000000000
54624  -14.376  -34.281  -11.503 0.0000000000
54625  -15.640  -34.654  -13.081 0.0000000000
54626  -16.901  -35.264  -14.123 0.0000000000
54627  -18.186  -35.165  -13.768 0.0000000000
54628  -19.735  -34.618  -12.714 0.0000000000
54629  -21.361  -34.497  -11.994 0.0000000000
54630  -22.684  -34.585  -11.277 0.0000000000
54631  -23.667  -34.264  -10.813 0.0000000000
54632  -24.541  -34.190  -10.632 0.0000000000
54633  -25.423  -34.223  -10.660 0.0000000000
54634  -26.311  -34.338  -10.778 0.0000000000
54635  -27.240  -34.522  -10.809 0.0000000000
54636  -28.117  -34.444  -10.993 0.0000000000
54637  -28.861  -34.368  -11.128 0.0000000000
54638  -29.458  -34.317  -11.287 0.0000000000
54639  -29.885  -34.277  -11.627 0.0000000000
54640  -30.083  -34.326  -11.776 0.0000000000
54642  -16.318  -34.392  -13.940 0.0000000000
54643  -17.152  -34.537  -14.472 0.0000000000
54644  -18.264  -34.287  -14.018 0.0000000000
54645  -19.379  -33.912  -13.283 0.0000000000
54646  -30.123  -33.909  -12.070 0.0000000000
55616  -11.328  -34.150  -6.286 0.0000000000
55632  -11.255  -33.806  -6.980 0.0000000000
55633  -11.418  -33.550  -6.890 0.0000000000
55652  -11.219  -33.535  -8.065 0.0000000000
55653  -11.200  -33.872  -8.193 0.0000000000
55671  -11.384  -33.343  -8.842 0.0000000000
55672  -11.288  -33.660  -8.399 0.0000000000
55687  -11.729  -32.893  -9.623 0.0000000000
55699  -12.562  -32.862  -10.431 0.0000000000
55700  -13.509  -33.392  -10.990 0.0000000000
55702  -13.355  -32.738  -11.094 0.0000000000
55703  -14.400  -33.280  -11.797 0.0000000000
55704  -15.475  -33.525  -13.133 0.0000000000
55705  -20.486  -33.833  -12.465 0.0000000000
55706  -21.714  -33.735  -11.868 0.0000000000
55707  -22.806  -33.615  -11.399 0.0000000000
55708  -23.803  -33.569  -11.176 0.0000000000
55709  -24.727  -33.593  -11.128 0.0000000000
55710  -25.699  -33.698  -11.327 0.0000000000
55711  -26.671  -33.919  -11.380 0.0000000000
55712  -27.562  -33.926  -11.502 0.0000000000
55713  -28.408  -33.828  -11.630 0.0000000000
55714  -29.135  -33.782  -11.794 0.0000000000
55715  -29.689  -33.752  -11.991 0.0000000000
55716  -30.036  -33.755  -12.259 0.0000000000
55719  -16.341  -33.641  -14.111 0.0000000000
55720  -17.297  -33.694  -14.746 0.0000000000
55721  -18.582  -33.497  -14.145 0.0000000000
55722  -19.901  -33.329  -13.308 0.0000000000
55723  -26.248  -33.480  -11.849 0.0000000000
55724  -26.990  -33.456  -12.060 0.0000000000
55725  -27.877  -33.382  -12.232 0.0000000000
55726  -28.710  -33.404  -12.507 0.0000000000
55727  -29.429  -33.359  -12.661 0.0000000000
55728  -29.958  -33.339  -12.731 0.0000000000
55729  -30.305  -33.337  -12.698 0.0000000000
55734  -30.483  -32.858  -12.874 0.0000000000
56715  -11.428  -32.870  -7.498 0.0000000000
56729  -11.377  -32.545  -8.113 0.0000000000
56749  -11.609  -32.386  -9.152 0.0000000000
56763  -11.992  -32.041  -10.212 0.0000000000
56778  -12.871  -31.892  -11.069 0.0000000000
56779  -13.375  -31.304  -11.590 0.0000000000
56788  -13.730  -32.481  -11.428 0.0000000000
56789  -14.390  -32.191  -12.066 0.0000000000
56790  -15.476  -32.803  -13.447 0.0000000000
56791  -20.969  -33.257  -12.484 0.0000000000
56792  -21.934  -33.038  -12.096 0.0000000000
56793  -23.021  -32.924  -11.700 0.0000000000
56794  -24.026  -32.971  -11.607 0.0000000000
56795  -24.937  -33.153  -11.770 0.0000000000
56796  -25.667  -33.257  -11.995 0.0000000000
56799  -15.070  -31.837  -13.037 0.0000000000
56800  -16.244  -32.500  -14.224 0.0000000000
56801  -17.650  -32.799  -15.020 0.0000000000
56802  -19.086  -32.804  -14.214 0.0000000000
56803  -20.763  -32.561  -13.202 0.0000000000
56804  -22.274  -32.398  -12.474 0.0000000000
56805  -23.375  -32.368  -12.175 0.0000000000
56806  -24.385  -32.525  -12.228 0.0000000000
56807  -25.306  -32.779  -12.449 0.0000000000
56808  -26.271  -33.066  -12.595 0.0000000000
56809  -27.302  -33.000  -12.941 0.0000000000
56810  -28.185  -32.994  -13.080 0.0000000000
56811  -29.036  -32.894  -13.349 0.0000000000
56812  -29.774  -32.879  -13.269 0.0000000000
56813  -30.212  -32.763  -13.093 0.0000000000
56814  -30.475  -32.593  -13.025 0.0000000000
56820  -18.353  -32.366  -14.935 0.0000000000
56821  -19.495  -32.127  -14.394 0.0000000000
56822  -20.612  -31.925  -13.995 0.0000000000
56823  -27.744  -32.758  -13.504 0.0000000000
56824  -28.370  -32.576  -13.722 0.0000000000
56825  -28.979  -32.263  -13.721 0.0000000000
56826  -30.644  -32.331  -13.015 0.0000000000
57807  -11.717  -31.938  -8.233 0.0000000000
57827  -12.009  -31.386  -8.974 0.0000000000
57828  -12.127  -31.278  -8.732 0.0000000000
57845  -12.107  -31.135  -10.104 0.0000000000
57846  -12.441  -30.373  -10.659 0.0000000000
57863  -12.307  -31.394  -10.614 0.0000000000
57864  -12.656  -30.673  -11.189 0.0000000000
57880  -13.879  -30.793  -12.354 0.0000000000
57883  -15.104  -30.951  -13.738 0.0000000000
57884  -16.811  -31.408  -14.857 0.0000000000
57885  -17.706  -32.175  -15.250 0.0000000000
57886  -21.724  -31.953  -13.421 0.0000000000
57887  -22.831  -31.765  -12.823 0.0000000000
57888  -23.879  -31.785  -12.642 0.0000000000
57889  -24.886  -32.100  -12.868 0.0000000000
57890  -25.837  -32.407  -13.132 0.0000000000
57891  -26.774  -32.607  -13.359 0.0000000000
57892  -27.330  -32.703  -13.497 0.0000000000
57893  -29.571  -32.277  -13.623 0.0000000000
57894  -30.077  -32.165  -13.259 0.0000000000
57895  -30.517  -32.113  -13.172 0.0000000000
57896  -30.734  -32.141  -13.120 0.0000000000
57906  -17.493  -31.058  -15.309 0.0000000000
57907  -18.297  -31.721  -15.341 0.0000000000
57908  -19.879  -31.500  -14.868 0.0000000000
57909  -21.365  -31.624  -14.746 0.0000000000
57910  -22.485  -31.471  -13.826 0.0000000000
57911  -23.456  -31.257  -13.302 0.0000000000
57912  -24.483  -31.387  -13.265 0.0000000000
57913  -25.485  -31.641  -13.436 0.0000000000
57914  -26.492  -31.879  -13.622 0.0000000000
57915  -27.593  -32.147  -13.767 0.0000000000
57916  -28.600  -31.880  -13.957 0.0000000000
57917  -29.321  -31.663  -13.845 0.0000000000
57918  -29.971  -31.461  -13.522 0.0000000000
57919  -30.471  -31.303  -13.067 0.0000000000
57920  -30.845  -31.391  -12.930 0.0000000000
57927  -20.415  -31.336  -15.262 0.0000000000
57928  -20.842  -31.581  -15.246 0.0000000000
58875  -12.326  -30.911  -9.164 0.0000000000
58876  -12.512  -30.639  -9.273 0.0000000000
58898  -12.321  -30.799  -9.458 0.0000000000
58899  -12.704  -30.120  -10.030 0.0000000000
58910  -12.689  -29.616  -11.052 0.0000000000
58930  -13.195  -29.546  -11.938 0.0000000000
58945  -14.173  -29.579  -12.962 0.0000000000
58946  -15.456  -29.647  -14.138 0.0000000000
58957  -17.050  -30.062  -15.191 0.0000000000
58958  -18.176  -30.861  -15.478 0.0000000000
58959  -18.931  -31.222  -15.295 0.0000000000
58960  -21.549  -31.212  -15.149 0.0000000000
58961  -22.152  -31.041  -14.673 0.0000000000
58962  -23.111  -30.758  -13.995 0.0000000000
58963  -24.128  -30.665  -13.654 0.0000000000
58964  -25.186  -30.780  -13.628 0.0000000000
58965  -26.209  -30.960  -13.740 0.0000000000
58966  -27.219  -31.118  -13.897 0.0000000000
58967  -28.187  -31.189  -14.056 0.0000000000
58968  -29.002  -31.066  -14.048 0.0000000000
58969  -29.715  -30.639  -13.614 0.0000000000
58970  -30.390  -30.458  -13.171 0.0000000000
58971  -30.892  -30.424  -12.960 0.0000000000
58972  -31.262  -30.244  -12.966 0.0000000000
58976  -17.578  -29.573  -15.573 0.0000000000
58977  -18.191  -30.103  -15.733 0.0000000000
58978  -19.517  -30.836  -15.506 0.0000000000
58979  -21.076  -31.239  -15.537 0.0000000000
58980  -21.894  -30.803  -15.307 0.0000000000
58981  -22.864  -30.491  -14.884 0.0000000000
58982  -23.784  -30.033  -14.175 0.0000000000
58983  -24.873  -30.050  -14.018 0.0000000000
58984  -25.922  -30.221  -14.082 0.0000000000
58985  -26.927  -30.341  -14.157 0.0000000000
58986  -27.895  -30.466  -14.380 0.0000000000
58987  -28.746  -30.474  -14.341 0.0000000000
58988  -29.323  -30.407  -14.087 0.0000000000
59844  -13.233  -29.543  -9.843 0.0000000000
59860  -13.523  -28.920  -10.396 0.0000000000
59861  -14.014  -28.591  -10.042 0.0000000000
59873  -13.445  -28.735  -11.430 0.0000000000
59889  -13.766  -28.542  -12.327 0.0000000000
59907  -14.542  -28.517  -13.192 0.0000000000
59908  -15.498  -28.378  -13.718 0.0000000000
59918  -16.298  -28.703  -14.533 0.0000000000
59919  -29.698  -29.984  -13.763 0.0000000000
59920  -30.269  -29.655  -13.447 0.0000000000
59921  -30.950  -29.497  -13.113 0.0000000000
59922  -31.212  -29.813  -12.978 0.0000000000
59927  -17.206  -28.908  -15.248 0.0000000000
59928  -18.124  -29.127  -15.912 0.0000000000
59929  -19.259  -29.917  -16.005 0.0000000000
59930  -20.671  -30.602  -16.187 0.0000000000
59931  -21.489  -30.498  -15.798 0.0000000000
59932  -22.467  -30.003  -15.497 0.0000000000
59933  -23.487  -29.536  -14.789 0.0000000000
59934  -24.586  -29.421  -14.541 0.0000000000
59935  -25.662  -29.581  -14.567 0.0000000000
59936  -26.658  -29.719  -14.609 0.0000000000
59937  -27.618  -29.788  -14.697 0.0000000000
59938  -28.505  -29.742  -14.538 0.0000000000
59939  -29.370  -29.743  -14.252 0.0000000000
59940  -29.894  -29.600  -13.843 0.0000000000
59941  -31.289  -28.862  -13.165 0.0000000000
59942  -31.539  -29.168  -13.128 0.0000000000
59947  -18.511  -28.796  -16.183 0.0000000000
59948  -19.082  -29.149  -16.285 0.0000000000
59949  -20.181  -29.578  -16.365 0.0000000000
59950  -21.323  -30.008  -16.351 0.0000000000
59951  -21.752  -30.021  -15.890 0.0000000000
60800  -14.314  -28.079  -10.224 0.0000000000
60801  -14.677  -27.811  -10.074 0.0000000000
60816  -14.445  -28.166  -10.694 0.0000000000
60817  -15.024  -27.383  -10.371 0.0000000000
60818  -15.222  -27.320  -10.106 0.0000000000
60834  -14.725  -27.916  -11.281 0.0000000000
60835  -14.950  -27.662  -10.766 0.0000000000
60857  -14.897  -27.858  -12.067 0.0000000000
60858  -15.351  -27.617  -12.869 0.0000000000
60876  -16.278  -27.670  -13.574 0.0000000000
60877  -30.554  -29.099  -13.469 0.0000000000
60878  -30.722  -29.195  -13.291 0.0000000000
60883  -17.093  -27.894  -14.339 0.0000000000
60884  -17.734  -28.050  -15.131 0.0000000000
60885  -22.726  -29.194  -15.560 0.0000000000
60886  -23.311  -29.028  -15.255 0.0000000000
60887  -24.362  -28.972  -15.188 0.0000000000
60888  -25.417  -29.063  -15.162 0.0000000000
60889  -26.412  -29.167  -15.153 0.0000000000
60890  -27.344  -29.122  -14.940 0.0000000000
60891  -28.223  -29.124  -14.875 0.0000000000
60892  -29.095  -28.829  -14.574 0.0000000000
60893  -30.090  -28.974  -13.997 0.0000000000
60894  -30.908  -28.631  -13.387 0.0000000000
60895  -31.518  -28.286  -13.302 0.0000000000
60896  -31.962  -28.128  -13.463 0.0000000000
60900  -18.201  -28.273  -15.854 0.0000000000
60901  -18.795  -28.503  -16.352 0.0000000000
60902  -19.713  -28.700  -16.554 0.0000000000
60903  -20.953  -28.748  -16.435 0.0000000000
60904  -22.070  -29.174  -15.896 0.0000000000
60905  -23.120  -28.639  -15.702 0.0000000000
60906  -24.113  -28.511  -15.638 0.0000000000
60907  -25.142  -28.502  -15.552 0.0000000000
60908  -26.125  -28.515  -15.460 0.0000000000
60909  -27.074  -28.398  -15.176 0.0000000000
60910  -27.995  -28.450  -14.961 0.0000000000
60911  -28.552  -28.579  -14.764 0.0000000000
60924  -19.691  -28.221  -16.686 0.0000000000
60925  -20.212  -28.258  -16.663 0.0000000000
61888  -15.533  -26.770  -10.409 0.0000000000
61889  -15.656  -26.714  -10.126 0.0000000000
61903  -15.128  -27.493  -11.133 0.0000000000
61904  -15.346  -27.053  -10.904 0.0000000000
61923  -15.155  -27.457  -11.382 0.0000000000
61924  -15.427  -26.875  -11.814 0.0000000000
61944  -15.990  -26.796  -12.750 0.0000000000
61952  -16.590  -27.048  -13.766 0.0000000000
61953  -17.359  -27.314  -14.552 0.0000000000
61954  -29.257  -28.300  -14.604 0.0000000000
61955  -29.694  -28.205  -14.485 0.0000000000
61956  -30.519  -27.893  -13.980 0.0000000000
61957  -31.249  -27.656  -13.669 0.0000000000
61958  -31.747  -27.613  -13.696 0.0000000000
61966  -17.886  -27.474  -15.197 0.0000000000
61967  -18.350  -27.722  -16.065 0.0000000000
61968  -19.112  -28.151  -16.670 0.0000000000
61969  -21.233  -28.210  -16.421 0.0000000000
61970  -21.699  -28.218  -16.294 0.0000000000
61971  -22.679  -28.079  -16.030 0.0000000000
61972  -23.772  -28.003  -16.031 0.0000000000
61973  -24.815  -27.910  -15.852 0.0000000000
61974  -25.830  -27.895  -15.797 0.0000000000
61975  -26.766  -27.676  -15.412 0.0000000000
61976  -27.766  -27.516  -15.116 0.0000000000
61977  -28.918  -27.801  -14.750 0.0000000000
61978  -30.063  -27.327  -14.728 0.0000000000
61979  -30.933  -27.085  -14.410 0.0000000000
61980  -31.577  -27.023  -14.274 0.0000000000
61981  -32.065  -27.143  -14.219 0.0000000000
61992  -18.572  -27.635  -16.826 0.0000000000
61993  -19.715  -27.761  -16.949 0.0000000000
61994  -21.029  -27.792  -16.712 0.0000000000
61995  -22.234  -27.574  -16.684 0.0000000000
61996  -23.319  -27.402  -16.469 0.0000000000
61997  -24.381  -27.228  -16.179 0.0000000000
61998  -25.495  -27.215  -16.131 0.0000000000
61999  -26.484  -27.093  -15.835 0.0000000000
62000  -27.322  -26.937  -15.424 0.0000000000
62001  -27.874  -26.874  -15.223 0.0000000000
62925  -15.942  -26.037  -10.258 0.0000000000
62926  -16.107  -26.066  -10.070 0.0000000000
62940  -15.894  -25.862  -10.974 0.0000000000
62957  -15.756  -25.803  -11.933 0.0000000000
62973  -16.013  -26.113  -13.032 0.0000000000
62984  -16.704  -26.557  -14.310 0.0000000000
62985  -17.441  -27.056  -14.813 0.0000000000
62993  -16.736  -26.323  -14.895 0.0000000000
62994  -17.387  -26.793  -15.472 0.0000000000
62995  -18.140  -27.201  -16.199 0.0000000000
62996  -28.455  -26.868  -15.178 0.0000000000
62997  -29.473  -26.461  -15.325 0.0000000000
62998  -30.622  -26.499  -15.346 0.0000000000
62999  -31.335  -26.465  -15.258 0.0000000000
63000  -31.720  -26.410  -15.159 0.0000000000
63001  -31.874  -25.874  -15.129 0.0000000000
63006  -16.914  -26.565  -16.436 0.0000000000
63007  -17.655  -27.056  -16.890 0.0000000000
63008  -19.008  -27.021  -17.583 0.0000000000
63009  -20.459  -27.130  -17.399 0.0000000000
63010  -21.698  -26.938  -17.475 0.0000000000
63011  -22.900  -26.952  -17.239 0.0000000000
63012  -23.921  -26.666  -16.745 0.0000000000
63013  -25.118  -26.554  -16.594 0.0000000000
63014  -26.251  -26.499  -16.434 0.0000000000
63015  -27.141  -26.413  -16.001 0.0000000000
63016  -28.058  -26.481  -15.686 0.0000000000
63017  -28.761  -26.440  -15.577 0.0000000000
63021  -19.429  -26.527  -18.105 0.0000000000
63022  -20.207  -26.653  -17.926 0.0000000000
63023  -20.954  -26.706  -17.711 0.0000000000
63911  -16.327  -25.355  -10.056 0.0000000000
63924  -16.818  -24.814  -9.944 0.0000000000
63925  -16.488  -24.565  -9.986 0.0000000000
63937  -16.190  -24.710  -11.095 0.0000000000
63952  -15.797  -24.920  -12.202 0.0000000000
63971  -15.791  -25.461  -13.433 0.0000000000
63981  -15.745  -25.816  -14.885 0.0000000000
63982  -16.543  -26.180  -15.255 0.0000000000
63983  -29.751  -25.863  -16.013 0.0000000000
63984  -30.327  -25.849  -15.910 0.0000000000
63985  -31.101  -25.619  -15.825 0.0000000000
63986  -31.489  -25.740  -15.554 0.0000000000
63987  -31.697  -25.701  -15.484 0.0000000000
63990  -15.504  -25.570  -15.508 0.0000000000
63991  -16.148  -25.922  -15.947 0.0000000000
63992  -16.986  -26.060  -17.098 0.0000000000
63993  -17.768  -26.676  -17.773 0.0000000000
63994  -21.890  -26.638  -17.973 0.0000000000
63995  -22.392  -26.540  -17.872 0.0000000000
63996  -23.403  -26.300  -17.543 0.0000000000
63997  -24.510  -25.851  -16.902 0.0000000000
63998  -25.929  -25.553  -16.820 0.0000000000
63999  -26.956  -25.874  -16.721 0.0000000000
64000  -27.860  -25.866  -16.499 0.0000000000
64001  -29.033  -25.846  -16.255 0.0000000000
64002  -30.015  -25.394  -16.369 0.0000000000
64003  -30.636  -25.268  -16.199 0.0000000000
64004  -31.831  -25.263  -15.624 0.0000000000
64007  -17.666  -25.860  -17.871 0.0000000000
64008  -18.556  -26.298  -18.408 0.0000000000
64009  -19.871  -26.374  -18.780 0.0000000000
64010  -21.427  -26.442  -18.396 0.0000000000
64011  -22.734  -25.972  -18.222 0.0000000000
64012  -23.893  -25.564  -17.690 0.0000000000
64013  -25.089  -25.098  -17.128 0.0000000000
64014  -25.943  -25.116  -17.446 0.0000000000
64958  -16.706  -23.839  -10.164 0.0000000000
64959  -16.610  -23.659  -10.101 0.0000000000
64966  -16.409  -23.692  -10.480 0.0000000000
64981  -16.040  -23.434  -11.541 0.0000000000
65000  -15.631  -23.251  -12.403 0.0000000000
65001  -15.509  -24.241  -12.795 0.0000000000
65013  -15.178  -23.640  -13.432 0.0000000000
65014  -15.080  -24.741  -14.113 0.0000000000
65015  -31.362  -25.136  -15.965 0.0000000000
65016  -31.577  -25.142  -15.840 0.0000000000
65017  -31.779  -25.097  -15.730 0.0000000000
65020  -14.797  -23.999  -14.475 0.0000000000
65021  -15.238  -24.838  -15.533 0.0000000000
65022  -15.997  -25.114  -17.073 0.0000000000
65023  -17.085  -25.265  -17.602 0.0000000000
65024  -26.788  -25.406  -17.102 0.0000000000
65025  -27.436  -25.302  -17.106 0.0000000000
65026  -28.421  -24.938  -16.763 0.0000000000
65027  -29.523  -24.547  -16.707 0.0000000000
65028  -30.462  -24.526  -16.474 0.0000000000
65029  -31.156  -24.567  -15.999 0.0000000000
65030  -31.695  -24.265  -15.837 0.0000000000
65031  -32.015  -24.279  -15.842 0.0000000000
65035  -16.798  -24.657  -17.755 0.0000000000
65036  -17.565  -25.334  -18.675 0.0000000000
65037  -19.237  -25.531  -19.127 0.0000000000
65038  -20.575  -25.881  -19.390 0.0000000000
65039  -21.841  -25.549  -18.930 0.0000000000
65040  -23.029  -24.862  -18.125 0.0000000000
65041  -24.520  -24.700  -17.671 0.0000000000
65042  -25.754  -24.676  -17.671 0.0000000000
65043  -26.716  -24.900  -17.588 0.0000000000
65044  -27.874  -24.364  -17.271 0.0000000000
65045  -28.814  -23.941  -17.050 0.0000000000
65046  -29.601  -23.622  -17.057 0.0000000000
65050  -19.963  -25.317  -19.829 0.0000000000
65051  -20.973  -25.086  -19.688 0.0000000000
65052  -22.125  -24.588  -18.996 0.0000000000
65053  -23.007  -24.084  -18.510 0.0000000000
66002  -15.559  -22.596  -12.934 0.0000000000
66015  -15.043  -23.085  -14.043 0.0000000000
66022  -14.895  -23.417  -15.082 0.0000000000
66023  -15.498  -23.597  -16.697 0.0000000000
66024  -15.912  -24.522  -17.816 0.0000000000
66025  -30.241  -23.676  -16.775 0.0000000000
66026  -30.907  -23.615  -16.392 0.0000000000
66027  -31.570  -23.395  -16.197 0.0000000000
66028  -32.063  -23.406  -16.095 0.0000000000
66029  -32.362  -23.307  -16.157 0.0000000000
66033  -15.766  -22.977  -17.503 0.0000000000
66034  -16.638  -23.777  -18.528 0.0000000000
66035  -18.412  -24.705  -19.439 0.0000000000
66036  -19.364  -25.029  -19.701 0.0000000000
66037  -23.943  -23.919  -17.998 0.0000000000
66038  -25.317  -23.923  -17.871 0.0000000000
66039  -26.451  -24.034  -18.002 0.0000000000
66040  -27.414  -23.793  -17.706 0.0000000000
66041  -28.325  -23.443  -17.506 0.0000000000
66042  -29.271  -23.106  -17.622 0.0000000000
66043  -30.137  -23.052  -17.452 0.0000000000
66044  -30.803  -22.968  -16.983 0.0000000000
66045  -31.315  -22.966  -16.645 0.0000000000
66050  -17.399  -22.988  -19.168 0.0000000000
66051  -18.257  -23.559  -19.587 0.0000000000
66052  -19.772  -24.485  -20.240 0.0000000000
66053  -21.488  -24.171  -19.832 0.0000000000
66054  -22.723  -23.842  -19.282 0.0000000000
66055  -23.586  -23.304  -18.568 0.0000000000
66056  -24.817  -23.125  -18.338 0.0000000000
66057  -26.114  -23.176  -18.166 0.0000000000
66058  -27.095  -23.155  -18.100 0.0000000000
66059  -28.039  -23.039  -18.129 0.0000000000
66060  -28.744  -22.884  -17.996 0.0000000000
67015  -15.344  -22.211  -13.829 0.0000000000
67016  -15.775  -21.242  -13.539 0.0000000000
67026  -14.993  -22.689  -14.515 0.0000000000
67027  -14.967  -22.037  -15.055 0.0000000000
67028  -31.743  -22.646  -16.696 0.0000000000
67029  -32.112  -22.669  -16.485 0.0000000000
67030  -32.468  -22.676  -16.430 0.0000000000
67034  -15.425  -22.160  -16.670 0.0000000000
67035  -15.876  -22.285  -17.865 0.0000000000
67036  -29.266  -22.601  -18.197 0.0000000000
67037  -29.921  -22.413  -18.193 0.0000000000
67038  -30.746  -22.423  -17.793 0.0000000000
67039  -31.509  -22.370  -17.345 0.0000000000
67040  -32.147  -22.108  -17.139 0.0000000000
67041  -32.538  -21.953  -16.857 0.0000000000
67046  -16.713  -22.293  -18.826 0.0000000000
67047  -17.948  -22.345  -19.811 0.0000000000
67048  -19.339  -23.156  -20.435 0.0000000000
67049  -20.773  -23.471  -20.542 0.0000000000
67050  -22.128  -23.205  -19.608 0.0000000000
67051  -23.403  -23.031  -19.358 0.0000000000
67052  -24.317  -22.548  -18.771 0.0000000000
67053  -25.453  -22.211  -18.579 0.0000000000
67054  -26.710  -22.477  -18.500 0.0000000000
67055  -27.784  -22.443  -18.378 0.0000000000
67056  -28.813  -22.428  -18.444 0.0000000000
67057  -29.453  -22.339  -18.469 0.0000000000
67061  -18.326  -21.839  -20.424 0.0000000000
67062  -19.012  -22.215  -20.689 0.0000000000
67063  -20.229  -22.572  -20.854 0.0000000000
67064  -21.598  -22.466  -20.033 0.0000000000
67065  -23.048  -22.498  -19.689 0.0000000000
67066  -24.145  -22.299  -19.396 0.0000000000
67067  -24.823  -22.180  -19.058 0.0000000000
68109  -15.676  -20.450  -14.195 0.0000000000
68119  -15.169  -20.756  -15.814 0.0000000000
68120  -15.564  -21.350  -17.059 0.0000000000
68121  -30.055  -22.012  -18.438 0.0000000000
68122  -30.472  -21.814  -18.331 0.0000000000
68123  -31.230  -21.630  -17.862 0.0000000000
68124  -31.834  -21.422  -17.432 0.0000000000
68125  -32.427  -21.214  -17.096 0.0000000000
68133  -15.491  -20.490  -16.844 0.0000000000
68134  -15.989  -21.049  -18.000 0.0000000000
68135  -17.016  -21.278  -19.143 0.0000000000
68136  -25.648  -21.876  -18.897 0.0000000000
68137  -26.202  -21.730  -18.763 0.0000000000
68138  -27.383  -21.762  -18.622 0.0000000000
68139  -28.480  -21.692  -18.613 0.0000000000
68140  -29.647  -21.712  -18.529 0.0000000000
68141  -30.351  -21.157  -18.452 0.0000000000
68144  -17.789  -21.324  -20.028 0.0000000000
68145  -18.654  -21.401  -20.773 0.0000000000
68146  -19.686  -21.818  -21.142 0.0000000000
68147  -20.945  -21.748  -20.366 0.0000000000
68148  -22.474  -21.633  -19.917 0.0000000000
68149  -23.960  -21.842  -19.849 0.0000000000
68150  -25.224  -21.713  -19.296 0.0000000000
68151  -26.174  -21.245  -19.190 0.0000000000
68155  -19.233  -21.271  -21.350 0.0000000000
68156  -20.225  -21.292  -21.158 0.0000000000
68157  -21.612  -21.191  -20.462 0.0000000000
68158  -22.657  -21.040  -20.183 0.0000000000
69254  -15.683  -19.479  -14.748 0.0000000000
69270  -15.366  -19.590  -16.028 0.0000000000
69271  -30.893  -20.998  -18.097 0.0000000000
69272  -31.497  -20.621  -17.766 0.0000000000
69273  -32.114  -20.553  -17.461 0.0000000000
69274  -32.523  -20.275  -17.134 0.0000000000
69288  -15.686  -19.743  -17.223 0.0000000000
69289  -16.626  -20.007  -18.565 0.0000000000
69290  -17.336  -20.705  -19.405 0.0000000000
69291  -26.996  -21.028  -18.783 0.0000000000
69292  -28.016  -20.991  -18.787 0.0000000000
69293  -29.008  -20.633  -18.814 0.0000000000
69294  -29.987  -20.635  -18.691 0.0000000000
69295  -30.624  -20.463  -18.243 0.0000000000
69296  -31.007  -20.434  -17.890 0.0000000000
69305  -16.919  -19.528  -19.035 0.0000000000
69306  -17.765  -20.260  -20.035 0.0000000000
69307  -18.762  -20.919  -20.905 0.0000000000
69308  -23.511  -21.112  -20.002 0.0000000000
69309  -24.618  -20.933  -19.923 0.0000000000
69310  -25.765  -20.845  -19.660 0.0000000000
69311  -26.717  -20.457  -19.170 0.0000000000
69312  -27.667  -20.338  -18.920 0.0000000000
69313  -28.372  -20.430  -18.958 0.0000000000
69317  -18.309  -19.922  -20.600 0.0000000000
69318  -19.176  -20.596  -21.233 0.0000000000
69319  -20.877  -20.797  -21.135 0.0000000000
69320  -22.223  -20.711  -20.649 0.0000000000
69321  -23.327  -20.732  -20.384 0.0000000000
69322  -23.966  -20.775  -20.171 0.0000000000
70324  -15.766  -18.623  -15.174 0.0000000000
70325  -31.442  -20.064  -17.620 0.0000000000
70326  -31.684  -19.929  -17.482 0.0000000000
70327  -32.178  -19.673  -17.280 0.0000000000
70328  -32.555  -19.489  -17.210 0.0000000000
70337  -15.591  -18.675  -16.313 0.0000000000
70338  -15.960  -18.827  -17.433 0.0000000000
70339  -29.097  -20.013  -18.889 0.0000000000
70340  -29.651  -19.766  -18.937 0.0000000000
70341  -30.424  -19.831  -18.661 0.0000000000
70342  -31.208  -19.763  -17.960 0.0000000000
70343  -31.855  -19.164  -17.669 0.0000000000
70344  -32.363  -18.920  -17.575 0.0000000000
70358  -16.477  -18.876  -18.358 0.0000000000
70359  -16.938  -19.049  -19.279 0.0000000000
70360  -24.726  -20.512  -20.076 0.0000000000
70361  -25.249  -20.399  -20.053 0.0000000000
70362  -26.362  -19.804  -19.784 0.0000000000
70363  -27.413  -19.700  -19.285 0.0000000000
70364  -28.652  -19.745  -19.158 0.0000000000
70365  -29.356  -19.170  -19.101 0.0000000000
70371  -17.729  -19.261  -20.128 0.0000000000
70372  -18.738  -19.556  -21.052 0.0000000000
70373  -20.071  -20.249  -21.708 0.0000000000
70374  -21.592  -20.265  -21.299 0.0000000000
70375  -23.118  -20.323  -21.185 0.0000000000
70376  -24.381  -20.348  -20.561 0.0000000000
70377  -25.424  -19.643  -20.314 0.0000000000
70378  -26.185  -19.252  -20.246 0.0000000000
70384  -19.619  -19.499  -21.813 0.0000000000
70385  -20.921  -19.700  -21.911 0.0000000000
70386  -22.262  -19.758  -21.683 0.0000000000
70387  -23.363  -19.798  -21.806 0.0000000000
70392  -20.233  -19.281  -22.319 0.0000000000
70393  -21.013  -19.223  -22.456 0.0000000000
71353  -16.075  -17.824  -15.432 0.0000000000
71362  -15.914  -17.744  -16.551 0.0000000000
71363  -16.166  -18.118  -17.572 0.0000000000
71364  -30.289  -19.351  -19.028 0.0000000000
71365  -30.848  -18.997  -18.865 0.0000000000
71366  -31.524  -18.614  -18.227 0.0000000000
71367  -32.088  -18.269  -18.025 0.0000000000
71368  -32.586  -18.138  -18.158 0.0000000000
71380  -16.121  -17.377  -17.240 0.0000000000
71381  -16.492  -17.855  -18.416 0.0000000000
71382  -16.782  -18.466  -19.698 0.0000000000
71383  -27.176  -19.231  -19.634 0.0000000000
71384  -28.046  -18.939  -19.722 0.0000000000
71385  -29.106  -18.826  -19.556 0.0000000000
71386  -30.086  -18.793  -19.355 0.0000000000
71387  -30.833  -18.146  -19.103 0.0000000000
71393  -16.575  -17.659  -19.575 0.0000000000
71394  -17.614  -18.258  -20.593 0.0000000000
71395  -18.789  -18.877  -21.406 0.0000000000
71396  -23.971  -19.913  -21.469 0.0000000000
71397  -24.583  -19.258  -21.074 0.0000000000
71398  -25.874  -18.787  -20.816 0.0000000000
71399  -26.979  -18.674  -20.124 0.0000000000
71400  -28.048  -18.085  -20.020 0.0000000000
71405  -18.634  -18.059  -21.559 0.0000000000
71406  -19.481  -18.793  -22.075 0.0000000000
71407  -21.771  -19.355  -22.183 0.0000000000
71408  -22.808  -19.297  -22.259 0.0000000000
71409  -24.105  -19.321  -22.201 0.0000000000
71410  -25.083  -18.414  -21.856 0.0000000000
71411  -26.043  -18.021  -21.378 0.0000000000
71415  -19.440  -18.072  -22.335 0.0000000000
71416  -20.456  -18.585  -22.791 0.0000000000
71417  -21.831  -18.766  -22.728 0.0000000000
71418  -23.285  -18.477  -22.840 0.0000000000
71419  -24.646  -18.525  -22.828 0.0000000000
71420  -25.218  -17.962  -22.586 0.0000000000
71425  -21.292  -18.260  -23.224 0.0000000000
71426  -22.216  -18.077  -23.421 0.0000000000
71427  -23.197  -17.782  -23.535 0.0000000000
72376  -16.363  -16.931  -15.514 0.0000000000
72395  -16.132  -16.688  -16.423 0.0000000000
72396  -31.282  -18.096  -18.748 0.0000000000
72397  -31.882  -17.636  -18.676 0.0000000000
72398  -32.374  -17.394  -18.450 0.0000000000
72399  -32.714  -17.139  -18.433 0.0000000000
72413  -16.184  -16.596  -17.439 0.0000000000
72414  -16.649  -16.712  -18.601 0.0000000000
72415  -28.747  -18.210  -19.822 0.0000000000
72416  -29.579  -17.932  -19.649 0.0000000000
72417  -30.520  -17.642  -19.463 0.0000000000
72418  -31.455  -17.333  -19.314 0.0000000000
72419  -32.032  -16.894  -19.139 0.0000000000
72428  -16.819  -16.872  -20.014 0.0000000000
72429  -17.743  -16.979  -21.067 0.0000000000
72430  -26.673  -18.064  -20.790 0.0000000000
72431  -27.639  -17.493  -20.518 0.0000000000
72432  -28.958  -17.315  -20.236 0.0000000000
72433  -30.162  -17.028  -19.960 0.0000000000
72434  -31.052  -16.777  -19.720 0.0000000000
72435  -31.581  -16.678  -19.637 0.0000000000
72440  -18.830  -17.189  -21.994 0.0000000000
72441  -25.916  -17.707  -22.091 0.0000000000
72442  -26.859  -17.185  -21.368 0.0000000000
72443  -27.821  -16.699  -20.955 0.0000000000
72444  -28.387  -16.746  -20.616 0.0000000000
72448  -20.118  -17.432  -22.940 0.0000000000
72449  -20.769  -18.013  -23.210 0.0000000000
72450  -24.235  -17.845  -23.305 0.0000000000
72451  -25.042  -17.854  -23.193 0.0000000000
72452  -25.717  -17.303  -22.721 0.0000000000
72453  -26.398  -17.036  -22.201 0.0000000000
72458  -20.764  -17.037  -23.560 0.0000000000
72459  -21.297  -17.577  -23.758 0.0000000000
72460  -22.550  -17.376  -24.279 0.0000000000
72461  -23.797  -17.204  -23.979 0.0000000000
72462  -24.872  -17.497  -23.870 0.0000000000
72463  -25.104  -17.217  -23.166 0.0000000000
72469  -22.867  -16.954  -24.787 0.0000000000
72470  -23.309  -17.025  -24.579 0.0000000000
73379  -16.728  -16.026  -15.553 0.0000000000
73405  -16.485  -15.691  -16.436 0.0000000000
73417  -32.302  -16.886  -18.863 0.0000000000
73418  -32.692  -16.491  -18.883 0.0000000000
73419  -32.962  -16.283  -18.880 0.0000000000
73427  -16.335  -15.496  -17.675 0.0000000000
73428  -16.951  -15.764  -18.912 0.0000000000
73429  -31.938  -16.493  -19.523 0.0000000000
73430  -32.476  -16.127  -19.300 0.0000000000
73431  -32.782  -15.901  -19.143 0.0000000000
73437  -17.620  -15.885  -20.305 0.0000000000
73438  -17.701  -16.326  -20.992 0.0000000000
73439  -29.065  -16.411  -20.589 0.0000000000
73440  -29.902  -16.424  -20.492 0.0000000000
73441  -30.940  -16.131  -20.387 0.0000000000
73442  -31.701  -16.063  -19.921 0.0000000000
73443  -32.214  -15.823  -19.658 0.0000000000
73447  -17.794  -15.547  -20.972 0.0000000000
73448  -18.126  -16.103  -21.411 0.0000000000
73449  -26.965  -16.540  -21.964 0.0000000000
73450  -27.735  -16.210  -21.543 0.0000000000
73451  -28.642  -16.025  -21.035 0.0000000000
73452  -29.664  -15.803  -20.881 0.0000000000
73453  -30.449  -15.777  -20.774 0.0000000000
73457  -19.234  -16.294  -22.462 0.0000000000
73458  -25.872  -16.816  -23.078 0.0000000000
73459  -26.749  -16.504  -22.797 0.0000000000
73460  -27.516  -16.181  -22.401 0.0000000000
73465  -20.304  -16.415  -23.308 0.0000000000
73466  -21.181  -16.635  -24.351 0.0000000000
73467  -21.778  -17.163  -24.479 0.0000000000
73468  -23.931  -16.770  -24.579 0.0000000000
73469  -24.627  -16.913  -24.498 0.0000000000
73470  -25.234  -16.608  -23.519 0.0000000000
73471  -26.261  -16.287  -23.124 0.0000000000
73477  -21.631  -16.217  -25.042 0.0000000000
73478  -22.289  -16.670  -25.008 0.0000000000
73479  -23.492  -16.531  -24.987 0.0000000000
73480  -24.242  -16.446  -24.927 0.0000000000
74416  -17.216  -14.921  -15.160 0.0000000000
74434  -16.794  -14.475  -16.278 0.0000000000
74448  -32.980  -15.711  -19.028 0.0000000000
74458  -16.485  -14.446  -17.696 0.0000000000
74459  -16.647  -15.064  -18.257 0.0000000000
74466  -32.634  -15.206  -19.618 0.0000000000
74467  -32.955  -15.229  -19.316 0.0000000000
74468  -33.245  -14.920  -19.115 0.0000000000
74473  -16.523  -14.051  -18.076 0.0000000000
74474  -17.066  -14.609  -18.921 0.0000000000
74475  -31.140  -15.264  -20.846 0.0000000000
74476  -31.715  -15.260  -20.392 0.0000000000
74477  -32.185  -15.181  -19.892 0.0000000000
74482  -17.821  -14.780  -20.689 0.0000000000
74483  -17.994  -15.388  -21.296 0.0000000000
74484  -27.967  -15.593  -22.027 0.0000000000
74485  -28.555  -15.398  -21.581 0.0000000000
74486  -29.517  -15.059  -21.350 0.0000000000
74487  -30.415  -15.120  -21.062 0.0000000000
74492  -18.117  -14.404  -21.421 0.0000000000
74493  -18.475  -15.088  -21.986 0.0000000000
74494  -26.862  -15.740  -22.860 0.0000000000
74495  -27.810  -15.551  -22.869 0.0000000000
74496  -28.569  -14.958  -22.173 0.0000000000
74497  -29.107  -14.719  -21.735 0.0000000000
74501  -19.710  -15.422  -22.994 0.0000000000
74502  -20.547  -15.608  -23.836 0.0000000000
74503  -24.323  -15.976  -24.636 0.0000000000
74504  -25.129  -15.957  -24.227 0.0000000000
74505  -26.316  -15.447  -23.410 0.0000000000
74506  -27.228  -15.017  -22.899 0.0000000000
74511  -21.172  -15.612  -24.829 0.0000000000
74512  -22.176  -15.510  -25.384 0.0000000000
74513  -23.238  -15.862  -25.283 0.0000000000
74514  -24.401  -15.690  -25.352 0.0000000000
74515  -25.021  -15.201  -24.803 0.0000000000
74516  -25.808  -15.168  -24.179 0.0000000000
74522  -22.713  -14.913  -25.628 0.0000000000
74523  -23.221  -15.160  -25.518 0.0000000000
74524  -23.788  -15.368  -25.364 0.0000000000
75504  -16.749  -13.694  -16.878 0.0000000000
75505  -16.890  -12.691  -16.058 0.0000000000
75514  -32.683  -14.395  -19.829 0.0000000000
75515  -32.990  -14.324  -19.450 0.0000000000
75516  -33.303  -14.237  -19.273 0.0000000000
75520  -16.572  -13.882  -17.687 0.0000000000
75521  -16.603  -13.312  -17.970 0.0000000000
75522  -31.152  -14.634  -21.119 0.0000000000
75523  -31.757  -14.355  -20.729 0.0000000000
75524  -32.209  -14.361  -20.142 0.0000000000
75529  -17.239  -13.578  -19.790 0.0000000000
75530  -29.869  -14.208  -21.758 0.0000000000
75531  -30.690  -14.243  -21.396 0.0000000000
75532  -31.462  -14.010  -21.110 0.0000000000
75536  -17.955  -13.766  -21.009 0.0000000000
75537  -18.337  -13.958  -21.955 0.0000000000
75538  -28.082  -14.860  -23.324 0.0000000000
75539  -28.828  -14.478  -23.167 0.0000000000
75540  -29.309  -14.200  -22.189 0.0000000000
75544  -19.475  -14.202  -23.000 0.0000000000
75545  -20.119  -14.930  -23.456 0.0000000000
75546  -26.587  -14.727  -23.939 0.0000000000
75547  -27.620  -14.379  -23.751 0.0000000000
75548  -28.397  -14.393  -23.609 0.0000000000
75552  -20.050  -13.797  -23.784 0.0000000000
75553  -20.460  -14.539  -24.314 0.0000000000
75554  -21.341  -14.675  -25.397 0.0000000000
75555  -24.799  -15.112  -25.492 0.0000000000
75556  -25.294  -14.645  -25.385 0.0000000000
75557  -25.989  -14.175  -24.396 0.0000000000
75558  -27.033  -14.264  -24.221 0.0000000000
75564  -22.323  -14.477  -25.784 0.0000000000
75565  -23.212  -14.478  -25.863 0.0000000000
75566  -24.175  -14.773  -25.580 0.0000000000
75567  -24.879  -14.680  -25.491 0.0000000000
76529  -32.667  -13.685  -19.948 0.0000000000
76530  -32.983  -13.423  -19.587 0.0000000000
76531  -33.362  -13.473  -19.434 0.0000000000
76532  -33.625  -13.437  -19.325 0.0000000000
76536  -16.597  -11.775  -17.090 0.0000000000
76540  -31.845  -13.515  -20.777 0.0000000000
76541  -32.319  -13.230  -20.239 0.0000000000
76542  -32.738  -12.979  -19.740 0.0000000000
76547  -16.786  -12.261  -19.054 0.0000000000
76548  -29.996  -13.649  -22.091 0.0000000000
76549  -30.773  -13.381  -21.762 0.0000000000
76550  -31.522  -13.180  -21.139 0.0000000000
76551  -31.974  -12.792  -20.564 0.0000000000
76554  -17.619  -12.639  -20.885 0.0000000000
76555  -18.150  -13.304  -21.527 0.0000000000
76556  -29.311  -13.817  -23.508 0.0000000000
76557  -29.756  -13.457  -22.788 0.0000000000
76558  -30.459  -13.124  -22.244 0.0000000000
76562  -17.972  -12.229  -21.750 0.0000000000
76563  -18.554  -12.898  -22.331 0.0000000000
76564  -28.164  -13.901  -24.352 0.0000000000
76565  -28.827  -13.691  -24.035 0.0000000000
76566  -29.653  -13.459  -23.697 0.0000000000
76570  -19.655  -13.098  -23.613 0.0000000000
76571  -20.268  -13.450  -24.532 0.0000000000
76572  -20.802  -13.751  -25.331 0.0000000000
76573  -25.778  -14.065  -25.536 0.0000000000
76574  -26.449  -13.700  -25.292 0.0000000000
76575  -27.574  -13.779  -24.678 0.0000000000
76576  -28.336  -13.593  -24.512 0.0000000000
76581  -21.684  -13.699  -26.007 0.0000000000
76582  -22.936  -13.569  -26.473 0.0000000000
76583  -23.952  -13.932  -26.170 0.0000000000
76584  -25.036  -13.716  -25.625 0.0000000000
76585  -25.971  -13.726  -25.625 0.0000000000
76595  -23.436  -13.058  -26.961 0.0000000000
76596  -23.901  -13.291  -26.689 0.0000000000
76597  -24.358  -13.398  -26.173 0.0000000000
77519  -33.022  -12.585  -19.590 0.0000000000
77520  -33.321  -12.649  -19.466 0.0000000000
77521  -33.642  -12.759  -19.453 0.0000000000
77536  -15.909  -10.161  -16.223 0.0000000000
77546  -32.297  -12.080  -20.202 0.0000000000
77547  -32.766  -12.091  -19.800 0.0000000000
77548  -33.265  -11.864  -19.664 0.0000000000
77549  -33.620  -11.905  -19.638 0.0000000000
77555  -16.628  -10.884  -18.252 0.0000000000
77556  -31.012  -12.717  -22.000 0.0000000000
77557  -31.503  -12.327  -21.379 0.0000000000
77558  -31.940  -12.123  -20.693 0.0000000000
77562  -16.997  -11.341  -20.021 0.0000000000
77563  -30.042  -12.880  -23.337 0.0000000000
77564  -30.812  -12.486  -22.750 0.0000000000
77565  -31.413  -12.192  -21.986 0.0000000000
77568  -17.493  -11.598  -21.399 0.0000000000
77569  -18.159  -11.756  -22.394 0.0000000000
77570  -29.196  -13.075  -24.441 0.0000000000
77571  -29.904  -12.814  -24.117 0.0000000000
77572  -30.523  -12.590  -23.555 0.0000000000
77576  -19.094  -12.000  -23.466 0.0000000000
77577  -19.987  -12.415  -24.997 0.0000000000
77578  -20.446  -13.129  -25.276 0.0000000000
77579  -27.092  -13.284  -25.582 0.0000000000
77580  -27.611  -13.243  -25.309 0.0000000000
77581  -28.664  -13.035  -24.911 0.0000000000
77582  -29.405  -12.800  -24.570 0.0000000000
77585  -20.347  -12.127  -26.092 0.0000000000
77586  -20.880  -12.783  -26.105 0.0000000000
77587  -22.029  -12.809  -26.744 0.0000000000
77588  -25.374  -12.904  -25.780 0.0000000000
77589  -26.260  -12.853  -25.674 0.0000000000
77590  -27.544  -12.940  -25.695 0.0000000000
77591  -28.046  -12.962  -25.401 0.0000000000
77599  -23.020  -12.637  -27.186 0.0000000000
77600  -23.876  -12.594  -27.122 0.0000000000
77601  -24.782  -12.713  -26.264 0.0000000000
77602  -25.515  -12.523  -25.892 0.0000000000
78554  -15.600  -9.575  -16.369 0.0000000000
78567  -32.217  -11.394  -20.299 0.0000000000
78568  -32.632  -11.069  -19.965 0.0000000000
78569  -33.163  -11.008  -19.798 0.0000000000
78570  -33.571  -11.011  -19.865 0.0000000000
78584  -16.358  -9.338  -18.337 0.0000000000
78585  -16.355  -9.832  -17.520 0.0000000000
78594  -31.580  -11.592  -21.491 0.0000000000
78595  -31.973  -11.145  -20.803 0.0000000000
78596  -32.333  -10.766  -20.199 0.0000000000
78606  -16.488  -10.003  -19.433 0.0000000000
78607  -31.290  -11.810  -22.870 0.0000000000
78608  -31.559  -11.596  -22.200 0.0000000000
78609  -31.737  -10.875  -21.481 0.0000000000
78615  -16.949  -10.613  -21.023 0.0000000000
78616  -17.544  -10.839  -22.135 0.0000000000
78617  -30.334  -12.244  -24.270 0.0000000000
78618  -30.914  -11.799  -23.666 0.0000000000
78619  -31.496  -11.176  -22.700 0.0000000000
78620  -31.654  -10.833  -22.052 0.0000000000
78625  -18.308  -10.948  -23.281 0.0000000000
78626  -19.292  -11.146  -24.612 0.0000000000
78627  -29.129  -11.991  -25.323 0.0000000000
78628  -29.845  -12.229  -24.695 0.0000000000
78629  -30.453  -11.897  -24.308 0.0000000000
78634  -19.991  -11.455  -25.951 0.0000000000
78635  -20.845  -11.646  -26.898 0.0000000000
78636  -21.460  -12.272  -26.869 0.0000000000
78637  -26.418  -11.955  -25.814 0.0000000000
78638  -27.205  -11.794  -25.731 0.0000000000
78639  -28.258  -12.448  -25.528 0.0000000000
78646  -21.543  -11.070  -27.544 0.0000000000
78647  -22.216  -11.757  -27.518 0.0000000000
78648  -23.558  -11.810  -27.743 0.0000000000
78649  -24.604  -11.758  -27.185 0.0000000000
78650  -25.768  -11.815  -26.200 0.0000000000
78651  -26.518  -11.540  -25.920 0.0000000000
79573  -32.659  -10.240  -20.028 0.0000000000
79574  -33.065  -10.195  -19.863 0.0000000000
79575  -33.622  -9.998  -19.814 0.0000000000
79584  -16.567  -8.782  -18.040 0.0000000000
79595  -32.059  -10.158  -20.977 0.0000000000
79596  -32.361  -10.216  -20.365 0.0000000000
79613  -31.821  -10.058  -22.403 0.0000000000
79614  -31.850  -10.163  -21.773 0.0000000000
79623  -31.210  -10.722  -23.818 0.0000000000
79624  -31.610  -10.555  -23.088 0.0000000000
79625  -31.687  -10.531  -22.360 0.0000000000
79635  -29.165  -11.133  -25.255 0.0000000000
79636  -29.691  -11.209  -24.922 0.0000000000
79637  -30.579  -11.102  -24.431 0.0000000000
79647  -27.453  -10.905  -25.689 0.0000000000
79648  -28.368  -10.949  -25.514 0.0000000000
79649  -29.380  -10.528  -25.210 0.0000000000
79650  -30.021  -10.472  -24.803 0.0000000000
79663  -23.112  -10.950  -28.382 0.0000000000
79664  -24.315  -10.783  -28.153 0.0000000000
79665  -25.483  -10.736  -27.127 0.0000000000
79666  -26.731  -10.770  -26.178 0.0000000000
79667  -27.645  -10.402  -25.805 0.0000000000
80564  -32.629  -9.833  -20.140 0.0000000000
80565  -32.887  -9.646  -19.973 0.0000000000
80566  -33.309  -9.547  -19.883 0.0000000000
80583  -32.307  -9.474  -21.439 0.0000000000
80584  -32.666  -9.441  -20.607 0.0000000000
80585  -33.194  -9.103  -20.229 0.0000000000
80601  -31.953  -9.651  -22.872 0.0000000000
80602  -32.189  -9.545  -22.164 0.0000000000
80609  -31.128  -10.247  -24.148 0.0000000000
80610  -31.598  -9.837  -23.608 0.0000000000
80617  -30.676  -9.930  -24.606 0.0000000000
80618  -31.363  -9.611  -24.215 0.0000000000
80627  -28.185  -10.006  -25.749 0.0000000000
80628  -28.985  -9.827  -25.555 0.0000000000
80629  -29.846  -9.787  -25.081 0.0000000000
80643  -25.323  -9.894  -28.176 0.0000000000
80644  -26.418  -9.832  -27.396 0.0000000000
80645  -27.637  -9.756  -26.471 0.0000000000
80646  -28.507  -9.599  -26.114 0.0000000000
81570  -32.522  -9.142  -21.959 0.0000000000
81571  -32.789  -8.742  -21.597 0.0000000000
81572  -33.083  -8.718  -20.916 0.0000000000
81587  -32.029  -9.287  -23.276 0.0000000000
81588  -32.473  -8.786  -22.731 0.0000000000
81589  -32.812  -8.307  -22.198 0.0000000000
81597  -31.872  -8.884  -23.850 0.0000000000
81598  -32.359  -8.403  -23.449 0.0000000000
81604  -30.471  -9.322  -25.115 0.0000000000
81605  -31.138  -9.088  -24.676 0.0000000000
81612  -29.016  -9.404  -26.111 0.0000000000
81613  -29.839  -9.165  -25.936 0.0000000000
81624  -27.324  -8.991  -27.712 0.0000000000
81625  -28.729  -9.080  -27.056 0.0000000000
81626  -29.886  -8.739  -27.106 0.0000000000
82534  -33.050  -8.401  -21.425 0.0000000000
82550  -32.882  -7.980  -22.724 0.0000000000
82563  -32.251  -8.018  -23.943 0.0000000000
82564  -32.633  -7.981  -23.298 0.0000000000
82570  -30.776  -8.787  -25.376 0.0000000000
82571  -31.543  -8.163  -24.952 0.0000000000
82577  -30.891  -8.351  -26.382 0.0000000000
82588  -28.076  -8.397  -28.311 0.0000000000
82589  -29.286  -8.376  -28.019 0.0000000000
