#!ascii label  , from subject bert vox2ras=TkReg
1922
1490  -2.601  -94.096  -4.101 0.0000000000
1491  -3.004  -94.000  -4.192 0.0000000000
1506  -2.655  -93.991  -4.416 0.0000000000
1507  -3.371  -94.169  -4.416 0.0000000000
1508  -4.177  -94.058  -4.528 0.0000000000
1516  -2.950  -93.839  -5.136 0.0000000000
1517  -3.770  -93.762  -5.240 0.0000000000
1518  -4.512  -93.500  -5.136 0.0000000000
1887  -2.622  -94.118  -3.619 0.0000000000
1888  -3.679  -93.825  -4.295 0.0000000000
1889  -4.587  -93.868  -4.636 0.0000000000
1901  -3.971  -93.704  -4.267 0.0000000000
1902  -4.898  -93.820  -4.672 0.0000000000
1903  -5.956  -93.143  -5.084 0.0000000000
1904  -7.019  -93.162  -5.189 0.0000000000
1914  -3.476  -93.416  -5.748 0.0000000000
1915  -4.382  -93.219  -5.764 0.0000000000
1916  -5.361  -93.089  -5.497 0.0000000000
1917  -6.399  -92.765  -5.434 0.0000000000
1918  -7.372  -92.901  -5.433 0.0000000000
1934  -3.880  -93.019  -6.191 0.0000000000
1935  -5.030  -92.726  -6.101 0.0000000000
1936  -6.146  -92.663  -5.815 0.0000000000
1937  -6.800  -92.607  -5.642 0.0000000000
1955  -4.256  -92.757  -6.477 0.0000000000
2001  -12.544  -93.188  -11.751 0.0000000000
2002  -13.062  -93.303  -11.954 0.0000000000
2003  -13.268  -93.384  -12.190 0.0000000000
2016  -12.845  -93.973  -12.301 0.0000000000
2017  -13.278  -93.966  -12.424 0.0000000000
2018  -13.373  -93.677  -12.445 0.0000000000
2034  -13.498  -94.187  -13.177 0.0000000000
2035  -13.605  -93.820  -13.019 0.0000000000
2036  -13.626  -93.749  -13.394 0.0000000000
2049  -13.657  -94.048  -13.644 0.0000000000
2050  -13.656  -93.842  -13.624 0.0000000000
2056  -13.718  -93.962  -13.878 0.0000000000
2313  -3.475  -93.856  -4.579 0.0000000000
2314  -4.331  -93.898  -4.592 0.0000000000
2325  -3.517  -93.848  -4.979 0.0000000000
2326  -4.372  -93.693  -4.826 0.0000000000
2327  -5.443  -93.640  -4.718 0.0000000000
2328  -6.856  -93.220  -4.968 0.0000000000
2329  -8.053  -92.755  -5.036 0.0000000000
2330  -9.205  -92.147  -4.952 0.0000000000
2331  -9.720  -91.863  -5.037 0.0000000000
2342  -8.150  -92.713  -5.455 0.0000000000
2343  -8.747  -92.402  -5.238 0.0000000000
2344  -9.393  -92.082  -5.254 0.0000000000
2352  -5.400  -92.676  -6.256 0.0000000000
2353  -5.929  -92.498  -6.313 0.0000000000
2354  -7.365  -92.437  -6.100 0.0000000000
2355  -8.852  -92.264  -5.716 0.0000000000
2356  -9.547  -91.958  -5.570 0.0000000000
2364  -5.207  -92.591  -6.863 0.0000000000
2365  -6.394  -92.112  -6.845 0.0000000000
2366  -7.294  -92.238  -6.838 0.0000000000
2376  -5.739  -91.903  -7.568 0.0000000000
2377  -6.542  -92.030  -7.454 0.0000000000
2385  -12.115  -91.997  -9.654 0.0000000000
2386  -12.644  -92.179  -9.728 0.0000000000
2387  -12.859  -92.168  -10.030 0.0000000000
2388  -12.919  -92.374  -10.193 0.0000000000
2394  -10.244  -92.115  -10.520 0.0000000000
2395  -11.156  -92.114  -10.419 0.0000000000
2396  -11.849  -92.201  -10.364 0.0000000000
2397  -12.400  -92.371  -10.424 0.0000000000
2398  -12.802  -92.598  -10.544 0.0000000000
2399  -12.878  -92.778  -10.658 0.0000000000
2412  -11.498  -92.545  -11.020 0.0000000000
2413  -12.171  -92.703  -11.014 0.0000000000
2414  -12.724  -92.897  -11.192 0.0000000000
2415  -13.086  -93.099  -11.572 0.0000000000
2427  -13.315  -93.555  -12.054 0.0000000000
2434  -13.426  -93.495  -12.664 0.0000000000
2435  -13.570  -93.553  -13.239 0.0000000000
2440  -13.557  -93.644  -13.751 0.0000000000
2748  -3.857  -93.754  -5.126 0.0000000000
2749  -4.211  -93.501  -5.203 0.0000000000
2750  -5.387  -93.145  -5.189 0.0000000000
2751  -6.611  -93.225  -4.823 0.0000000000
2752  -7.825  -92.817  -4.900 0.0000000000
2753  -9.053  -91.985  -4.774 0.0000000000
2754  -10.160  -91.514  -4.828 0.0000000000
2755  -10.925  -91.163  -4.827 0.0000000000
2762  -3.684  -93.389  -5.346 0.0000000000
2763  -4.780  -92.886  -5.822 0.0000000000
2764  -5.378  -92.872  -5.610 0.0000000000
2765  -10.074  -91.705  -5.362 0.0000000000
2766  -10.812  -91.346  -5.169 0.0000000000
2773  -4.075  -92.826  -6.224 0.0000000000
2774  -7.923  -92.178  -6.775 0.0000000000
2775  -8.673  -92.073  -6.482 0.0000000000
2776  -9.756  -91.823  -6.119 0.0000000000
2777  -10.976  -91.476  -5.907 0.0000000000
2778  -11.862  -91.257  -6.187 0.0000000000
2779  -12.153  -91.116  -6.285 0.0000000000
2785  -7.018  -92.143  -7.252 0.0000000000
2786  -7.656  -92.030  -7.303 0.0000000000
2787  -8.489  -91.878  -7.255 0.0000000000
2788  -9.450  -91.734  -7.115 0.0000000000
2789  -10.497  -91.596  -6.975 0.0000000000
2790  -11.432  -91.392  -6.941 0.0000000000
2791  -12.161  -91.146  -6.910 0.0000000000
2792  -12.387  -91.313  -7.295 0.0000000000
2796  -6.398  -91.969  -7.843 0.0000000000
2797  -7.072  -91.996  -7.879 0.0000000000
2798  -8.055  -91.781  -8.015 0.0000000000
2799  -9.048  -91.707  -8.042 0.0000000000
2800  -10.046  -91.527  -8.012 0.0000000000
2801  -10.960  -91.290  -7.982 0.0000000000
2802  -11.646  -91.400  -7.926 0.0000000000
2803  -12.152  -91.604  -7.952 0.0000000000
2804  -12.535  -91.596  -8.056 0.0000000000
2812  -7.449  -91.791  -8.820 0.0000000000
2813  -8.517  -91.670  -8.940 0.0000000000
2814  -9.519  -91.428  -8.983 0.0000000000
2815  -10.438  -91.625  -8.851 0.0000000000
2816  -11.240  -91.653  -8.770 0.0000000000
2817  -11.852  -91.679  -8.818 0.0000000000
2818  -12.376  -91.831  -8.880 0.0000000000
2819  -12.843  -91.802  -9.030 0.0000000000
2820  -12.830  -92.032  -9.850 0.0000000000
2830  -8.925  -91.544  -9.889 0.0000000000
2831  -9.811  -91.822  -9.714 0.0000000000
2832  -10.779  -91.855  -9.647 0.0000000000
2833  -11.539  -91.905  -9.612 0.0000000000
2834  -12.964  -92.521  -10.400 0.0000000000
2845  -13.056  -92.827  -11.261 0.0000000000
2846  -13.006  -93.165  -11.135 0.0000000000
2849  -12.570  -92.971  -11.760 0.0000000000
2850  -12.824  -93.256  -11.871 0.0000000000
2851  -13.213  -93.242  -11.946 0.0000000000
2854  -11.744  -92.839  -12.132 0.0000000000
2855  -12.261  -92.837  -12.197 0.0000000000
2856  -12.913  -92.862  -12.670 0.0000000000
2857  -13.376  -93.148  -13.002 0.0000000000
2858  -13.479  -93.398  -13.635 0.0000000000
2863  -11.824  -92.656  -12.892 0.0000000000
2864  -12.520  -92.691  -13.367 0.0000000000
3220  -10.031  -90.952  -4.453 0.0000000000
3221  -10.715  -90.625  -4.437 0.0000000000
3222  -11.320  -90.269  -4.357 0.0000000000
3229  -6.461  -92.871  -5.229 0.0000000000
3230  -7.466  -92.736  -5.268 0.0000000000
3231  -8.502  -91.864  -4.753 0.0000000000
3232  -9.457  -91.391  -4.603 0.0000000000
3233  -10.126  -91.205  -4.542 0.0000000000
3234  -11.256  -90.745  -4.566 0.0000000000
3235  -12.007  -90.431  -4.617 0.0000000000
3236  -12.223  -90.278  -4.672 0.0000000000
3242  -5.201  -92.566  -6.383 0.0000000000
3243  -5.850  -92.662  -5.897 0.0000000000
3244  -7.054  -92.272  -5.266 0.0000000000
3245  -7.741  -92.018  -4.866 0.0000000000
3246  -11.347  -91.099  -5.010 0.0000000000
3247  -11.853  -90.840  -5.035 0.0000000000
3248  -12.172  -90.483  -5.042 0.0000000000
3256  -4.554  -92.529  -6.908 0.0000000000
3257  -5.530  -92.376  -6.671 0.0000000000
3258  -11.233  -91.258  -5.356 0.0000000000
3259  -11.652  -91.165  -5.507 0.0000000000
3260  -12.163  -90.957  -5.840 0.0000000000
3268  -5.313  -92.204  -7.374 0.0000000000
3269  -12.355  -90.863  -6.549 0.0000000000
3270  -12.604  -91.308  -7.122 0.0000000000
3278  -12.815  -91.604  -7.931 0.0000000000
3285  -12.554  -91.689  -8.574 0.0000000000
3286  -12.675  -91.939  -9.345 0.0000000000
3290  -11.288  -91.800  -9.298 0.0000000000
3291  -11.877  -91.830  -9.437 0.0000000000
3292  -12.401  -91.932  -9.381 0.0000000000
3293  -12.831  -92.134  -10.057 0.0000000000
3296  -9.732  -92.116  -10.902 0.0000000000
3297  -10.581  -92.124  -10.626 0.0000000000
3298  -11.476  -92.068  -10.328 0.0000000000
3299  -12.270  -92.295  -10.354 0.0000000000
3300  -12.726  -92.489  -10.455 0.0000000000
3301  -12.952  -92.634  -10.682 0.0000000000
3306  -10.405  -92.487  -11.577 0.0000000000
3307  -11.282  -92.588  -11.315 0.0000000000
3308  -12.017  -92.778  -11.200 0.0000000000
3309  -12.560  -92.795  -11.148 0.0000000000
3319  -11.101  -92.963  -12.127 0.0000000000
3320  -11.685  -92.971  -11.688 0.0000000000
3766  -10.344  -90.551  -4.485 0.0000000000
3767  -11.017  -89.976  -4.313 0.0000000000
3768  -11.661  -89.919  -4.181 0.0000000000
3769  -11.887  -89.971  -4.111 0.0000000000
3777  -8.736  -91.364  -4.769 0.0000000000
3778  -9.428  -90.900  -4.627 0.0000000000
3779  -10.322  -90.199  -4.559 0.0000000000
3780  -11.684  -90.178  -4.278 0.0000000000
3781  -11.932  -90.122  -4.283 0.0000000000
3782  -12.232  -90.107  -4.441 0.0000000000
3791  -6.075  -92.399  -6.396 0.0000000000
3792  -6.785  -92.088  -6.043 0.0000000000
3793  -8.191  -91.263  -5.286 0.0000000000
3794  -9.293  -90.322  -5.238 0.0000000000
3795  -12.323  -90.081  -4.792 0.0000000000
3801  -6.196  -91.978  -6.792 0.0000000000
3802  -7.221  -91.010  -6.446 0.0000000000
3803  -8.160  -90.436  -6.226 0.0000000000
3804  -12.231  -90.305  -5.553 0.0000000000
3811  -5.115  -91.763  -7.955 0.0000000000
3812  -6.129  -91.021  -7.524 0.0000000000
3813  -7.139  -90.454  -7.095 0.0000000000
3814  -12.354  -90.982  -6.774 0.0000000000
3815  -12.570  -91.355  -7.383 0.0000000000
3826  -5.431  -91.165  -8.089 0.0000000000
3827  -11.697  -90.915  -7.403 0.0000000000
3828  -12.107  -91.308  -7.404 0.0000000000
3829  -12.401  -91.439  -7.695 0.0000000000
3837  -10.039  -90.971  -8.572 0.0000000000
3838  -10.668  -91.348  -8.176 0.0000000000
3839  -11.307  -91.352  -8.075 0.0000000000
3840  -11.880  -91.477  -8.031 0.0000000000
3841  -12.228  -91.649  -8.232 0.0000000000
3843  -8.759  -91.340  -9.646 0.0000000000
3844  -9.562  -91.574  -9.347 0.0000000000
3845  -10.330  -91.647  -9.009 0.0000000000
3846  -10.941  -91.610  -8.749 0.0000000000
3847  -11.556  -91.537  -8.678 0.0000000000
3848  -12.056  -91.650  -8.695 0.0000000000
3855  -9.093  -91.775  -10.442 0.0000000000
3856  -9.990  -91.848  -9.940 0.0000000000
3857  -10.736  -91.830  -9.601 0.0000000000
4313  -11.232  -89.463  -4.436 0.0000000000
4314  -11.676  -89.299  -4.309 0.0000000000
4315  -11.992  -89.686  -4.154 0.0000000000
4316  -12.194  -89.645  -4.284 0.0000000000
4325  -9.952  -90.049  -4.863 0.0000000000
4326  -10.728  -89.432  -4.786 0.0000000000
4327  -11.361  -89.061  -4.610 0.0000000000
4328  -12.172  -89.889  -4.249 0.0000000000
4329  -12.304  -89.662  -4.471 0.0000000000
4336  -8.513  -89.657  -6.578 0.0000000000
4337  -8.780  -89.899  -6.172 0.0000000000
4338  -9.912  -89.360  -5.570 0.0000000000
4339  -10.686  -88.703  -5.539 0.0000000000
4340  -12.404  -89.535  -4.895 0.0000000000
4346  -8.017  -89.952  -6.767 0.0000000000
4347  -8.381  -90.107  -6.418 0.0000000000
4348  -12.297  -89.380  -5.179 0.0000000000
4357  -6.168  -89.940  -8.043 0.0000000000
4358  -7.019  -89.757  -7.535 0.0000000000
4359  -11.104  -89.168  -6.144 0.0000000000
4360  -11.656  -89.581  -5.886 0.0000000000
4361  -12.080  -89.848  -5.679 0.0000000000
4371  -5.491  -90.478  -8.255 0.0000000000
4372  -10.091  -89.473  -7.337 0.0000000000
4373  -10.744  -89.806  -6.937 0.0000000000
4374  -11.416  -90.152  -6.723 0.0000000000
4375  -11.918  -90.567  -6.587 0.0000000000
4384  -8.983  -89.697  -8.506 0.0000000000
4385  -9.680  -90.074  -8.101 0.0000000000
4386  -10.402  -90.449  -7.744 0.0000000000
4387  -11.070  -90.741  -7.483 0.0000000000
4395  -8.272  -90.256  -9.443 0.0000000000
4396  -9.246  -90.669  -8.937 0.0000000000
4891  -11.932  -88.638  -4.376 0.0000000000
4892  -12.035  -89.014  -4.266 0.0000000000
4893  -12.181  -89.298  -4.325 0.0000000000
4902  -11.270  -88.593  -5.218 0.0000000000
4903  -11.701  -88.402  -4.683 0.0000000000
4904  -12.339  -88.911  -4.638 0.0000000000
4905  -12.351  -88.317  -4.861 0.0000000000
4915  -8.574  -89.071  -6.749 0.0000000000
4916  -9.437  -88.799  -6.383 0.0000000000
4917  -10.247  -88.322  -6.089 0.0000000000
4918  -10.976  -87.986  -5.794 0.0000000000
4919  -12.367  -88.772  -4.937 0.0000000000
4920  -12.347  -88.103  -4.992 0.0000000000
4932  -7.717  -88.927  -7.299 0.0000000000
4933  -12.034  -87.733  -5.259 0.0000000000
4934  -12.215  -88.373  -5.111 0.0000000000
4935  -12.320  -87.831  -5.030 0.0000000000
4947  -6.459  -88.952  -8.075 0.0000000000
4948  -7.112  -88.880  -7.684 0.0000000000
4949  -10.866  -88.374  -5.783 0.0000000000
4950  -11.441  -88.428  -5.307 0.0000000000
4951  -11.925  -89.087  -5.409 0.0000000000
4966  -5.435  -89.353  -8.485 0.0000000000
4967  -9.894  -88.661  -7.140 0.0000000000
4968  -10.357  -88.726  -6.440 0.0000000000
4979  -8.881  -89.035  -8.199 0.0000000000
4980  -9.349  -89.092  -7.717 0.0000000000
4994  -8.371  -89.050  -8.707 0.0000000000
5564  -11.950  -88.059  -4.637 0.0000000000
5565  -12.038  -88.346  -4.495 0.0000000000
5566  -12.165  -88.725  -4.427 0.0000000000
5576  -11.449  -87.775  -5.313 0.0000000000
5577  -11.716  -87.240  -4.957 0.0000000000
5578  -12.004  -87.497  -4.812 0.0000000000
5579  -12.176  -87.985  -4.753 0.0000000000
5580  -12.277  -87.790  -4.923 0.0000000000
5591  -8.857  -88.150  -6.534 0.0000000000
5592  -9.503  -87.746  -6.290 0.0000000000
5593  -10.137  -87.110  -5.832 0.0000000000
5594  -11.054  -87.195  -5.529 0.0000000000
5595  -11.504  -87.205  -5.400 0.0000000000
5596  -12.306  -87.574  -5.019 0.0000000000
5609  -8.080  -87.950  -6.981 0.0000000000
5610  -8.671  -87.201  -6.505 0.0000000000
5611  -9.342  -86.911  -6.120 0.0000000000
5612  -12.032  -87.409  -5.285 0.0000000000
5613  -12.172  -87.229  -5.187 0.0000000000
5614  -12.313  -87.344  -5.028 0.0000000000
5630  -5.478  -87.991  -8.236 0.0000000000
5631  -6.965  -87.893  -7.587 0.0000000000
5632  -11.178  -87.779  -5.632 0.0000000000
5633  -11.683  -87.270  -5.343 0.0000000000
5634  -12.126  -86.675  -5.561 0.0000000000
5648  -4.952  -88.745  -8.587 0.0000000000
5649  -10.211  -87.692  -6.956 0.0000000000
5650  -10.751  -87.729  -6.170 0.0000000000
5656  -8.921  -88.206  -8.052 0.0000000000
5657  -9.567  -88.179  -7.436 0.0000000000
5670  -7.885  -88.349  -8.942 0.0000000000
5671  -8.389  -88.307  -8.527 0.0000000000
6234  -11.310  -86.098  -4.951 0.0000000000
6235  -11.754  -86.442  -4.926 0.0000000000
6236  -12.109  -86.787  -4.917 0.0000000000
6237  -12.215  -87.406  -4.911 0.0000000000
6251  -8.935  -85.209  -5.213 0.0000000000
6252  -9.635  -85.943  -5.375 0.0000000000
6253  -10.541  -86.356  -5.322 0.0000000000
6254  -11.210  -86.621  -5.219 0.0000000000
6255  -12.225  -86.524  -4.971 0.0000000000
6256  -12.260  -87.057  -5.009 0.0000000000
6274  -5.526  -86.157  -6.784 0.0000000000
6275  -7.237  -86.645  -6.790 0.0000000000
6276  -8.633  -86.130  -5.786 0.0000000000
6277  -9.456  -86.527  -5.767 0.0000000000
6278  -12.222  -86.531  -5.320 0.0000000000
6279  -12.236  -86.688  -5.127 0.0000000000
6296  -4.823  -86.700  -7.566 0.0000000000
6297  -6.209  -87.063  -7.460 0.0000000000
6298  -6.870  -87.144  -7.378 0.0000000000
6299  -11.463  -86.976  -6.157 0.0000000000
6300  -11.970  -86.410  -5.999 0.0000000000
6301  -12.222  -86.074  -5.786 0.0000000000
6309  -10.339  -86.751  -7.198 0.0000000000
6310  -10.876  -86.744  -6.690 0.0000000000
6317  -9.000  -87.147  -8.111 0.0000000000
6318  -9.631  -87.196  -7.566 0.0000000000
6338  -7.787  -87.382  -8.964 0.0000000000
6339  -8.425  -87.635  -8.503 0.0000000000
6865  -9.312  -83.759  -2.996 0.0000000000
6866  -9.557  -83.819  -3.114 0.0000000000
6872  -8.242  -83.883  -3.618 0.0000000000
6873  -8.595  -83.861  -3.628 0.0000000000
6874  -9.320  -83.895  -3.516 0.0000000000
6875  -10.129  -84.133  -3.786 0.0000000000
6876  -10.838  -84.794  -4.299 0.0000000000
6877  -11.322  -85.161  -4.577 0.0000000000
6883  -3.343  -84.166  -4.865 0.0000000000
6884  -4.528  -84.367  -4.607 0.0000000000
6885  -5.776  -84.203  -4.559 0.0000000000
6886  -6.939  -84.087  -4.427 0.0000000000
6887  -8.025  -84.008  -4.052 0.0000000000
6888  -8.961  -84.232  -4.214 0.0000000000
6889  -9.778  -84.506  -4.279 0.0000000000
6890  -10.656  -85.146  -4.568 0.0000000000
6891  -11.302  -85.512  -4.735 0.0000000000
6892  -11.726  -85.679  -4.851 0.0000000000
6902  -3.955  -84.663  -5.506 0.0000000000
6903  -5.274  -84.709  -5.352 0.0000000000
6904  -6.581  -84.569  -5.233 0.0000000000
6905  -7.688  -84.408  -5.012 0.0000000000
6906  -8.585  -84.496  -4.822 0.0000000000
6907  -9.392  -84.823  -4.870 0.0000000000
6908  -10.164  -85.430  -4.882 0.0000000000
6909  -10.815  -85.894  -5.012 0.0000000000
6910  -12.104  -85.809  -5.049 0.0000000000
6911  -12.227  -86.393  -5.158 0.0000000000
6921  -4.615  -85.282  -6.108 0.0000000000
6922  -6.122  -85.478  -5.961 0.0000000000
6923  -7.428  -85.409  -5.601 0.0000000000
6924  -8.267  -85.075  -5.237 0.0000000000
6925  -12.086  -85.391  -5.797 0.0000000000
6926  -12.210  -85.682  -5.455 0.0000000000
6927  -12.279  -86.157  -5.192 0.0000000000
6934  -11.491  -86.095  -6.482 0.0000000000
6935  -11.995  -85.684  -6.084 0.0000000000
6936  -12.207  -85.669  -5.810 0.0000000000
6946  -10.645  -86.119  -7.067 0.0000000000
6947  -11.021  -86.141  -6.755 0.0000000000
6966  -9.391  -86.370  -7.900 0.0000000000
6967  -10.050  -86.217  -7.472 0.0000000000
6988  -7.735  -86.473  -8.937 0.0000000000
6989  -8.591  -86.551  -8.483 0.0000000000
7521  -1.129  -82.895  0.807 0.0000000000
7531  -1.551  -82.617  0.345 0.0000000000
7539  -1.978  -83.039  -0.742 0.0000000000
7540  -2.948  -82.993  -0.908 0.0000000000
7541  -7.909  -82.786  -1.787 0.0000000000
7542  -8.469  -82.896  -1.667 0.0000000000
7543  -8.833  -83.045  -1.656 0.0000000000
7544  -9.256  -83.093  -1.773 0.0000000000
7545  -9.799  -82.940  -1.830 0.0000000000
7552  -1.851  -83.462  -2.229 0.0000000000
7553  -3.232  -83.147  -1.834 0.0000000000
7554  -4.745  -83.155  -2.108 0.0000000000
7555  -5.954  -83.333  -2.220 0.0000000000
7556  -6.952  -83.173  -2.448 0.0000000000
7557  -7.702  -83.112  -2.539 0.0000000000
7558  -8.322  -83.256  -2.414 0.0000000000
7559  -8.836  -83.216  -2.421 0.0000000000
7560  -9.177  -83.409  -2.580 0.0000000000
7561  -9.864  -83.695  -2.720 0.0000000000
7566  -2.734  -83.950  -3.332 0.0000000000
7567  -4.043  -83.226  -3.137 0.0000000000
7568  -5.406  -83.432  -3.055 0.0000000000
7569  -6.533  -83.418  -3.101 0.0000000000
7570  -7.388  -83.429  -3.104 0.0000000000
7571  -8.109  -83.587  -3.253 0.0000000000
7572  -8.768  -83.579  -3.021 0.0000000000
7573  -9.092  -83.622  -2.885 0.0000000000
7574  -10.536  -84.100  -3.833 0.0000000000
7575  -11.112  -84.696  -4.480 0.0000000000
7576  -11.530  -85.143  -4.665 0.0000000000
7580  -3.018  -84.076  -4.296 0.0000000000
7581  -3.777  -84.060  -3.932 0.0000000000
7582  -4.957  -83.918  -3.816 0.0000000000
7583  -6.166  -83.694  -3.830 0.0000000000
7584  -7.139  -83.769  -3.653 0.0000000000
7585  -7.687  -83.820  -3.436 0.0000000000
7586  -11.327  -84.850  -4.583 0.0000000000
7587  -11.720  -85.115  -4.796 0.0000000000
7592  -11.726  -84.788  -5.075 0.0000000000
7593  -11.822  -84.991  -4.972 0.0000000000
7596  -10.669  -84.517  -6.019 0.0000000000
7597  -11.019  -84.609  -5.901 0.0000000000
7598  -11.751  -84.899  -5.455 0.0000000000
7599  -12.095  -85.279  -5.198 0.0000000000
7605  -3.724  -85.225  -6.465 0.0000000000
7606  -9.699  -84.498  -6.557 0.0000000000
7607  -10.367  -84.680  -6.407 0.0000000000
7608  -11.292  -85.260  -6.293 0.0000000000
7609  -11.869  -85.284  -5.943 0.0000000000
7619  -4.368  -85.425  -6.810 0.0000000000
7620  -5.535  -84.930  -7.430 0.0000000000
7621  -6.747  -84.685  -7.721 0.0000000000
7622  -7.951  -84.640  -7.707 0.0000000000
7623  -9.218  -84.769  -7.233 0.0000000000
7624  -10.239  -85.431  -7.157 0.0000000000
7625  -10.951  -85.735  -6.739 0.0000000000
7639  -4.685  -85.580  -7.852 0.0000000000
7640  -5.897  -85.414  -8.294 0.0000000000
7641  -7.170  -85.206  -8.500 0.0000000000
7642  -8.294  -85.208  -8.204 0.0000000000
7643  -9.152  -85.614  -7.934 0.0000000000
7644  -9.737  -85.831  -7.638 0.0000000000
7657  -6.390  -85.749  -8.844 0.0000000000
7658  -6.893  -85.862  -9.034 0.0000000000
7659  -7.592  -85.777  -8.800 0.0000000000
7660  -8.323  -85.822  -8.546 0.0000000000
8069  -4.920  -82.057  6.457 0.0000000000
8070  -5.255  -82.134  6.614 0.0000000000
8074  -4.232  -81.878  5.193 0.0000000000
8075  -4.876  -82.210  5.949 0.0000000000
8076  -5.843  -82.447  6.414 0.0000000000
8077  -6.619  -82.341  6.494 0.0000000000
8081  -3.173  -81.680  4.331 0.0000000000
8082  -4.103  -81.843  4.436 0.0000000000
8083  -4.803  -82.409  5.010 0.0000000000
8084  -5.578  -82.647  5.482 0.0000000000
8085  -6.437  -82.503  5.809 0.0000000000
8089  -1.947  -81.448  3.458 0.0000000000
8090  -2.711  -81.825  3.520 0.0000000000
8091  -3.688  -81.979  3.677 0.0000000000
8092  -4.627  -82.392  4.107 0.0000000000
8093  -5.442  -82.522  4.592 0.0000000000
8094  -6.196  -82.439  4.906 0.0000000000
8104  -0.953  -82.532  2.555 0.0000000000
8105  -1.752  -81.858  2.727 0.0000000000
8106  -2.421  -81.888  2.849 0.0000000000
8107  -3.301  -82.103  2.879 0.0000000000
8108  -4.287  -82.317  3.122 0.0000000000
8109  -5.542  -82.338  3.532 0.0000000000
8110  -5.974  -82.409  4.248 0.0000000000
8123  -1.032  -82.676  1.693 0.0000000000
8124  -1.644  -82.126  1.869 0.0000000000
8125  -2.262  -82.090  2.100 0.0000000000
8126  -2.946  -82.278  2.355 0.0000000000
8127  -3.803  -81.960  2.201 0.0000000000
8128  -4.913  -82.342  2.371 0.0000000000
8137  -1.045  -82.743  1.210 0.0000000000
8138  -1.474  -82.373  1.137 0.0000000000
8139  -2.094  -82.210  1.361 0.0000000000
8140  -3.038  -82.539  1.628 0.0000000000
8141  -4.211  -82.191  1.422 0.0000000000
8142  -5.406  -82.337  1.409 0.0000000000
8143  -8.600  -81.815  0.705 0.0000000000
8144  -8.812  -81.772  0.584 0.0000000000
8150  -1.883  -82.492  0.814 0.0000000000
8151  -2.530  -82.525  0.794 0.0000000000
8152  -3.554  -82.442  0.632 0.0000000000
8153  -4.676  -82.394  0.509 0.0000000000
8154  -5.898  -82.475  0.392 0.0000000000
8155  -6.790  -82.412  0.011 0.0000000000
8156  -7.610  -82.371  0.027 0.0000000000
8157  -8.402  -82.095  0.291 0.0000000000
8158  -8.894  -82.013  -0.080 0.0000000000
8159  -9.109  -82.078  -0.363 0.0000000000
8160  -9.163  -82.216  -0.516 0.0000000000
8167  -2.093  -82.670  0.255 0.0000000000
8168  -2.979  -82.818  -0.133 0.0000000000
8169  -3.987  -82.563  -0.299 0.0000000000
8170  -5.086  -82.626  -0.420 0.0000000000
8171  -6.189  -82.690  -0.638 0.0000000000
8172  -7.243  -82.725  -0.935 0.0000000000
8173  -8.094  -82.593  -0.822 0.0000000000
8174  -8.641  -82.299  -0.955 0.0000000000
8175  -8.964  -82.586  -0.923 0.0000000000
8176  -9.238  -82.630  -0.988 0.0000000000
8177  -9.038  -82.277  -0.688 0.0000000000
8184  -3.499  -82.802  -0.907 0.0000000000
8185  -4.281  -82.718  -1.185 0.0000000000
8186  -5.473  -82.971  -1.333 0.0000000000
8187  -6.544  -83.010  -1.563 0.0000000000
8188  -7.313  -83.021  -1.846 0.0000000000
8189  -9.471  -83.096  -2.074 0.0000000000
8193  -10.319  -84.074  -3.223 0.0000000000
8194  -10.757  -84.276  -4.007 0.0000000000
8198  -10.403  -84.087  -4.007 0.0000000000
8199  -10.758  -84.184  -4.061 0.0000000000
8200  -10.996  -84.622  -4.289 0.0000000000
8201  -11.528  -85.023  -4.641 0.0000000000
8207  -2.907  -84.087  -4.460 0.0000000000
8208  -7.098  -84.052  -4.447 0.0000000000
8209  -8.050  -84.178  -4.469 0.0000000000
8210  -8.920  -84.385  -4.499 0.0000000000
8211  -9.777  -84.265  -4.686 0.0000000000
8212  -10.495  -84.210  -4.717 0.0000000000
8213  -10.949  -84.309  -4.662 0.0000000000
8214  -11.359  -84.617  -4.829 0.0000000000
8215  -11.414  -84.833  -4.714 0.0000000000
8220  -2.880  -84.449  -5.127 0.0000000000
8221  -4.053  -84.289  -5.292 0.0000000000
8222  -5.214  -84.114  -5.296 0.0000000000
8223  -6.415  -83.921  -5.166 0.0000000000
8224  -7.538  -84.228  -5.173 0.0000000000
8225  -8.527  -84.393  -5.238 0.0000000000
8226  -9.496  -84.301  -5.455 0.0000000000
8227  -10.403  -84.359  -5.592 0.0000000000
8228  -11.071  -84.399  -5.252 0.0000000000
8229  -11.343  -84.508  -5.059 0.0000000000
8235  -3.411  -84.868  -5.955 0.0000000000
8236  -4.525  -85.035  -5.929 0.0000000000
8237  -5.756  -84.271  -6.039 0.0000000000
8238  -6.924  -84.082  -6.084 0.0000000000
8239  -8.026  -84.221  -6.137 0.0000000000
8240  -9.104  -84.301  -6.312 0.0000000000
8241  -9.879  -84.325  -6.124 0.0000000000
8250  -4.483  -84.976  -6.416 0.0000000000
8251  -5.128  -84.713  -6.636 0.0000000000
8252  -6.260  -84.357  -6.878 0.0000000000
8253  -7.424  -84.283  -6.969 0.0000000000
8254  -8.400  -84.382  -6.931 0.0000000000
8671  -6.433  -80.807  9.632 0.0000000000
8672  -6.679  -80.834  9.677 0.0000000000
8678  -5.386  -80.781  8.566 0.0000000000
8679  -6.021  -80.924  9.008 0.0000000000
8680  -6.730  -81.008  9.190 0.0000000000
8681  -7.121  -81.074  9.095 0.0000000000
8687  -4.818  -80.724  7.732 0.0000000000
8688  -5.526  -81.311  8.002 0.0000000000
8689  -6.337  -81.394  8.269 0.0000000000
8690  -7.191  -81.289  8.476 0.0000000000
8691  -7.722  -81.205  8.117 0.0000000000
8697  -4.135  -80.393  6.613 0.0000000000
8698  -4.878  -81.537  6.866 0.0000000000
8699  -5.839  -81.938  7.297 0.0000000000
8700  -6.728  -81.754  7.611 0.0000000000
8701  -7.475  -81.485  7.619 0.0000000000
8705  -3.136  -80.487  5.649 0.0000000000
8706  -3.942  -80.911  5.714 0.0000000000
8707  -4.725  -81.816  6.279 0.0000000000
8708  -6.428  -82.171  6.971 0.0000000000
8709  -7.077  -81.999  6.970 0.0000000000
8710  -7.872  -81.545  6.807 0.0000000000
8711  -8.550  -81.408  6.349 0.0000000000
8714  -1.677  -80.849  5.019 0.0000000000
8715  -2.743  -80.994  5.131 0.0000000000
8716  -3.647  -81.378  4.895 0.0000000000
8717  -7.210  -82.161  6.205 0.0000000000
8718  -7.955  -81.721  5.813 0.0000000000
8719  -8.910  -81.420  5.537 0.0000000000
8720  -9.659  -81.309  5.077 0.0000000000
8724  -1.790  -81.126  4.241 0.0000000000
8725  -2.392  -81.395  4.094 0.0000000000
8726  -7.103  -82.154  5.241 0.0000000000
8727  -8.013  -81.708  4.738 0.0000000000
8728  -9.047  -81.457  4.430 0.0000000000
8729  -10.047  -81.307  4.295 0.0000000000
8730  -10.665  -81.194  3.988 0.0000000000
8738  -6.176  -82.107  3.295 0.0000000000
8739  -6.747  -81.907  3.856 0.0000000000
8740  -8.201  -81.532  3.569 0.0000000000
8741  -9.279  -81.458  3.372 0.0000000000
8742  -10.112  -81.311  3.275 0.0000000000
8743  -10.787  -81.087  3.402 0.0000000000
8744  -11.042  -80.889  3.305 0.0000000000
8755  -6.228  -82.007  2.485 0.0000000000
8756  -7.488  -81.647  2.583 0.0000000000
8757  -8.560  -81.603  2.431 0.0000000000
8758  -9.383  -81.476  2.274 0.0000000000
8759  -10.073  -81.248  2.387 0.0000000000
8760  -10.621  -81.011  2.676 0.0000000000
8761  -10.946  -80.804  2.933 0.0000000000
8771  -6.419  -82.222  1.193 0.0000000000
8772  -7.190  -81.915  1.563 0.0000000000
8773  -8.033  -81.796  1.603 0.0000000000
8774  -8.686  -81.728  1.229 0.0000000000
8775  -9.240  -81.591  1.014 0.0000000000
8776  -9.940  -81.116  1.688 0.0000000000
8777  -10.563  -80.928  2.343 0.0000000000
8784  -6.578  -82.326  0.577 0.0000000000
8785  -7.093  -82.200  0.704 0.0000000000
8786  -7.792  -82.022  0.856 0.0000000000
8787  -8.251  -81.871  0.983 0.0000000000
8788  -8.965  -81.855  0.100 0.0000000000
8789  -9.140  -81.714  0.087 0.0000000000
8790  -8.964  -82.090  -0.460 0.0000000000
8797  -9.319  -82.437  -0.769 0.0000000000
8798  -9.182  -82.179  -0.517 0.0000000000
8809  -9.151  -83.145  -1.955 0.0000000000
8810  -9.172  -82.959  -1.569 0.0000000000
8823  -7.205  -82.899  -2.364 0.0000000000
8824  -7.768  -83.078  -2.483 0.0000000000
8825  -8.403  -83.299  -2.504 0.0000000000
8826  -9.011  -83.224  -2.463 0.0000000000
8827  -9.613  -83.428  -2.549 0.0000000000
8834  -3.706  -83.279  -3.053 0.0000000000
8835  -4.951  -83.002  -3.442 0.0000000000
8836  -5.981  -83.040  -3.456 0.0000000000
8837  -6.979  -83.287  -2.957 0.0000000000
8838  -8.030  -83.457  -3.137 0.0000000000
8839  -8.783  -83.634  -3.221 0.0000000000
8840  -9.569  -83.758  -3.434 0.0000000000
8841  -10.260  -83.838  -3.359 0.0000000000
8847  -3.068  -83.976  -3.752 0.0000000000
8848  -4.241  -83.435  -4.031 0.0000000000
8849  -5.400  -83.438  -4.119 0.0000000000
8850  -6.489  -83.764  -3.934 0.0000000000
8851  -7.533  -83.828  -3.782 0.0000000000
8852  -8.477  -83.905  -3.882 0.0000000000
8853  -9.240  -84.098  -3.940 0.0000000000
8854  -9.870  -84.311  -4.030 0.0000000000
8858  -3.623  -83.887  -4.630 0.0000000000
8859  -4.744  -84.074  -4.539 0.0000000000
8860  -5.794  -84.050  -4.464 0.0000000000
8861  -6.458  -84.003  -4.430 0.0000000000
9362  -6.827  -80.258  11.334 0.0000000000
9363  -7.308  -80.166  11.306 0.0000000000
9364  -7.612  -80.040  11.224 0.0000000000
9379  -5.864  -80.258  10.565 0.0000000000
9380  -6.381  -80.416  10.891 0.0000000000
9381  -7.051  -80.508  10.919 0.0000000000
9382  -7.765  -80.228  10.850 0.0000000000
9383  -8.498  -80.054  10.424 0.0000000000
9384  -8.869  -79.978  10.189 0.0000000000
9391  -5.496  -80.139  9.805 0.0000000000
9392  -6.058  -80.595  9.997 0.0000000000
9393  -6.751  -80.767  10.131 0.0000000000
9394  -7.447  -80.622  10.225 0.0000000000
9395  -8.179  -80.412  10.073 0.0000000000
9396  -8.862  -80.147  9.887 0.0000000000
9397  -9.129  -80.224  9.447 0.0000000000
9403  -4.936  -80.082  8.657 0.0000000000
9404  -5.600  -80.548  9.252 0.0000000000
9405  -6.914  -80.899  9.666 0.0000000000
9406  -7.164  -80.891  9.579 0.0000000000
9407  -7.803  -80.724  9.499 0.0000000000
9408  -8.622  -80.510  9.299 0.0000000000
9409  -9.392  -80.322  8.931 0.0000000000
9410  -9.946  -80.253  8.558 0.0000000000
9416  -3.996  -79.826  7.506 0.0000000000
9417  -7.438  -80.978  9.065 0.0000000000
9418  -7.974  -80.907  8.646 0.0000000000
9419  -8.845  -80.718  8.388 0.0000000000
9420  -9.643  -80.567  8.139 0.0000000000
9421  -10.388  -80.332  7.964 0.0000000000
9422  -10.913  -80.203  7.697 0.0000000000
9428  -3.122  -79.723  6.294 0.0000000000
9429  -3.518  -79.806  6.497 0.0000000000
9430  -8.237  -81.122  7.725 0.0000000000
9431  -9.117  -80.908  7.522 0.0000000000
9432  -9.966  -80.732  7.295 0.0000000000
9433  -10.859  -80.429  7.067 0.0000000000
9434  -11.171  -80.153  7.401 0.0000000000
9439  -1.861  -80.265  6.060 0.0000000000
9440  -3.045  -80.078  5.924 0.0000000000
9441  -3.666  -80.216  6.130 0.0000000000
9442  -8.631  -81.221  6.997 0.0000000000
9443  -9.322  -81.112  6.556 0.0000000000
9444  -10.221  -80.813  6.349 0.0000000000
9445  -10.996  -80.595  6.079 0.0000000000
9446  -11.436  -80.412  5.746 0.0000000000
9450  -2.383  -80.299  5.368 0.0000000000
9451  -2.800  -80.444  5.643 0.0000000000
9452  -9.721  -81.139  5.772 0.0000000000
9453  -10.407  -81.038  5.343 0.0000000000
9454  -11.120  -80.766  5.220 0.0000000000
9455  -11.569  -80.391  5.226 0.0000000000
9458  -10.763  -81.092  4.633 0.0000000000
9459  -11.177  -80.867  4.406 0.0000000000
9460  -11.541  -80.305  4.635 0.0000000000
9464  -11.212  -80.783  3.882 0.0000000000
9465  -11.253  -80.496  3.744 0.0000000000
9476  -11.059  -80.480  3.144 0.0000000000
9489  -10.335  -80.893  1.910 0.0000000000
9490  -10.658  -80.629  2.516 0.0000000000
9502  -9.807  -81.025  1.182 0.0000000000
9503  -10.339  -80.649  1.889 0.0000000000
9516  -8.560  -81.907  -0.911 0.0000000000
9517  -8.839  -81.860  -0.407 0.0000000000
9518  -9.295  -81.613  0.268 0.0000000000
9531  -6.728  -81.549  -1.599 0.0000000000
9532  -7.279  -81.709  -1.589 0.0000000000
9533  -8.132  -81.932  -1.406 0.0000000000
9534  -8.759  -82.758  -1.413 0.0000000000
9535  -9.090  -82.335  -0.809 0.0000000000
9547  -4.410  -82.684  -1.757 0.0000000000
9548  -5.362  -82.214  -2.272 0.0000000000
9549  -6.478  -82.215  -2.211 0.0000000000
9550  -7.532  -82.549  -1.979 0.0000000000
9551  -8.205  -82.930  -1.889 0.0000000000
9552  -8.642  -83.005  -2.098 0.0000000000
9557  -3.794  -83.024  -2.258 0.0000000000
9558  -4.682  -82.868  -2.613 0.0000000000
9559  -5.651  -82.698  -2.830 0.0000000000
9560  -6.267  -82.800  -2.875 0.0000000000
10066  -7.291  -79.664  11.509 0.0000000000
10067  -7.426  -79.472  11.472 0.0000000000
10081  -5.929  -79.498  11.052 0.0000000000
10082  -6.450  -79.810  11.319 0.0000000000
10083  -7.057  -79.798  11.518 0.0000000000
10084  -7.620  -79.616  11.359 0.0000000000
10085  -8.050  -79.347  11.270 0.0000000000
10096  -5.524  -79.577  10.438 0.0000000000
10097  -5.977  -80.049  11.001 0.0000000000
10098  -7.812  -79.924  11.144 0.0000000000
10099  -8.218  -79.645  10.983 0.0000000000
10100  -8.927  -79.607  10.292 0.0000000000
10101  -9.343  -79.420  9.973 0.0000000000
10108  -4.878  -79.284  9.334 0.0000000000
10109  -9.051  -79.911  9.995 0.0000000000
10110  -9.515  -79.805  9.520 0.0000000000
10111  -10.028  -79.542  9.120 0.0000000000
10123  -4.019  -79.130  8.348 0.0000000000
10124  -9.815  -80.065  8.935 0.0000000000
10125  -10.303  -79.850  8.643 0.0000000000
10126  -10.809  -79.804  8.217 0.0000000000
10138  -2.005  -79.077  7.485 0.0000000000
10139  -3.103  -79.033  7.563 0.0000000000
10140  -10.749  -80.033  8.082 0.0000000000
10141  -11.163  -79.856  7.784 0.0000000000
10148  -2.723  -79.569  6.871 0.0000000000
10149  -3.359  -79.538  7.121 0.0000000000
10150  -11.252  -80.338  6.588 0.0000000000
10151  -11.563  -79.941  6.920 0.0000000000
10152  -12.050  -79.506  6.482 0.0000000000
10157  -2.278  -79.862  6.424 0.0000000000
10158  -2.874  -79.745  6.297 0.0000000000
10159  -11.451  -80.271  6.263 0.0000000000
10160  -11.845  -79.999  6.009 0.0000000000
10161  -12.260  -79.402  6.040 0.0000000000
10166  -11.927  -79.858  5.444 0.0000000000
10167  -12.253  -79.307  5.618 0.0000000000
10174  -7.341  -80.860  4.151 0.0000000000
10175  -11.908  -79.753  5.132 0.0000000000
10176  -12.040  -79.352  5.276 0.0000000000
10183  -6.666  -81.129  3.743 0.0000000000
10184  -7.444  -80.843  3.384 0.0000000000
10185  -11.662  -79.867  4.631 0.0000000000
10186  -11.893  -79.467  5.129 0.0000000000
10197  -6.096  -81.422  3.074 0.0000000000
10198  -7.085  -80.957  2.919 0.0000000000
10199  -7.459  -80.775  3.007 0.0000000000
10200  -11.264  -80.112  3.699 0.0000000000
10215  -5.709  -81.429  2.046 0.0000000000
10216  -6.572  -80.892  2.333 0.0000000000
10217  -10.915  -80.281  2.948 0.0000000000
10228  -5.064  -81.378  1.150 0.0000000000
10229  -9.642  -80.369  1.041 0.0000000000
10230  -10.037  -80.476  1.616 0.0000000000
10231  -10.524  -80.379  2.350 0.0000000000
10244  -4.936  -81.459  0.145 0.0000000000
10245  -5.732  -80.851  -0.508 0.0000000000
10246  -6.594  -80.627  -0.612 0.0000000000
10247  -7.487  -80.563  -0.564 0.0000000000
10248  -8.375  -80.931  -0.469 0.0000000000
10249  -9.171  -80.740  0.351 0.0000000000
10250  -9.640  -80.792  0.835 0.0000000000
10262  -4.338  -82.377  -0.450 0.0000000000
10263  -5.125  -81.551  -0.896 0.0000000000
10264  -6.085  -81.338  -1.383 0.0000000000
10265  -7.001  -81.100  -1.166 0.0000000000
10266  -7.678  -81.214  -1.036 0.0000000000
10277  -4.587  -82.169  -1.186 0.0000000000
10278  -5.250  -81.889  -1.624 0.0000000000
10279  -5.785  -81.785  -1.961 0.0000000000
10851  -7.190  -79.443  11.557 0.0000000000
10852  -7.332  -79.247  11.527 0.0000000000
10866  -5.536  -78.571  10.709 0.0000000000
10867  -6.183  -78.797  11.310 0.0000000000
10868  -6.864  -79.064  11.584 0.0000000000
10869  -7.412  -79.001  11.545 0.0000000000
10870  -8.012  -78.829  11.373 0.0000000000
10871  -8.269  -78.409  11.247 0.0000000000
10879  -4.818  -78.418  9.845 0.0000000000
10880  -8.243  -79.198  11.188 0.0000000000
10881  -8.548  -78.841  10.889 0.0000000000
10882  -9.214  -78.922  10.183 0.0000000000
10892  -4.018  -78.263  8.912 0.0000000000
10893  -9.578  -79.175  9.757 0.0000000000
10894  -9.923  -79.176  9.366 0.0000000000
10907  -3.034  -78.204  8.125 0.0000000000
10908  -10.355  -79.183  8.914 0.0000000000
10909  -10.893  -79.300  8.279 0.0000000000
10923  -2.895  -78.565  7.763 0.0000000000
10924  -11.581  -79.176  7.559 0.0000000000
10925  -11.976  -78.820  7.100 0.0000000000
10929  -11.957  -79.273  6.926 0.0000000000
10930  -12.321  -78.938  6.625 0.0000000000
10938  -7.977  -79.548  6.829 0.0000000000
10939  -12.511  -78.754  6.101 0.0000000000
10948  -8.437  -79.647  6.109 0.0000000000
10949  -12.347  -78.615  5.678 0.0000000000
10957  -7.872  -80.378  5.051 0.0000000000
10958  -9.141  -79.538  5.321 0.0000000000
10959  -9.732  -79.223  5.224 0.0000000000
10960  -11.710  -79.032  5.085 0.0000000000
10961  -12.068  -79.003  5.248 0.0000000000
10967  -8.099  -80.498  3.742 0.0000000000
10968  -8.944  -79.984  4.212 0.0000000000
10969  -9.669  -79.505  4.632 0.0000000000
10970  -11.462  -79.688  4.437 0.0000000000
10971  -11.744  -79.457  4.945 0.0000000000
10977  -7.227  -80.490  2.162 0.0000000000
10978  -7.832  -80.402  2.660 0.0000000000
10979  -8.850  -80.174  2.989 0.0000000000
10980  -9.806  -79.808  3.607 0.0000000000
10981  -10.352  -79.783  3.477 0.0000000000
10982  -11.266  -79.915  3.861 0.0000000000
10994  -5.936  -80.612  1.066 0.0000000000
10995  -6.765  -80.336  1.444 0.0000000000
10996  -7.719  -79.869  1.541 0.0000000000
10997  -8.484  -79.832  1.680 0.0000000000
10998  -9.415  -79.962  2.294 0.0000000000
10999  -10.219  -79.935  2.815 0.0000000000
11000  -10.737  -79.979  3.014 0.0000000000
11001  -11.064  -80.011  3.322 0.0000000000
11011  -5.721  -80.620  0.436 0.0000000000
11012  -6.532  -80.145  0.594 0.0000000000
11013  -7.564  -79.729  0.820 0.0000000000
11014  -8.358  -79.660  0.888 0.0000000000
11015  -9.064  -79.844  1.275 0.0000000000
11016  -9.754  -80.094  1.726 0.0000000000
11017  -10.387  -80.138  2.356 0.0000000000
11018  -10.726  -80.172  2.797 0.0000000000
11031  -5.666  -80.700  -0.017 0.0000000000
11032  -6.182  -80.332  -0.051 0.0000000000
11033  -7.071  -80.092  0.021 0.0000000000
11034  -7.981  -80.018  0.143 0.0000000000
11035  -8.758  -80.101  0.484 0.0000000000
11036  -9.339  -80.118  0.920 0.0000000000
11576  -5.896  -76.594  11.700 0.0000000000
11577  -6.394  -77.006  11.925 0.0000000000
11578  -7.013  -77.349  12.117 0.0000000000
11579  -7.448  -77.455  12.058 0.0000000000
11593  -4.736  -77.325  10.252 0.0000000000
11594  -5.697  -77.331  11.208 0.0000000000
11595  -6.584  -77.966  11.654 0.0000000000
11596  -7.182  -78.155  11.776 0.0000000000
11597  -7.698  -77.973  11.685 0.0000000000
11598  -8.093  -77.963  11.498 0.0000000000
11608  -3.994  -77.335  9.388 0.0000000000
11609  -8.396  -77.898  11.068 0.0000000000
11610  -8.947  -77.912  10.390 0.0000000000
11623  -3.344  -77.509  8.771 0.0000000000
11624  -9.723  -78.323  9.548 0.0000000000
11625  -10.153  -78.755  9.139 0.0000000000
11634  -2.845  -77.651  8.566 0.0000000000
11635  -10.000  -77.818  9.150 0.0000000000
11636  -10.428  -78.199  8.535 0.0000000000
11637  -11.156  -78.725  7.974 0.0000000000
11648  -10.661  -77.496  7.922 0.0000000000
11649  -11.419  -78.108  7.397 0.0000000000
11650  -12.052  -78.527  6.908 0.0000000000
11659  -11.681  -77.667  6.887 0.0000000000
11660  -12.140  -78.109  6.594 0.0000000000
11670  -12.383  -78.084  6.059 0.0000000000
11678  -8.842  -78.900  6.951 0.0000000000
11679  -9.586  -78.527  6.646 0.0000000000
11680  -12.304  -77.779  5.839 0.0000000000
11686  -9.222  -79.114  6.197 0.0000000000
11687  -9.919  -78.697  5.892 0.0000000000
11688  -10.601  -78.419  5.644 0.0000000000
11689  -11.093  -78.315  5.475 0.0000000000
11690  -11.569  -78.405  5.368 0.0000000000
11691  -12.089  -78.048  5.563 0.0000000000
11696  -10.138  -79.090  5.127 0.0000000000
11697  -10.629  -79.064  4.963 0.0000000000
11698  -11.049  -79.114  4.807 0.0000000000
11699  -11.329  -79.329  4.678 0.0000000000
11705  -10.175  -79.435  4.475 0.0000000000
11706  -10.552  -79.564  4.120 0.0000000000
11707  -10.993  -79.611  4.098 0.0000000000
11708  -11.215  -79.760  4.039 0.0000000000
11720  -7.896  -79.581  1.125 0.0000000000
11721  -8.111  -79.598  1.253 0.0000000000
11722  -10.688  -79.797  3.477 0.0000000000
11723  -11.007  -79.841  3.548 0.0000000000
11724  -11.212  -79.899  3.669 0.0000000000
11735  -8.106  -79.544  1.007 0.0000000000
11736  -8.318  -79.598  1.134 0.0000000000
12336  -6.107  -76.145  12.212 0.0000000000
12337  -6.852  -76.548  12.558 0.0000000000
12338  -7.451  -76.762  12.528 0.0000000000
12339  -7.911  -76.992  12.225 0.0000000000
12340  -8.236  -76.768  12.229 0.0000000000
12352  -4.728  -76.268  10.545 0.0000000000
12353  -5.258  -75.954  11.485 0.0000000000
12354  -8.000  -77.519  11.822 0.0000000000
12355  -8.341  -77.047  11.727 0.0000000000
12356  -8.932  -76.686  11.295 0.0000000000
12367  -8.712  -77.271  10.994 0.0000000000
12368  -9.168  -76.892  10.635 0.0000000000
12379  -9.511  -77.287  9.921 0.0000000000
12380  -9.724  -77.014  9.492 0.0000000000
12391  -9.800  -77.519  9.432 0.0000000000
12392  -9.993  -77.178  8.982 0.0000000000
12403  -10.199  -76.882  8.115 0.0000000000
12404  -10.562  -77.131  7.518 0.0000000000
12416  -10.547  -76.585  7.662 0.0000000000
12417  -11.053  -76.867  6.965 0.0000000000
12418  -11.739  -77.474  6.630 0.0000000000
12428  -8.919  -78.240  7.844 0.0000000000
12429  -11.091  -76.454  6.500 0.0000000000
12430  -11.771  -77.136  6.243 0.0000000000
12435  -9.727  -78.061  7.426 0.0000000000
12436  -10.189  -77.841  6.827 0.0000000000
12437  -12.074  -77.109  5.878 0.0000000000
12441  -10.643  -77.689  6.320 0.0000000000
12442  -11.047  -77.402  6.025 0.0000000000
12443  -11.500  -77.249  5.841 0.0000000000
12444  -11.901  -77.412  5.654 0.0000000000
12445  -11.885  -77.133  5.748 0.0000000000
12449  -11.554  -76.862  5.970 0.0000000000
12450  -11.751  -76.882  5.874 0.0000000000
12451  -11.928  -76.882  5.736 0.0000000000
13038  -6.456  -74.749  14.076 0.0000000000
13039  -6.753  -75.002  14.244 0.0000000000
13040  -7.428  -75.358  14.450 0.0000000000
13041  -8.084  -75.535  14.449 0.0000000000
13042  -8.634  -75.489  14.200 0.0000000000
13058  -5.695  -74.726  13.007 0.0000000000
13059  -6.249  -74.791  13.477 0.0000000000
13060  -7.088  -75.493  13.808 0.0000000000
13061  -7.769  -75.826  13.925 0.0000000000
13062  -8.352  -75.859  13.751 0.0000000000
13063  -9.114  -75.595  13.442 0.0000000000
13064  -9.850  -75.403  12.887 0.0000000000
13078  -5.522  -75.170  12.553 0.0000000000
13079  -6.623  -75.623  12.909 0.0000000000
13080  -7.367  -76.059  13.149 0.0000000000
13081  -7.922  -76.264  13.088 0.0000000000
13082  -8.481  -76.289  12.631 0.0000000000
13083  -9.361  -75.796  12.401 0.0000000000
13084  -10.219  -75.360  12.132 0.0000000000
13085  -10.740  -75.071  11.812 0.0000000000
13099  -4.452  -75.169  11.784 0.0000000000
13100  -8.906  -76.314  11.854 0.0000000000
13101  -9.604  -76.015  11.274 0.0000000000
13102  -10.529  -75.310  11.256 0.0000000000
13103  -11.114  -74.770  11.179 0.0000000000
13104  -11.516  -74.428  10.893 0.0000000000
13114  -9.741  -76.512  10.277 0.0000000000
13115  -10.309  -75.762  10.446 0.0000000000
13116  -11.095  -75.100  10.523 0.0000000000
13117  -11.797  -74.497  10.419 0.0000000000
13118  -12.294  -74.243  10.077 0.0000000000
13127  -9.769  -76.807  9.815 0.0000000000
13128  -10.101  -76.353  9.540 0.0000000000
13129  -10.894  -75.477  9.780 0.0000000000
13130  -11.716  -74.785  9.841 0.0000000000
13131  -12.522  -74.293  9.712 0.0000000000
13132  -13.088  -74.192  9.401 0.0000000000
13143  -10.060  -76.395  8.554 0.0000000000
13144  -10.631  -75.797  8.960 0.0000000000
13145  -11.493  -75.098  9.249 0.0000000000
13146  -12.561  -74.475  9.282 0.0000000000
13147  -12.885  -74.304  9.372 0.0000000000
13161  -10.204  -76.368  8.178 0.0000000000
13162  -10.426  -75.949  8.181 0.0000000000
13163  -11.234  -75.362  8.617 0.0000000000
13164  -11.932  -74.718  8.876 0.0000000000
13165  -14.748  -73.880  8.382 0.0000000000
13166  -14.933  -74.038  8.438 0.0000000000
13183  -10.383  -76.326  7.963 0.0000000000
13184  -10.610  -75.957  7.504 0.0000000000
13185  -14.684  -74.107  8.458 0.0000000000
13186  -15.044  -73.929  8.264 0.0000000000
13198  -9.031  -77.397  8.507 0.0000000000
13199  -9.971  -76.935  8.478 0.0000000000
13200  -11.024  -75.825  6.840 0.0000000000
13201  -11.151  -76.194  6.362 0.0000000000
13204  -9.760  -77.545  8.091 0.0000000000
13205  -10.402  -76.973  7.781 0.0000000000
13206  -10.726  -76.357  7.266 0.0000000000
13207  -11.167  -75.653  6.503 0.0000000000
13208  -11.380  -76.238  6.167 0.0000000000
13214  -10.823  -77.106  7.072 0.0000000000
13215  -10.987  -76.473  6.656 0.0000000000
13216  -11.184  -76.256  6.192 0.0000000000
13217  -11.582  -75.984  6.032 0.0000000000
13218  -11.828  -76.505  5.877 0.0000000000
13224  -11.525  -76.474  6.055 0.0000000000
13225  -11.678  -76.305  5.984 0.0000000000
13226  -11.807  -76.721  5.868 0.0000000000
13784  -6.357  -74.216  14.414 0.0000000000
13785  -6.664  -74.393  14.592 0.0000000000
13786  -7.153  -74.641  14.794 0.0000000000
13802  -3.032  -73.913  13.285 0.0000000000
13803  -4.008  -73.861  13.325 0.0000000000
13804  -5.232  -73.979  13.542 0.0000000000
13805  -6.281  -74.410  14.149 0.0000000000
13806  -7.013  -74.841  14.627 0.0000000000
13807  -7.654  -75.037  14.836 0.0000000000
13808  -8.359  -75.138  14.623 0.0000000000
13809  -9.089  -75.118  14.116 0.0000000000
13826  -3.822  -74.265  12.908 0.0000000000
13827  -5.146  -74.422  13.090 0.0000000000
13828  -5.787  -74.327  13.569 0.0000000000
13829  -9.745  -75.136  13.372 0.0000000000
13830  -10.386  -75.025  12.635 0.0000000000
13831  -10.624  -74.772  12.391 0.0000000000
13848  -4.423  -74.727  12.461 0.0000000000
13849  -10.634  -75.085  12.197 0.0000000000
13850  -10.839  -74.750  11.955 0.0000000000
13868  -11.264  -74.396  11.289 0.0000000000
13869  -11.630  -74.210  10.934 0.0000000000
13883  -11.818  -74.243  10.642 0.0000000000
13884  -12.192  -74.129  10.294 0.0000000000
13895  -12.656  -74.031  9.855 0.0000000000
13896  -13.208  -74.009  9.488 0.0000000000
13914  -13.151  -74.341  9.148 0.0000000000
13915  -13.588  -74.125  9.098 0.0000000000
13916  -14.475  -73.749  8.558 0.0000000000
13933  -11.017  -75.472  7.991 0.0000000000
13934  -11.712  -74.779  8.321 0.0000000000
13935  -12.997  -74.273  8.797 0.0000000000
13936  -14.312  -73.937  8.552 0.0000000000
13937  -14.915  -73.712  8.264 0.0000000000
13952  -9.508  -75.537  9.077 0.0000000000
13953  -9.766  -75.110  8.758 0.0000000000
13954  -11.335  -75.055  7.564 0.0000000000
13955  -12.478  -74.284  8.093 0.0000000000
13956  -13.851  -73.787  8.356 0.0000000000
13957  -14.761  -73.713  8.307 0.0000000000
13958  -15.190  -73.670  8.062 0.0000000000
13959  -15.450  -73.410  7.780 0.0000000000
13969  -8.819  -76.864  8.956 0.0000000000
13970  -9.502  -76.498  8.901 0.0000000000
13971  -10.071  -75.786  8.424 0.0000000000
13972  -11.594  -74.813  7.082 0.0000000000
13973  -11.932  -74.537  7.573 0.0000000000
13974  -14.325  -73.497  8.117 0.0000000000
13975  -14.730  -73.494  8.068 0.0000000000
13976  -15.169  -73.481  7.918 0.0000000000
13977  -15.467  -73.620  7.923 0.0000000000
13984  -10.526  -75.595  7.680 0.0000000000
13985  -10.866  -75.293  7.026 0.0000000000
13986  -11.512  -75.343  6.544 0.0000000000
13987  -11.644  -75.947  6.186 0.0000000000
13994  -11.132  -75.269  6.663 0.0000000000
13995  -11.231  -75.361  6.457 0.0000000000
13996  -11.437  -75.578  6.343 0.0000000000
13997  -11.505  -75.722  5.982 0.0000000000
14004  -11.276  -75.761  6.234 0.0000000000
14005  -11.464  -75.664  6.106 0.0000000000
14605  -3.125  -73.128  14.029 0.0000000000
14606  -4.680  -73.364  13.618 0.0000000000
14607  -6.115  -73.900  14.201 0.0000000000
14608  -6.871  -74.267  14.764 0.0000000000
14609  -7.410  -74.586  14.833 0.0000000000
14619  -2.603  -73.604  13.987 0.0000000000
14620  -4.205  -73.529  13.571 0.0000000000
14621  -5.589  -73.771  13.732 0.0000000000
14622  -6.192  -74.134  14.232 0.0000000000
14623  -7.878  -74.635  14.854 0.0000000000
14624  -8.573  -74.637  14.528 0.0000000000
14625  -9.132  -74.664  14.089 0.0000000000
14635  -9.552  -74.773  13.661 0.0000000000
14636  -10.111  -74.714  13.059 0.0000000000
14637  -10.480  -74.724  12.633 0.0000000000
14649  -10.390  -74.456  12.698 0.0000000000
14650  -10.684  -74.436  12.280 0.0000000000
14666  -11.084  -74.239  11.699 0.0000000000
14667  -11.536  -74.037  11.169 0.0000000000
14681  -11.985  -73.946  10.634 0.0000000000
14682  -12.532  -73.722  10.033 0.0000000000
14693  -13.132  -73.677  9.550 0.0000000000
14694  -13.823  -73.647  9.234 0.0000000000
14712  -14.428  -73.555  8.802 0.0000000000
14713  -14.840  -73.426  8.200 0.0000000000
14733  -15.165  -73.241  7.768 0.0000000000
14734  -15.373  -72.991  7.464 0.0000000000
14752  -9.021  -74.926  9.445 0.0000000000
14753  -9.569  -74.584  9.077 0.0000000000
14754  -12.660  -74.022  7.981 0.0000000000
14755  -12.992  -73.794  8.137 0.0000000000
14756  -15.188  -73.455  7.963 0.0000000000
14757  -15.387  -73.210  7.662 0.0000000000
14770  -9.948  -74.471  8.593 0.0000000000
14771  -12.083  -74.245  7.344 0.0000000000
14772  -12.529  -73.993  7.698 0.0000000000
14773  -13.795  -73.436  8.040 0.0000000000
14774  -14.682  -73.197  7.889 0.0000000000
14775  -15.152  -73.120  7.672 0.0000000000
14776  -15.642  -73.119  7.343 0.0000000000
14787  -10.374  -74.474  8.052 0.0000000000
14788  -10.736  -74.227  7.430 0.0000000000
14789  -12.282  -73.958  7.332 0.0000000000
14790  -13.507  -73.161  7.827 0.0000000000
14791  -14.563  -72.850  7.757 0.0000000000
14792  -15.101  -72.770  7.475 0.0000000000
14793  -15.498  -72.579  7.099 0.0000000000
14794  -15.873  -72.514  6.906 0.0000000000
14800  -11.208  -74.018  7.139 0.0000000000
14801  -11.462  -74.523  7.093 0.0000000000
14802  -11.693  -74.619  7.050 0.0000000000
14803  -15.879  -72.238  6.844 0.0000000000
14804  -15.960  -72.322  6.651 0.0000000000
14811  -11.309  -75.156  6.607 0.0000000000
14812  -11.420  -75.171  6.395 0.0000000000
15491  -2.488  -72.838  14.841 0.0000000000
15492  -3.696  -72.985  13.865 0.0000000000
15493  -5.136  -73.358  13.728 0.0000000000
15494  -6.509  -73.728  14.426 0.0000000000
15495  -7.299  -74.258  14.841 0.0000000000
15505  -6.957  -73.553  14.503 0.0000000000
15506  -7.726  -73.959  14.643 0.0000000000
15507  -8.883  -74.094  13.983 0.0000000000
15508  -9.348  -74.470  13.791 0.0000000000
15515  -9.249  -73.846  13.423 0.0000000000
15516  -9.714  -74.207  13.287 0.0000000000
15517  -10.166  -74.357  12.906 0.0000000000
15523  -9.829  -73.785  12.809 0.0000000000
15524  -10.314  -73.957  12.520 0.0000000000
15525  -10.823  -74.014  11.988 0.0000000000
15538  -10.650  -73.668  11.905 0.0000000000
15539  -11.166  -73.670  11.433 0.0000000000
15540  -11.731  -73.575  10.802 0.0000000000
15558  -12.210  -73.439  10.356 0.0000000000
15559  -12.567  -73.258  9.981 0.0000000000
15575  -12.954  -73.275  9.661 0.0000000000
15576  -13.646  -73.154  9.371 0.0000000000
15599  -14.335  -73.050  8.880 0.0000000000
15600  -14.770  -73.044  8.283 0.0000000000
15620  -9.395  -73.160  9.752 0.0000000000
15621  -9.743  -72.841  9.529 0.0000000000
15622  -15.087  -72.931  7.696 0.0000000000
15623  -15.366  -72.775  7.340 0.0000000000
15639  -9.233  -74.027  9.551 0.0000000000
15640  -9.890  -73.375  9.173 0.0000000000
15641  -15.601  -72.688  7.134 0.0000000000
15654  -10.318  -73.538  8.495 0.0000000000
15655  -16.026  -72.344  6.780 0.0000000000
15664  -10.742  -73.276  8.025 0.0000000000
15665  -11.246  -73.077  7.670 0.0000000000
15666  -12.638  -73.183  7.538 0.0000000000
15667  -13.570  -72.594  7.812 0.0000000000
15668  -14.433  -72.199  7.606 0.0000000000
15669  -15.041  -72.276  7.121 0.0000000000
15670  -15.446  -72.296  7.101 0.0000000000
15671  -15.995  -72.122  6.562 0.0000000000
15676  -11.677  -72.883  7.550 0.0000000000
15677  -11.838  -73.224  7.351 0.0000000000
15678  -12.145  -73.408  7.338 0.0000000000
15679  -15.532  -71.933  6.879 0.0000000000
15680  -15.775  -71.936  6.841 0.0000000000
15681  -16.019  -71.849  6.430 0.0000000000
16344  -2.195  -72.154  15.508 0.0000000000
16345  -2.970  -72.529  14.310 0.0000000000
16346  -4.210  -72.836  13.783 0.0000000000
16347  -5.411  -73.160  13.781 0.0000000000
16365  -2.629  -72.016  14.705 0.0000000000
16366  -3.462  -72.260  14.024 0.0000000000
16367  -4.796  -72.652  13.738 0.0000000000
16368  -6.209  -73.115  14.023 0.0000000000
16369  -7.287  -73.338  14.265 0.0000000000
16370  -8.095  -73.583  14.042 0.0000000000
16378  -6.849  -72.802  13.803 0.0000000000
16379  -7.751  -73.079  13.602 0.0000000000
16380  -8.732  -73.320  13.214 0.0000000000
16381  -9.482  -73.684  13.041 0.0000000000
16388  -8.966  -72.868  12.663 0.0000000000
16389  -9.681  -73.174  12.367 0.0000000000
16390  -10.321  -73.477  12.083 0.0000000000
16401  -9.983  -72.643  11.760 0.0000000000
16402  -10.544  -73.025  11.558 0.0000000000
16403  -11.460  -72.887  10.763 0.0000000000
16404  -11.944  -73.182  10.502 0.0000000000
16415  -11.772  -72.414  10.384 0.0000000000
16416  -12.310  -72.696  10.096 0.0000000000
16417  -12.757  -72.984  9.795 0.0000000000
16434  -12.683  -72.210  9.598 0.0000000000
16435  -13.138  -72.600  9.458 0.0000000000
16436  -13.877  -72.592  8.907 0.0000000000
16463  -14.194  -72.647  8.504 0.0000000000
16464  -14.510  -72.589  8.129 0.0000000000
16487  -9.551  -72.549  9.692 0.0000000000
16488  -14.830  -72.480  7.402 0.0000000000
16489  -15.266  -72.367  7.224 0.0000000000
16505  -9.516  -72.069  9.690 0.0000000000
16506  -9.988  -72.277  9.427 0.0000000000
16507  -15.629  -72.209  7.016 0.0000000000
16519  -10.750  -72.180  8.820 0.0000000000
16520  -11.542  -71.586  8.528 0.0000000000
16521  -16.013  -71.851  6.664 0.0000000000
16529  -11.310  -72.360  8.304 0.0000000000
16530  -12.057  -71.887  8.258 0.0000000000
16531  -12.938  -71.580  8.235 0.0000000000
16532  -13.509  -71.830  8.033 0.0000000000
16533  -14.443  -71.338  7.489 0.0000000000
16534  -14.972  -71.565  7.053 0.0000000000
16535  -15.356  -71.724  6.901 0.0000000000
16536  -16.150  -71.566  6.045 0.0000000000
16542  -12.229  -72.377  7.824 0.0000000000
16543  -12.619  -72.468  7.794 0.0000000000
16544  -12.758  -72.694  7.692 0.0000000000
16545  -14.947  -70.780  7.299 0.0000000000
16546  -15.222  -70.948  6.819 0.0000000000
16547  -15.672  -71.410  6.692 0.0000000000
16548  -16.004  -71.448  6.199 0.0000000000
16549  -16.155  -71.298  5.720 0.0000000000
16556  -15.500  -70.666  6.124 0.0000000000
16557  -15.756  -70.890  6.016 0.0000000000
16558  -16.036  -71.041  5.772 0.0000000000
16559  -16.098  -71.187  5.533 0.0000000000
17203  -1.249  -69.626  15.724 0.0000000000
17204  -1.520  -70.951  15.992 0.0000000000
17205  -2.113  -71.672  15.169 0.0000000000
17226  -1.292  -69.502  15.170 0.0000000000
17227  -1.538  -70.101  14.799 0.0000000000
17228  -2.490  -71.422  14.418 0.0000000000
17229  -4.089  -71.952  13.739 0.0000000000
17230  -5.409  -72.431  13.647 0.0000000000
17231  -6.181  -72.695  13.738 0.0000000000
17243  -1.717  -70.005  14.105 0.0000000000
17244  -2.316  -70.540  13.972 0.0000000000
17245  -3.508  -71.172  13.600 0.0000000000
17246  -4.925  -71.629  13.460 0.0000000000
17247  -6.183  -72.195  13.401 0.0000000000
17248  -7.388  -72.381  13.147 0.0000000000
17249  -8.069  -72.803  13.186 0.0000000000
17258  -7.728  -72.143  12.843 0.0000000000
17259  -8.310  -72.368  12.733 0.0000000000
17260  -9.088  -72.520  12.386 0.0000000000
17272  -8.868  -71.988  12.239 0.0000000000
17273  -9.496  -72.169  11.877 0.0000000000
17274  -10.260  -72.073  11.385 0.0000000000
17275  -10.868  -72.349  11.000 0.0000000000
17288  -10.742  -71.711  10.891 0.0000000000
17289  -11.357  -71.904  10.511 0.0000000000
17290  -11.923  -72.070  10.183 0.0000000000
17308  -11.813  -71.540  10.177 0.0000000000
17309  -12.323  -71.693  9.761 0.0000000000
17310  -13.009  -71.717  9.224 0.0000000000
17311  -13.525  -72.062  8.905 0.0000000000
17333  -13.264  -71.558  8.572 0.0000000000
17334  -13.878  -71.877  7.843 0.0000000000
17335  -14.665  -72.089  7.475 0.0000000000
17350  -14.674  -71.499  7.412 0.0000000000
17351  -15.220  -71.678  6.993 0.0000000000
17352  -15.500  -71.914  7.000 0.0000000000
17368  -9.705  -71.517  9.452 0.0000000000
17369  -10.285  -71.371  9.229 0.0000000000
17370  -15.667  -71.202  6.680 0.0000000000
17371  -15.859  -71.391  6.633 0.0000000000
17384  -10.753  -70.980  8.954 0.0000000000
17385  -11.334  -70.896  8.703 0.0000000000
17386  -16.146  -70.899  5.985 0.0000000000
17387  -16.443  -70.291  5.670 0.0000000000
17397  -12.005  -70.749  8.501 0.0000000000
17398  -12.826  -70.714  8.413 0.0000000000
17399  -13.669  -70.621  7.951 0.0000000000
17400  -14.051  -71.006  7.731 0.0000000000
17401  -16.148  -70.804  5.457 0.0000000000
17402  -16.459  -70.316  5.359 0.0000000000
17407  -13.826  -70.174  7.104 0.0000000000
17408  -14.409  -70.503  6.973 0.0000000000
17409  -14.940  -70.715  6.896 0.0000000000
17410  -16.180  -70.902  5.193 0.0000000000
17411  -16.517  -70.351  4.908 0.0000000000
17415  -14.584  -70.228  6.229 0.0000000000
17416  -15.032  -70.381  6.059 0.0000000000
17417  -15.542  -70.604  5.326 0.0000000000
17418  -15.865  -70.776  4.935 0.0000000000
17419  -16.141  -70.731  4.824 0.0000000000
17420  -16.415  -70.433  4.596 0.0000000000
17427  -15.230  -70.253  4.918 0.0000000000
17428  -15.576  -70.408  4.388 0.0000000000
17429  -15.956  -70.457  4.102 0.0000000000
17430  -16.214  -70.318  3.949 0.0000000000
18084  -1.199  -69.056  15.243 0.0000000000
18085  -1.307  -69.350  14.774 0.0000000000
18102  -1.186  -68.823  14.535 0.0000000000
18103  -1.458  -69.410  14.093 0.0000000000
18104  -2.119  -69.882  13.702 0.0000000000
18105  -2.979  -70.379  13.276 0.0000000000
18106  -4.362  -70.702  13.085 0.0000000000
18107  -5.754  -71.303  13.039 0.0000000000
18108  -6.679  -71.769  13.015 0.0000000000
18119  -1.921  -69.343  13.602 0.0000000000
18120  -2.515  -69.576  13.108 0.0000000000
18121  -3.325  -69.925  12.506 0.0000000000
18122  -4.344  -70.085  12.485 0.0000000000
18123  -6.499  -71.240  12.757 0.0000000000
18124  -7.436  -71.586  12.676 0.0000000000
18125  -8.347  -71.508  12.265 0.0000000000
18135  -8.958  -71.360  11.840 0.0000000000
18136  -9.703  -71.194  11.442 0.0000000000
18137  -10.371  -71.300  11.095 0.0000000000
18157  -10.168  -70.730  11.055 0.0000000000
18158  -10.887  -70.778  10.575 0.0000000000
18159  -11.499  -71.247  10.338 0.0000000000
18179  -11.316  -70.250  10.172 0.0000000000
18180  -11.833  -70.745  9.974 0.0000000000
18181  -12.718  -70.704  9.214 0.0000000000
18182  -13.133  -71.173  8.891 0.0000000000
18195  -12.923  -70.188  8.668 0.0000000000
18196  -13.243  -70.760  8.261 0.0000000000
18197  -13.861  -70.772  7.842 0.0000000000
18207  -14.409  -70.840  7.517 0.0000000000
18208  -15.421  -70.678  7.108 0.0000000000
18209  -15.908  -69.980  6.839 0.0000000000
18220  -9.212  -70.835  9.276 0.0000000000
18221  -9.856  -71.009  9.208 0.0000000000
18222  -15.518  -71.025  6.682 0.0000000000
18223  -16.096  -70.338  6.543 0.0000000000
18224  -16.514  -69.701  6.077 0.0000000000
18238  -8.916  -69.796  8.520 0.0000000000
18239  -10.035  -70.331  8.742 0.0000000000
18240  -10.864  -70.218  8.532 0.0000000000
18241  -16.148  -70.692  6.303 0.0000000000
18242  -16.435  -70.120  5.962 0.0000000000
18254  -9.667  -69.297  8.159 0.0000000000
18255  -10.529  -69.249  7.993 0.0000000000
18256  -11.514  -69.701  8.197 0.0000000000
18257  -12.359  -69.854  7.962 0.0000000000
18258  -13.012  -70.036  7.778 0.0000000000
18259  -16.702  -69.749  5.415 0.0000000000
18268  -11.150  -68.917  7.445 0.0000000000
18269  -11.824  -69.027  7.206 0.0000000000
18270  -12.599  -69.333  7.149 0.0000000000
18271  -13.335  -69.738  6.969 0.0000000000
18272  -13.853  -69.928  6.515 0.0000000000
18273  -16.846  -69.655  4.893 0.0000000000
18283  -12.122  -68.770  6.524 0.0000000000
18284  -12.683  -69.037  6.223 0.0000000000
18285  -13.452  -69.355  5.956 0.0000000000
18286  -14.287  -69.811  5.686 0.0000000000
18287  -14.801  -69.994  5.031 0.0000000000
18288  -16.437  -70.259  4.156 0.0000000000
18289  -16.783  -69.677  4.242 0.0000000000
18297  -14.431  -69.639  4.665 0.0000000000
18298  -14.972  -69.806  4.124 0.0000000000
18299  -15.641  -70.018  3.682 0.0000000000
18300  -16.063  -70.001  3.527 0.0000000000
18301  -16.479  -69.680  3.617 0.0000000000
18302  -16.867  -69.162  3.704 0.0000000000
18310  -15.226  -69.423  3.374 0.0000000000
18311  -15.798  -69.493  3.157 0.0000000000
18312  -16.194  -69.415  3.193 0.0000000000
18313  -16.428  -69.233  3.281 0.0000000000
19000  -1.603  -69.072  13.713 0.0000000000
19001  -5.357  -70.544  12.669 0.0000000000
19002  -6.047  -70.910  12.720 0.0000000000
19015  -1.461  -68.732  13.875 0.0000000000
19016  -2.088  -68.866  13.266 0.0000000000
19017  -2.608  -68.991  12.110 0.0000000000
19018  -3.682  -69.424  11.998 0.0000000000
19019  -5.023  -69.728  12.212 0.0000000000
19020  -6.452  -70.432  12.394 0.0000000000
19021  -7.817  -70.739  12.069 0.0000000000
19022  -8.478  -70.986  11.856 0.0000000000
19044  -2.659  -68.300  11.749 0.0000000000
19045  -3.226  -68.332  12.061 0.0000000000
19046  -4.323  -68.882  11.575 0.0000000000
19047  -5.749  -69.339  11.642 0.0000000000
19048  -7.181  -69.769  11.626 0.0000000000
19049  -8.768  -70.179  11.381 0.0000000000
19050  -9.701  -70.498  11.196 0.0000000000
19074  -9.215  -69.604  10.699 0.0000000000
19075  -10.017  -69.990  10.722 0.0000000000
19076  -10.589  -70.148  10.530 0.0000000000
19090  -10.178  -69.435  10.237 0.0000000000
19091  -10.811  -69.746  10.223 0.0000000000
19092  -11.595  -69.818  9.722 0.0000000000
19093  -12.168  -70.015  9.465 0.0000000000
19104  -12.031  -69.410  9.337 0.0000000000
19105  -12.552  -69.579  8.924 0.0000000000
19106  -13.151  -69.743  8.331 0.0000000000
19107  -13.828  -69.896  8.132 0.0000000000
19117  -14.378  -69.879  7.885 0.0000000000
19118  -15.057  -69.751  7.498 0.0000000000
19119  -15.679  -69.568  6.927 0.0000000000
19129  -16.194  -69.402  6.545 0.0000000000
19130  -16.590  -69.223  6.105 0.0000000000
19139  -8.158  -69.067  7.857 0.0000000000
19140  -9.013  -69.047  7.818 0.0000000000
19141  -16.870  -69.126  5.617 0.0000000000
19150  -8.609  -68.596  7.148 0.0000000000
19151  -9.598  -68.809  7.237 0.0000000000
19152  -10.482  -68.787  7.038 0.0000000000
19153  -17.208  -68.922  5.082 0.0000000000
19165  -9.006  -68.305  6.508 0.0000000000
19166  -9.845  -68.351  6.066 0.0000000000
19167  -11.059  -68.672  6.443 0.0000000000
19168  -11.703  -68.735  6.421 0.0000000000
19169  -17.341  -68.736  4.538 0.0000000000
19181  -9.907  -68.203  5.207 0.0000000000
19182  -10.465  -68.432  5.295 0.0000000000
19183  -11.657  -68.684  5.376 0.0000000000
19184  -12.838  -68.721  5.347 0.0000000000
19185  -13.578  -69.231  4.988 0.0000000000
19186  -14.067  -69.448  4.779 0.0000000000
19187  -17.193  -68.719  3.912 0.0000000000
19198  -11.693  -68.295  4.462 0.0000000000
19199  -12.332  -68.323  4.680 0.0000000000
19200  -13.136  -68.517  4.619 0.0000000000
19201  -14.014  -69.024  4.023 0.0000000000
19202  -14.737  -69.292  3.612 0.0000000000
19203  -16.722  -68.780  3.334 0.0000000000
19204  -16.998  -68.681  3.590 0.0000000000
19215  -14.133  -68.461  3.472 0.0000000000
19216  -14.696  -68.780  3.224 0.0000000000
19217  -15.453  -68.843  2.894 0.0000000000
19218  -16.041  -68.860  2.862 0.0000000000
19219  -16.367  -68.905  3.068 0.0000000000
19955  -1.820  -68.062  13.388 0.0000000000
19956  -2.287  -68.387  12.688 0.0000000000
19977  -2.231  -67.956  12.690 0.0000000000
19978  -2.638  -68.009  12.016 0.0000000000
19979  -2.886  -67.672  11.507 0.0000000000
19980  -3.841  -67.966  11.238 0.0000000000
19981  -4.823  -68.462  10.787 0.0000000000
19982  -6.351  -68.885  10.935 0.0000000000
19983  -7.578  -69.278  10.956 0.0000000000
20006  -3.762  -67.342  11.198 0.0000000000
20007  -4.240  -67.568  10.343 0.0000000000
20008  -5.435  -68.010  10.008 0.0000000000
20009  -6.946  -68.609  10.205 0.0000000000
20010  -8.349  -69.167  10.297 0.0000000000
20011  -9.505  -69.272  10.167 0.0000000000
20026  -6.239  -67.927  9.339 0.0000000000
20027  -7.483  -68.485  9.384 0.0000000000
20028  -8.728  -68.763  9.120 0.0000000000
20029  -10.195  -69.067  9.557 0.0000000000
20030  -11.224  -69.200  9.456 0.0000000000
20031  -11.721  -69.275  9.370 0.0000000000
20039  -8.764  -68.780  8.105 0.0000000000
20040  -9.706  -68.773  8.492 0.0000000000
20041  -10.898  -68.848  8.746 0.0000000000
20042  -11.958  -68.925  8.879 0.0000000000
20043  -12.951  -68.867  8.254 0.0000000000
20044  -13.772  -69.239  8.032 0.0000000000
20045  -14.182  -69.464  8.000 0.0000000000
20056  -13.232  -68.604  7.687 0.0000000000
20057  -13.735  -68.766  7.640 0.0000000000
20058  -14.556  -69.042  7.594 0.0000000000
20059  -15.436  -68.960  7.078 0.0000000000
20060  -16.057  -68.812  6.533 0.0000000000
20072  -16.629  -68.550  6.048 0.0000000000
20073  -17.173  -68.312  5.621 0.0000000000
20084  -17.698  -68.003  5.135 0.0000000000
20085  -18.182  -67.406  4.912 0.0000000000
20099  -7.759  -68.297  7.309 0.0000000000
20100  -17.659  -68.251  4.870 0.0000000000
20101  -18.024  -67.629  4.843 0.0000000000
20112  -7.508  -67.150  6.507 0.0000000000
20113  -8.040  -67.820  6.358 0.0000000000
20114  -8.877  -67.984  5.713 0.0000000000
20115  -17.820  -67.959  4.625 0.0000000000
20116  -18.143  -67.285  4.545 0.0000000000
20124  -9.429  -68.059  5.161 0.0000000000
20125  -9.961  -68.133  4.637 0.0000000000
20126  -10.668  -68.283  4.631 0.0000000000
20127  -17.721  -67.815  4.180 0.0000000000
20128  -18.209  -66.985  4.214 0.0000000000
20138  -10.398  -68.027  4.158 0.0000000000
20139  -11.111  -68.183  4.131 0.0000000000
20140  -11.850  -68.154  3.948 0.0000000000
20141  -12.661  -67.993  4.209 0.0000000000
20142  -13.283  -68.208  4.191 0.0000000000
20143  -16.855  -68.301  3.198 0.0000000000
20144  -17.218  -67.938  3.452 0.0000000000
20153  -12.965  -67.882  3.900 0.0000000000
20154  -13.460  -68.103  3.485 0.0000000000
20155  -14.283  -67.986  3.159 0.0000000000
20156  -15.064  -68.077  2.882 0.0000000000
20157  -15.819  -68.109  2.754 0.0000000000
20158  -16.622  -68.082  2.899 0.0000000000
20159  -17.229  -67.261  3.055 0.0000000000
20906  -2.285  -67.392  12.715 0.0000000000
20907  -2.720  -66.824  11.569 0.0000000000
20908  -3.392  -66.918  11.687 0.0000000000
20928  -3.033  -66.284  11.119 0.0000000000
20929  -3.856  -66.416  10.539 0.0000000000
20930  -4.766  -67.139  9.558 0.0000000000
20931  -5.319  -67.597  9.248 0.0000000000
20945  -4.338  -65.823  9.621 0.0000000000
20946  -4.709  -66.040  9.144 0.0000000000
20947  -5.517  -67.189  8.698 0.0000000000
20948  -6.956  -67.844  8.675 0.0000000000
20949  -7.689  -68.474  8.685 0.0000000000
20958  -4.817  -65.569  8.501 0.0000000000
20959  -5.830  -66.095  8.225 0.0000000000
20960  -6.690  -67.202  7.935 0.0000000000
20961  -7.878  -68.252  7.813 0.0000000000
20962  -9.052  -68.673  7.337 0.0000000000
20963  -10.326  -68.896  7.496 0.0000000000
20964  -11.614  -68.759  8.000 0.0000000000
20965  -12.312  -68.699  8.245 0.0000000000
20974  -6.311  -65.949  7.829 0.0000000000
20975  -6.775  -66.309  7.519 0.0000000000
20976  -7.480  -67.250  7.010 0.0000000000
20977  -8.421  -67.855  6.540 0.0000000000
20978  -9.775  -68.211  6.230 0.0000000000
20979  -11.186  -68.695  6.561 0.0000000000
20980  -12.524  -68.718  7.352 0.0000000000
20981  -13.522  -68.493  7.078 0.0000000000
20982  -14.363  -68.398  6.990 0.0000000000
20983  -15.166  -68.429  6.781 0.0000000000
20984  -15.785  -68.454  6.461 0.0000000000
20998  -7.456  -66.472  6.745 0.0000000000
20999  -8.043  -66.927  6.134 0.0000000000
21000  -8.938  -67.261  5.530 0.0000000000
21001  -9.878  -67.401  5.151 0.0000000000
21002  -11.968  -68.625  6.051 0.0000000000
21003  -12.895  -68.770  5.954 0.0000000000
21004  -13.998  -68.227  6.068 0.0000000000
21005  -14.922  -67.998  6.074 0.0000000000
21006  -15.770  -67.951  6.011 0.0000000000
21007  -16.507  -68.000  5.904 0.0000000000
21008  -17.252  -67.735  5.479 0.0000000000
21021  -17.859  -67.484  5.119 0.0000000000
21022  -18.391  -67.129  4.816 0.0000000000
21023  -18.722  -66.564  4.462 0.0000000000
21038  -18.502  -66.984  4.657 0.0000000000
21039  -18.907  -66.320  4.322 0.0000000000
21053  -7.634  -66.857  6.013 0.0000000000
21054  -8.431  -66.981  5.607 0.0000000000
21055  -9.019  -67.489  5.237 0.0000000000
21056  -18.632  -66.560  4.296 0.0000000000
21057  -19.145  -66.067  3.982 0.0000000000
21066  -8.845  -66.845  4.974 0.0000000000
21067  -9.521  -67.216  4.810 0.0000000000
21068  -10.055  -67.407  4.254 0.0000000000
21069  -17.913  -66.965  3.913 0.0000000000
21070  -18.600  -66.375  3.872 0.0000000000
21071  -18.898  -66.133  4.003 0.0000000000
21082  -10.575  -67.410  3.863 0.0000000000
21083  -11.436  -67.237  3.678 0.0000000000
21084  -12.222  -67.534  3.814 0.0000000000
21085  -12.610  -67.815  3.736 0.0000000000
21086  -17.841  -66.618  3.418 0.0000000000
21087  -18.270  -66.492  3.674 0.0000000000
21096  -11.588  -66.907  3.383 0.0000000000
21097  -11.911  -67.010  3.340 0.0000000000
21098  -12.764  -67.301  3.385 0.0000000000
21099  -13.747  -67.140  3.300 0.0000000000
21100  -14.598  -67.126  3.231 0.0000000000
21101  -15.421  -67.160  2.919 0.0000000000
21102  -16.227  -67.166  2.759 0.0000000000
21103  -16.951  -66.928  2.816 0.0000000000
21104  -17.457  -66.542  3.101 0.0000000000
21939  -2.782  -66.030  11.370 0.0000000000
21940  -3.540  -65.736  11.120 0.0000000000
21957  -4.267  -65.253  9.868 0.0000000000
21958  -4.476  -65.531  9.327 0.0000000000
21971  -4.425  -64.816  9.378 0.0000000000
21972  -4.657  -65.139  9.029 0.0000000000
21973  -5.396  -65.100  8.342 0.0000000000
21984  -6.352  -65.393  7.759 0.0000000000
21985  -7.227  -65.583  7.106 0.0000000000
21986  -10.801  -68.007  5.481 0.0000000000
21987  -11.434  -68.640  5.664 0.0000000000
22000  -7.912  -65.962  6.317 0.0000000000
22001  -8.665  -66.310  5.539 0.0000000000
22002  -9.682  -66.491  4.694 0.0000000000
22003  -10.665  -67.248  4.413 0.0000000000
22004  -11.913  -68.057  4.851 0.0000000000
22005  -13.337  -68.078  4.828 0.0000000000
22006  -14.445  -67.821  4.920 0.0000000000
22007  -15.504  -67.704  4.983 0.0000000000
22008  -16.440  -67.557  5.169 0.0000000000
22009  -17.273  -67.222  5.013 0.0000000000
22010  -17.842  -67.051  4.837 0.0000000000
22023  -10.122  -66.008  4.218 0.0000000000
22024  -10.681  -66.346  4.026 0.0000000000
22025  -11.768  -66.914  3.545 0.0000000000
22026  -12.772  -67.496  3.760 0.0000000000
22027  -13.823  -67.570  3.802 0.0000000000
22028  -14.941  -67.406  3.844 0.0000000000
22029  -16.212  -67.202  3.975 0.0000000000
22030  -16.847  -67.201  4.619 0.0000000000
22031  -18.405  -66.801  4.392 0.0000000000
22032  -18.856  -66.344  4.350 0.0000000000
22033  -19.081  -66.127  4.225 0.0000000000
22050  -12.309  -66.658  3.176 0.0000000000
22051  -12.590  -66.975  3.214 0.0000000000
22052  -13.265  -67.217  3.343 0.0000000000
22053  -14.255  -67.274  3.294 0.0000000000
22054  -15.463  -66.840  3.092 0.0000000000
22055  -19.414  -65.873  3.916 0.0000000000
22056  -19.790  -65.483  3.462 0.0000000000
22072  -7.788  -66.361  5.494 0.0000000000
22073  -12.574  -66.542  3.103 0.0000000000
22074  -12.934  -66.696  3.060 0.0000000000
22075  -13.623  -66.604  3.282 0.0000000000
22076  -14.668  -66.427  3.081 0.0000000000
22077  -15.488  -66.299  2.870 0.0000000000
22078  -19.491  -65.655  3.700 0.0000000000
22079  -19.862  -65.287  3.321 0.0000000000
22080  -20.086  -65.030  3.237 0.0000000000
22092  -8.275  -66.154  4.916 0.0000000000
22093  -9.137  -66.236  4.562 0.0000000000
22094  -9.694  -66.656  4.358 0.0000000000
22095  -15.272  -66.007  2.936 0.0000000000
22096  -15.775  -65.816  2.881 0.0000000000
22097  -18.798  -66.019  3.644 0.0000000000
22098  -19.222  -65.689  3.537 0.0000000000
22099  -19.853  -65.110  3.150 0.0000000000
22100  -20.020  -64.889  3.107 0.0000000000
22109  -9.560  -66.086  4.169 0.0000000000
22110  -10.007  -66.536  3.871 0.0000000000
22111  -10.782  -66.451  3.647 0.0000000000
22112  -18.216  -66.185  3.274 0.0000000000
22113  -18.510  -65.895  3.536 0.0000000000
22114  -19.151  -65.174  3.090 0.0000000000
22122  -11.491  -66.479  3.250 0.0000000000
22123  -12.165  -66.446  2.927 0.0000000000
22124  -13.139  -66.385  2.889 0.0000000000
22125  -14.019  -66.261  2.902 0.0000000000
22126  -14.861  -66.143  2.901 0.0000000000
22127  -15.765  -66.154  2.828 0.0000000000
22128  -16.616  -66.164  2.860 0.0000000000
22129  -17.302  -66.004  2.958 0.0000000000
22130  -18.073  -65.886  2.945 0.0000000000
22131  -18.740  -65.214  2.835 0.0000000000
22132  -19.240  -64.726  2.685 0.0000000000
22922  -6.029  -64.241  7.916 0.0000000000
22923  -6.834  -64.456  7.253 0.0000000000
22933  -7.711  -64.814  6.696 0.0000000000
22934  -8.571  -65.242  6.039 0.0000000000
22935  -9.282  -65.601  5.209 0.0000000000
22936  -17.675  -66.902  4.327 0.0000000000
22937  -17.817  -66.887  4.608 0.0000000000
22946  -9.869  -65.597  4.588 0.0000000000
22947  -10.586  -65.552  4.167 0.0000000000
22948  -11.439  -65.847  3.593 0.0000000000
22949  -12.144  -65.411  3.530 0.0000000000
22950  -16.645  -66.948  3.708 0.0000000000
22951  -17.127  -66.900  3.925 0.0000000000
22952  -18.067  -66.418  3.624 0.0000000000
22953  -18.816  -65.945  3.895 0.0000000000
22954  -19.521  -65.684  3.815 0.0000000000
22964  -12.377  -66.134  3.184 0.0000000000
22965  -12.604  -65.475  3.297 0.0000000000
22966  -16.502  -66.727  3.347 0.0000000000
22967  -17.209  -66.200  3.103 0.0000000000
22968  -17.787  -65.517  2.728 0.0000000000
22969  -19.970  -65.360  3.392 0.0000000000
22970  -20.027  -64.898  3.285 0.0000000000
22982  -12.694  -66.371  2.931 0.0000000000
22983  -13.151  -66.307  3.099 0.0000000000
22984  -13.834  -66.109  2.940 0.0000000000
22985  -14.692  -65.728  2.990 0.0000000000
22986  -16.232  -66.081  2.827 0.0000000000
22987  -17.160  -65.261  2.648 0.0000000000
22988  -17.657  -65.081  2.491 0.0000000000
22989  -20.106  -64.507  3.206 0.0000000000
22990  -20.180  -64.750  3.213 0.0000000000
23002  -8.552  -65.502  4.344 0.0000000000
23003  -9.077  -65.617  3.960 0.0000000000
23004  -15.569  -65.424  2.778 0.0000000000
23005  -16.221  -65.265  2.597 0.0000000000
23006  -16.695  -64.866  2.417 0.0000000000
23007  -19.628  -65.058  3.014 0.0000000000
23008  -20.027  -64.432  2.955 0.0000000000
23009  -20.033  -64.638  3.088 0.0000000000
23015  -9.594  -65.735  3.841 0.0000000000
23016  -10.169  -65.643  3.644 0.0000000000
23017  -11.002  -65.604  3.351 0.0000000000
23018  -19.654  -64.511  2.744 0.0000000000
23019  -20.085  -63.959  2.605 0.0000000000
23030  -16.030  -65.365  2.612 0.0000000000
23031  -16.876  -65.427  2.378 0.0000000000
23032  -17.622  -65.254  2.562 0.0000000000
23033  -18.341  -64.915  2.361 0.0000000000
23034  -18.963  -64.358  2.416 0.0000000000
23035  -19.515  -64.158  2.467 0.0000000000
23044  -17.144  -64.517  2.266 0.0000000000
23045  -17.902  -64.350  1.985 0.0000000000
23046  -18.558  -64.061  1.943 0.0000000000
23047  -19.047  -63.769  1.939 0.0000000000
23786  -6.692  -63.335  7.401 0.0000000000
23795  -7.350  -63.576  6.812 0.0000000000
23796  -8.332  -63.990  6.455 0.0000000000
23797  -9.369  -64.409  5.760 0.0000000000
23798  -9.955  -64.011  5.626 0.0000000000
23806  -9.701  -65.125  5.123 0.0000000000
23807  -10.291  -64.580  5.069 0.0000000000
23808  -11.561  -64.714  4.399 0.0000000000
23809  -12.988  -64.667  3.951 0.0000000000
23810  -14.041  -63.965  3.749 0.0000000000
23811  -14.478  -63.554  3.470 0.0000000000
23812  -18.702  -65.472  3.308 0.0000000000
23813  -19.362  -65.390  3.364 0.0000000000
23814  -19.755  -65.322  3.442 0.0000000000
23823  -12.828  -66.135  2.950 0.0000000000
23824  -13.125  -65.600  3.167 0.0000000000
23825  -13.927  -64.772  3.003 0.0000000000
23826  -14.588  -63.982  3.051 0.0000000000
23827  -18.431  -65.196  2.640 0.0000000000
23828  -19.091  -64.829  2.812 0.0000000000
23829  -19.768  -64.570  3.299 0.0000000000
23830  -20.294  -63.988  3.092 0.0000000000
23841  -12.942  -66.338  2.907 0.0000000000
23842  -13.274  -66.046  3.056 0.0000000000
23843  -13.954  -65.533  2.949 0.0000000000
23844  -15.269  -64.645  2.864 0.0000000000
23845  -16.017  -64.121  2.476 0.0000000000
23846  -17.554  -64.828  2.354 0.0000000000
23847  -17.970  -64.810  2.303 0.0000000000
23848  -20.484  -63.421  2.821 0.0000000000
23849  -20.686  -62.643  2.609 0.0000000000
23862  -15.912  -64.970  2.605 0.0000000000
23863  -16.295  -64.469  2.422 0.0000000000
23864  -17.139  -64.515  2.267 0.0000000000
23865  -17.626  -64.567  2.199 0.0000000000
23866  -20.368  -63.390  2.618 0.0000000000
23867  -20.579  -62.461  2.602 0.0000000000
23868  -20.594  -62.059  2.398 0.0000000000
23879  -19.895  -63.927  2.450 0.0000000000
23880  -20.336  -63.205  2.420 0.0000000000
23881  -20.556  -62.673  2.748 0.0000000000
23882  -20.560  -62.270  2.492 0.0000000000
23893  -19.411  -63.840  2.126 0.0000000000
23894  -19.890  -63.474  2.159 0.0000000000
23895  -20.264  -62.754  2.165 0.0000000000
23896  -20.406  -62.123  2.614 0.0000000000
23897  -20.522  -62.034  2.376 0.0000000000
23908  -18.808  -63.252  1.818 0.0000000000
23909  -19.403  -63.087  1.991 0.0000000000
23910  -19.988  -62.704  1.971 0.0000000000
23911  -20.226  -62.404  2.068 0.0000000000
24676  -7.297  -62.496  6.923 0.0000000000
24677  -7.909  -62.752  6.492 0.0000000000
24678  -8.815  -63.083  6.160 0.0000000000
24679  -9.718  -63.266  5.838 0.0000000000
24680  -10.315  -62.976  5.683 0.0000000000
24681  -12.775  -61.999  4.946 0.0000000000
24682  -13.056  -61.941  4.778 0.0000000000
24683  -14.072  -61.971  5.093 0.0000000000
24684  -15.082  -61.923  5.357 0.0000000000
24685  -15.746  -61.866  5.435 0.0000000000
24695  -10.275  -63.638  5.550 0.0000000000
24696  -10.979  -63.255  5.363 0.0000000000
24697  -12.393  -62.686  5.021 0.0000000000
24698  -13.577  -63.157  4.630 0.0000000000
24699  -14.541  -63.031  4.527 0.0000000000
24700  -15.268  -62.438  4.576 0.0000000000
24701  -15.915  -62.155  4.695 0.0000000000
24712  -14.831  -63.207  3.348 0.0000000000
24713  -15.460  -62.800  3.132 0.0000000000
24714  -15.958  -62.358  3.424 0.0000000000
24715  -18.420  -64.681  2.287 0.0000000000
24716  -18.797  -64.279  2.260 0.0000000000
24717  -19.501  -63.862  2.443 0.0000000000
24718  -20.261  -63.404  2.628 0.0000000000
24719  -20.728  -62.673  2.824 0.0000000000
24730  -15.246  -63.644  2.935 0.0000000000
24731  -16.018  -63.494  2.544 0.0000000000
24732  -16.612  -63.054  2.360 0.0000000000
24733  -18.300  -64.262  2.230 0.0000000000
24734  -18.407  -63.632  2.147 0.0000000000
24735  -20.515  -63.169  2.798 0.0000000000
24736  -20.774  -62.391  2.526 0.0000000000
24747  -16.281  -63.937  2.379 0.0000000000
24748  -16.784  -63.627  2.250 0.0000000000
24749  -17.763  -63.900  2.181 0.0000000000
24750  -18.102  -63.413  2.088 0.0000000000
24751  -20.826  -62.049  2.522 0.0000000000
24752  -20.751  -61.814  2.320 0.0000000000
24766  -20.495  -62.552  2.308 0.0000000000
24767  -20.471  -62.650  2.520 0.0000000000
24768  -20.559  -61.683  2.253 0.0000000000
24781  -20.325  -62.053  2.156 0.0000000000
24782  -20.467  -62.065  2.374 0.0000000000
24783  -20.413  -61.855  2.335 0.0000000000
24800  -19.706  -62.208  1.895 0.0000000000
24801  -20.090  -62.167  2.003 0.0000000000
25619  -15.877  -60.000  5.814 0.0000000000
25627  -7.817  -61.826  6.583 0.0000000000
25628  -8.495  -61.959  6.290 0.0000000000
25629  -9.223  -62.294  5.957 0.0000000000
25630  -9.893  -62.324  5.724 0.0000000000
25631  -10.510  -62.315  5.602 0.0000000000
25632  -12.707  -61.529  4.893 0.0000000000
25633  -13.019  -60.566  4.822 0.0000000000
25634  -14.390  -60.238  5.280 0.0000000000
25635  -15.588  -60.927  5.683 0.0000000000
25636  -16.169  -61.118  5.565 0.0000000000
25637  -16.516  -61.141  5.228 0.0000000000
25646  -9.046  -61.605  6.126 0.0000000000
25647  -9.512  -61.656  5.889 0.0000000000
25648  -10.137  -61.533  5.699 0.0000000000
25649  -11.099  -61.554  5.413 0.0000000000
25650  -12.141  -60.793  5.092 0.0000000000
25651  -12.392  -60.061  4.894 0.0000000000
25652  -16.334  -61.799  4.557 0.0000000000
25653  -16.633  -61.352  4.054 0.0000000000
25661  -15.984  -62.741  2.761 0.0000000000
25662  -16.297  -62.149  2.991 0.0000000000
25663  -16.696  -61.639  2.800 0.0000000000
25664  -19.081  -63.127  2.092 0.0000000000
25665  -19.803  -62.839  2.150 0.0000000000
25666  -20.254  -62.256  2.734 0.0000000000
25667  -21.061  -61.944  2.477 0.0000000000
25677  -16.320  -62.821  2.547 0.0000000000
25678  -16.738  -62.504  2.455 0.0000000000
25679  -17.264  -62.207  2.229 0.0000000000
25680  -18.190  -62.785  2.082 0.0000000000
25681  -21.120  -61.547  2.212 0.0000000000
25682  -21.220  -61.287  2.074 0.0000000000
25698  -16.959  -62.878  2.159 0.0000000000
25699  -17.421  -63.081  2.024 0.0000000000
25700  -17.897  -63.288  2.146 0.0000000000
25701  -21.024  -61.726  2.346 0.0000000000
25702  -21.041  -61.310  2.231 0.0000000000
25715  -20.914  -61.069  2.079 0.0000000000
25725  -20.265  -61.603  2.037 0.0000000000
25726  -20.467  -61.556  2.143 0.0000000000
25727  -20.601  -61.342  2.091 0.0000000000
25755  -20.031  -61.493  1.972 0.0000000000
25756  -20.316  -61.178  1.982 0.0000000000
25757  -20.527  -61.061  2.031 0.0000000000
26577  -16.033  -59.495  5.862 0.0000000000
26578  -16.107  -58.680  5.641 0.0000000000
26588  -8.251  -61.449  6.526 0.0000000000
26594  -16.335  -60.630  5.615 0.0000000000
26595  -16.538  -60.225  5.162 0.0000000000
26603  -9.251  -61.285  6.154 0.0000000000
26604  -9.597  -61.013  6.089 0.0000000000
26605  -10.297  -60.471  5.966 0.0000000000
26606  -11.170  -60.079  5.399 0.0000000000
26607  -11.932  -59.616  5.171 0.0000000000
26608  -12.533  -59.527  5.030 0.0000000000
26609  -16.790  -60.836  3.759 0.0000000000
26619  -17.126  -61.073  2.775 0.0000000000
26620  -19.515  -62.441  1.980 0.0000000000
26621  -19.835  -61.669  2.028 0.0000000000
26622  -20.716  -61.288  2.328 0.0000000000
26623  -21.244  -61.142  2.127 0.0000000000
26636  -18.047  -61.552  2.100 0.0000000000
26637  -19.067  -61.973  1.907 0.0000000000
26638  -19.437  -61.314  1.897 0.0000000000
26639  -21.364  -60.945  2.035 0.0000000000
26640  -21.442  -60.759  1.912 0.0000000000
26657  -18.724  -61.365  1.965 0.0000000000
26658  -19.153  -61.298  1.986 0.0000000000
26659  -19.344  -61.133  1.915 0.0000000000
26660  -21.396  -60.552  1.818 0.0000000000
26674  -21.358  -60.315  1.750 0.0000000000
26693  -20.862  -60.309  1.755 0.0000000000
26694  -21.040  -60.485  1.770 0.0000000000
26724  -20.353  -60.521  1.833 0.0000000000
26725  -20.696  -60.448  1.867 0.0000000000
26726  -20.616  -60.821  1.989 0.0000000000
27581  -16.287  -59.005  5.371 0.0000000000
27599  -16.592  -59.830  4.159 0.0000000000
27600  -16.343  -58.995  5.126 0.0000000000
27614  -17.506  -60.493  2.322 0.0000000000
27615  -17.943  -60.211  1.839 0.0000000000
27616  -20.334  -60.391  1.856 0.0000000000
27617  -21.156  -60.428  1.983 0.0000000000
27618  -21.442  -60.479  1.986 0.0000000000
27636  -18.331  -61.022  1.882 0.0000000000
27637  -18.534  -60.598  1.807 0.0000000000
27638  -19.392  -60.649  1.934 0.0000000000
27639  -21.659  -60.260  1.934 0.0000000000
27640  -21.804  -60.054  1.824 0.0000000000
27660  -18.819  -61.035  1.902 0.0000000000
27661  -19.145  -60.924  1.948 0.0000000000
27662  -19.424  -60.900  1.930 0.0000000000
27663  -21.870  -59.825  1.864 0.0000000000
27683  -21.706  -59.759  1.692 0.0000000000
27706  -21.080  -60.060  1.739 0.0000000000
27707  -21.670  -59.543  1.593 0.0000000000
27731  -20.909  -59.925  1.412 0.0000000000
27732  -21.384  -59.587  1.349 0.0000000000
28675  -16.733  -59.553  3.105 0.0000000000
28676  -17.566  -59.891  2.175 0.0000000000
28702  -18.414  -59.789  1.704 0.0000000000
28703  -19.672  -59.667  1.614 0.0000000000
28704  -22.064  -59.675  1.949 0.0000000000
28705  -22.196  -59.066  2.002 0.0000000000
28706  -22.183  -58.543  2.170 0.0000000000
28723  -22.024  -59.229  1.912 0.0000000000
28724  -22.379  -58.389  2.114 0.0000000000
28739  -22.095  -59.027  1.796 0.0000000000
28740  -22.266  -58.414  1.902 0.0000000000
28756  -22.035  -58.691  1.922 0.0000000000
132605  -1.463  -68.253  14.263 0.0000000000
