#!ascii label  , from subject bert vox2ras=TkReg
693
99346  -29.795  16.950  -14.262 0.0000000000
99347  -30.019  16.849  -14.191 0.0000000000
99365  -30.006  16.979  -14.414 0.0000000000
99511  -15.749  10.607  -34.956 0.0000000000
99513  -20.876  11.246  -36.632 0.0000000000
100166  -29.493  16.942  -14.167 0.0000000000
100184  -28.014  16.928  -14.564 0.0000000000
100274  -19.637  11.898  -28.383 0.0000000000
100287  -17.092  11.642  -30.094 0.0000000000
100300  -14.789  12.597  -33.824 0.0000000000
100301  -15.164  11.845  -32.887 0.0000000000
100304  -23.638  12.686  -35.154 0.0000000000
100316  -15.504  12.536  -34.722 0.0000000000
100317  -15.185  11.646  -34.374 0.0000000000
100318  -20.857  12.290  -36.430 0.0000000000
100319  -22.415  12.143  -35.931 0.0000000000
100327  -15.894  12.609  -35.255 0.0000000000
100328  -16.182  11.928  -35.742 0.0000000000
100329  -17.814  11.642  -36.824 0.0000000000
100330  -19.410  11.438  -37.134 0.0000000000
100950  -20.909  16.381  -17.130 0.0000000000
100951  -25.153  16.674  -15.857 0.0000000000
100952  -25.825  16.175  -15.693 0.0000000000
100953  -26.711  16.625  -15.153 0.0000000000
100954  -27.595  16.861  -14.775 0.0000000000
100965  -21.686  17.106  -17.369 0.0000000000
100966  -25.504  16.399  -15.861 0.0000000000
100967  -26.026  16.130  -15.637 0.0000000000
100968  -26.624  16.657  -15.276 0.0000000000
100977  -25.208  16.306  -15.755 0.0000000000
101034  -22.134  12.768  -26.066 0.0000000000
101046  -20.835  12.696  -26.981 0.0000000000
101047  -22.028  12.484  -26.826 0.0000000000
101065  -18.826  12.703  -28.073 0.0000000000
101066  -20.389  12.386  -27.712 0.0000000000
101067  -21.693  12.184  -27.492 0.0000000000
101078  -15.213  13.487  -31.344 0.0000000000
101079  -16.474  12.756  -30.021 0.0000000000
101080  -18.014  12.202  -28.999 0.0000000000
101081  -25.223  13.330  -33.299 0.0000000000
101089  -14.641  13.572  -33.525 0.0000000000
101090  -14.772  12.949  -32.648 0.0000000000
101091  -15.958  12.365  -31.403 0.0000000000
101092  -23.494  13.328  -35.307 0.0000000000
101093  -24.540  12.979  -34.181 0.0000000000
101099  -15.122  13.249  -34.291 0.0000000000
101100  -19.056  13.545  -35.728 0.0000000000
101101  -20.709  13.249  -35.934 0.0000000000
101102  -22.257  12.928  -35.755 0.0000000000
101111  -15.780  13.093  -34.809 0.0000000000
101112  -16.496  12.924  -35.313 0.0000000000
101113  -17.566  12.704  -36.073 0.0000000000
101114  -19.251  12.511  -36.364 0.0000000000
101709  -26.953  16.822  -14.753 0.0000000000
101725  -21.774  17.916  -17.991 0.0000000000
101726  -25.423  16.075  -15.864 0.0000000000
101727  -25.853  16.628  -15.768 0.0000000000
101738  -22.206  18.062  -17.983 0.0000000000
101739  -23.132  17.638  -17.622 0.0000000000
101749  -22.464  17.965  -18.530 0.0000000000
101750  -23.083  17.883  -17.829 0.0000000000
101751  -23.831  17.375  -17.241 0.0000000000
101761  -21.659  16.914  -20.057 0.0000000000
101762  -22.434  18.185  -18.705 0.0000000000
101769  -21.376  15.314  -22.127 0.0000000000
101776  -21.770  14.474  -23.787 0.0000000000
101783  -21.374  14.071  -24.584 0.0000000000
101792  -20.125  13.798  -25.255 0.0000000000
101793  -21.169  13.412  -25.222 0.0000000000
101794  -21.969  12.930  -25.236 0.0000000000
101803  -18.447  14.028  -26.583 0.0000000000
101804  -19.715  13.211  -26.065 0.0000000000
101805  -20.985  12.843  -25.948 0.0000000000
101822  -16.345  14.535  -28.658 0.0000000000
101823  -17.854  13.669  -27.682 0.0000000000
101824  -19.435  13.107  -27.237 0.0000000000
101837  -14.407  14.721  -31.389 0.0000000000
101838  -15.506  13.908  -29.919 0.0000000000
101839  -17.033  13.149  -28.725 0.0000000000
101840  -24.159  14.108  -35.298 0.0000000000
101841  -25.094  13.687  -34.066 0.0000000000
101849  -14.757  14.492  -33.295 0.0000000000
101850  -14.438  14.077  -32.554 0.0000000000
101851  -21.842  14.792  -35.837 0.0000000000
101852  -23.256  14.116  -35.493 0.0000000000
101853  -24.459  13.479  -34.715 0.0000000000
101859  -15.349  14.173  -34.110 0.0000000000
101860  -16.843  14.577  -34.616 0.0000000000
101861  -18.639  14.611  -35.280 0.0000000000
101862  -20.449  14.289  -35.756 0.0000000000
101863  -22.069  13.803  -35.762 0.0000000000
101871  -15.583  13.554  -34.490 0.0000000000
101872  -16.242  13.674  -34.738 0.0000000000
101873  -17.475  13.670  -35.231 0.0000000000
102552  -23.281  18.127  -17.947 0.0000000000
102553  -23.625  17.837  -17.777 0.0000000000
102554  -23.816  17.576  -17.353 0.0000000000
102555  -24.123  17.455  -16.906 0.0000000000
102562  -20.854  17.428  -19.360 0.0000000000
102563  -21.632  17.577  -18.927 0.0000000000
102564  -22.587  18.207  -18.189 0.0000000000
102565  -23.587  18.323  -18.088 0.0000000000
102566  -23.920  18.030  -17.844 0.0000000000
102567  -24.023  17.704  -17.527 0.0000000000
102576  -20.775  17.281  -20.983 0.0000000000
102577  -21.171  16.637  -20.545 0.0000000000
102584  -20.143  16.431  -22.379 0.0000000000
102585  -20.899  15.722  -22.158 0.0000000000
102590  -19.813  15.541  -23.359 0.0000000000
102591  -20.802  15.278  -23.604 0.0000000000
102597  -18.332  15.702  -24.810 0.0000000000
102598  -19.534  15.063  -24.547 0.0000000000
102599  -20.470  14.492  -24.472 0.0000000000
102603  -17.649  15.234  -26.013 0.0000000000
102604  -18.899  14.312  -25.413 0.0000000000
102615  -13.583  16.703  -29.658 0.0000000000
102616  -15.112  15.735  -28.302 0.0000000000
102617  -16.990  14.915  -27.343 0.0000000000
102632  -13.626  16.148  -31.417 0.0000000000
102633  -14.961  15.491  -30.014 0.0000000000
102634  -23.970  14.612  -35.521 0.0000000000
102635  -24.621  14.370  -35.386 0.0000000000
102636  -25.759  13.769  -33.354 0.0000000000
102643  -14.947  15.050  -33.359 0.0000000000
102644  -14.418  15.440  -32.810 0.0000000000
102645  -21.707  15.405  -35.909 0.0000000000
102646  -22.960  15.081  -35.797 0.0000000000
102647  -23.825  14.947  -35.661 0.0000000000
102653  -15.189  14.803  -33.615 0.0000000000
102654  -15.714  15.404  -33.732 0.0000000000
102655  -17.767  15.768  -34.690 0.0000000000
102656  -20.083  15.622  -35.889 0.0000000000
102657  -21.479  15.806  -36.290 0.0000000000
103332  -24.365  17.466  -16.171 0.0000000000
103339  -20.646  18.228  -18.651 0.0000000000
103340  -21.102  18.430  -18.517 0.0000000000
103341  -21.425  18.703  -18.536 0.0000000000
103342  -24.331  17.908  -17.144 0.0000000000
103348  -20.136  17.837  -19.061 0.0000000000
103349  -20.648  17.879  -18.772 0.0000000000
103350  -21.715  18.546  -18.423 0.0000000000
103351  -22.682  18.616  -18.254 0.0000000000
103352  -23.552  18.804  -18.350 0.0000000000
103353  -24.217  18.855  -18.455 0.0000000000
103354  -24.185  18.139  -17.743 0.0000000000
103361  -19.603  17.653  -19.837 0.0000000000
103362  -20.168  17.555  -19.656 0.0000000000
103363  -22.543  19.444  -18.725 0.0000000000
103364  -22.988  19.350  -18.628 0.0000000000
103365  -23.722  19.320  -18.791 0.0000000000
103366  -24.098  19.203  -18.773 0.0000000000
103372  -19.026  17.449  -21.058 0.0000000000
103373  -19.773  17.503  -21.096 0.0000000000
103376  -18.605  17.316  -22.615 0.0000000000
103377  -19.248  16.494  -22.131 0.0000000000
103380  -17.862  17.034  -24.090 0.0000000000
103381  -18.978  16.199  -23.603 0.0000000000
103385  -15.553  17.701  -26.387 0.0000000000
103386  -16.972  16.624  -25.413 0.0000000000
103391  -12.952  18.341  -29.355 0.0000000000
103392  -14.405  17.246  -27.978 0.0000000000
103393  -16.268  16.304  -26.966 0.0000000000
103406  -13.314  17.836  -31.350 0.0000000000
103407  -24.487  15.195  -35.976 0.0000000000
103408  -25.448  14.628  -35.412 0.0000000000
103409  -26.311  13.768  -33.356 0.0000000000
103417  -14.545  17.366  -32.822 0.0000000000
103418  -15.615  17.999  -33.386 0.0000000000
103419  -22.030  15.983  -37.013 0.0000000000
103420  -23.495  15.507  -36.572 0.0000000000
103421  -24.287  15.847  -37.137 0.0000000000
103428  -15.114  16.318  -33.269 0.0000000000
103429  -16.599  17.029  -33.568 0.0000000000
103430  -18.615  17.105  -35.413 0.0000000000
103431  -20.596  17.104  -36.767 0.0000000000
103432  -22.317  17.021  -37.497 0.0000000000
103433  -23.416  16.510  -37.639 0.0000000000
104012  -25.019  17.859  -14.863 0.0000000000
104015  -24.734  18.094  -15.363 0.0000000000
104016  -24.544  18.774  -15.984 0.0000000000
104018  -24.493  18.082  -16.149 0.0000000000
104019  -24.723  18.945  -16.763 0.0000000000
104022  -20.763  18.527  -18.675 0.0000000000
104023  -20.957  18.688  -18.654 0.0000000000
104024  -21.233  18.895  -18.659 0.0000000000
104025  -24.698  18.696  -17.403 0.0000000000
104026  -25.045  19.192  -17.445 0.0000000000
104029  -20.379  18.276  -18.849 0.0000000000
104030  -21.553  19.132  -18.765 0.0000000000
104031  -24.577  19.290  -18.881 0.0000000000
104032  -24.694  19.173  -18.559 0.0000000000
104036  -19.804  18.081  -19.241 0.0000000000
104037  -22.242  19.707  -19.092 0.0000000000
104038  -23.112  19.965  -19.223 0.0000000000
104039  -23.985  20.050  -19.498 0.0000000000
104040  -24.715  19.848  -19.556 0.0000000000
104041  -25.094  19.954  -19.590 0.0000000000
104045  -19.249  18.278  -20.218 0.0000000000
104046  -22.937  20.448  -19.772 0.0000000000
104047  -23.698  20.623  -20.045 0.0000000000
104048  -24.417  20.656  -20.395 0.0000000000
104049  -24.667  20.380  -20.176 0.0000000000
104051  -18.478  18.405  -21.722 0.0000000000
104053  -16.652  19.526  -24.500 0.0000000000
104054  -17.651  18.392  -23.396 0.0000000000
104057  -14.403  20.341  -27.105 0.0000000000
104058  -15.462  19.152  -26.032 0.0000000000
104059  -16.607  18.067  -24.879 0.0000000000
104064  -13.631  20.154  -29.058 0.0000000000
104065  -13.986  18.777  -27.433 0.0000000000
104066  -27.262  13.788  -33.635 0.0000000000
104076  -13.851  19.861  -31.638 0.0000000000
104077  -14.995  20.422  -32.682 0.0000000000
104078  -25.903  15.171  -35.676 0.0000000000
104079  -26.713  14.165  -34.536 0.0000000000
104080  -27.472  13.890  -34.139 0.0000000000
104087  -14.049  18.639  -32.489 0.0000000000
104088  -15.693  19.143  -33.090 0.0000000000
104089  -18.449  19.319  -33.866 0.0000000000
104090  -20.065  19.793  -35.686 0.0000000000
104091  -20.831  20.111  -36.577 0.0000000000
104092  -25.217  15.850  -37.113 0.0000000000
104093  -26.249  15.634  -36.063 0.0000000000
104094  -27.185  14.919  -35.382 0.0000000000
104095  -27.911  14.236  -34.944 0.0000000000
104102  -16.447  18.114  -33.379 0.0000000000
104103  -17.694  18.173  -33.956 0.0000000000
104104  -19.338  18.492  -35.844 0.0000000000
104105  -21.252  18.987  -37.087 0.0000000000
104106  -23.803  17.905  -37.576 0.0000000000
104107  -25.623  17.169  -37.128 0.0000000000
104108  -26.826  16.491  -36.761 0.0000000000
104109  -27.787  15.883  -36.290 0.0000000000
104110  -28.610  15.145  -35.776 0.0000000000
104117  -24.405  19.044  -37.426 0.0000000000
104118  -25.182  18.747  -37.345 0.0000000000
104119  -26.460  18.265  -37.171 0.0000000000
104120  -27.648  17.712  -37.321 0.0000000000
104121  -28.802  17.050  -37.269 0.0000000000
104733  -25.134  18.574  -14.875 0.0000000000
104734  -25.925  18.871  -14.385 0.0000000000
104738  -24.797  19.168  -15.513 0.0000000000
104739  -24.746  19.503  -16.297 0.0000000000
104748  -25.100  19.640  -17.159 0.0000000000
104753  -20.592  18.596  -18.824 0.0000000000
104754  -20.776  18.790  -18.816 0.0000000000
104755  -21.007  18.983  -18.778 0.0000000000
104756  -25.143  19.582  -18.620 0.0000000000
104757  -25.334  19.768  -18.121 0.0000000000
104761  -20.382  18.652  -19.061 0.0000000000
104762  -20.779  19.115  -19.029 0.0000000000
104763  -21.183  19.266  -18.922 0.0000000000
104764  -25.320  20.094  -19.534 0.0000000000
104769  -19.852  18.723  -19.521 0.0000000000
104770  -20.957  19.518  -19.247 0.0000000000
104771  -21.453  19.836  -19.386 0.0000000000
104772  -25.132  20.519  -20.485 0.0000000000
104773  -25.409  20.716  -20.553 0.0000000000
104777  -19.492  19.076  -20.102 0.0000000000
104778  -22.186  20.693  -20.127 0.0000000000
104779  -23.200  21.220  -20.543 0.0000000000
104780  -24.164  21.340  -20.964 0.0000000000
104781  -25.148  21.019  -21.212 0.0000000000
104782  -25.747  21.457  -21.749 0.0000000000
104785  -18.908  19.409  -21.089 0.0000000000
104786  -22.452  21.797  -20.878 0.0000000000
104787  -23.385  22.261  -21.660 0.0000000000
104788  -24.657  21.871  -22.315 0.0000000000
104789  -25.261  21.728  -22.461 0.0000000000
104792  -16.794  20.911  -24.385 0.0000000000
104793  -17.773  19.991  -22.803 0.0000000000
104796  -15.022  21.414  -26.858 0.0000000000
104797  -16.029  20.633  -26.014 0.0000000000
104798  -20.927  22.354  -31.824 0.0000000000
104799  -21.175  22.184  -31.843 0.0000000000
104803  -14.676  21.596  -28.583 0.0000000000
104804  -14.970  22.368  -30.439 0.0000000000
104805  -20.705  22.193  -32.112 0.0000000000
104806  -21.341  21.988  -32.014 0.0000000000
104813  -14.138  21.389  -30.598 0.0000000000
104814  -15.572  21.584  -32.181 0.0000000000
104815  -17.911  21.683  -32.884 0.0000000000
104816  -20.127  21.609  -32.968 0.0000000000
104817  -22.422  21.724  -32.613 0.0000000000
104818  -24.121  21.628  -32.710 0.0000000000
104819  -24.846  21.585  -32.721 0.0000000000
104823  -15.654  20.428  -32.683 0.0000000000
104824  -17.272  20.353  -32.790 0.0000000000
104825  -19.139  20.696  -34.057 0.0000000000
104826  -21.138  20.760  -35.322 0.0000000000
104827  -23.384  21.087  -34.283 0.0000000000
104828  -24.671  21.268  -33.566 0.0000000000
104833  -21.458  20.063  -36.651 0.0000000000
104834  -22.910  20.122  -36.833 0.0000000000
104835  -24.414  20.901  -35.570 0.0000000000
104839  -23.954  19.321  -37.344 0.0000000000
104840  -24.785  20.000  -36.893 0.0000000000
104841  -26.222  19.678  -36.796 0.0000000000
104842  -27.493  19.422  -37.026 0.0000000000
104843  -28.714  19.086  -37.126 0.0000000000
104844  -29.970  18.738  -36.648 0.0000000000
105460  -25.392  19.662  -15.007 0.0000000000
105461  -26.405  20.142  -14.586 0.0000000000
105462  -27.680  20.561  -14.459 0.0000000000
105467  -25.173  20.102  -15.951 0.0000000000
105468  -25.138  20.053  -16.675 0.0000000000
105478  -25.402  20.484  -16.725 0.0000000000
105479  -25.506  20.480  -17.519 0.0000000000
105485  -25.493  20.273  -19.179 0.0000000000
105486  -25.727  21.012  -18.979 0.0000000000
105489  -20.399  19.036  -19.338 0.0000000000
105490  -20.611  19.381  -19.395 0.0000000000
105491  -25.765  21.074  -20.267 0.0000000000
105492  -25.901  21.788  -20.155 0.0000000000
105497  -20.134  19.318  -19.744 0.0000000000
105498  -20.664  19.909  -19.844 0.0000000000
105499  -21.255  20.576  -20.179 0.0000000000
105500  -26.008  21.616  -21.526 0.0000000000
105504  -19.736  19.912  -20.507 0.0000000000
105505  -20.398  20.889  -20.790 0.0000000000
105506  -21.422  21.551  -20.852 0.0000000000
105507  -25.618  21.875  -22.470 0.0000000000
105508  -25.973  22.189  -22.370 0.0000000000
105511  -18.963  21.111  -21.709 0.0000000000
105512  -20.215  22.396  -21.665 0.0000000000
105513  -21.854  22.736  -21.777 0.0000000000
105514  -22.855  23.111  -22.759 0.0000000000
105515  -23.949  22.989  -23.141 0.0000000000
105516  -25.045  22.731  -22.983 0.0000000000
105517  -34.492  23.965  -27.050 0.0000000000
105518  -16.450  22.532  -26.560 0.0000000000
105519  -16.570  22.122  -25.736 0.0000000000
105520  -17.726  22.093  -23.616 0.0000000000
105521  -20.757  23.343  -22.596 0.0000000000
105522  -21.756  23.736  -23.120 0.0000000000
105523  -22.882  24.053  -23.425 0.0000000000
105524  -23.712  24.309  -23.518 0.0000000000
105525  -34.445  24.116  -27.212 0.0000000000
105526  -16.078  22.221  -27.281 0.0000000000
105527  -16.074  21.510  -26.580 0.0000000000
105528  -21.136  22.396  -31.710 0.0000000000
105529  -21.356  22.308  -31.738 0.0000000000
105530  -34.437  24.269  -27.376 0.0000000000
105532  -15.871  22.727  -29.003 0.0000000000
105533  -16.574  22.915  -30.733 0.0000000000
105534  -18.230  23.179  -31.388 0.0000000000
105535  -20.314  22.760  -31.678 0.0000000000
105536  -21.805  22.595  -31.618 0.0000000000
105537  -22.870  22.765  -31.655 0.0000000000
105543  -17.263  22.542  -32.142 0.0000000000
105544  -18.868  22.321  -32.263 0.0000000000
105545  -19.961  22.217  -32.284 0.0000000000
105546  -22.817  22.134  -31.656 0.0000000000
105547  -23.694  22.213  -31.742 0.0000000000
105548  -24.770  22.162  -32.406 0.0000000000
105549  -25.550  22.560  -32.970 0.0000000000
105555  -25.336  21.800  -33.056 0.0000000000
105556  -26.290  22.319  -33.588 0.0000000000
105557  -26.968  22.629  -34.296 0.0000000000
105562  -25.421  21.495  -34.484 0.0000000000
105563  -26.336  21.660  -34.881 0.0000000000
105564  -27.445  22.106  -35.247 0.0000000000
105565  -28.568  22.181  -35.698 0.0000000000
105566  -29.779  22.361  -35.891 0.0000000000
105567  -31.110  22.351  -35.527 0.0000000000
105568  -32.754  22.407  -35.047 0.0000000000
105571  -25.458  20.816  -35.552 0.0000000000
105572  -26.272  20.720  -35.966 0.0000000000
105573  -27.427  20.783  -36.252 0.0000000000
105574  -28.613  20.744  -36.413 0.0000000000
105575  -29.874  20.698  -36.371 0.0000000000
105576  -31.297  20.619  -36.036 0.0000000000
106146  -25.964  20.644  -15.522 0.0000000000
106147  -27.131  21.408  -15.286 0.0000000000
106148  -28.147  21.571  -15.030 0.0000000000
106152  -25.763  20.874  -16.530 0.0000000000
106153  -26.490  21.659  -16.399 0.0000000000
106161  -25.666  20.864  -17.107 0.0000000000
106162  -26.023  21.650  -17.767 0.0000000000
106170  -25.990  22.221  -19.482 0.0000000000
106173  -26.241  22.286  -21.216 0.0000000000
106174  -26.087  22.347  -20.458 0.0000000000
106179  -26.139  22.488  -22.104 0.0000000000
106184  -25.588  23.074  -22.857 0.0000000000
106185  -25.753  23.582  -22.611 0.0000000000
106186  -33.811  24.855  -26.996 0.0000000000
106188  -18.987  22.628  -22.635 0.0000000000
106189  -19.734  23.400  -22.795 0.0000000000
106190  -24.440  23.899  -23.409 0.0000000000
106191  -24.988  24.729  -23.365 0.0000000000
106192  -25.494  24.378  -22.950 0.0000000000
106193  -33.009  27.135  -28.212 0.0000000000
106194  -33.432  25.556  -27.607 0.0000000000
106195  -16.714  23.305  -26.635 0.0000000000
106196  -17.469  23.515  -25.211 0.0000000000
106197  -18.687  23.838  -23.876 0.0000000000
106198  -20.303  24.504  -23.580 0.0000000000
106199  -21.744  25.097  -23.927 0.0000000000
106200  -22.976  25.448  -23.987 0.0000000000
106201  -24.098  25.424  -23.787 0.0000000000
106202  -24.699  25.790  -23.984 0.0000000000
106203  -33.156  26.892  -28.414 0.0000000000
106204  -33.593  25.353  -27.878 0.0000000000
106205  -16.601  23.351  -27.984 0.0000000000
106206  -33.470  26.577  -28.545 0.0000000000
106207  -33.898  25.662  -28.341 0.0000000000
106208  -34.432  25.099  -28.206 0.0000000000
106209  -16.901  23.408  -29.232 0.0000000000
106210  -17.722  23.611  -30.074 0.0000000000
106211  -19.031  23.945  -30.543 0.0000000000
106212  -20.579  24.095  -31.096 0.0000000000
106213  -22.096  23.965  -31.409 0.0000000000
106214  -23.462  23.682  -31.568 0.0000000000
106215  -24.338  24.211  -32.134 0.0000000000
106216  -34.386  26.506  -29.065 0.0000000000
106217  -34.991  25.638  -28.762 0.0000000000
106218  -35.554  25.597  -29.186 0.0000000000
106219  -24.253  22.989  -32.020 0.0000000000
106220  -24.944  23.687  -32.931 0.0000000000
106221  -26.088  23.691  -33.597 0.0000000000
106222  -26.823  24.384  -34.239 0.0000000000
106223  -34.624  26.625  -29.603 0.0000000000
106224  -34.928  26.425  -29.988 0.0000000000
106225  -35.579  25.707  -30.386 0.0000000000
106228  -26.763  23.294  -34.018 0.0000000000
106229  -27.643  23.872  -34.550 0.0000000000
106230  -28.771  24.470  -34.905 0.0000000000
106231  -35.089  25.074  -31.984 0.0000000000
106234  -28.441  23.314  -35.147 0.0000000000
106235  -29.609  23.888  -35.352 0.0000000000
106236  -30.926  23.922  -35.370 0.0000000000
106237  -32.301  23.963  -34.812 0.0000000000
106238  -34.036  24.204  -33.605 0.0000000000
106789  -27.666  22.119  -15.545 0.0000000000
106790  -27.780  21.928  -15.323 0.0000000000
106795  -27.487  22.583  -16.268 0.0000000000
106796  -28.368  22.673  -15.670 0.0000000000
106802  -26.865  22.876  -17.448 0.0000000000
106811  -26.528  23.141  -18.935 0.0000000000
106815  -26.171  23.113  -21.426 0.0000000000
106816  -26.225  23.259  -20.583 0.0000000000
106820  -25.915  23.650  -22.070 0.0000000000
106821  -26.010  23.813  -21.532 0.0000000000
106826  -33.359  27.512  -27.230 0.0000000000
106827  -34.019  25.186  -26.688 0.0000000000
106828  -24.916  26.604  -24.300 0.0000000000
106829  -33.058  27.613  -27.959 0.0000000000
106830  -17.161  24.141  -27.476 0.0000000000
106831  -17.591  24.541  -26.480 0.0000000000
106832  -18.252  24.647  -25.407 0.0000000000
106833  -19.295  25.177  -24.904 0.0000000000
106834  -20.638  25.814  -24.941 0.0000000000
106835  -22.066  26.386  -25.155 0.0000000000
106836  -23.455  26.832  -25.073 0.0000000000
106837  -24.343  26.517  -24.446 0.0000000000
106838  -17.341  24.055  -28.499 0.0000000000
106839  -18.008  25.111  -27.955 0.0000000000
106840  -18.911  25.628  -28.259 0.0000000000
106841  -33.196  28.287  -29.834 0.0000000000
106842  -33.647  26.958  -29.056 0.0000000000
106843  -17.524  23.837  -29.239 0.0000000000
106844  -18.089  24.392  -29.314 0.0000000000
106845  -19.409  25.220  -29.465 0.0000000000
106846  -21.156  25.354  -30.528 0.0000000000
106847  -22.621  25.207  -31.078 0.0000000000
106848  -23.970  25.207  -31.485 0.0000000000
106849  -25.229  25.594  -32.611 0.0000000000
106850  -25.911  26.924  -33.339 0.0000000000
106851  -32.632  28.177  -31.236 0.0000000000
106852  -33.739  27.266  -29.721 0.0000000000
106853  -25.606  24.758  -33.463 0.0000000000
106854  -26.608  25.859  -34.041 0.0000000000
106855  -27.281  25.034  -34.428 0.0000000000
106856  -32.469  27.799  -31.982 0.0000000000
106857  -33.740  27.261  -30.882 0.0000000000
106858  -34.204  26.463  -31.586 0.0000000000
106859  -34.732  25.775  -31.614 0.0000000000
106860  -27.970  26.414  -33.922 0.0000000000
106861  -28.448  25.661  -34.351 0.0000000000
106862  -29.863  25.354  -34.631 0.0000000000
106863  -33.709  26.288  -32.507 0.0000000000
106864  -34.050  25.703  -32.654 0.0000000000
106865  -30.824  25.105  -34.854 0.0000000000
106866  -31.904  25.131  -34.634 0.0000000000
106867  -33.021  25.211  -34.102 0.0000000000
106868  -33.597  25.273  -33.438 0.0000000000
107374  -28.136  23.811  -16.472 0.0000000000
107375  -28.914  24.203  -16.187 0.0000000000
107376  -29.794  24.898  -16.107 0.0000000000
107381  -27.548  23.956  -17.120 0.0000000000
107389  -27.124  24.403  -18.354 0.0000000000
107395  -26.547  24.726  -19.905 0.0000000000
107399  -25.845  24.640  -22.068 0.0000000000
107400  -26.055  24.848  -21.384 0.0000000000
107401  -34.215  25.828  -26.513 0.0000000000
107405  -25.544  26.766  -23.096 0.0000000000
107406  -33.834  27.306  -26.780 0.0000000000
107407  -18.146  25.019  -26.185 0.0000000000
107408  -18.715  25.391  -26.086 0.0000000000
107409  -19.752  26.034  -26.160 0.0000000000
107410  -21.122  26.778  -26.476 0.0000000000
107411  -22.798  27.513  -26.905 0.0000000000
107412  -23.909  27.849  -26.376 0.0000000000
107413  -24.481  27.648  -25.473 0.0000000000
107414  -18.167  25.314  -26.775 0.0000000000
107415  -19.022  25.722  -27.289 0.0000000000
107416  -20.253  26.455  -27.614 0.0000000000
107417  -21.914  27.119  -28.384 0.0000000000
107418  -22.883  27.599  -28.123 0.0000000000
107419  -31.708  29.698  -30.367 0.0000000000
107420  -19.599  25.929  -28.340 0.0000000000
107421  -20.641  26.258  -29.134 0.0000000000
107422  -22.142  26.352  -30.018 0.0000000000
107423  -23.312  26.078  -30.664 0.0000000000
107424  -24.533  26.451  -31.240 0.0000000000
107425  -25.548  27.917  -32.400 0.0000000000
107426  -27.449  29.271  -32.612 0.0000000000
107427  -30.645  29.315  -31.820 0.0000000000
107428  -26.976  27.524  -33.179 0.0000000000
107429  -28.842  28.211  -33.267 0.0000000000
107430  -31.037  28.052  -32.918 0.0000000000
107431  -32.229  27.331  -32.739 0.0000000000
107432  -33.279  27.060  -32.185 0.0000000000
107433  -27.873  26.981  -33.566 0.0000000000
107434  -29.096  27.100  -33.802 0.0000000000
107435  -30.596  26.790  -33.994 0.0000000000
107436  -31.685  26.954  -33.551 0.0000000000
107437  -33.214  26.620  -32.769 0.0000000000
107438  -33.417  26.190  -33.064 0.0000000000
107439  -30.972  26.048  -34.348 0.0000000000
107440  -31.631  25.920  -34.346 0.0000000000
107441  -32.613  26.152  -33.775 0.0000000000
107442  -33.360  25.785  -33.447 0.0000000000
107926  -27.926  24.586  -16.889 0.0000000000
107927  -28.385  25.039  -16.701 0.0000000000
107928  -29.061  25.524  -16.450 0.0000000000
107933  -27.809  25.495  -17.541 0.0000000000
107934  -28.567  26.551  -17.001 0.0000000000
107935  -29.750  26.785  -16.611 0.0000000000
107943  -27.273  26.372  -19.256 0.0000000000
107949  -26.427  26.390  -20.997 0.0000000000
107954  -34.548  26.472  -26.532 0.0000000000
107959  -34.110  26.850  -26.570 0.0000000000
107960  -23.670  27.722  -28.111 0.0000000000
107961  -24.283  28.130  -27.617 0.0000000000
107962  -24.834  28.670  -26.872 0.0000000000
107963  -22.870  26.869  -29.532 0.0000000000
107964  -23.562  27.331  -29.016 0.0000000000
107965  -24.730  28.194  -29.017 0.0000000000
107966  -25.329  29.222  -28.479 0.0000000000
107967  -23.016  26.505  -30.065 0.0000000000
107968  -23.762  26.696  -30.058 0.0000000000
107969  -24.787  27.629  -30.369 0.0000000000
107970  -26.070  29.661  -30.715 0.0000000000
107971  -28.422  30.507  -31.468 0.0000000000
107972  -30.236  30.266  -30.921 0.0000000000
107973  -32.215  27.005  -33.240 0.0000000000
107974  -32.692  27.009  -32.864 0.0000000000
107975  -31.429  26.575  -33.953 0.0000000000
107976  -31.976  26.725  -33.602 0.0000000000
107977  -32.483  26.715  -33.316 0.0000000000
107978  -31.481  26.271  -34.158 0.0000000000
107979  -31.897  26.406  -33.934 0.0000000000
107980  -32.231  26.528  -33.645 0.0000000000
108483  -28.090  27.407  -18.051 0.0000000000
108484  -28.863  28.601  -17.503 0.0000000000
108485  -30.265  28.860  -17.060 0.0000000000
108493  -27.996  28.349  -19.537 0.0000000000
108494  -28.263  28.633  -18.328 0.0000000000
108498  -27.033  29.078  -21.620 0.0000000000
108499  -27.113  27.950  -20.659 0.0000000000
108503  -26.444  27.894  -21.777 0.0000000000
108504  -34.346  27.287  -26.595 0.0000000000
108505  -34.871  27.865  -26.432 0.0000000000
108509  -34.137  27.779  -26.723 0.0000000000
108510  -34.392  27.819  -26.636 0.0000000000
108511  -25.600  29.876  -27.536 0.0000000000
108512  -26.425  30.927  -29.017 0.0000000000
108513  -27.561  31.069  -30.327 0.0000000000
108514  -29.239  31.079  -30.419 0.0000000000
108515  -27.321  31.337  -29.067 0.0000000000
108516  -27.507  31.402  -29.591 0.0000000000
108517  -28.263  31.567  -29.938 0.0000000000
109070  -28.940  29.559  -17.871 0.0000000000
109071  -29.515  29.853  -17.815 0.0000000000
109072  -31.036  30.569  -17.878 0.0000000000
109073  -32.807  30.360  -18.294 0.0000000000
109078  -28.299  29.142  -19.973 0.0000000000
109079  -28.845  29.635  -19.277 0.0000000000
109080  -30.173  30.736  -19.304 0.0000000000
109081  -31.333  31.475  -19.537 0.0000000000
109085  -27.204  29.659  -21.530 0.0000000000
109086  -27.843  29.664  -20.966 0.0000000000
109087  -28.602  30.980  -20.755 0.0000000000
109092  -26.935  30.045  -21.915 0.0000000000
109093  -27.484  30.898  -22.083 0.0000000000
109094  -33.902  30.167  -26.260 0.0000000000
109095  -34.403  29.660  -26.068 0.0000000000
109096  -35.403  29.423  -25.146 0.0000000000
109099  -34.066  29.248  -26.700 0.0000000000
109100  -34.367  28.478  -26.601 0.0000000000
109101  -26.350  30.726  -26.494 0.0000000000
109102  -27.611  31.522  -28.043 0.0000000000
109103  -30.547  30.999  -29.568 0.0000000000
109104  -27.184  31.251  -28.366 0.0000000000
109105  -28.096  31.534  -29.051 0.0000000000
109106  -29.114  31.545  -29.490 0.0000000000
109715  -32.260  31.332  -19.200 0.0000000000
109716  -33.703  31.373  -19.923 0.0000000000
109721  -29.452  31.221  -20.326 0.0000000000
109722  -30.722  31.960  -20.723 0.0000000000
109723  -32.648  32.227  -20.979 0.0000000000
109724  -34.654  31.887  -21.851 0.0000000000
109729  -28.164  31.322  -21.779 0.0000000000
109730  -29.434  32.138  -21.933 0.0000000000
109731  -31.735  32.705  -22.860 0.0000000000
109732  -33.849  32.039  -23.451 0.0000000000
109736  -27.079  30.757  -22.617 0.0000000000
109737  -28.368  31.841  -23.740 0.0000000000
109738  -30.450  32.612  -24.285 0.0000000000
109739  -33.181  31.364  -25.716 0.0000000000
109740  -34.581  30.681  -24.866 0.0000000000
109741  -35.128  30.322  -24.652 0.0000000000
109742  -33.589  29.419  -27.131 0.0000000000
109743  -28.033  31.908  -27.612 0.0000000000
109744  -28.515  31.798  -28.454 0.0000000000
109745  -29.523  31.760  -28.682 0.0000000000
109746  -28.914  31.714  -29.030 0.0000000000
109747  -29.194  31.644  -29.109 0.0000000000
110322  -29.588  32.581  -25.290 0.0000000000
110323  -29.594  32.583  -24.618 0.0000000000
110324  -30.097  32.578  -25.063 0.0000000000
110325  -30.852  32.290  -25.975 0.0000000000
133002  -24.531  16.737  -16.217 0.0000000000
133007  -24.146  17.060  -15.988 0.0000000000
133008  -22.867  15.484  -15.060 0.0000000000
133009  -23.763  16.775  -16.332 0.0000000000
133010  -23.628  16.802  -16.552 0.0000000000
133016  -22.690  15.967  -16.222 0.0000000000
133105  -23.314  16.121  -15.924 0.0000000000
133106  -23.926  16.035  -14.610 0.0000000000
133112  -24.452  17.015  -15.497 0.0000000000
133113  -22.601  16.335  -16.594 0.0000000000
133117  -24.526  16.763  -15.937 0.0000000000
133118  -22.920  17.133  -17.181 0.0000000000
133119  -24.015  17.082  -16.425 0.0000000000
133123  -24.847  16.947  -16.148 0.0000000000
133124  -23.267  17.386  -17.290 0.0000000000
133125  -23.838  17.097  -16.848 0.0000000000
133129  -24.310  16.732  -16.229 0.0000000000
133130  -23.739  17.247  -17.056 0.0000000000
133133  -24.906  16.352  -15.940 0.0000000000
133134  -24.232  16.888  -16.450 0.0000000000
133138  -24.709  16.360  -16.164 0.0000000000
133139  -24.106  16.980  -16.715 0.0000000000
133140  -26.457  17.839  -14.053 0.0000000000
133141  -26.968  17.139  -14.154 0.0000000000
133142  -27.397  19.113  -14.078 0.0000000000
133144  -25.406  16.532  -15.919 0.0000000000
133145  -24.439  16.854  -16.444 0.0000000000
133146  -25.247  16.724  -15.985 0.0000000000
133147  -24.856  17.170  -16.290 0.0000000000
133148  -25.498  17.857  -14.578 0.0000000000
133149  -25.746  17.151  -14.478 0.0000000000
133150  -26.101  16.741  -14.707 0.0000000000
133151  -25.320  16.807  -15.465 0.0000000000
133152  -24.651  16.802  -15.546 0.0000000000
133153  -24.975  17.366  -14.861 0.0000000000
133154  -25.206  17.206  -15.208 0.0000000000
133155  -24.571  17.256  -15.451 0.0000000000
133226  -25.190  28.344  -25.303 0.0000000000
133227  -33.110  29.405  -27.969 0.0000000000
133228  -32.760  29.091  -29.125 0.0000000000
133229  -25.054  28.435  -26.095 0.0000000000
133230  -26.361  29.360  -22.548 0.0000000000
133231  -25.363  29.275  -26.497 0.0000000000
133232  -31.629  30.217  -29.806 0.0000000000
133233  -26.595  30.267  -22.488 0.0000000000
133234  -26.213  29.965  -23.008 0.0000000000
133235  -26.115  29.710  -23.480 0.0000000000
133236  -26.071  29.949  -24.666 0.0000000000
133237  -30.694  30.509  -30.295 0.0000000000
133238  -31.739  30.325  -29.264 0.0000000000
133239  -33.277  29.426  -27.579 0.0000000000
133240  -26.868  31.048  -24.827 0.0000000000
133241  -26.612  30.526  -23.159 0.0000000000
133242  -26.426  30.632  -25.367 0.0000000000
133243  -32.342  30.954  -27.282 0.0000000000
133244  -30.887  32.097  -26.915 0.0000000000
133245  -31.073  31.804  -27.517 0.0000000000
133246  -31.738  30.821  -28.459 0.0000000000
133247  -29.173  32.401  -26.813 0.0000000000
133248  -28.826  32.035  -27.936 0.0000000000
