#!ascii label  , from subject bert vox2ras=TkReg
778
58669  -33.166  -29.267  14.297 0.0000000000
58670  -33.876  -29.148  14.064 0.0000000000
58683  -33.830  -29.963  13.534 0.0000000000
58684  -34.482  -29.584  13.769 0.0000000000
58696  -34.416  -29.854  12.799 0.0000000000
59666  -32.502  -28.108  15.067 0.0000000000
59667  -33.407  -28.201  14.581 0.0000000000
59668  -34.432  -28.551  14.077 0.0000000000
59669  -34.791  -28.107  13.865 0.0000000000
59677  -34.934  -29.254  13.437 0.0000000000
59678  -35.193  -28.683  13.647 0.0000000000
59683  -35.061  -29.444  12.756 0.0000000000
59684  -35.436  -29.036  13.101 0.0000000000
59689  -34.871  -29.802  11.915 0.0000000000
59690  -35.422  -29.241  12.240 0.0000000000
59697  -35.194  -29.539  10.782 0.0000000000
59698  -35.848  -29.288  10.059 0.0000000000
59706  -35.412  -29.787  9.605 0.0000000000
59707  -36.136  -29.595  9.319 0.0000000000
59716  -36.431  -29.883  8.505 0.0000000000
59726  -36.922  -29.753  7.699 0.0000000000
59727  -37.303  -29.386  7.009 0.0000000000
60587  -31.678  -26.975  14.930 0.0000000000
60588  -32.657  -26.855  14.820 0.0000000000
60589  -33.708  -27.318  14.590 0.0000000000
60590  -34.465  -27.467  14.158 0.0000000000
60600  -31.094  -26.355  14.269 0.0000000000
60601  -31.718  -26.305  14.390 0.0000000000
60602  -35.109  -27.735  13.661 0.0000000000
60603  -35.291  -27.194  13.593 0.0000000000
60613  -35.634  -28.525  13.348 0.0000000000
60614  -35.842  -27.748  13.213 0.0000000000
60623  -35.876  -28.691  12.728 0.0000000000
60624  -36.374  -28.113  12.251 0.0000000000
60625  -36.735  -27.878  11.562 0.0000000000
60632  -35.938  -28.973  11.849 0.0000000000
60633  -36.257  -28.752  10.981 0.0000000000
60634  -37.063  -28.213  10.710 0.0000000000
60635  -37.799  -28.241  10.209 0.0000000000
60644  -36.548  -29.015  9.924 0.0000000000
60645  -37.361  -28.853  9.663 0.0000000000
60646  -38.155  -28.630  9.353 0.0000000000
60654  -36.871  -29.408  9.045 0.0000000000
60655  -37.570  -29.188  8.655 0.0000000000
60656  -38.209  -28.852  8.052 0.0000000000
60665  -37.052  -29.537  8.242 0.0000000000
60666  -37.527  -29.204  7.528 0.0000000000
60667  -38.095  -28.659  6.870 0.0000000000
60676  -37.613  -28.883  6.532 0.0000000000
60677  -37.994  -28.314  5.923 0.0000000000
61660  -32.676  -26.350  14.554 0.0000000000
61661  -33.089  -26.392  14.528 0.0000000000
61662  -33.875  -26.607  14.403 0.0000000000
61672  -30.327  -25.270  13.402 0.0000000000
61673  -31.022  -25.549  13.814 0.0000000000
61674  -32.215  -25.792  14.155 0.0000000000
61675  -33.256  -25.636  13.976 0.0000000000
61676  -34.621  -26.532  13.921 0.0000000000
61677  -35.506  -26.747  13.467 0.0000000000
61688  -30.180  -24.934  12.719 0.0000000000
61689  -30.594  -24.798  12.997 0.0000000000
61690  -31.208  -24.595  13.313 0.0000000000
61691  -32.164  -24.855  13.459 0.0000000000
61692  -36.289  -26.880  12.888 0.0000000000
61693  -36.510  -26.217  12.789 0.0000000000
61703  -30.017  -24.540  11.986 0.0000000000
61704  -30.309  -24.272  12.152 0.0000000000
61705  -30.732  -24.236  12.548 0.0000000000
61706  -36.634  -27.425  12.126 0.0000000000
61707  -37.115  -26.904  11.805 0.0000000000
61708  -37.779  -26.426  11.479 0.0000000000
61716  -29.998  -24.193  11.211 0.0000000000
61717  -30.134  -24.173  11.609 0.0000000000
61718  -37.593  -27.656  10.745 0.0000000000
61719  -38.387  -27.263  10.342 0.0000000000
61720  -39.160  -27.107  9.832 0.0000000000
61728  -38.894  -28.368  8.747 0.0000000000
61729  -39.483  -27.649  9.027 0.0000000000
61730  -39.922  -27.525  8.519 0.0000000000
61737  -38.789  -28.434  7.349 0.0000000000
61738  -39.407  -28.085  7.848 0.0000000000
61739  -39.831  -27.723  7.924 0.0000000000
61749  -38.591  -28.134  6.307 0.0000000000
61750  -39.318  -27.861  6.682 0.0000000000
61751  -39.651  -27.772  7.303 0.0000000000
61761  -38.577  -27.681  5.482 0.0000000000
61762  -38.949  -27.771  6.013 0.0000000000
62689  -34.028  -25.334  13.681 0.0000000000
62690  -35.070  -25.823  13.631 0.0000000000
62691  -35.748  -26.244  13.417 0.0000000000
62701  -31.533  -23.995  13.053 0.0000000000
62702  -32.663  -24.141  13.052 0.0000000000
62703  -34.329  -24.764  13.283 0.0000000000
62704  -35.726  -25.565  13.195 0.0000000000
62705  -36.507  -25.533  12.789 0.0000000000
62712  -30.569  -23.800  11.913 0.0000000000
62713  -31.010  -23.714  12.383 0.0000000000
62714  -31.346  -23.280  12.478 0.0000000000
62715  -37.284  -25.596  12.331 0.0000000000
62716  -38.233  -25.869  11.462 0.0000000000
62717  -38.704  -25.462  11.419 0.0000000000
62725  -30.146  -23.609  11.137 0.0000000000
62726  -30.711  -23.178  11.329 0.0000000000
62727  -31.031  -23.179  11.930 0.0000000000
62728  -38.614  -26.492  10.746 0.0000000000
62729  -39.217  -26.306  10.494 0.0000000000
62730  -40.334  -26.187  9.899 0.0000000000
62731  -40.893  -26.155  9.595 0.0000000000
62740  -30.044  -23.169  9.945 0.0000000000
62741  -30.290  -22.933  10.277 0.0000000000
62742  -39.486  -27.050  9.567 0.0000000000
62743  -40.085  -27.078  9.078 0.0000000000
62744  -40.834  -26.614  8.998 0.0000000000
62751  -30.178  -22.871  9.074 0.0000000000
62752  -30.181  -22.811  9.600 0.0000000000
62753  -40.214  -27.494  8.047 0.0000000000
62754  -40.756  -27.108  7.862 0.0000000000
62761  -39.628  -27.605  6.392 0.0000000000
62762  -40.119  -27.443  6.815 0.0000000000
62763  -40.717  -27.037  7.007 0.0000000000
62771  -38.997  -27.528  5.451 0.0000000000
62772  -39.480  -27.482  5.757 0.0000000000
62773  -40.066  -27.233  5.980 0.0000000000
62783  -38.997  -27.410  5.225 0.0000000000
62784  -39.391  -27.049  4.934 0.0000000000
63648  -32.404  -23.111  12.573 0.0000000000
63649  -33.379  -23.579  12.736 0.0000000000
63650  -34.809  -24.334  12.804 0.0000000000
63651  -35.760  -24.902  12.875 0.0000000000
63661  -31.711  -22.776  12.276 0.0000000000
63662  -32.289  -22.206  12.175 0.0000000000
63663  -33.875  -22.995  12.474 0.0000000000
63664  -35.740  -24.152  12.493 0.0000000000
63665  -37.195  -24.438  12.315 0.0000000000
63666  -38.180  -24.634  11.930 0.0000000000
63679  -30.831  -22.833  11.091 0.0000000000
63680  -31.074  -22.691  11.394 0.0000000000
63681  -31.470  -22.008  11.264 0.0000000000
63682  -39.010  -24.893  11.515 0.0000000000
63683  -39.932  -25.194  10.925 0.0000000000
63684  -40.945  -25.431  10.182 0.0000000000
63685  -41.723  -25.495  9.575 0.0000000000
63698  -30.709  -22.636  10.530 0.0000000000
63699  -30.975  -21.820  10.028 0.0000000000
63700  -31.347  -21.495  10.500 0.0000000000
63701  -41.379  -26.157  9.255 0.0000000000
63702  -42.035  -26.015  8.665 0.0000000000
63715  -30.434  -22.358  8.997 0.0000000000
63716  -30.624  -21.439  8.547 0.0000000000
63717  -31.102  -21.259  7.805 0.0000000000
63718  -41.455  -26.575  8.242 0.0000000000
63719  -42.058  -26.317  7.717 0.0000000000
63731  -30.222  -21.933  7.731 0.0000000000
63732  -30.570  -21.534  7.580 0.0000000000
63733  -31.173  -21.314  7.009 0.0000000000
63734  -31.340  -20.968  6.985 0.0000000000
63735  -40.676  -26.948  6.596 0.0000000000
63736  -41.382  -26.632  6.869 0.0000000000
63737  -42.359  -26.167  6.958 0.0000000000
63749  -31.153  -20.930  6.348 0.0000000000
63750  -31.445  -20.823  5.878 0.0000000000
63751  -40.023  -27.105  5.670 0.0000000000
63752  -40.634  -26.794  5.786 0.0000000000
63753  -41.578  -26.232  5.752 0.0000000000
63763  -39.960  -26.886  5.230 0.0000000000
63764  -40.437  -26.257  4.784 0.0000000000
63772  -39.882  -26.539  4.680 0.0000000000
64690  -32.250  -21.498  11.624 0.0000000000
64691  -32.999  -21.787  11.926 0.0000000000
64692  -34.433  -22.403  12.114 0.0000000000
64693  -35.932  -23.003  12.176 0.0000000000
64694  -37.219  -23.363  12.087 0.0000000000
64703  -31.812  -21.338  10.995 0.0000000000
64704  -38.243  -23.635  11.778 0.0000000000
64705  -39.283  -23.839  11.566 0.0000000000
64706  -40.446  -24.026  11.193 0.0000000000
64707  -41.698  -24.335  10.489 0.0000000000
64708  -42.588  -24.141  9.640 0.0000000000
64709  -43.349  -23.982  9.168 0.0000000000
64710  -43.885  -23.731  8.858 0.0000000000
64718  -30.854  -21.278  9.259 0.0000000000
64719  -31.180  -20.983  9.677 0.0000000000
64720  -42.436  -25.206  9.207 0.0000000000
64721  -43.246  -24.866  8.608 0.0000000000
64722  -43.931  -24.376  8.286 0.0000000000
64723  -44.497  -23.884  8.264 0.0000000000
64731  -30.858  -21.121  8.722 0.0000000000
64732  -31.437  -20.875  7.924 0.0000000000
64733  -42.760  -25.684  7.797 0.0000000000
64734  -43.853  -25.060  7.316 0.0000000000
64735  -44.559  -24.409  7.495 0.0000000000
64736  -44.965  -23.948  7.632 0.0000000000
64747  -31.615  -20.833  6.044 0.0000000000
64748  -31.795  -20.681  6.381 0.0000000000
64749  -42.114  -25.999  6.232 0.0000000000
64750  -43.145  -25.641  6.314 0.0000000000
64751  -43.995  -24.989  6.333 0.0000000000
64766  -32.006  -20.696  5.156 0.0000000000
64767  -32.247  -20.748  5.112 0.0000000000
64768  -32.665  -20.871  4.560 0.0000000000
64769  -41.255  -25.789  4.909 0.0000000000
64770  -42.336  -25.564  5.363 0.0000000000
64771  -42.974  -25.144  5.562 0.0000000000
64786  -32.380  -20.748  4.491 0.0000000000
64787  -32.597  -20.865  4.431 0.0000000000
64788  -32.770  -20.972  4.223 0.0000000000
64789  -40.730  -25.409  4.300 0.0000000000
64804  -32.877  -20.966  3.889 0.0000000000
64805  -32.926  -21.086  4.061 0.0000000000
65711  -32.341  -20.966  11.339 0.0000000000
65712  -33.354  -21.090  11.504 0.0000000000
65713  -34.812  -21.677  11.720 0.0000000000
65714  -36.159  -22.077  11.858 0.0000000000
65715  -37.343  -22.433  11.796 0.0000000000
65723  -31.996  -20.469  10.308 0.0000000000
65724  -32.492  -20.367  11.061 0.0000000000
65725  -38.307  -22.613  11.605 0.0000000000
65726  -39.404  -22.649  11.386 0.0000000000
65727  -40.633  -22.764  10.854 0.0000000000
65728  -41.822  -22.994  10.400 0.0000000000
65729  -42.712  -23.227  9.800 0.0000000000
65730  -43.441  -23.173  9.519 0.0000000000
65731  -44.179  -23.144  9.089 0.0000000000
65740  -31.783  -20.363  8.814 0.0000000000
65741  -40.638  -22.154  10.719 0.0000000000
65742  -41.003  -22.303  10.537 0.0000000000
65743  -44.977  -23.191  8.240 0.0000000000
65750  -32.086  -20.331  7.247 0.0000000000
65751  -32.423  -19.937  6.849 0.0000000000
65752  -44.576  -24.593  6.731 0.0000000000
65753  -45.052  -24.188  7.077 0.0000000000
65754  -45.349  -23.682  7.317 0.0000000000
65763  -32.180  -20.548  6.063 0.0000000000
65764  -32.434  -20.191  6.110 0.0000000000
65765  -43.490  -24.793  5.755 0.0000000000
65766  -44.261  -24.143  5.917 0.0000000000
65767  -44.930  -23.970  6.555 0.0000000000
65768  -45.191  -23.862  6.923 0.0000000000
65776  -32.154  -20.694  5.616 0.0000000000
65777  -32.570  -20.630  5.124 0.0000000000
65778  -41.252  -25.061  4.297 0.0000000000
65779  -42.000  -25.069  4.519 0.0000000000
65780  -42.903  -24.526  4.930 0.0000000000
65781  -43.678  -24.273  5.377 0.0000000000
65790  -33.128  -20.871  4.155 0.0000000000
65791  -33.465  -20.701  3.722 0.0000000000
65793  -41.703  -24.482  4.062 0.0000000000
65794  -42.276  -24.557  4.291 0.0000000000
65802  -33.055  -20.948  3.407 0.0000000000
65803  -33.145  -20.944  3.635 0.0000000000
65804  -33.453  -20.763  3.389 0.0000000000
65823  -33.343  -20.787  2.992 0.0000000000
65824  -33.496  -20.768  3.162 0.0000000000
66703  -33.967  -20.602  11.149 0.0000000000
66704  -35.136  -20.939  11.526 0.0000000000
66705  -36.515  -21.084  11.602 0.0000000000
66706  -37.530  -21.844  11.607 0.0000000000
66715  -32.626  -19.971  10.405 0.0000000000
66716  -33.045  -20.264  11.015 0.0000000000
66717  -36.881  -20.389  11.452 0.0000000000
66718  -37.930  -21.262  11.336 0.0000000000
66719  -39.388  -21.419  10.795 0.0000000000
66720  -40.288  -21.989  10.706 0.0000000000
66721  -42.258  -22.468  10.221 0.0000000000
66722  -42.840  -22.480  9.992 0.0000000000
66723  -43.477  -22.195  9.917 0.0000000000
66724  -44.366  -22.297  9.414 0.0000000000
66731  -32.376  -19.769  9.270 0.0000000000
66732  -32.813  -19.488  8.607 0.0000000000
66733  -39.523  -20.781  10.301 0.0000000000
66734  -40.283  -21.496  10.105 0.0000000000
66735  -41.487  -21.886  10.102 0.0000000000
66736  -42.388  -21.791  10.323 0.0000000000
66737  -42.874  -21.858  10.341 0.0000000000
66738  -45.284  -22.184  8.639 0.0000000000
66739  -45.728  -21.915  8.278 0.0000000000
66746  -32.233  -20.100  8.248 0.0000000000
66747  -32.586  -19.711  7.748 0.0000000000
66748  -45.760  -22.814  7.492 0.0000000000
66749  -45.811  -22.235  7.953 0.0000000000
66757  -32.870  -19.654  6.396 0.0000000000
66758  -33.232  -19.334  6.019 0.0000000000
66759  -44.500  -23.604  5.512 0.0000000000
66760  -44.975  -23.376  5.874 0.0000000000
66761  -45.386  -23.444  6.725 0.0000000000
66770  -32.935  -20.206  5.256 0.0000000000
66771  -33.238  -19.667  5.338 0.0000000000
66772  -43.060  -23.759  4.526 0.0000000000
66773  -43.987  -23.522  5.028 0.0000000000
66774  -44.630  -23.338  5.357 0.0000000000
66782  -33.052  -20.589  4.645 0.0000000000
66783  -33.450  -20.241  4.209 0.0000000000
66784  -33.849  -20.094  3.462 0.0000000000
66785  -41.917  -24.113  3.981 0.0000000000
66786  -42.492  -24.008  4.137 0.0000000000
66787  -43.291  -23.258  4.264 0.0000000000
66796  -33.730  -20.464  3.325 0.0000000000
66797  -34.230  -20.013  2.896 0.0000000000
66816  -33.887  -20.374  2.605 0.0000000000
66817  -34.608  -19.749  2.034 0.0000000000
66840  -34.528  -19.678  1.552 0.0000000000
66841  -34.920  -19.402  1.394 0.0000000000
67777  -33.868  -20.218  10.885 0.0000000000
67778  -34.304  -20.215  10.969 0.0000000000
67779  -35.204  -20.237  11.231 0.0000000000
67787  -32.865  -19.798  10.332 0.0000000000
67788  -33.415  -19.900  10.521 0.0000000000
67789  -34.316  -19.440  10.512 0.0000000000
67790  -35.837  -19.658  11.134 0.0000000000
67791  -37.204  -19.701  11.238 0.0000000000
67792  -38.225  -20.368  11.020 0.0000000000
67793  -43.384  -21.605  10.280 0.0000000000
67794  -43.674  -21.669  10.181 0.0000000000
67802  -32.823  -19.673  10.018 0.0000000000
67803  -33.211  -19.293  9.407 0.0000000000
67804  -33.878  -18.813  9.574 0.0000000000
67805  -37.970  -19.504  11.021 0.0000000000
67806  -38.729  -20.015  10.543 0.0000000000
67807  -39.719  -20.104  9.775 0.0000000000
67808  -40.724  -20.747  9.440 0.0000000000
67809  -41.708  -20.930  9.847 0.0000000000
67810  -42.974  -21.087  10.293 0.0000000000
67811  -44.360  -21.205  9.958 0.0000000000
67812  -45.554  -21.342  9.000 0.0000000000
67820  -33.082  -19.181  8.174 0.0000000000
67821  -33.289  -18.966  7.617 0.0000000000
67822  -40.378  -19.817  9.060 0.0000000000
67823  -41.085  -19.964  9.048 0.0000000000
67824  -41.807  -19.969  9.438 0.0000000000
67825  -42.526  -19.750  10.021 0.0000000000
67826  -46.000  -22.478  7.170 0.0000000000
67827  -46.239  -21.912  7.715 0.0000000000
67836  -33.010  -19.289  7.319 0.0000000000
67837  -33.278  -18.986  6.767 0.0000000000
67838  -45.287  -22.968  5.716 0.0000000000
67839  -45.826  -22.580  6.334 0.0000000000
67840  -46.502  -21.628  6.762 0.0000000000
67849  -33.471  -18.965  5.671 0.0000000000
67850  -33.662  -18.754  4.778 0.0000000000
67851  -44.435  -23.054  4.768 0.0000000000
67852  -44.992  -22.811  5.093 0.0000000000
67853  -45.721  -21.994  5.391 0.0000000000
67860  -33.508  -19.403  4.689 0.0000000000
67861  -33.947  -19.266  3.691 0.0000000000
67862  -44.203  -22.754  4.413 0.0000000000
67863  -44.666  -22.018  4.463 0.0000000000
67872  -34.726  -19.217  2.458 0.0000000000
67873  -35.180  -18.831  1.870 0.0000000000
67874  -43.443  -22.351  3.952 0.0000000000
67887  -35.099  -19.222  1.607 0.0000000000
67888  -35.578  -18.683  1.274 0.0000000000
67900  -35.056  -19.310  1.063 0.0000000000
67901  -35.414  -19.006  0.947 0.0000000000
67902  -35.931  -18.486  0.628 0.0000000000
68917  -34.780  -18.534  10.133 0.0000000000
68918  -36.052  -18.568  10.760 0.0000000000
68919  -37.413  -18.460  11.023 0.0000000000
68920  -37.852  -17.914  10.862 0.0000000000
68929  -33.472  -18.780  8.678 0.0000000000
68930  -33.973  -18.275  9.103 0.0000000000
68931  -38.203  -19.133  10.856 0.0000000000
68932  -38.653  -18.687  10.553 0.0000000000
68933  -39.860  -18.996  9.572 0.0000000000
68934  -43.482  -19.638  10.235 0.0000000000
68935  -44.921  -20.073  10.049 0.0000000000
68936  -46.232  -20.392  8.884 0.0000000000
68937  -46.561  -19.897  8.571 0.0000000000
68945  -33.384  -18.864  8.060 0.0000000000
68946  -33.562  -18.404  7.863 0.0000000000
68947  -40.736  -19.003  8.744 0.0000000000
68948  -41.446  -19.209  8.711 0.0000000000
68949  -42.067  -18.983  8.924 0.0000000000
68950  -42.617  -19.106  9.885 0.0000000000
68951  -46.915  -20.803  7.544 0.0000000000
68952  -46.692  -20.219  8.240 0.0000000000
68961  -33.562  -18.268  6.624 0.0000000000
68962  -41.000  -18.542  8.524 0.0000000000
68963  -41.342  -18.663  8.460 0.0000000000
68964  -41.716  -18.808  8.438 0.0000000000
68965  -46.206  -21.567  5.983 0.0000000000
68966  -46.689  -21.003  6.473 0.0000000000
68976  -33.675  -18.099  5.589 0.0000000000
68977  -34.031  -18.083  4.506 0.0000000000
68978  -45.353  -21.755  4.701 0.0000000000
68979  -45.935  -21.157  5.224 0.0000000000
68980  -46.368  -21.046  5.883 0.0000000000
68989  -34.695  -18.147  3.150 0.0000000000
68990  -35.084  -17.533  2.720 0.0000000000
68991  -44.151  -21.816  4.106 0.0000000000
68992  -44.926  -21.252  4.254 0.0000000000
68993  -45.488  -21.175  4.477 0.0000000000
69002  -34.998  -18.619  2.306 0.0000000000
69003  -35.388  -18.053  1.980 0.0000000000
69020  -36.099  -17.936  0.864 0.0000000000
69021  -36.423  -17.607  0.565 0.0000000000
70014  -34.833  -18.091  9.912 0.0000000000
70015  -35.169  -17.891  10.068 0.0000000000
70016  -36.041  -17.399  10.336 0.0000000000
70017  -37.167  -17.304  10.693 0.0000000000
70018  -44.659  -18.297  10.113 0.0000000000
70019  -44.951  -18.392  10.201 0.0000000000
70020  -45.618  -18.569  9.812 0.0000000000
70027  -34.603  -17.895  9.562 0.0000000000
70028  -34.902  -17.061  9.473 0.0000000000
70029  -35.584  -16.801  9.812 0.0000000000
70030  -38.142  -17.377  10.761 0.0000000000
70031  -39.258  -17.810  10.396 0.0000000000
70032  -43.507  -18.891  10.179 0.0000000000
70033  -44.227  -18.668  10.240 0.0000000000
70034  -45.396  -19.206  9.825 0.0000000000
70035  -46.349  -19.259  9.184 0.0000000000
70044  -34.138  -17.651  8.642 0.0000000000
70045  -34.374  -16.992  8.269 0.0000000000
70046  -40.175  -18.149  9.557 0.0000000000
70047  -42.252  -18.551  8.704 0.0000000000
70048  -42.813  -18.345  9.370 0.0000000000
70049  -43.673  -18.010  9.965 0.0000000000
70050  -46.941  -20.282  7.475 0.0000000000
70051  -46.950  -19.845  7.958 0.0000000000
70061  -33.845  -17.590  7.486 0.0000000000
70062  -34.126  -16.930  7.107 0.0000000000
70063  -40.806  -18.314  8.911 0.0000000000
70064  -41.264  -18.043  8.713 0.0000000000
70065  -42.002  -18.207  8.433 0.0000000000
70066  -42.529  -17.734  8.598 0.0000000000
70067  -47.089  -20.355  6.997 0.0000000000
70068  -47.214  -19.852  7.270 0.0000000000
70080  -33.767  -17.559  6.474 0.0000000000
70081  -34.018  -17.132  5.709 0.0000000000
70082  -41.699  -17.548  8.607 0.0000000000
70083  -42.015  -17.372  8.492 0.0000000000
70084  -46.111  -20.608  5.188 0.0000000000
70085  -46.629  -20.491  5.919 0.0000000000
70097  -34.444  -17.160  4.403 0.0000000000
70098  -34.916  -16.989  3.446 0.0000000000
70099  -45.191  -20.912  4.188 0.0000000000
70100  -45.679  -20.738  4.539 0.0000000000
70109  -35.410  -16.875  2.445 0.0000000000
70110  -35.904  -16.572  1.627 0.0000000000
70111  -44.983  -20.827  4.132 0.0000000000
70123  -35.847  -17.334  1.489 0.0000000000
70124  -36.450  -17.024  0.728 0.0000000000
71019  -35.897  -16.743  9.948 0.0000000000
71020  -36.362  -16.728  10.195 0.0000000000
71021  -44.564  -18.134  10.262 0.0000000000
71022  -44.839  -18.041  10.431 0.0000000000
71023  -45.291  -18.098  10.183 0.0000000000
71032  -34.770  -16.545  8.856 0.0000000000
71033  -35.597  -16.166  9.312 0.0000000000
71034  -37.177  -16.263  10.339 0.0000000000
71035  -38.697  -16.595  10.688 0.0000000000
71036  -44.349  -17.753  10.033 0.0000000000
71037  -45.150  -17.563  10.107 0.0000000000
71038  -46.153  -18.045  9.756 0.0000000000
71039  -47.041  -18.002  9.384 0.0000000000
71048  -34.635  -16.343  8.047 0.0000000000
71049  -34.964  -15.589  7.815 0.0000000000
71050  -39.711  -17.203  10.251 0.0000000000
71051  -42.880  -17.622  8.816 0.0000000000
71052  -43.461  -17.355  9.150 0.0000000000
71053  -47.074  -18.785  8.813 0.0000000000
71054  -47.345  -18.232  8.960 0.0000000000
71063  -34.499  -16.275  6.749 0.0000000000
71064  -34.916  -15.539  6.433 0.0000000000
71065  -40.606  -17.410  9.615 0.0000000000
71066  -41.255  -17.071  9.174 0.0000000000
71067  -42.294  -17.417  8.473 0.0000000000
71068  -42.832  -16.980  8.562 0.0000000000
71069  -43.406  -16.562  8.634 0.0000000000
71070  -47.139  -19.921  6.701 0.0000000000
71071  -47.561  -19.365  7.481 0.0000000000
71081  -34.500  -16.289  5.438 0.0000000000
71082  -34.817  -15.495  5.058 0.0000000000
71083  -41.784  -16.803  8.832 0.0000000000
71084  -42.335  -16.662  8.608 0.0000000000
71085  -42.799  -16.193  8.531 0.0000000000
71086  -46.355  -20.249  5.209 0.0000000000
71087  -47.028  -19.677  6.022 0.0000000000
71088  -47.687  -19.027  6.852 0.0000000000
71101  -34.597  -16.281  4.346 0.0000000000
71102  -35.034  -15.783  3.610 0.0000000000
71103  -46.233  -20.018  4.951 0.0000000000
71104  -46.839  -19.405  5.369 0.0000000000
71120  -35.720  -15.670  2.410 0.0000000000
71121  -36.185  -15.823  1.222 0.0000000000
71139  -37.127  -15.931  0.235 0.0000000000
71140  -37.595  -15.329  -0.160 0.0000000000
72015  -35.620  -15.186  8.496 0.0000000000
72016  -36.551  -15.223  9.265 0.0000000000
72017  -38.095  -15.311  9.988 0.0000000000
72018  -39.213  -15.110  9.982 0.0000000000
72019  -44.070  -17.117  9.442 0.0000000000
72020  -44.597  -16.826  9.564 0.0000000000
72021  -45.529  -16.890  9.833 0.0000000000
72022  -46.574  -17.153  9.700 0.0000000000
72030  -35.455  -14.951  7.425 0.0000000000
72031  -39.687  -16.127  10.457 0.0000000000
72032  -40.237  -15.413  10.162 0.0000000000
72033  -43.933  -16.587  8.964 0.0000000000
72034  -44.386  -15.974  8.993 0.0000000000
72035  -47.548  -18.517  8.449 0.0000000000
72036  -47.575  -17.726  9.057 0.0000000000
72045  -35.425  -14.846  6.058 0.0000000000
72046  -40.663  -16.415  9.856 0.0000000000
72047  -41.262  -15.967  9.601 0.0000000000
72048  -43.146  -16.162  8.512 0.0000000000
72049  -43.737  -15.666  8.613 0.0000000000
72050  -44.306  -15.208  8.778 0.0000000000
72051  -47.903  -18.528  7.836 0.0000000000
72052  -48.141  -17.836  8.285 0.0000000000
72060  -35.325  -14.803  4.589 0.0000000000
72061  -42.080  -15.923  9.157 0.0000000000
72062  -42.616  -15.701  8.709 0.0000000000
72063  -43.171  -15.390  8.603 0.0000000000
72064  -43.675  -14.802  8.550 0.0000000000
72065  -47.401  -19.081  6.224 0.0000000000
72066  -47.982  -18.528  6.940 0.0000000000
72067  -48.358  -17.963  7.765 0.0000000000
72074  -35.538  -14.875  3.314 0.0000000000
72075  -35.955  -14.640  2.864 0.0000000000
72076  -47.355  -18.892  5.973 0.0000000000
72089  -35.760  -14.945  2.623 0.0000000000
72090  -36.127  -14.771  1.992 0.0000000000
72091  -36.710  -14.443  1.246 0.0000000000
72105  -36.559  -15.097  0.915 0.0000000000
72106  -37.294  -14.692  0.353 0.0000000000
72119  -38.111  -14.816  -0.477 0.0000000000
72120  -38.521  -14.340  -0.753 0.0000000000
73066  -36.081  -14.708  8.251 0.0000000000
73067  -37.159  -14.469  8.508 0.0000000000
73068  -38.451  -14.456  9.205 0.0000000000
73069  -39.607  -14.505  9.644 0.0000000000
73070  -44.967  -16.177  9.451 0.0000000000
73071  -45.719  -15.995  9.610 0.0000000000
73072  -46.894  -16.335  9.645 0.0000000000
73073  -47.360  -15.997  9.536 0.0000000000
73081  -36.143  -14.407  7.185 0.0000000000
73082  -36.917  -13.884  7.130 0.0000000000
73083  -40.764  -14.796  9.985 0.0000000000
73084  -44.820  -15.406  9.206 0.0000000000
73085  -45.324  -14.927  9.347 0.0000000000
73086  -47.838  -16.909  9.236 0.0000000000
73087  -47.879  -16.192  9.381 0.0000000000
73095  -36.169  -14.175  5.617 0.0000000000
73096  -36.890  -13.486  5.905 0.0000000000
73097  -41.742  -15.038  9.734 0.0000000000
73098  -44.087  -14.677  8.567 0.0000000000
73099  -44.673  -14.428  8.773 0.0000000000
73100  -45.156  -14.182  9.020 0.0000000000
73101  -48.375  -17.229  8.754 0.0000000000
73111  -35.992  -14.366  4.055 0.0000000000
73112  -36.611  -13.731  4.503 0.0000000000
73113  -42.419  -15.070  9.280 0.0000000000
73114  -42.874  -14.821  8.815 0.0000000000
73115  -43.457  -14.257  8.621 0.0000000000
73116  -43.952  -14.046  8.461 0.0000000000
73117  -44.308  -14.027  8.496 0.0000000000
73130  -35.962  -14.498  3.321 0.0000000000
73131  -36.363  -14.052  3.086 0.0000000000
73132  -43.653  -13.733  8.553 0.0000000000
73133  -43.866  -13.742  8.446 0.0000000000
73144  -36.681  -13.898  1.987 0.0000000000
73145  -37.173  -13.873  1.151 0.0000000000
73150  -37.632  -13.794  0.368 0.0000000000
73151  -38.064  -13.488  0.145 0.0000000000
73157  -37.779  -14.292  -0.071 0.0000000000
73158  -38.236  -13.921  -0.366 0.0000000000
74071  -37.768  -13.901  8.195 0.0000000000
74072  -38.724  -13.661  8.683 0.0000000000
74073  -40.165  -13.778  9.460 0.0000000000
74074  -41.020  -13.502  9.590 0.0000000000
74075  -46.060  -15.364  9.632 0.0000000000
74076  -46.673  -15.316  9.631 0.0000000000
74077  -47.260  -15.411  9.579 0.0000000000
74083  -37.604  -13.319  7.295 0.0000000000
74084  -38.352  -13.019  7.883 0.0000000000
74085  -41.342  -14.156  9.907 0.0000000000
74086  -41.753  -13.569  9.758 0.0000000000
74087  -45.790  -14.461  9.515 0.0000000000
74088  -46.628  -14.582  9.652 0.0000000000
74098  -37.303  -12.935  6.026 0.0000000000
74099  -42.222  -14.257  9.654 0.0000000000
74100  -42.338  -13.487  9.542 0.0000000000
74101  -44.940  -13.769  8.649 0.0000000000
74102  -45.282  -13.586  8.894 0.0000000000
74112  -37.085  -13.139  4.889 0.0000000000
74113  -42.609  -14.508  9.202 0.0000000000
74114  -42.911  -13.878  9.137 0.0000000000
74115  -43.447  -13.559  8.737 0.0000000000
74116  -44.258  -13.595  8.409 0.0000000000
74117  -44.631  -13.490  8.449 0.0000000000
74118  -44.983  -13.320  8.487 0.0000000000
74129  -37.171  -13.230  3.562 0.0000000000
74130  -37.524  -12.803  3.077 0.0000000000
74131  -43.761  -13.328  8.487 0.0000000000
74132  -44.067  -13.329  8.370 0.0000000000
74133  -44.388  -13.167  8.343 0.0000000000
74140  -36.969  -13.610  2.664 0.0000000000
74141  -37.461  -13.101  2.064 0.0000000000
74142  -38.010  -12.680  1.520 0.0000000000
74150  -37.538  -13.464  1.072 0.0000000000
74151  -37.978  -13.110  0.798 0.0000000000
74161  -38.417  -13.134  -0.145 0.0000000000
74162  -38.616  -12.716  -0.501 0.0000000000
74172  -38.560  -13.513  -0.689 0.0000000000
75144  -39.241  -13.034  8.606 0.0000000000
75145  -40.311  -12.892  9.115 0.0000000000
75146  -41.268  -13.009  9.475 0.0000000000
75155  -37.758  -12.641  6.977 0.0000000000
75156  -38.501  -12.332  7.783 0.0000000000
75157  -39.374  -12.421  8.543 0.0000000000
75158  -41.919  -12.910  9.528 0.0000000000
75159  -45.852  -13.682  9.439 0.0000000000
75173  -37.486  -12.405  6.020 0.0000000000
75174  -37.837  -11.962  6.585 0.0000000000
75175  -42.738  -12.724  9.344 0.0000000000
75176  -43.246  -12.281  9.146 0.0000000000
75177  -45.467  -13.148  8.901 0.0000000000
75178  -45.800  -12.974  9.161 0.0000000000
75188  -37.325  -12.581  5.079 0.0000000000
75189  -37.553  -11.981  5.379 0.0000000000
75190  -43.223  -13.263  9.027 0.0000000000
75191  -43.542  -12.789  8.796 0.0000000000
75192  -44.875  -13.016  8.379 0.0000000000
75193  -45.172  -12.846  8.505 0.0000000000
75194  -45.440  -12.811  8.764 0.0000000000
75203  -37.315  -12.831  4.348 0.0000000000
75204  -37.594  -12.231  3.888 0.0000000000
75205  -37.962  -11.623  3.359 0.0000000000
75206  -43.971  -12.756  8.447 0.0000000000
75207  -44.328  -12.685  8.370 0.0000000000
75208  -44.665  -12.773  8.351 0.0000000000
75209  -44.913  -12.722  8.367 0.0000000000
75216  -37.699  -12.539  2.807 0.0000000000
75217  -38.244  -12.082  2.257 0.0000000000
75218  -38.731  -11.626  1.649 0.0000000000
75229  -38.427  -12.534  1.061 0.0000000000
75230  -38.745  -11.930  1.107 0.0000000000
75238  -38.385  -12.795  0.453 0.0000000000
75239  -38.662  -12.352  0.112 0.0000000000
75247  -38.771  -12.343  -0.789 0.0000000000
76200  -40.915  -12.457  9.368 0.0000000000
76201  -41.463  -12.597  9.450 0.0000000000
76212  -38.957  -11.855  8.209 0.0000000000
76213  -39.888  -11.818  8.826 0.0000000000
76214  -41.607  -11.933  9.413 0.0000000000
76215  -42.037  -11.266  9.451 0.0000000000
76227  -38.409  -11.377  7.299 0.0000000000
76228  -39.002  -11.408  8.124 0.0000000000
76229  -42.424  -12.130  9.379 0.0000000000
76230  -42.795  -11.666  9.375 0.0000000000
76239  -37.812  -11.189  5.868 0.0000000000
76240  -37.990  -10.712  5.338 0.0000000000
76241  -43.679  -11.844  8.908 0.0000000000
76242  -44.045  -11.429  8.742 0.0000000000
76243  -45.176  -12.444  8.477 0.0000000000
76244  -45.499  -12.351  8.706 0.0000000000
76249  -37.617  -11.588  4.861 0.0000000000
76250  -37.831  -11.073  4.351 0.0000000000
76251  -43.879  -12.361  8.593 0.0000000000
76252  -44.216  -11.958  8.530 0.0000000000
76253  -44.661  -12.095  8.404 0.0000000000
76254  -44.987  -12.296  8.391 0.0000000000
76255  -45.204  -12.197  8.478 0.0000000000
76263  -38.310  -11.111  3.055 0.0000000000
76264  -38.822  -11.208  2.075 0.0000000000
76274  -39.052  -11.276  1.198 0.0000000000
76280  -39.012  -11.537  0.319 0.0000000000
76286  -38.943  -11.786  -0.477 0.0000000000
77216  -40.290  -10.835  8.991 0.0000000000
77217  -41.334  -10.744  9.421 0.0000000000
77218  -42.257  -10.652  9.433 0.0000000000
77225  -38.432  -10.826  7.025 0.0000000000
77226  -39.081  -10.731  7.761 0.0000000000
77227  -43.161  -10.676  9.393 0.0000000000
77228  -43.479  -10.347  9.289 0.0000000000
77236  -38.234  -10.943  6.612 0.0000000000
77237  -38.284  -10.415  6.237 0.0000000000
77238  -43.430  -11.263  9.229 0.0000000000
77239  -43.844  -10.776  9.054 0.0000000000
77248  -38.111  -10.259  4.900 0.0000000000
77249  -44.327  -11.061  8.709 0.0000000000
77250  -44.687  -11.269  8.523 0.0000000000
77251  -45.034  -11.509  8.447 0.0000000000
77252  -45.320  -11.790  8.507 0.0000000000
77260  -38.223  -10.295  3.794 0.0000000000
77261  -38.708  -10.345  2.633 0.0000000000
77269  -39.298  -10.587  1.601 0.0000000000
77276  -39.478  -10.676  0.456 0.0000000000
77277  -39.718  -10.193  -0.123 0.0000000000
77283  -39.258  -11.234  -0.308 0.0000000000
78232  -40.624  -10.115  9.038 0.0000000000
78233  -41.353  -9.746  9.283 0.0000000000
78234  -42.637  -9.780  9.393 0.0000000000
78235  -42.995  -9.380  9.327 0.0000000000
78245  -39.909  -9.902  8.070 0.0000000000
78246  -40.488  -9.508  8.699 0.0000000000
78247  -43.250  -10.147  9.400 0.0000000000
78248  -43.501  -9.745  9.243 0.0000000000
78257  -39.052  -9.777  6.793 0.0000000000
78258  -44.181  -9.935  8.891 0.0000000000
78259  -44.496  -9.720  8.752 0.0000000000
78268  -38.350  -9.370  5.333 0.0000000000
78269  -38.535  -8.750  4.597 0.0000000000
78270  -44.278  -10.526  8.788 0.0000000000
78271  -44.626  -10.283  8.645 0.0000000000
78272  -45.086  -10.577  8.505 0.0000000000
78273  -45.470  -10.932  8.500 0.0000000000
78280  -38.252  -9.800  4.389 0.0000000000
78281  -38.440  -9.311  3.604 0.0000000000
78288  -39.283  -9.587  1.934 0.0000000000
78289  -39.647  -9.099  1.356 0.0000000000
78297  -39.618  -10.163  1.169 0.0000000000
78298  -39.835  -9.624  0.590 0.0000000000
79270  -41.747  -8.924  9.200 0.0000000000
79271  -42.571  -8.993  9.266 0.0000000000
79272  -43.111  -9.009  9.216 0.0000000000
79282  -40.134  -9.176  7.964 0.0000000000
79283  -40.673  -8.767  8.559 0.0000000000
79284  -43.582  -8.884  9.119 0.0000000000
79285  -43.742  -8.443  9.048 0.0000000000
79293  -39.567  -9.178  7.025 0.0000000000
79294  -39.976  -8.542  7.267 0.0000000000
79295  -43.944  -9.403  9.049 0.0000000000
79296  -44.342  -9.029  8.879 0.0000000000
79297  -44.856  -8.779  8.667 0.0000000000
79306  -39.048  -9.190  6.240 0.0000000000
79307  -39.166  -8.516  5.741 0.0000000000
79308  -44.695  -9.610  8.666 0.0000000000
79309  -45.017  -9.494  8.569 0.0000000000
79310  -45.551  -9.889  8.459 0.0000000000
79317  -38.975  -8.272  3.770 0.0000000000
79318  -39.243  -7.909  2.937 0.0000000000
79325  -38.977  -8.894  2.791 0.0000000000
79326  -39.277  -8.465  2.097 0.0000000000
79334  -39.741  -8.588  0.818 0.0000000000
80265  -42.072  -8.412  9.180 0.0000000000
80266  -42.690  -8.458  9.168 0.0000000000
80267  -43.133  -8.579  9.148 0.0000000000
80278  -41.292  -8.019  8.735 0.0000000000
80279  -42.086  -7.850  8.938 0.0000000000
80280  -43.037  -7.988  8.995 0.0000000000
80281  -43.867  -7.910  8.950 0.0000000000
80291  -40.404  -7.829  7.747 0.0000000000
80292  -44.606  -8.104  8.762 0.0000000000
80293  -45.339  -8.494  8.499 0.0000000000
80303  -39.872  -7.776  6.406 0.0000000000
80304  -45.433  -9.250  8.470 0.0000000000
80305  -45.736  -9.126  8.383 0.0000000000
80312  -39.448  -7.583  5.073 0.0000000000
80313  -39.277  -7.374  3.663 0.0000000000
80321  -39.063  -7.434  2.306 0.0000000000
80331  -39.322  -7.668  1.163 0.0000000000
81252  -41.557  -7.477  8.604 0.0000000000
81253  -41.907  -6.912  8.515 0.0000000000
81254  -43.150  -7.019  8.646 0.0000000000
81255  -44.105  -7.097  8.678 0.0000000000
81265  -40.917  -7.188  8.127 0.0000000000
81266  -40.848  -6.334  7.567 0.0000000000
81267  -44.891  -7.390  8.617 0.0000000000
81279  -40.191  -6.933  6.805 0.0000000000
81280  -40.235  -5.898  6.464 0.0000000000
81286  -39.874  -7.220  5.810 0.0000000000
81287  -39.747  -6.528  4.995 0.0000000000
81294  -39.190  -6.448  2.972 0.0000000000
82210  -41.588  -5.894  7.758 0.0000000000
82211  -42.504  -6.156  8.208 0.0000000000
82212  -43.404  -6.189  8.288 0.0000000000
82219  -40.740  -5.430  7.171 0.0000000000
82232  -40.349  -5.104  6.408 0.0000000000
82238  -40.058  -5.305  5.353 0.0000000000
82245  -39.490  -5.387  3.796 0.0000000000
83204  -41.352  -5.125  7.437 0.0000000000
83205  -42.173  -5.394  7.764 0.0000000000
83206  -42.818  -5.702  7.972 0.0000000000
83211  -40.812  -4.550  6.771 0.0000000000
83212  -41.718  -4.517  7.456 0.0000000000
83224  -40.299  -4.542  5.835 0.0000000000
