#!ascii label  , from subject subject001 vox2ras=TkReg
1985
59161  65.337  -35.712  -11.371 0.0000000000
59162  64.390  -35.878  -11.866 0.0000000000
60123  66.001  -35.120  -9.953 0.0000000000
60139  66.499  -34.427  -11.190 0.0000000000
60140  66.348  -34.756  -10.963 0.0000000000
60141  63.296  -36.146  -11.831 0.0000000000
60142  61.775  -35.768  -11.731 0.0000000000
60159  66.250  -34.441  -11.544 0.0000000000
60160  65.342  -35.186  -11.941 0.0000000000
60161  63.408  -35.556  -12.467 0.0000000000
60162  61.712  -35.238  -12.419 0.0000000000
60168  65.709  -34.450  -12.261 0.0000000000
60169  64.717  -34.883  -12.815 0.0000000000
60170  63.520  -35.007  -13.158 0.0000000000
61172  65.831  -33.479  -9.906 0.0000000000
61173  65.733  -33.161  -9.081 0.0000000000
61179  66.527  -34.093  -11.291 0.0000000000
61180  66.550  -33.571  -10.918 0.0000000000
61181  60.472  -34.928  -11.910 0.0000000000
61199  66.324  -33.732  -11.930 0.0000000000
61200  66.635  -33.558  -11.388 0.0000000000
61201  62.333  -34.958  -12.986 0.0000000000
61202  60.840  -34.514  -12.728 0.0000000000
61203  59.503  -34.211  -12.240 0.0000000000
61218  65.678  -33.987  -13.104 0.0000000000
61219  64.177  -34.519  -13.628 0.0000000000
61220  62.859  -34.652  -13.604 0.0000000000
61221  61.747  -34.504  -13.466 0.0000000000
61228  65.873  -33.455  -13.740 0.0000000000
61229  64.803  -33.697  -14.231 0.0000000000
61230  63.082  -34.172  -14.258 0.0000000000
61231  62.311  -34.366  -13.893 0.0000000000
61236  64.335  -33.398  -14.988 0.0000000000
61237  63.740  -33.708  -14.876 0.0000000000
61241  64.077  -33.375  -15.343 0.0000000000
61242  63.916  -33.507  -15.212 0.0000000000
62303  64.971  -30.961  -6.914 0.0000000000
62321  65.622  -31.788  -7.513 0.0000000000
62322  64.878  -30.657  -7.742 0.0000000000
62330  65.826  -32.688  -9.767 0.0000000000
62331  65.842  -31.866  -9.082 0.0000000000
62332  64.478  -30.245  -8.658 0.0000000000
62342  66.267  -32.642  -10.307 0.0000000000
62343  65.902  -31.573  -10.536 0.0000000000
62356  66.477  -33.274  -11.951 0.0000000000
62357  66.557  -32.815  -11.542 0.0000000000
62358  66.002  -31.468  -11.803 0.0000000000
62359  60.459  -34.250  -12.942 0.0000000000
62360  59.950  -34.037  -12.873 0.0000000000
62361  58.706  -33.411  -12.565 0.0000000000
62377  66.402  -33.268  -12.457 0.0000000000
62378  66.338  -32.403  -12.845 0.0000000000
62379  65.988  -31.373  -12.797 0.0000000000
62380  60.686  -34.207  -13.302 0.0000000000
62381  59.766  -33.707  -13.589 0.0000000000
62382  58.587  -33.211  -13.340 0.0000000000
62394  66.222  -33.244  -13.288 0.0000000000
62395  66.075  -32.920  -14.097 0.0000000000
62396  62.439  -34.043  -14.448 0.0000000000
62397  61.590  -34.088  -14.247 0.0000000000
62398  60.218  -33.653  -14.800 0.0000000000
62405  65.083  -33.029  -14.868 0.0000000000
62406  62.663  -33.825  -14.805 0.0000000000
62407  61.643  -33.578  -15.422 0.0000000000
62408  60.288  -33.446  -15.742 0.0000000000
62414  64.354  -33.148  -15.365 0.0000000000
62415  63.462  -33.348  -15.544 0.0000000000
62416  62.378  -33.135  -16.251 0.0000000000
63457  63.636  -29.640  -6.396 0.0000000000
63473  64.724  -30.848  -6.329 0.0000000000
63474  63.796  -30.041  -6.805 0.0000000000
63495  63.501  -29.679  -7.952 0.0000000000
63507  64.679  -30.360  -9.695 0.0000000000
63508  63.043  -29.492  -9.028 0.0000000000
63509  62.236  -29.348  -9.211 0.0000000000
63512  64.925  -30.390  -10.959 0.0000000000
63513  63.104  -29.492  -10.109 0.0000000000
63514  62.458  -29.383  -9.434 0.0000000000
63521  65.291  -30.547  -12.200 0.0000000000
63522  63.823  -29.733  -11.571 0.0000000000
63535  66.116  -31.836  -13.788 0.0000000000
63536  65.657  -30.840  -13.323 0.0000000000
63537  64.518  -30.067  -12.787 0.0000000000
63538  58.938  -33.379  -14.360 0.0000000000
63539  57.806  -33.224  -14.023 0.0000000000
63557  65.679  -32.248  -14.767 0.0000000000
63558  65.838  -31.161  -14.465 0.0000000000
63559  65.263  -30.387  -13.688 0.0000000000
63560  59.221  -33.384  -15.506 0.0000000000
63561  58.071  -33.277  -15.216 0.0000000000
63579  64.772  -32.606  -15.471 0.0000000000
63580  65.286  -31.804  -15.548 0.0000000000
63581  60.953  -33.063  -16.358 0.0000000000
63582  59.582  -33.097  -16.427 0.0000000000
63583  58.416  -33.095  -16.287 0.0000000000
63584  57.282  -32.883  -16.141 0.0000000000
63600  64.160  -32.948  -15.762 0.0000000000
63601  63.867  -32.504  -16.454 0.0000000000
63602  61.848  -32.528  -16.986 0.0000000000
63603  60.115  -32.428  -17.229 0.0000000000
63604  58.746  -32.587  -17.126 0.0000000000
63605  57.836  -32.690  -16.955 0.0000000000
63629  63.945  -31.801  -17.231 0.0000000000
63630  62.678  -31.804  -17.450 0.0000000000
63631  61.082  -31.750  -17.696 0.0000000000
64759  63.685  -29.435  -6.160 0.0000000000
64768  63.547  -29.075  -6.104 0.0000000000
64769  63.090  -29.213  -6.619 0.0000000000
64787  62.765  -29.256  -7.485 0.0000000000
64804  62.342  -29.239  -8.383 0.0000000000
64805  62.045  -29.284  -9.005 0.0000000000
64816  62.020  -29.139  -9.868 0.0000000000
64817  62.096  -29.294  -9.464 0.0000000000
64819  62.593  -29.209  -10.950 0.0000000000
64821  63.409  -29.354  -12.182 0.0000000000
64832  65.335  -30.421  -14.298 0.0000000000
64833  64.482  -29.735  -13.440 0.0000000000
64853  65.559  -30.853  -15.191 0.0000000000
64854  65.137  -30.094  -14.563 0.0000000000
64855  57.171  -32.387  -17.042 0.0000000000
64876  65.053  -31.169  -16.376 0.0000000000
64877  65.432  -30.473  -15.387 0.0000000000
64878  59.880  -31.712  -17.930 0.0000000000
64879  58.976  -31.939  -17.820 0.0000000000
64880  57.797  -31.849  -17.714 0.0000000000
64881  56.784  -31.674  -17.317 0.0000000000
64903  63.551  -31.033  -17.804 0.0000000000
64904  61.828  -31.021  -18.327 0.0000000000
64905  60.330  -31.123  -18.376 0.0000000000
64906  59.125  -31.315  -18.392 0.0000000000
64907  58.446  -31.505  -18.126 0.0000000000
64928  62.987  -30.587  -18.378 0.0000000000
64929  62.583  -30.740  -18.339 0.0000000000
65978  64.298  -28.648  -5.841 0.0000000000
65987  63.364  -28.762  -6.427 0.0000000000
65988  62.943  -28.877  -6.802 0.0000000000
66001  63.038  -28.639  -6.899 0.0000000000
66002  62.739  -28.894  -7.255 0.0000000000
66019  62.767  -28.619  -7.510 0.0000000000
66020  62.210  -28.904  -8.186 0.0000000000
66021  61.962  -29.081  -8.836 0.0000000000
66039  61.873  -28.974  -9.233 0.0000000000
66040  61.925  -29.178  -9.262 0.0000000000
66052  62.165  -28.959  -10.291 0.0000000000
66058  62.794  -28.946  -11.443 0.0000000000
66064  63.540  -29.065  -12.666 0.0000000000
66073  64.506  -29.403  -13.796 0.0000000000
66085  65.483  -30.508  -16.196 0.0000000000
66086  65.280  -30.036  -15.123 0.0000000000
66087  57.623  -31.175  -17.887 0.0000000000
66088  57.167  -30.949  -17.665 0.0000000000
66101  65.447  -30.064  -17.586 0.0000000000
66102  65.175  -30.399  -17.242 0.0000000000
66103  61.569  -30.511  -18.531 0.0000000000
66104  60.874  -30.312  -18.658 0.0000000000
66105  59.430  -30.354  -18.689 0.0000000000
66106  58.036  -30.615  -18.157 0.0000000000
66107  56.859  -29.887  -18.085 0.0000000000
66128  65.183  -29.878  -18.042 0.0000000000
66129  63.779  -30.211  -18.511 0.0000000000
66130  62.031  -30.221  -18.740 0.0000000000
66131  61.009  -29.765  -18.894 0.0000000000
67160  65.255  -27.831  -5.764 0.0000000000
67161  64.015  -28.429  -6.150 0.0000000000
67170  64.989  -27.778  -6.462 0.0000000000
67171  63.855  -28.334  -6.470 0.0000000000
67183  64.785  -27.707  -7.302 0.0000000000
67184  63.505  -28.185  -7.081 0.0000000000
67199  64.904  -27.713  -8.408 0.0000000000
67200  63.104  -28.322  -8.268 0.0000000000
67201  62.136  -28.737  -8.775 0.0000000000
67218  65.114  -27.697  -9.117 0.0000000000
67219  63.831  -27.966  -9.707 0.0000000000
67220  62.417  -28.576  -9.503 0.0000000000
67236  63.672  -28.198  -11.283 0.0000000000
67237  62.686  -28.474  -10.772 0.0000000000
67242  63.948  -28.531  -12.534 0.0000000000
67243  63.131  -28.693  -12.030 0.0000000000
67248  64.458  -28.881  -13.671 0.0000000000
67249  63.871  -28.983  -13.131 0.0000000000
67258  65.169  -29.333  -14.659 0.0000000000
67259  64.756  -29.348  -14.112 0.0000000000
67269  65.580  -29.959  -15.837 0.0000000000
67270  65.234  -29.672  -14.877 0.0000000000
67287  66.167  -28.935  -17.519 0.0000000000
67288  65.826  -29.800  -17.370 0.0000000000
67289  65.765  -30.117  -16.788 0.0000000000
67290  60.817  -28.466  -19.442 0.0000000000
67291  59.990  -29.166  -19.088 0.0000000000
67292  58.631  -29.007  -18.165 0.0000000000
67293  57.468  -28.756  -18.096 0.0000000000
67313  66.150  -28.829  -18.019 0.0000000000
67314  65.834  -29.181  -18.300 0.0000000000
67315  64.423  -29.225  -19.042 0.0000000000
67316  62.432  -29.060  -19.320 0.0000000000
67317  61.218  -29.320  -19.087 0.0000000000
68316  66.984  -24.894  -4.647 0.0000000000
68317  66.591  -26.232  -4.769 0.0000000000
68325  67.076  -25.322  -5.665 0.0000000000
68326  66.381  -26.627  -5.564 0.0000000000
68338  67.136  -25.830  -6.539 0.0000000000
68339  66.249  -26.830  -6.430 0.0000000000
68355  67.391  -25.559  -7.163 0.0000000000
68356  66.493  -26.948  -7.486 0.0000000000
68373  67.370  -26.164  -8.088 0.0000000000
68374  66.278  -27.292  -8.790 0.0000000000
68375  65.365  -27.585  -9.613 0.0000000000
68395  67.211  -26.493  -9.066 0.0000000000
68396  66.472  -27.184  -9.921 0.0000000000
68397  65.014  -27.706  -10.590 0.0000000000
68408  66.725  -26.802  -11.347 0.0000000000
68409  66.287  -27.167  -11.138 0.0000000000
68410  64.864  -28.029  -11.836 0.0000000000
68413  66.793  -27.005  -11.913 0.0000000000
68414  65.917  -27.702  -12.481 0.0000000000
68415  65.004  -28.456  -13.071 0.0000000000
68420  66.812  -27.331  -13.153 0.0000000000
68421  65.974  -28.178  -13.784 0.0000000000
68422  65.245  -28.777  -14.323 0.0000000000
68436  66.839  -27.710  -14.617 0.0000000000
68437  65.979  -28.531  -15.186 0.0000000000
68438  65.651  -29.280  -15.520 0.0000000000
68459  66.576  -28.037  -16.370 0.0000000000
68460  66.044  -29.130  -16.488 0.0000000000
68461  65.873  -29.757  -16.454 0.0000000000
68462  60.501  -27.711  -19.441 0.0000000000
68463  59.881  -27.802  -19.128 0.0000000000
68464  58.987  -27.730  -18.321 0.0000000000
68465  57.989  -27.511  -18.086 0.0000000000
68481  66.283  -28.081  -18.103 0.0000000000
68482  65.203  -28.337  -19.301 0.0000000000
68483  63.342  -27.863  -20.096 0.0000000000
68484  61.338  -27.608  -19.759 0.0000000000
68495  65.879  -27.505  -19.321 0.0000000000
68496  64.733  -27.343  -19.997 0.0000000000
68497  63.789  -27.049  -20.445 0.0000000000
69608  66.858  -23.598  -5.062 0.0000000000
69609  64.430  -20.839  -4.654 0.0000000000
69620  67.316  -24.167  -6.347 0.0000000000
69635  67.648  -23.513  -8.130 0.0000000000
69636  67.559  -24.464  -7.581 0.0000000000
69651  67.621  -24.065  -9.182 0.0000000000
69652  67.518  -25.105  -8.666 0.0000000000
69668  67.487  -24.499  -10.389 0.0000000000
69669  67.297  -25.897  -9.937 0.0000000000
69670  66.783  -26.728  -10.416 0.0000000000
69684  67.644  -24.795  -11.654 0.0000000000
69685  67.055  -26.095  -11.178 0.0000000000
69686  66.894  -26.497  -10.689 0.0000000000
69693  68.011  -25.123  -13.129 0.0000000000
69694  67.300  -26.149  -12.463 0.0000000000
69701  67.881  -25.615  -14.751 0.0000000000
69702  67.400  -26.499  -13.913 0.0000000000
69715  67.991  -26.196  -16.015 0.0000000000
69716  67.555  -26.953  -15.449 0.0000000000
69728  68.033  -25.913  -16.875 0.0000000000
69729  67.420  -26.887  -17.089 0.0000000000
69730  60.143  -26.907  -19.218 0.0000000000
69731  59.325  -26.602  -18.336 0.0000000000
69732  58.396  -26.355  -18.112 0.0000000000
69733  57.220  -26.035  -18.534 0.0000000000
69743  67.809  -25.939  -17.944 0.0000000000
69744  66.735  -26.566  -18.748 0.0000000000
69745  61.848  -26.738  -20.197 0.0000000000
69746  60.745  -26.191  -19.430 0.0000000000
69758  65.710  -26.583  -19.970 0.0000000000
69759  64.254  -26.283  -20.365 0.0000000000
69760  62.854  -26.368  -20.602 0.0000000000
70826  65.886  -22.297  -4.440 0.0000000000
70827  65.230  -21.304  -4.789 0.0000000000
70828  64.441  -20.950  -5.307 0.0000000000
70839  66.410  -22.479  -5.623 0.0000000000
70840  65.565  -21.580  -6.060 0.0000000000
70841  64.245  -21.129  -6.349 0.0000000000
70855  67.488  -22.849  -7.917 0.0000000000
70856  67.104  -22.582  -7.225 0.0000000000
70857  65.515  -21.555  -7.221 0.0000000000
70858  63.821  -21.394  -7.371 0.0000000000
70872  67.473  -22.731  -8.457 0.0000000000
70873  66.627  -21.892  -8.264 0.0000000000
70874  65.087  -21.529  -8.166 0.0000000000
70889  67.613  -23.018  -9.627 0.0000000000
70890  66.101  -21.547  -8.904 0.0000000000
70891  64.710  -21.496  -9.063 0.0000000000
70904  67.485  -23.377  -10.841 0.0000000000
70905  65.831  -21.390  -9.715 0.0000000000
70916  67.969  -23.602  -12.205 0.0000000000
70917  65.658  -21.287  -10.573 0.0000000000
70926  68.411  -23.419  -15.026 0.0000000000
70927  68.281  -23.808  -14.166 0.0000000000
70941  68.266  -23.956  -16.074 0.0000000000
70942  68.120  -25.126  -15.875 0.0000000000
70952  67.840  -24.085  -17.907 0.0000000000
70953  68.147  -25.057  -17.379 0.0000000000
70954  59.721  -25.566  -18.497 0.0000000000
70955  58.701  -25.292  -18.150 0.0000000000
70956  57.593  -24.970  -18.312 0.0000000000
70957  56.472  -24.729  -18.186 0.0000000000
70965  67.853  -24.089  -19.054 0.0000000000
70966  67.650  -24.920  -19.356 0.0000000000
70967  66.479  -25.909  -19.771 0.0000000000
70968  62.145  -24.876  -20.446 0.0000000000
70969  61.512  -25.352  -19.807 0.0000000000
70970  60.299  -25.102  -19.023 0.0000000000
70974  66.766  -24.192  -20.331 0.0000000000
70975  65.493  -25.135  -20.703 0.0000000000
70976  63.239  -25.213  -20.864 0.0000000000
70977  62.383  -25.490  -20.532 0.0000000000
71977  67.284  -22.060  -9.089 0.0000000000
71978  66.802  -21.752  -8.920 0.0000000000
71991  67.218  -22.284  -10.054 0.0000000000
71992  66.772  -21.657  -9.473 0.0000000000
71998  67.267  -22.384  -11.255 0.0000000000
71999  66.598  -21.641  -10.411 0.0000000000
72010  67.774  -22.307  -12.539 0.0000000000
72011  66.286  -21.376  -11.639 0.0000000000
72024  68.410  -22.905  -14.563 0.0000000000
72025  68.129  -22.192  -13.707 0.0000000000
72026  67.009  -21.308  -12.885 0.0000000000
72041  68.337  -22.953  -15.428 0.0000000000
72042  68.305  -22.145  -14.659 0.0000000000
72043  67.553  -21.209  -13.925 0.0000000000
72044  66.131  -20.850  -13.391 0.0000000000
72056  67.868  -22.968  -16.816 0.0000000000
72057  68.266  -22.187  -15.639 0.0000000000
72058  68.125  -21.503  -14.877 0.0000000000
72059  59.709  -24.521  -18.435 0.0000000000
72060  58.981  -24.391  -18.128 0.0000000000
72061  57.877  -23.920  -18.091 0.0000000000
72062  56.750  -23.751  -17.808 0.0000000000
72070  67.620  -23.280  -18.820 0.0000000000
72071  67.835  -23.958  -19.469 0.0000000000
72072  62.466  -24.266  -20.661 0.0000000000
72073  61.501  -23.943  -19.888 0.0000000000
72074  60.281  -23.981  -18.941 0.0000000000
72075  59.266  -23.590  -18.171 0.0000000000
72076  58.438  -23.473  -18.125 0.0000000000
72081  67.474  -22.946  -19.638 0.0000000000
72082  67.393  -23.359  -20.129 0.0000000000
72083  65.738  -23.284  -20.746 0.0000000000
72084  63.585  -23.747  -21.070 0.0000000000
72085  62.277  -23.469  -20.334 0.0000000000
72090  66.915  -22.806  -20.306 0.0000000000
72091  66.681  -23.010  -20.423 0.0000000000
73087  66.597  -20.673  -13.911 0.0000000000
73102  68.110  -22.006  -16.463 0.0000000000
73103  68.178  -21.436  -15.650 0.0000000000
73104  67.501  -20.742  -14.627 0.0000000000
73105  66.215  -20.454  -14.103 0.0000000000
73107  57.802  -22.959  -18.091 0.0000000000
73108  56.929  -22.650  -17.837 0.0000000000
73109  55.907  -22.600  -17.572 0.0000000000
73116  67.672  -22.013  -17.657 0.0000000000
73117  68.096  -21.348  -16.567 0.0000000000
73118  68.018  -20.898  -15.675 0.0000000000
73119  61.644  -22.810  -19.546 0.0000000000
73120  60.716  -22.826  -18.852 0.0000000000
73121  59.590  -22.653  -18.281 0.0000000000
73122  58.398  -22.538  -18.140 0.0000000000
73123  57.500  -22.213  -18.000 0.0000000000
73132  67.318  -22.176  -19.214 0.0000000000
73133  67.329  -22.750  -19.871 0.0000000000
73134  65.223  -21.962  -20.644 0.0000000000
73135  63.940  -22.292  -20.868 0.0000000000
73136  62.560  -22.574  -20.255 0.0000000000
73147  67.172  -21.671  -19.726 0.0000000000
73148  67.006  -22.221  -20.119 0.0000000000
73149  66.298  -22.456  -20.455 0.0000000000
74155  66.897  -20.300  -14.413 0.0000000000
74156  65.945  -20.270  -14.293 0.0000000000
74159  56.788  -21.462  -17.927 0.0000000000
74160  55.990  -21.585  -17.664 0.0000000000
74171  67.912  -20.954  -17.409 0.0000000000
74172  68.091  -20.654  -16.396 0.0000000000
74173  67.663  -20.353  -15.211 0.0000000000
74174  66.971  -20.103  -14.579 0.0000000000
74175  61.885  -21.988  -19.393 0.0000000000
74176  61.022  -21.915  -18.990 0.0000000000
74177  59.907  -21.516  -18.542 0.0000000000
74178  58.688  -21.480  -18.314 0.0000000000
74179  57.661  -21.429  -18.172 0.0000000000
74189  67.603  -21.158  -18.471 0.0000000000
74190  65.119  -21.262  -20.651 0.0000000000
74191  64.195  -21.117  -20.460 0.0000000000
74192  62.655  -21.364  -19.900 0.0000000000
74193  61.519  -21.188  -19.021 0.0000000000
74194  60.626  -21.059  -18.744 0.0000000000
74206  67.340  -21.120  -19.370 0.0000000000
74207  66.892  -21.126  -19.940 0.0000000000
74208  65.982  -21.252  -20.429 0.0000000000
74209  65.039  -20.724  -20.583 0.0000000000
75182  66.986  -19.849  -14.613 0.0000000000
75183  65.723  -20.070  -14.400 0.0000000000
75186  56.921  -20.426  -18.087 0.0000000000
75187  55.993  -20.462  -17.598 0.0000000000
75188  55.384  -20.820  -17.417 0.0000000000
75196  68.050  -20.184  -17.191 0.0000000000
75197  68.044  -20.031  -16.169 0.0000000000
75198  67.521  -19.912  -15.147 0.0000000000
75199  66.616  -20.022  -14.533 0.0000000000
75200  59.984  -20.323  -18.530 0.0000000000
75201  58.941  -20.409  -18.460 0.0000000000
75202  57.893  -20.418  -18.370 0.0000000000
75206  67.728  -20.358  -18.053 0.0000000000
75207  64.374  -20.046  -20.224 0.0000000000
75208  63.129  -20.195  -19.799 0.0000000000
75209  61.940  -20.318  -19.177 0.0000000000
75210  60.936  -20.303  -18.725 0.0000000000
75222  67.550  -20.379  -18.856 0.0000000000
75223  67.168  -20.268  -19.557 0.0000000000
75224  66.444  -20.201  -20.074 0.0000000000
75225  65.480  -20.053  -20.381 0.0000000000
76208  55.601  -19.549  -17.177 0.0000000000
76222  66.917  -19.623  -14.530 0.0000000000
76226  57.268  -19.373  -18.142 0.0000000000
76227  56.334  -19.409  -17.623 0.0000000000
76242  68.058  -19.546  -16.991 0.0000000000
76243  68.123  -19.413  -16.142 0.0000000000
76244  67.720  -19.445  -15.248 0.0000000000
76245  61.238  -18.815  -18.785 0.0000000000
76246  60.399  -19.264  -18.555 0.0000000000
76247  59.278  -19.335  -18.445 0.0000000000
76248  58.238  -19.363  -18.427 0.0000000000
76258  67.695  -19.546  -17.894 0.0000000000
76259  67.507  -19.141  -18.319 0.0000000000
76260  64.849  -19.090  -20.022 0.0000000000
76261  63.574  -19.172  -19.683 0.0000000000
76262  62.247  -19.195  -19.178 0.0000000000
76263  61.316  -19.586  -18.819 0.0000000000
76272  67.620  -19.937  -18.439 0.0000000000
76273  67.421  -19.527  -18.856 0.0000000000
76274  66.861  -19.394  -19.659 0.0000000000
76275  65.984  -19.209  -20.013 0.0000000000
77310  66.430  -19.390  -13.998 0.0000000000
77315  55.683  -18.588  -17.331 0.0000000000
77333  68.147  -18.292  -15.500 0.0000000000
77334  67.173  -19.170  -14.465 0.0000000000
77337  57.699  -18.301  -18.319 0.0000000000
77338  56.736  -18.350  -17.866 0.0000000000
77352  67.963  -19.036  -16.963 0.0000000000
77353  68.087  -18.563  -16.363 0.0000000000
77354  67.838  -19.063  -15.128 0.0000000000
77355  63.189  -17.373  -19.025 0.0000000000
77356  61.863  -17.906  -18.881 0.0000000000
77357  60.648  -18.102  -18.539 0.0000000000
77358  59.660  -18.301  -18.405 0.0000000000
77359  58.671  -18.302  -18.418 0.0000000000
77367  67.794  -19.162  -17.436 0.0000000000
77368  67.578  -18.570  -17.945 0.0000000000
77369  66.694  -17.931  -19.081 0.0000000000
77370  65.536  -18.076  -19.724 0.0000000000
77371  64.094  -18.179  -19.504 0.0000000000
77372  62.942  -18.358  -19.283 0.0000000000
77376  67.401  -18.988  -18.565 0.0000000000
77377  67.136  -18.795  -19.056 0.0000000000
77378  66.476  -18.641  -19.605 0.0000000000
78353  64.408  -18.305  -4.661 0.0000000000
78354  63.862  -18.291  -4.678 0.0000000000
78355  62.924  -18.295  -4.678 0.0000000000
78378  65.472  -18.391  -5.631 0.0000000000
78379  64.721  -18.401  -5.253 0.0000000000
78380  63.230  -18.401  -5.546 0.0000000000
78397  66.615  -18.335  -7.422 0.0000000000
78398  65.645  -18.385  -6.449 0.0000000000
78399  63.759  -18.431  -6.559 0.0000000000
78416  66.685  -18.419  -8.444 0.0000000000
78417  65.559  -18.530  -8.022 0.0000000000
78418  64.256  -18.518  -7.657 0.0000000000
78436  66.779  -18.477  -9.537 0.0000000000
78437  65.631  -18.737  -9.211 0.0000000000
78451  66.946  -18.433  -10.628 0.0000000000
78452  65.796  -18.941  -10.306 0.0000000000
78468  67.072  -18.289  -11.673 0.0000000000
78469  65.990  -19.050  -11.341 0.0000000000
78484  67.283  -18.083  -12.604 0.0000000000
78485  66.201  -19.031  -12.288 0.0000000000
78496  67.540  -17.889  -13.396 0.0000000000
78497  66.391  -18.927  -13.055 0.0000000000
78504  67.889  -17.678  -14.183 0.0000000000
78505  66.688  -18.968  -13.669 0.0000000000
78508  56.345  -17.311  -18.089 0.0000000000
78509  55.409  -17.730  -17.734 0.0000000000
78527  68.021  -17.608  -15.124 0.0000000000
78528  67.446  -18.657  -14.235 0.0000000000
78529  59.416  -16.443  -18.486 0.0000000000
78530  58.281  -17.023  -18.467 0.0000000000
78531  57.228  -17.385  -18.300 0.0000000000
78547  67.797  -17.124  -16.679 0.0000000000
78548  67.202  -16.355  -17.546 0.0000000000
78549  65.027  -16.000  -18.973 0.0000000000
78550  63.595  -16.119  -18.937 0.0000000000
78551  62.196  -16.537  -18.662 0.0000000000
78552  60.993  -16.997  -18.468 0.0000000000
78553  59.995  -17.281  -18.373 0.0000000000
78554  59.164  -17.471  -18.444 0.0000000000
78559  67.790  -17.774  -17.327 0.0000000000
78560  67.161  -17.001  -18.196 0.0000000000
78561  65.876  -16.950  -19.162 0.0000000000
78562  64.558  -17.052  -19.353 0.0000000000
79497  64.789  -17.138  -2.327 0.0000000000
79498  64.318  -17.044  -2.008 0.0000000000
79506  66.143  -17.120  -3.580 0.0000000000
79507  65.310  -17.462  -3.049 0.0000000000
79508  63.998  -17.512  -2.701 0.0000000000
79509  62.728  -17.720  -2.894 0.0000000000
79530  66.533  -17.247  -4.441 0.0000000000
79531  65.673  -17.829  -4.132 0.0000000000
79532  64.610  -18.157  -4.069 0.0000000000
79533  63.344  -18.056  -3.848 0.0000000000
79550  66.929  -17.521  -5.455 0.0000000000
79551  65.930  -18.194  -5.199 0.0000000000
79552  65.266  -18.245  -4.642 0.0000000000
79568  67.168  -17.992  -6.511 0.0000000000
79569  66.518  -18.154  -5.884 0.0000000000
79587  67.320  -17.902  -7.716 0.0000000000
79608  67.390  -17.797  -8.786 0.0000000000
79623  67.495  -17.552  -9.881 0.0000000000
79635  67.496  -17.224  -11.018 0.0000000000
79645  67.394  -16.859  -12.122 0.0000000000
79654  67.548  -16.592  -13.161 0.0000000000
79659  67.751  -16.626  -13.984 0.0000000000
79660  56.441  -16.400  -18.477 0.0000000000
79661  55.860  -16.658  -18.397 0.0000000000
79678  67.683  -16.141  -15.006 0.0000000000
79679  67.366  -15.286  -16.093 0.0000000000
79680  62.058  -14.463  -17.994 0.0000000000
79681  61.432  -14.711  -17.915 0.0000000000
79682  60.163  -15.151  -18.331 0.0000000000
79683  58.766  -15.406  -18.746 0.0000000000
79684  57.281  -15.978  -18.644 0.0000000000
79685  56.318  -15.619  -18.792 0.0000000000
79686  55.463  -15.788  -19.031 0.0000000000
79703  67.668  -16.289  -16.035 0.0000000000
79704  67.013  -15.492  -17.196 0.0000000000
79705  65.813  -15.127  -18.401 0.0000000000
79706  64.164  -15.011  -18.650 0.0000000000
79707  62.519  -15.072  -18.444 0.0000000000
79708  61.227  -15.809  -18.226 0.0000000000
79709  60.313  -16.339  -18.303 0.0000000000
79720  66.703  -15.967  -18.039 0.0000000000
79721  66.127  -16.165  -18.597 0.0000000000
80671  64.373  -15.792  -1.037 0.0000000000
80672  63.339  -15.663  -0.681 0.0000000000
80673  62.744  -15.404  -0.535 0.0000000000
80680  65.612  -16.205  -2.171 0.0000000000
80681  64.799  -16.501  -1.807 0.0000000000
80682  63.605  -16.715  -1.549 0.0000000000
80683  62.286  -15.887  -1.009 0.0000000000
80684  60.841  -15.559  -0.989 0.0000000000
80685  59.625  -15.205  -1.036 0.0000000000
80695  66.057  -16.582  -2.801 0.0000000000
80696  65.353  -16.826  -2.386 0.0000000000
80697  63.188  -17.325  -2.210 0.0000000000
80698  62.417  -17.096  -1.969 0.0000000000
80699  61.194  -16.650  -1.906 0.0000000000
80716  66.765  -16.194  -3.659 0.0000000000
80717  67.054  -15.535  -3.817 0.0000000000
80728  67.243  -16.290  -4.747 0.0000000000
80729  67.164  -15.776  -4.145 0.0000000000
80740  67.496  -16.793  -5.913 0.0000000000
80754  67.562  -16.976  -7.090 0.0000000000
80769  67.547  -17.069  -8.112 0.0000000000
80781  67.590  -16.592  -9.048 0.0000000000
80790  67.602  -16.110  -10.241 0.0000000000
80795  67.422  -15.628  -11.477 0.0000000000
80804  67.325  -15.238  -12.719 0.0000000000
80813  67.306  -14.931  -14.187 0.0000000000
80814  66.701  -13.680  -15.376 0.0000000000
80815  65.681  -13.089  -16.203 0.0000000000
80816  64.495  -12.964  -16.640 0.0000000000
80829  67.262  -14.759  -15.470 0.0000000000
80830  66.647  -14.153  -16.549 0.0000000000
80831  65.277  -13.518  -17.187 0.0000000000
80832  63.639  -13.394  -17.377 0.0000000000
80833  62.139  -13.872  -17.607 0.0000000000
80834  60.763  -13.720  -18.021 0.0000000000
80835  59.360  -13.669  -18.776 0.0000000000
80836  58.096  -14.278  -19.103 0.0000000000
80837  56.958  -14.480  -19.015 0.0000000000
80838  55.982  -14.539  -19.300 0.0000000000
80839  54.988  -14.587  -19.484 0.0000000000
80853  66.029  -14.327  -17.617 0.0000000000
80854  64.721  -14.169  -17.989 0.0000000000
80855  63.266  -14.183  -18.192 0.0000000000
80856  62.465  -14.330  -18.106 0.0000000000
80857  58.452  -13.185  -19.148 0.0000000000
80858  57.589  -13.353  -19.235 0.0000000000
80859  56.616  -13.428  -19.290 0.0000000000
80860  55.642  -13.428  -19.345 0.0000000000
80861  54.657  -13.337  -19.334 0.0000000000
81848  64.815  -14.971  -0.901 0.0000000000
81849  64.032  -14.933  -0.550 0.0000000000
81850  62.958  -14.749  -0.240 0.0000000000
81851  62.470  -14.224  0.076 0.0000000000
81857  65.802  -15.770  -2.151 0.0000000000
81858  65.402  -15.503  -1.601 0.0000000000
81859  62.433  -15.200  -0.453 0.0000000000
81860  61.810  -14.701  -0.206 0.0000000000
81861  60.413  -14.486  -0.329 0.0000000000
81862  59.334  -14.283  -0.599 0.0000000000
81873  66.080  -15.984  -2.414 0.0000000000
81874  66.108  -15.450  -2.338 0.0000000000
81890  66.452  -15.859  -2.822 0.0000000000
81891  66.671  -15.109  -3.134 0.0000000000
81892  66.606  -14.285  -3.602 0.0000000000
81904  67.393  -15.727  -4.799 0.0000000000
81905  67.260  -15.161  -4.371 0.0000000000
81906  66.610  -13.819  -4.609 0.0000000000
81907  65.971  -13.017  -5.272 0.0000000000
81917  67.448  -15.727  -5.309 0.0000000000
81918  67.283  -14.665  -5.599 0.0000000000
81919  66.678  -13.542  -6.005 0.0000000000
81920  65.204  -12.926  -6.430 0.0000000000
81921  63.985  -12.716  -7.233 0.0000000000
81935  67.511  -15.727  -6.459 0.0000000000
81936  67.257  -14.408  -6.929 0.0000000000
81937  66.269  -13.348  -7.354 0.0000000000
81938  64.694  -12.904  -7.817 0.0000000000
81939  63.265  -12.683  -8.301 0.0000000000
81951  67.528  -15.708  -7.901 0.0000000000
81952  67.029  -14.062  -8.311 0.0000000000
81953  65.820  -13.027  -8.709 0.0000000000
81954  64.045  -12.745  -9.140 0.0000000000
81955  62.322  -12.523  -9.729 0.0000000000
81956  61.142  -12.231  -10.533 0.0000000000
81971  67.464  -15.032  -9.307 0.0000000000
81972  66.738  -13.532  -9.677 0.0000000000
81973  65.376  -12.674  -10.120 0.0000000000
81974  63.552  -12.369  -10.625 0.0000000000
81975  61.779  -12.183  -11.324 0.0000000000
81976  60.598  -12.008  -11.348 0.0000000000
81985  67.241  -14.464  -10.632 0.0000000000
81986  66.476  -12.974  -11.074 0.0000000000
81987  64.981  -12.310  -11.643 0.0000000000
81988  63.195  -12.007  -12.210 0.0000000000
81989  61.758  -11.674  -12.868 0.0000000000
81998  67.081  -13.899  -11.964 0.0000000000
81999  66.189  -12.554  -12.544 0.0000000000
82000  64.512  -11.971  -13.349 0.0000000000
82001  62.742  -11.718  -13.646 0.0000000000
82002  61.634  -11.411  -14.013 0.0000000000
82016  66.766  -13.650  -13.318 0.0000000000
82017  65.943  -12.411  -13.967 0.0000000000
82018  64.579  -12.017  -14.843 0.0000000000
82019  63.669  -12.292  -15.529 0.0000000000
82037  66.620  -13.321  -14.427 0.0000000000
82038  65.829  -12.628  -15.166 0.0000000000
82039  64.616  -12.514  -15.817 0.0000000000
82040  63.132  -12.697  -16.344 0.0000000000
82041  61.835  -12.465  -16.827 0.0000000000
82042  61.040  -11.973  -17.423 0.0000000000
82043  55.752  -11.230  -15.370 0.0000000000
82044  55.089  -11.394  -16.347 0.0000000000
82058  62.380  -13.082  -17.062 0.0000000000
82059  61.369  -12.818  -17.514 0.0000000000
82060  60.146  -12.207  -18.176 0.0000000000
82061  58.967  -12.450  -18.755 0.0000000000
82062  54.815  -11.876  -17.776 0.0000000000
82073  58.121  -12.532  -18.957 0.0000000000
82074  57.283  -12.526  -19.026 0.0000000000
82075  56.362  -12.525  -18.970 0.0000000000
82076  55.381  -12.376  -18.747 0.0000000000
82077  54.351  -12.575  -18.837 0.0000000000
83067  64.917  -14.621  -0.882 0.0000000000
83068  64.730  -14.342  -0.666 0.0000000000
83069  63.905  -14.058  -0.164 0.0000000000
83070  63.009  -13.757  0.140 0.0000000000
83081  65.173  -14.617  -1.167 0.0000000000
83082  65.212  -13.858  -1.180 0.0000000000
83083  62.152  -13.667  0.306 0.0000000000
83084  61.159  -13.581  0.203 0.0000000000
83085  59.992  -13.354  0.009 0.0000000000
83095  65.788  -14.569  -2.017 0.0000000000
83096  65.591  -13.491  -1.991 0.0000000000
83097  58.911  -13.247  -0.640 0.0000000000
83108  66.145  -14.140  -2.772 0.0000000000
83109  65.780  -13.280  -3.235 0.0000000000
83110  65.382  -12.474  -3.867 0.0000000000
83121  65.765  -12.978  -4.371 0.0000000000
83122  64.771  -12.555  -5.140 0.0000000000
83123  64.016  -12.256  -6.055 0.0000000000
83134  64.121  -12.577  -6.416 0.0000000000
83135  63.334  -12.279  -7.360 0.0000000000
83136  62.340  -12.089  -8.346 0.0000000000
83151  62.192  -12.318  -8.812 0.0000000000
83152  61.295  -11.990  -9.470 0.0000000000
83153  60.258  -11.560  -10.250 0.0000000000
83163  61.336  -12.207  -9.823 0.0000000000
83164  60.204  -11.820  -10.760 0.0000000000
83165  59.047  -11.319  -11.027 0.0000000000
83166  58.277  -11.246  -11.349 0.0000000000
83180  60.639  -11.698  -12.397 0.0000000000
83181  59.662  -11.703  -12.069 0.0000000000
83182  58.739  -11.534  -11.930 0.0000000000
83183  57.715  -11.393  -12.044 0.0000000000
83193  60.714  -11.344  -13.714 0.0000000000
83194  59.630  -11.414  -13.360 0.0000000000
83195  58.578  -11.533  -13.063 0.0000000000
83196  57.564  -11.588  -12.977 0.0000000000
83207  63.335  -11.852  -14.586 0.0000000000
83208  62.056  -11.524  -14.827 0.0000000000
83209  60.904  -11.208  -14.935 0.0000000000
83210  59.790  -11.043  -14.747 0.0000000000
83211  58.641  -11.109  -14.390 0.0000000000
83212  57.553  -11.490  -14.018 0.0000000000
83213  56.660  -11.746  -13.828 0.0000000000
83226  63.536  -12.041  -15.148 0.0000000000
83227  62.547  -11.983  -15.663 0.0000000000
83228  61.204  -11.375  -15.974 0.0000000000
83229  60.032  -10.921  -16.088 0.0000000000
83230  58.830  -10.778  -15.825 0.0000000000
83231  57.599  -10.964  -15.387 0.0000000000
83232  56.588  -11.374  -14.827 0.0000000000
83249  62.192  -12.244  -16.339 0.0000000000
83250  61.480  -11.818  -16.641 0.0000000000
83251  60.263  -11.377  -17.319 0.0000000000
83252  59.039  -10.896  -17.134 0.0000000000
83253  57.789  -10.910  -16.791 0.0000000000
83254  56.341  -11.208  -16.413 0.0000000000
83255  55.491  -11.488  -17.081 0.0000000000
83269  59.850  -11.595  -17.987 0.0000000000
83270  59.122  -11.557  -18.183 0.0000000000
83271  58.004  -11.220  -17.916 0.0000000000
83272  56.874  -11.414  -17.672 0.0000000000
83273  55.829  -11.630  -17.744 0.0000000000
83280  58.539  -12.046  -18.661 0.0000000000
83281  58.016  -11.871  -18.599 0.0000000000
83282  57.120  -11.841  -18.509 0.0000000000
83283  56.288  -11.894  -18.416 0.0000000000
84199  64.595  -13.466  -0.487 0.0000000000
84200  63.759  -13.130  -0.048 0.0000000000
84201  62.760  -12.751  0.328 0.0000000000
84202  62.030  -12.162  0.529 0.0000000000
84212  65.045  -12.930  -1.087 0.0000000000
84213  61.799  -12.887  0.460 0.0000000000
84214  61.007  -12.299  0.332 0.0000000000
84215  59.641  -12.070  -0.068 0.0000000000
84226  65.211  -12.382  -1.969 0.0000000000
84227  64.915  -11.628  -2.428 0.0000000000
84228  58.529  -12.057  -1.045 0.0000000000
84229  57.583  -12.060  -2.089 0.0000000000
84238  65.361  -12.203  -2.981 0.0000000000
84239  64.682  -11.665  -3.820 0.0000000000
84240  64.326  -11.420  -4.829 0.0000000000
84250  64.330  -11.939  -5.225 0.0000000000
84251  63.857  -11.740  -5.974 0.0000000000
84265  63.211  -11.754  -7.318 0.0000000000
84266  62.117  -11.883  -8.607 0.0000000000
84277  61.153  -11.642  -9.666 0.0000000000
84278  59.781  -11.216  -10.308 0.0000000000
84279  59.364  -11.024  -10.430 0.0000000000
84288  59.078  -11.163  -10.720 0.0000000000
84289  58.609  -11.064  -11.003 0.0000000000
84290  57.946  -10.966  -11.319 0.0000000000
84299  57.951  -11.206  -11.504 0.0000000000
84300  57.407  -11.131  -11.848 0.0000000000
85290  64.384  -12.707  -0.479 0.0000000000
85291  63.719  -12.164  -0.164 0.0000000000
85292  62.819  -11.601  0.284 0.0000000000
85293  61.814  -11.402  0.457 0.0000000000
85304  64.539  -12.056  -0.929 0.0000000000
85305  63.887  -10.992  -0.571 0.0000000000
85306  62.458  -10.449  0.141 0.0000000000
85307  60.789  -10.744  0.213 0.0000000000
85308  59.237  -10.782  -0.520 0.0000000000
85318  64.698  -11.460  -1.539 0.0000000000
85319  64.323  -10.667  -2.192 0.0000000000
85320  58.093  -10.863  -1.471 0.0000000000
85321  57.085  -10.968  -2.453 0.0000000000
85332  64.224  -10.612  -3.828 0.0000000000
85333  64.264  -11.041  -5.065 0.0000000000
85345  64.295  -10.419  -4.623 0.0000000000
85346  63.991  -10.949  -5.795 0.0000000000
85359  63.643  -11.094  -6.790 0.0000000000
85360  63.140  -11.464  -7.880 0.0000000000
85369  62.166  -11.487  -8.853 0.0000000000
85370  61.218  -11.324  -9.734 0.0000000000
85371  60.182  -11.035  -10.123 0.0000000000
85382  59.203  -10.893  -10.563 0.0000000000
85383  58.422  -10.849  -11.107 0.0000000000
85392  57.614  -10.805  -11.579 0.0000000000
86425  63.253  -9.558  -1.061 0.0000000000
86426  61.683  -9.287  -0.335 0.0000000000
86427  60.134  -9.519  -0.570 0.0000000000
86428  58.868  -9.667  -1.184 0.0000000000
86436  63.723  -9.548  -2.512 0.0000000000
86437  57.735  -9.702  -1.866 0.0000000000
86438  56.809  -9.727  -2.492 0.0000000000
86448  63.937  -9.568  -3.669 0.0000000000
86461  64.366  -9.812  -4.745 0.0000000000
86462  64.284  -10.270  -5.923 0.0000000000
86474  63.872  -10.603  -7.051 0.0000000000
86475  63.387  -10.972  -8.165 0.0000000000
86483  62.503  -11.096  -9.056 0.0000000000
86484  61.533  -11.013  -9.733 0.0000000000
86485  60.678  -10.957  -10.027 0.0000000000
86497  61.212  -10.860  -10.056 0.0000000000
86498  60.190  -10.739  -10.374 0.0000000000
86499  59.076  -10.715  -10.848 0.0000000000
86508  59.542  -10.433  -10.938 0.0000000000
86509  58.325  -10.490  -11.334 0.0000000000
86510  57.120  -10.433  -12.064 0.0000000000
87500  63.141  -8.923  -1.864 0.0000000000
87501  62.338  -8.452  -1.530 0.0000000000
87502  60.900  -8.434  -1.230 0.0000000000
87503  59.675  -8.796  -1.279 0.0000000000
87512  63.175  -8.446  -2.548 0.0000000000
87513  62.478  -7.963  -2.124 0.0000000000
87514  59.858  -8.041  -1.507 0.0000000000
87515  58.709  -8.509  -1.811 0.0000000000
87516  57.483  -8.632  -2.353 0.0000000000
87517  56.443  -8.654  -2.608 0.0000000000
87527  63.907  -8.619  -3.767 0.0000000000
87539  64.716  -8.824  -5.028 0.0000000000
87540  64.601  -9.720  -6.245 0.0000000000
87552  65.048  -8.832  -6.081 0.0000000000
87553  64.534  -9.779  -7.342 0.0000000000
87554  63.678  -10.558  -8.471 0.0000000000
87565  64.450  -9.789  -8.389 0.0000000000
87566  63.208  -10.632  -9.250 0.0000000000
87567  62.187  -10.781  -9.852 0.0000000000
87578  64.275  -9.783  -9.091 0.0000000000
87579  63.350  -10.344  -9.808 0.0000000000
87580  61.824  -10.622  -10.401 0.0000000000
87581  60.594  -10.498  -10.730 0.0000000000
87590  61.371  -10.421  -10.927 0.0000000000
87591  60.396  -10.279  -11.193 0.0000000000
87592  59.099  -10.112  -11.516 0.0000000000
87593  57.968  -10.070  -11.738 0.0000000000
87600  58.402  -9.793  -11.964 0.0000000000
87601  57.398  -9.790  -12.347 0.0000000000
87608  56.890  -9.625  -13.038 0.0000000000
88593  62.233  -7.810  -1.927 0.0000000000
88594  61.760  -7.772  -1.700 0.0000000000
88600  63.343  -7.794  -3.081 0.0000000000
88601  62.510  -7.128  -2.248 0.0000000000
88602  60.776  -7.226  -1.596 0.0000000000
88603  59.309  -7.320  -1.699 0.0000000000
88604  58.128  -7.391  -2.227 0.0000000000
88605  57.065  -7.776  -2.535 0.0000000000
88615  63.869  -7.221  -3.774 0.0000000000
88616  62.865  -6.401  -3.008 0.0000000000
88617  57.181  -6.827  -2.424 0.0000000000
88618  56.126  -7.401  -2.697 0.0000000000
88629  64.743  -7.766  -5.393 0.0000000000
88638  65.174  -8.256  -6.671 0.0000000000
88639  65.020  -8.902  -7.647 0.0000000000
88652  65.197  -8.174  -7.430 0.0000000000
88653  65.055  -8.661  -8.299 0.0000000000
88667  64.547  -9.079  -9.419 0.0000000000
88668  63.426  -10.073  -10.366 0.0000000000
88669  62.421  -10.396  -10.891 0.0000000000
88682  64.254  -9.082  -10.222 0.0000000000
88683  63.430  -9.815  -10.957 0.0000000000
88684  61.877  -10.255  -11.508 0.0000000000
88685  60.281  -10.030  -11.757 0.0000000000
88686  59.270  -9.777  -11.993 0.0000000000
88692  61.247  -9.990  -12.098 0.0000000000
88693  60.182  -9.723  -12.361 0.0000000000
88694  58.712  -9.427  -12.639 0.0000000000
88695  57.572  -9.364  -12.984 0.0000000000
88700  58.147  -9.023  -13.402 0.0000000000
88701  57.142  -9.268  -13.963 0.0000000000
88710  56.834  -9.553  -15.135 0.0000000000
89704  62.164  -5.909  -2.525 0.0000000000
89705  61.150  -5.927  -1.838 0.0000000000
89706  59.725  -6.267  -1.749 0.0000000000
89707  58.849  -6.673  -1.905 0.0000000000
89715  64.075  -6.760  -4.878 0.0000000000
89716  62.685  -5.683  -3.801 0.0000000000
89717  61.282  -5.045  -2.524 0.0000000000
89718  59.901  -5.121  -1.994 0.0000000000
89719  58.308  -5.906  -2.227 0.0000000000
89720  56.585  -5.923  -2.886 0.0000000000
89721  55.665  -6.719  -3.129 0.0000000000
89729  64.727  -7.183  -6.020 0.0000000000
89730  63.620  -6.201  -5.536 0.0000000000
89731  56.112  -5.367  -3.471 0.0000000000
89745  65.081  -7.604  -6.903 0.0000000000
89746  64.555  -6.911  -6.770 0.0000000000
89761  65.098  -7.692  -7.519 0.0000000000
89762  64.693  -7.359  -8.083 0.0000000000
89778  64.814  -7.802  -9.464 0.0000000000
89794  64.370  -8.417  -10.601 0.0000000000
89795  63.430  -9.544  -11.557 0.0000000000
89796  62.354  -9.961  -12.114 0.0000000000
89802  64.216  -8.429  -11.423 0.0000000000
89803  63.457  -9.264  -12.353 0.0000000000
89804  61.725  -9.824  -12.780 0.0000000000
89805  60.181  -9.457  -13.147 0.0000000000
89806  59.072  -9.052  -13.475 0.0000000000
89812  62.885  -9.328  -13.221 0.0000000000
89813  61.662  -9.466  -13.714 0.0000000000
89814  60.162  -9.203  -14.083 0.0000000000
89815  58.620  -8.810  -14.459 0.0000000000
89816  57.534  -9.092  -15.028 0.0000000000
89822  58.197  -8.850  -15.733 0.0000000000
89823  57.159  -9.322  -16.131 0.0000000000
89830  58.046  -9.219  -16.888 0.0000000000
89831  57.219  -9.344  -17.618 0.0000000000
90825  61.947  -4.816  -4.158 0.0000000000
90826  61.385  -4.387  -3.419 0.0000000000
90827  60.127  -4.092  -2.658 0.0000000000
90828  58.636  -4.583  -2.579 0.0000000000
90829  57.610  -5.131  -2.678 0.0000000000
90840  62.466  -5.146  -4.994 0.0000000000
90841  61.598  -4.044  -4.434 0.0000000000
90842  60.441  -3.421  -3.727 0.0000000000
90843  58.912  -3.559  -3.427 0.0000000000
90844  57.105  -4.479  -3.593 0.0000000000
90845  55.867  -5.112  -3.822 0.0000000000
90857  63.283  -5.400  -6.489 0.0000000000
90858  62.199  -4.622  -5.329 0.0000000000
90859  59.990  -2.946  -3.997 0.0000000000
90860  59.603  -3.127  -3.805 0.0000000000
90861  56.549  -3.869  -4.408 0.0000000000
90862  55.468  -4.758  -4.792 0.0000000000
90873  64.138  -6.300  -8.425 0.0000000000
90890  64.493  -7.020  -9.657 0.0000000000
90906  64.473  -7.122  -10.569 0.0000000000
90913  64.304  -7.576  -11.885 0.0000000000
90914  63.799  -8.534  -12.922 0.0000000000
90922  64.122  -7.585  -12.959 0.0000000000
90923  63.297  -8.624  -14.011 0.0000000000
90924  61.580  -9.118  -14.678 0.0000000000
90925  60.183  -8.973  -15.158 0.0000000000
90926  59.179  -8.730  -15.626 0.0000000000
90934  62.571  -8.445  -15.026 0.0000000000
90935  61.505  -8.679  -15.696 0.0000000000
90936  60.271  -8.691  -16.438 0.0000000000
90937  59.002  -8.865  -16.703 0.0000000000
90944  59.741  -8.568  -17.445 0.0000000000
90945  58.622  -8.814  -18.036 0.0000000000
90946  57.574  -8.939  -18.612 0.0000000000
90957  58.158  -8.432  -19.067 0.0000000000
91995  61.380  -3.403  -4.581 0.0000000000
91996  61.039  -3.381  -4.284 0.0000000000
91997  58.431  -3.316  -4.017 0.0000000000
91998  57.991  -3.600  -3.846 0.0000000000
92007  62.508  -4.065  -6.317 0.0000000000
92008  61.911  -3.714  -5.316 0.0000000000
92009  60.768  -2.878  -4.541 0.0000000000
92010  59.210  -2.823  -4.202 0.0000000000
92011  57.626  -3.203  -4.432 0.0000000000
92012  56.424  -3.490  -5.037 0.0000000000
92024  63.004  -4.798  -7.485 0.0000000000
92025  59.929  -2.177  -4.849 0.0000000000
92026  58.656  -2.245  -5.063 0.0000000000
92027  57.147  -2.580  -5.730 0.0000000000
92028  55.816  -3.586  -6.070 0.0000000000
92042  63.652  -5.514  -9.067 0.0000000000
92043  56.342  -2.880  -6.891 0.0000000000
92044  55.405  -3.766  -7.534 0.0000000000
92056  63.937  -5.736  -10.527 0.0000000000
92068  63.830  -6.036  -12.041 0.0000000000
92074  63.924  -6.739  -13.606 0.0000000000
92075  63.486  -7.767  -14.781 0.0000000000
92081  63.542  -6.686  -14.955 0.0000000000
92082  62.730  -7.771  -15.827 0.0000000000
92083  61.619  -8.286  -16.834 0.0000000000
92084  60.688  -8.401  -17.474 0.0000000000
92091  63.292  -6.717  -16.026 0.0000000000
92092  62.481  -7.151  -17.000 0.0000000000
92093  61.388  -7.761  -17.808 0.0000000000
92094  60.131  -8.091  -18.357 0.0000000000
92095  59.034  -8.002  -18.940 0.0000000000
92104  61.943  -6.862  -17.912 0.0000000000
92105  61.121  -7.034  -18.633 0.0000000000
92106  59.881  -7.126  -19.263 0.0000000000
92107  58.392  -7.348  -19.790 0.0000000000
93101  62.427  -3.623  -6.689 0.0000000000
93102  62.022  -3.078  -5.811 0.0000000000
93103  61.515  -2.877  -5.214 0.0000000000
93113  62.665  -3.818  -7.644 0.0000000000
93114  62.108  -2.667  -6.434 0.0000000000
93115  61.145  -2.278  -5.458 0.0000000000
93116  59.827  -1.833  -5.676 0.0000000000
93117  58.460  -1.873  -5.983 0.0000000000
93129  63.162  -3.841  -8.819 0.0000000000
93130  62.521  -2.442  -7.258 0.0000000000
93131  61.322  -1.641  -6.510 0.0000000000
93132  59.355  -1.538  -6.690 0.0000000000
93133  57.567  -2.106  -7.108 0.0000000000
93134  56.369  -2.761  -7.834 0.0000000000
93144  63.719  -4.342  -10.449 0.0000000000
93145  60.280  -1.332  -7.342 0.0000000000
93146  58.682  -1.559  -7.848 0.0000000000
93147  57.202  -2.281  -8.437 0.0000000000
93148  55.899  -3.012  -8.676 0.0000000000
93159  64.640  -3.907  -12.242 0.0000000000
93160  63.988  -4.654  -12.132 0.0000000000
93166  64.567  -4.231  -12.937 0.0000000000
93167  63.997  -5.278  -13.987 0.0000000000
93174  63.631  -5.682  -15.305 0.0000000000
93180  63.274  -5.795  -16.528 0.0000000000
93181  62.581  -6.251  -17.493 0.0000000000
93187  62.872  -5.357  -17.376 0.0000000000
93188  62.025  -5.813  -18.272 0.0000000000
93189  60.811  -5.844  -19.155 0.0000000000
93190  59.451  -5.780  -19.712 0.0000000000
94165  63.645  -2.883  -8.995 0.0000000000
94166  62.925  -2.100  -7.925 0.0000000000
94167  62.295  -1.678  -7.153 0.0000000000
94176  64.801  -2.842  -11.083 0.0000000000
94177  64.218  -2.923  -10.193 0.0000000000
94178  63.551  -1.602  -8.494 0.0000000000
94179  61.937  -1.115  -7.582 0.0000000000
94180  59.879  -1.192  -8.321 0.0000000000
94181  58.195  -1.714  -8.932 0.0000000000
94182  56.850  -2.279  -9.278 0.0000000000
94183  55.805  -2.565  -9.447 0.0000000000
94193  65.138  -3.359  -12.234 0.0000000000
94194  64.541  -3.517  -11.567 0.0000000000
94195  63.466  -1.061  -8.575 0.0000000000
94196  62.741  -0.821  -8.368 0.0000000000
94197  61.141  -0.729  -8.547 0.0000000000
94198  59.252  -1.222  -9.322 0.0000000000
94199  57.712  -1.665  -9.541 0.0000000000
94200  56.655  -2.026  -9.653 0.0000000000
94208  64.829  -3.939  -14.057 0.0000000000
94209  64.119  -4.929  -14.717 0.0000000000
94217  64.428  -3.690  -15.511 0.0000000000
94218  63.950  -4.720  -15.443 0.0000000000
94227  64.037  -3.571  -16.117 0.0000000000
94228  63.572  -4.281  -16.530 0.0000000000
94229  59.598  -3.032  -19.082 0.0000000000
94230  58.411  -2.770  -19.359 0.0000000000
94242  62.662  -4.407  -17.712 0.0000000000
94243  61.553  -4.481  -18.623 0.0000000000
94244  60.303  -4.404  -19.354 0.0000000000
94245  59.042  -4.205  -19.935 0.0000000000
95280  64.712  -2.234  -10.330 0.0000000000
95281  64.209  -1.679  -9.361 0.0000000000
95282  63.724  -1.264  -8.798 0.0000000000
95291  65.272  -2.296  -11.205 0.0000000000
95292  64.734  -1.493  -10.059 0.0000000000
95293  63.629  -0.854  -9.062 0.0000000000
95294  62.128  -0.367  -8.925 0.0000000000
95295  60.361  -0.637  -9.624 0.0000000000
95296  58.634  -1.228  -9.897 0.0000000000
95297  57.185  -1.512  -9.684 0.0000000000
95305  65.556  -2.273  -12.788 0.0000000000
95306  65.376  -1.326  -11.068 0.0000000000
95307  64.433  -0.615  -9.838 0.0000000000
95308  62.946  -0.212  -9.373 0.0000000000
95309  61.603  -0.265  -9.602 0.0000000000
95316  65.248  -2.628  -14.782 0.0000000000
95325  64.297  -2.840  -16.081 0.0000000000
95326  63.807  -3.452  -16.402 0.0000000000
95327  59.848  -2.107  -18.319 0.0000000000
95328  58.759  -1.943  -18.287 0.0000000000
95342  63.911  -2.563  -16.502 0.0000000000
95343  63.426  -3.122  -16.988 0.0000000000
95344  62.252  -3.223  -17.993 0.0000000000
95345  60.893  -2.998  -18.514 0.0000000000
96364  59.493  -0.663  -10.067 0.0000000000
96365  58.068  -1.049  -9.846 0.0000000000
96374  65.676  -0.819  -12.213 0.0000000000
96375  64.979  -0.287  -10.710 0.0000000000
96376  63.663  0.051  -9.740 0.0000000000
96377  62.061  0.072  -9.540 0.0000000000
96378  60.690  -0.214  -10.032 0.0000000000
96387  65.311  -0.670  -14.959 0.0000000000
96388  65.509  -1.136  -14.032 0.0000000000
96407  65.105  -0.578  -15.352 0.0000000000
96408  64.742  -1.349  -15.828 0.0000000000
96409  63.555  -1.081  -17.133 0.0000000000
96410  62.208  -1.099  -17.633 0.0000000000
96411  60.776  -1.354  -17.995 0.0000000000
96412  59.238  -1.154  -17.658 0.0000000000
96413  57.885  -1.017  -17.212 0.0000000000
96428  64.201  -2.212  -16.303 0.0000000000
96429  63.770  -2.076  -16.699 0.0000000000
96430  62.879  -2.117  -17.502 0.0000000000
96431  61.852  -2.156  -18.043 0.0000000000
97418  57.215  -0.795  -9.455 0.0000000000
97426  60.294  0.158  -10.057 0.0000000000
97427  59.373  -0.392  -10.006 0.0000000000
97428  57.605  -0.900  -9.706 0.0000000000
97433  65.380  0.246  -11.612 0.0000000000
97434  64.368  0.425  -10.295 0.0000000000
97435  62.887  0.350  -9.663 0.0000000000
97436  61.042  0.132  -10.020 0.0000000000
97437  60.096  -0.288  -10.216 0.0000000000
97447  65.400  -0.175  -14.354 0.0000000000
97448  65.667  -0.008  -13.179 0.0000000000
97449  57.662  -0.295  -16.492 0.0000000000
97464  65.252  -0.173  -15.018 0.0000000000
97465  64.845  -0.156  -15.547 0.0000000000
97466  64.071  -0.074  -16.391 0.0000000000
97467  62.854  0.060  -17.281 0.0000000000
97468  61.403  0.029  -17.613 0.0000000000
97469  59.892  -0.127  -17.472 0.0000000000
97470  58.562  -0.193  -16.847 0.0000000000
98428  55.412  -0.413  -0.682 0.0000000000
98435  55.997  -1.026  -2.037 0.0000000000
98462  58.531  -0.464  -8.325 0.0000000000
98463  57.551  -0.569  -8.449 0.0000000000
98471  59.745  0.201  -9.166 0.0000000000
98472  58.524  -0.363  -9.096 0.0000000000
98480  61.171  0.456  -9.719 0.0000000000
98481  59.923  0.189  -9.671 0.0000000000
98482  58.808  -0.429  -9.709 0.0000000000
98487  65.466  0.985  -12.540 0.0000000000
98488  64.952  0.957  -11.011 0.0000000000
98489  63.760  0.817  -10.010 0.0000000000
98490  62.484  0.587  -9.506 0.0000000000
98504  65.249  0.172  -14.668 0.0000000000
98505  65.222  0.765  -14.229 0.0000000000
98506  60.234  1.769  -16.903 0.0000000000
98507  59.508  1.492  -16.698 0.0000000000
98508  58.121  0.760  -16.401 0.0000000000
98525  65.082  0.305  -15.040 0.0000000000
98526  64.678  0.875  -15.633 0.0000000000
98527  63.570  1.126  -16.673 0.0000000000
98528  62.176  1.216  -17.332 0.0000000000
98529  60.516  1.176  -17.278 0.0000000000
98530  59.113  0.558  -16.842 0.0000000000
98531  58.540  0.348  -16.612 0.0000000000
99494  56.938  1.347  -0.229 0.0000000000
99495  56.012  1.577  0.270 0.0000000000
99496  55.260  1.807  0.515 0.0000000000
99503  57.210  0.684  -1.034 0.0000000000
99504  56.186  0.565  -0.305 0.0000000000
99505  54.608  0.995  0.229 0.0000000000
99510  57.298  0.238  -2.181 0.0000000000
99511  56.553  -0.185  -1.401 0.0000000000
99516  57.253  0.030  -3.310 0.0000000000
99517  56.667  -0.459  -2.782 0.0000000000
99522  59.847  0.782  -4.741 0.0000000000
99523  58.859  0.209  -4.495 0.0000000000
99524  57.526  -0.119  -4.315 0.0000000000
99525  56.476  -0.369  -4.148 0.0000000000
99530  60.302  0.820  -5.568 0.0000000000
99531  59.219  -0.101  -5.575 0.0000000000
99532  57.796  -0.435  -5.596 0.0000000000
99540  60.730  0.846  -6.510 0.0000000000
99541  59.509  -0.096  -6.642 0.0000000000
99542  58.234  -0.583  -6.667 0.0000000000
99551  62.056  1.237  -7.953 0.0000000000
99552  61.224  0.879  -7.526 0.0000000000
99553  59.599  -0.027  -7.819 0.0000000000
99554  58.495  -0.544  -7.620 0.0000000000
99562  62.151  1.154  -8.691 0.0000000000
99563  60.850  0.651  -8.817 0.0000000000
99564  59.955  0.276  -8.607 0.0000000000
99570  65.393  2.630  -12.025 0.0000000000
99571  65.145  2.305  -10.802 0.0000000000
99572  64.137  1.775  -9.856 0.0000000000
99573  62.693  1.116  -9.295 0.0000000000
99574  61.262  0.723  -9.344 0.0000000000
99582  65.394  2.111  -13.374 0.0000000000
99583  65.369  1.731  -11.673 0.0000000000
99584  64.534  1.423  -10.451 0.0000000000
99585  63.488  1.119  -9.735 0.0000000000
99603  64.852  1.808  -14.863 0.0000000000
99604  62.939  3.005  -16.334 0.0000000000
99605  62.064  2.925  -16.589 0.0000000000
99606  60.465  2.482  -16.714 0.0000000000
99607  58.930  2.258  -16.370 0.0000000000
99608  57.625  2.025  -16.015 0.0000000000
99631  64.207  2.056  -15.923 0.0000000000
99632  63.030  2.314  -16.610 0.0000000000
99633  61.467  2.056  -17.032 0.0000000000
99634  60.635  1.884  -16.982 0.0000000000
100549  57.951  3.246  -0.266 0.0000000000
100550  57.170  2.538  0.157 0.0000000000
100551  55.696  2.484  0.513 0.0000000000
100552  54.673  2.313  0.611 0.0000000000
100562  59.152  3.021  -1.237 0.0000000000
100563  58.528  2.755  -0.831 0.0000000000
100564  57.860  1.621  -0.798 0.0000000000
100565  53.130  2.437  0.307 0.0000000000
100569  59.218  2.630  -1.595 0.0000000000
100570  58.717  1.848  -1.633 0.0000000000
100571  58.042  0.956  -1.798 0.0000000000
100577  59.399  2.173  -2.396 0.0000000000
100578  58.767  1.230  -2.620 0.0000000000
100579  57.962  0.506  -2.821 0.0000000000
100584  59.721  1.506  -3.590 0.0000000000
100585  58.504  0.501  -3.519 0.0000000000
100586  57.812  0.198  -3.498 0.0000000000
100592  60.453  2.151  -4.724 0.0000000000
100597  61.054  2.313  -5.514 0.0000000000
100602  63.936  3.581  -8.409 0.0000000000
100603  63.421  3.134  -7.793 0.0000000000
100604  62.608  2.403  -7.121 0.0000000000
100605  61.780  2.366  -6.207 0.0000000000
100612  64.830  3.747  -10.225 0.0000000000
100613  64.453  3.409  -9.167 0.0000000000
100614  63.702  2.634  -8.471 0.0000000000
100615  62.969  1.916  -7.999 0.0000000000
100622  65.145  3.446  -11.312 0.0000000000
100623  64.731  2.818  -10.050 0.0000000000
100624  63.897  2.171  -9.204 0.0000000000
100625  63.133  1.706  -8.691 0.0000000000
100635  65.171  3.368  -12.931 0.0000000000
100651  64.389  3.076  -14.843 0.0000000000
100652  63.004  3.625  -15.832 0.0000000000
100653  61.466  3.762  -16.374 0.0000000000
100654  59.866  3.567  -16.371 0.0000000000
100655  58.430  3.308  -15.989 0.0000000000
100656  57.214  3.116  -15.751 0.0000000000
100679  63.842  2.644  -15.911 0.0000000000
100680  63.485  2.969  -15.959 0.0000000000
101571  58.556  3.788  -0.502 0.0000000000
101572  57.584  3.917  0.165 0.0000000000
101573  55.877  3.809  0.616 0.0000000000
101574  55.132  2.974  0.668 0.0000000000
101586  59.435  3.232  -1.566 0.0000000000
101587  59.167  3.493  -1.068 0.0000000000
101588  54.364  4.563  0.602 0.0000000000
101589  54.315  3.347  0.652 0.0000000000
101596  59.618  2.924  -2.088 0.0000000000
101604  60.013  2.982  -2.879 0.0000000000
101605  60.231  3.800  -3.501 0.0000000000
101609  60.353  2.981  -3.957 0.0000000000
101610  60.163  4.254  -4.361 0.0000000000
101617  60.433  3.509  -4.733 0.0000000000
101618  59.981  4.573  -5.272 0.0000000000
101623  60.621  3.670  -5.257 0.0000000000
101624  60.042  4.879  -5.879 0.0000000000
101629  63.616  4.279  -8.132 0.0000000000
101630  63.026  4.113  -7.381 0.0000000000
101631  62.211  4.077  -6.622 0.0000000000
101632  61.009  4.338  -6.045 0.0000000000
101633  60.084  5.243  -6.349 0.0000000000
101640  64.574  4.500  -9.844 0.0000000000
101641  64.071  4.408  -8.937 0.0000000000
101651  64.857  4.467  -10.939 0.0000000000
101663  64.841  4.438  -12.264 0.0000000000
101664  64.219  4.940  -13.195 0.0000000000
101665  63.283  5.446  -14.149 0.0000000000
101666  61.986  5.805  -15.176 0.0000000000
101667  60.380  5.686  -15.494 0.0000000000
101668  59.018  5.347  -15.394 0.0000000000
101683  64.522  4.046  -13.529 0.0000000000
101684  63.711  4.344  -14.517 0.0000000000
101685  62.458  4.697  -15.465 0.0000000000
101686  60.925  4.782  -16.013 0.0000000000
101687  59.366  4.536  -15.853 0.0000000000
101688  57.952  4.403  -15.572 0.0000000000
102567  58.213  4.865  -0.400 0.0000000000
102568  56.952  5.219  0.254 0.0000000000
102569  55.508  5.518  0.574 0.0000000000
102579  59.479  3.706  -1.423 0.0000000000
102580  59.287  4.420  -1.186 0.0000000000
102581  54.196  5.706  0.381 0.0000000000
102587  59.770  3.686  -1.997 0.0000000000
102588  59.717  4.621  -2.298 0.0000000000
102597  60.109  3.980  -2.792 0.0000000000
102598  59.876  4.830  -3.490 0.0000000000
102605  59.420  5.730  -4.961 0.0000000000
102606  58.661  6.413  -5.607 0.0000000000
102614  59.350  5.585  -5.969 0.0000000000
102615  58.649  6.302  -6.056 0.0000000000
102622  59.476  5.743  -6.514 0.0000000000
102623  58.723  6.382  -6.676 0.0000000000
102629  63.573  5.079  -8.763 0.0000000000
102630  63.074  5.218  -8.160 0.0000000000
102631  62.345  5.339  -7.539 0.0000000000
102632  61.361  5.510  -7.050 0.0000000000
102633  59.936  5.947  -6.996 0.0000000000
102634  58.992  6.384  -7.065 0.0000000000
102640  64.542  5.198  -10.542 0.0000000000
102641  63.932  5.565  -9.680 0.0000000000
102642  63.145  6.028  -9.076 0.0000000000
102643  62.544  6.472  -8.442 0.0000000000
102644  61.762  6.692  -7.821 0.0000000000
102645  60.795  6.759  -7.462 0.0000000000
102655  64.592  5.260  -11.560 0.0000000000
102656  64.132  5.953  -10.879 0.0000000000
102664  64.472  5.179  -12.338 0.0000000000
102665  63.898  5.970  -12.423 0.0000000000
102666  62.863  6.655  -13.864 0.0000000000
102667  61.387  6.813  -14.786 0.0000000000
102668  59.713  6.425  -15.053 0.0000000000
102669  57.996  5.644  -15.061 0.0000000000
102688  57.291  4.748  -15.287 0.0000000000
103602  58.644  5.469  -1.056 0.0000000000
103603  57.644  6.377  -0.549 0.0000000000
103604  56.418  6.787  0.330 0.0000000000
103611  59.261  5.470  -1.816 0.0000000000
103612  58.434  6.435  -1.614 0.0000000000
103613  55.060  6.968  0.548 0.0000000000
103619  59.501  5.431  -2.781 0.0000000000
103620  59.002  6.320  -2.679 0.0000000000
103621  53.703  6.588  -0.123 0.0000000000
103627  59.421  6.006  -3.704 0.0000000000
103628  58.671  6.934  -3.958 0.0000000000
103629  58.062  7.442  -4.950 0.0000000000
103635  59.109  6.409  -4.461 0.0000000000
103636  58.546  6.773  -5.149 0.0000000000
103637  57.586  7.388  -5.760 0.0000000000
103643  58.090  6.917  -5.998 0.0000000000
103644  57.223  7.541  -6.492 0.0000000000
103648  57.980  7.075  -6.632 0.0000000000
103649  57.109  7.741  -7.035 0.0000000000
103655  59.034  6.698  -7.347 0.0000000000
103656  58.131  7.393  -7.306 0.0000000000
103657  57.104  7.943  -7.305 0.0000000000
103663  63.467  6.509  -9.586 0.0000000000
103664  63.175  7.617  -9.341 0.0000000000
103665  62.288  8.029  -8.394 0.0000000000
103666  61.206  8.046  -7.856 0.0000000000
103667  59.634  7.652  -7.501 0.0000000000
103668  58.630  8.101  -7.517 0.0000000000
103679  63.724  6.778  -10.198 0.0000000000
103680  63.570  7.999  -10.828 0.0000000000
103681  63.079  8.381  -12.055 0.0000000000
103690  63.798  6.818  -11.264 0.0000000000
103691  63.338  7.315  -12.319 0.0000000000
103692  62.275  7.905  -13.485 0.0000000000
103693  60.673  7.657  -14.484 0.0000000000
103694  59.122  7.048  -14.644 0.0000000000
103695  57.908  6.563  -14.747 0.0000000000
104682  57.083  8.289  -0.258 0.0000000000
104683  55.984  8.242  0.453 0.0000000000
104690  57.859  7.875  -1.344 0.0000000000
104691  55.086  8.112  0.530 0.0000000000
104696  58.254  7.501  -2.644 0.0000000000
104697  54.195  7.623  0.124 0.0000000000
104703  57.850  7.816  -4.179 0.0000000000
104704  57.271  7.884  -5.424 0.0000000000
104709  56.707  7.879  -6.280 0.0000000000
104714  56.173  8.146  -7.057 0.0000000000
104715  55.525  8.426  -7.511 0.0000000000
104720  56.398  8.273  -7.401 0.0000000000
104721  55.583  8.511  -7.734 0.0000000000
104727  58.047  8.462  -7.550 0.0000000000
104728  57.054  8.483  -7.554 0.0000000000
104729  55.911  8.791  -7.948 0.0000000000
104736  63.034  9.119  -10.016 0.0000000000
104737  62.632  9.269  -9.047 0.0000000000
104738  61.833  9.435  -8.309 0.0000000000
104739  60.549  9.362  -7.836 0.0000000000
104740  59.023  9.193  -7.549 0.0000000000
104741  57.646  9.302  -7.771 0.0000000000
104742  56.585  9.274  -8.007 0.0000000000
104754  63.007  9.169  -11.169 0.0000000000
104755  62.311  9.044  -12.442 0.0000000000
104770  61.314  8.724  -13.620 0.0000000000
104771  60.009  8.210  -14.148 0.0000000000
104772  58.885  7.705  -14.579 0.0000000000
105764  56.486  10.144  0.133 0.0000000000
105765  55.462  8.999  0.420 0.0000000000
105773  57.962  10.213  -1.511 0.0000000000
105774  54.476  8.637  0.187 0.0000000000
105775  53.586  9.062  -0.649 0.0000000000
105780  58.214  8.555  -1.964 0.0000000000
105781  53.658  8.108  -0.451 0.0000000000
105787  58.053  8.642  -3.150 0.0000000000
105788  57.353  8.565  -4.942 0.0000000000
105794  56.512  8.248  -6.032 0.0000000000
105795  55.979  8.490  -6.563 0.0000000000
105800  56.086  8.225  -6.672 0.0000000000
105801  55.552  8.516  -7.182 0.0000000000
105808  55.224  8.776  -7.857 0.0000000000
105813  55.169  9.018  -8.335 0.0000000000
105818  62.729  10.168  -9.716 0.0000000000
105819  62.237  10.443  -8.998 0.0000000000
105820  61.135  10.578  -8.410 0.0000000000
105821  59.850  10.559  -7.857 0.0000000000
105822  58.381  10.322  -7.870 0.0000000000
105823  56.973  10.088  -8.242 0.0000000000
105824  55.703  9.792  -8.642 0.0000000000
105833  62.879  10.038  -10.400 0.0000000000
105834  62.238  9.842  -11.397 0.0000000000
105835  57.607  11.147  -8.397 0.0000000000
105836  56.222  10.551  -9.046 0.0000000000
105837  55.528  10.362  -9.368 0.0000000000
105855  61.467  9.787  -12.705 0.0000000000
105856  60.645  9.150  -13.701 0.0000000000
105857  59.701  8.808  -14.056 0.0000000000
106822  55.083  9.794  0.256 0.0000000000
106836  58.098  9.404  -3.540 0.0000000000
106844  56.417  8.708  -5.971 0.0000000000
106845  55.836  8.983  -6.686 0.0000000000
106855  55.032  9.148  -7.607 0.0000000000
106865  54.852  9.345  -8.430 0.0000000000
106874  54.882  9.748  -9.074 0.0000000000
106875  54.835  10.281  -9.570 0.0000000000
106884  62.760  10.511  -10.106 0.0000000000
106885  62.250  10.803  -10.065 0.0000000000
106886  61.374  11.214  -9.470 0.0000000000
106887  60.210  11.659  -8.711 0.0000000000
106888  59.111  11.337  -8.005 0.0000000000
106889  55.110  10.244  -9.528 0.0000000000
106890  54.857  10.659  -10.048 0.0000000000
106903  62.483  10.454  -10.521 0.0000000000
106904  61.706  10.652  -11.431 0.0000000000
106905  56.419  11.225  -9.116 0.0000000000
106906  55.430  10.876  -10.000 0.0000000000
106907  54.874  10.865  -10.475 0.0000000000
106928  61.122  10.776  -12.439 0.0000000000
106929  56.095  11.596  -9.456 0.0000000000
106930  55.659  11.534  -9.943 0.0000000000
107874  52.753  9.905  -1.889 0.0000000000
107881  57.177  9.566  -5.421 0.0000000000
107893  55.801  9.976  -7.063 0.0000000000
107901  54.669  10.070  -8.471 0.0000000000
107902  54.525  10.625  -9.109 0.0000000000
107907  54.728  9.847  -8.917 0.0000000000
107908  54.633  10.521  -9.558 0.0000000000
107912  61.138  11.453  -11.006 0.0000000000
107913  60.646  12.098  -10.253 0.0000000000
107914  54.660  11.025  -10.455 0.0000000000
107930  57.457  12.293  -8.666 0.0000000000
107931  55.431  11.538  -10.334 0.0000000000
107932  54.903  11.412  -10.631 0.0000000000
107954  56.228  12.507  -9.500 0.0000000000
107955  55.371  12.106  -10.548 0.0000000000
108838  55.403  12.172  -0.474 0.0000000000
108839  54.166  11.489  -1.048 0.0000000000
108845  58.021  11.004  -4.951 0.0000000000
108846  56.934  10.368  -6.071 0.0000000000
108847  52.249  11.282  -2.919 0.0000000000
108855  57.894  11.750  -5.615 0.0000000000
108856  56.800  11.244  -6.511 0.0000000000
108866  55.222  11.199  -8.161 0.0000000000
108867  54.584  10.760  -8.816 0.0000000000
108876  54.890  11.848  -8.984 0.0000000000
108877  54.446  11.388  -9.421 0.0000000000
108885  54.402  11.615  -10.357 0.0000000000
108906  54.618  11.821  -10.712 0.0000000000
108927  57.475  13.654  -9.722 0.0000000000
108928  55.993  13.209  -10.145 0.0000000000
108929  54.935  12.676  -11.042 0.0000000000
108951  60.071  10.972  -13.895 0.0000000000
108953  57.002  13.952  -10.314 0.0000000000
108954  55.898  13.764  -10.851 0.0000000000
108955  55.115  13.669  -11.325 0.0000000000
108972  60.037  11.754  -14.223 0.0000000000
109793  55.731  12.833  -0.482 0.0000000000
109800  57.923  11.818  -1.176 0.0000000000
109801  58.318  11.537  -1.674 0.0000000000
109802  54.723  12.876  -1.102 0.0000000000
109803  53.604  12.369  -2.048 0.0000000000
109808  58.307  12.344  -1.680 0.0000000000
109809  58.488  11.804  -2.700 0.0000000000
109810  53.884  13.345  -1.955 0.0000000000
109811  52.829  12.913  -3.072 0.0000000000
109816  58.319  12.405  -4.731 0.0000000000
109817  57.724  12.460  -6.135 0.0000000000
109827  56.588  12.409  -7.307 0.0000000000
109834  55.737  12.559  -8.572 0.0000000000
109835  54.717  12.633  -9.444 0.0000000000
109846  54.283  12.675  -10.286 0.0000000000
109870  54.455  13.002  -10.857 0.0000000000
109883  59.319  13.993  -9.807 0.0000000000
109884  58.299  14.341  -10.137 0.0000000000
109885  54.544  13.752  -11.360 0.0000000000
109905  60.740  13.125  -12.066 0.0000000000
109906  59.450  14.832  -10.722 0.0000000000
109907  57.389  14.695  -10.785 0.0000000000
109908  55.881  14.371  -11.364 0.0000000000
109909  55.006  14.193  -11.640 0.0000000000
109925  60.034  12.707  -14.554 0.0000000000
110679  56.696  11.838  -0.263 0.0000000000
110680  56.218  13.413  -0.754 0.0000000000
110681  55.460  13.542  -0.913 0.0000000000
110688  57.528  12.898  -1.372 0.0000000000
110689  55.761  14.214  -1.235 0.0000000000
110690  54.763  14.196  -1.460 0.0000000000
110694  58.088  13.362  -2.265 0.0000000000
110695  58.317  13.566  -3.602 0.0000000000
110696  53.545  14.346  -2.180 0.0000000000
110697  52.463  14.282  -3.319 0.0000000000
110701  58.065  13.834  -5.379 0.0000000000
110702  57.531  13.346  -6.698 0.0000000000
110710  57.610  14.284  -6.541 0.0000000000
110711  56.979  13.850  -7.651 0.0000000000
110720  55.764  13.992  -8.843 0.0000000000
110721  54.712  13.998  -9.898 0.0000000000
110736  54.098  14.191  -10.835 0.0000000000
110760  54.177  14.535  -11.401 0.0000000000
110761  53.927  14.888  -11.681 0.0000000000
110770  54.487  14.638  -11.839 0.0000000000
110771  54.089  14.747  -11.757 0.0000000000
110780  60.393  14.846  -12.923 0.0000000000
110781  60.119  14.939  -11.985 0.0000000000
110782  58.845  15.521  -11.482 0.0000000000
110783  56.923  15.198  -11.432 0.0000000000
110784  55.690  14.963  -11.792 0.0000000000
110797  60.270  14.211  -14.213 0.0000000000
110798  59.638  13.315  -15.098 0.0000000000
110799  58.703  16.025  -11.834 0.0000000000
110800  57.715  15.850  -11.602 0.0000000000
110801  56.669  15.460  -11.754 0.0000000000
110815  59.773  14.629  -15.045 0.0000000000
110816  59.228  13.750  -15.966 0.0000000000
111570  57.015  13.468  -1.031 0.0000000000
111571  56.648  13.332  -0.837 0.0000000000
111578  57.429  14.508  -1.789 0.0000000000
111579  56.572  14.555  -1.346 0.0000000000
111580  55.574  15.270  -1.427 0.0000000000
111583  57.917  14.697  -2.693 0.0000000000
111584  57.953  15.123  -3.948 0.0000000000
111585  54.388  15.554  -1.595 0.0000000000
111586  53.110  15.691  -2.051 0.0000000000
111591  57.578  15.569  -5.658 0.0000000000
111592  57.308  16.546  -6.116 0.0000000000
111593  52.043  15.681  -3.212 0.0000000000
111599  57.361  14.850  -6.917 0.0000000000
111600  56.964  15.690  -7.448 0.0000000000
111608  55.487  15.569  -8.967 0.0000000000
111609  54.466  15.427  -10.116 0.0000000000
111623  53.838  15.400  -10.976 0.0000000000
111624  53.751  15.735  -11.055 0.0000000000
111643  53.817  14.815  -11.227 0.0000000000
111644  53.874  15.307  -11.362 0.0000000000
111649  54.491  15.020  -11.965 0.0000000000
111650  54.210  15.136  -11.791 0.0000000000
111658  60.394  15.446  -13.083 0.0000000000
111659  60.238  15.483  -12.644 0.0000000000
111660  59.831  15.538  -12.131 0.0000000000
111661  55.188  15.352  -12.006 0.0000000000
111662  54.657  15.339  -11.956 0.0000000000
111675  60.389  15.386  -13.595 0.0000000000
111676  60.282  15.792  -13.137 0.0000000000
111677  59.596  16.105  -12.425 0.0000000000
111678  58.338  16.412  -12.045 0.0000000000
111679  56.707  15.901  -11.916 0.0000000000
111694  60.007  15.294  -14.532 0.0000000000
111695  59.229  15.094  -15.620 0.0000000000
111696  58.234  14.796  -17.238 0.0000000000
111711  57.829  15.672  -18.049 0.0000000000
111712  57.410  14.977  -18.613 0.0000000000
111740  52.803  13.793  -22.803 0.0000000000
111749  52.773  14.066  -23.204 0.0000000000
111750  52.271  13.699  -23.274 0.0000000000
111760  52.146  14.150  -23.699 0.0000000000
111761  51.598  13.750  -23.672 0.0000000000
112518  57.504  15.504  -2.001 0.0000000000
112519  57.104  15.894  -1.821 0.0000000000
112520  56.357  16.165  -1.576 0.0000000000
112524  57.613  15.255  -2.229 0.0000000000
112525  57.641  16.052  -2.582 0.0000000000
112526  55.413  16.613  -1.472 0.0000000000
112527  54.175  16.963  -1.612 0.0000000000
112532  57.700  16.742  -3.845 0.0000000000
112533  57.499  17.333  -4.972 0.0000000000
112534  52.773  17.156  -1.883 0.0000000000
112535  51.446  16.989  -2.853 0.0000000000
112540  57.000  17.438  -6.231 0.0000000000
112549  56.171  17.294  -7.573 0.0000000000
112550  55.116  17.146  -8.897 0.0000000000
112565  54.589  16.681  -10.121 0.0000000000
112566  53.909  15.986  -10.912 0.0000000000
112582  54.778  17.250  -10.110 0.0000000000
112583  54.386  16.524  -10.729 0.0000000000
112589  54.604  16.261  -11.409 0.0000000000
112598  55.168  15.773  -12.015 0.0000000000
112599  54.884  15.968  -11.874 0.0000000000
112608  60.178  15.795  -13.547 0.0000000000
112609  59.772  16.289  -13.617 0.0000000000
112610  58.966  16.884  -13.006 0.0000000000
112611  57.866  16.961  -12.241 0.0000000000
112612  56.288  16.440  -11.992 0.0000000000
112613  55.561  16.323  -11.926 0.0000000000
112624  60.062  15.817  -14.006 0.0000000000
112625  59.337  16.237  -14.942 0.0000000000
112626  58.597  15.762  -16.233 0.0000000000
112636  58.233  16.471  -16.041 0.0000000000
112637  58.105  16.293  -17.412 0.0000000000
112638  57.591  16.400  -18.814 0.0000000000
112639  56.675  15.509  -19.435 0.0000000000
112647  57.020  16.719  -19.787 0.0000000000
112648  56.266  16.157  -20.518 0.0000000000
112657  55.672  16.130  -21.459 0.0000000000
112658  54.893  15.465  -21.883 0.0000000000
112665  54.206  15.350  -22.587 0.0000000000
112666  53.493  14.391  -22.594 0.0000000000
112673  53.644  15.153  -22.922 0.0000000000
112674  53.158  14.668  -23.158 0.0000000000
112675  52.706  14.362  -23.358 0.0000000000
112682  52.865  14.875  -23.435 0.0000000000
112683  52.509  14.605  -23.613 0.0000000000
112684  52.142  14.721  -24.048 0.0000000000
112685  51.224  14.563  -24.263 0.0000000000
113490  56.814  16.849  -1.662 0.0000000000
113491  56.205  17.210  -1.609 0.0000000000
113495  57.214  17.022  -1.983 0.0000000000
113496  55.474  17.929  -1.547 0.0000000000
113497  54.066  18.471  -1.524 0.0000000000
113501  57.467  17.483  -2.689 0.0000000000
113502  57.377  18.155  -3.485 0.0000000000
113503  52.284  18.677  -1.468 0.0000000000
113504  50.665  18.239  -2.545 0.0000000000
113509  56.783  18.737  -4.575 0.0000000000
113510  56.246  19.732  -5.057 0.0000000000
113511  49.623  17.854  -3.768 0.0000000000
113519  56.405  18.562  -6.155 0.0000000000
113520  55.643  19.278  -6.944 0.0000000000
113539  54.913  18.735  -8.512 0.0000000000
113555  54.964  18.182  -9.461 0.0000000000
113556  55.242  18.192  -9.939 0.0000000000
113561  56.707  19.421  -10.987 0.0000000000
113562  55.743  18.333  -10.730 0.0000000000
113571  56.552  18.583  -11.430 0.0000000000
113572  55.532  17.106  -11.568 0.0000000000
113582  58.964  17.374  -14.247 0.0000000000
113583  58.631  17.917  -13.175 0.0000000000
113584  57.735  17.846  -12.297 0.0000000000
113585  56.535  17.519  -11.830 0.0000000000
113586  55.528  16.592  -11.813 0.0000000000
113601  58.429  17.221  -15.450 0.0000000000
113616  57.681  17.285  -16.612 0.0000000000
113617  57.642  17.566  -18.156 0.0000000000
113618  57.295  17.652  -19.394 0.0000000000
113619  53.786  19.783  -20.085 0.0000000000
113620  52.272  18.967  -18.980 0.0000000000
113621  51.537  18.236  -18.266 0.0000000000
113628  56.707  17.582  -20.229 0.0000000000
113629  55.747  17.652  -21.231 0.0000000000
113630  54.507  18.938  -21.443 0.0000000000
113631  53.057  19.283  -20.633 0.0000000000
113632  51.709  18.494  -18.931 0.0000000000
113633  51.150  18.208  -18.678 0.0000000000
113641  55.364  16.607  -21.903 0.0000000000
113642  54.628  17.053  -22.357 0.0000000000
113643  53.682  18.533  -22.133 0.0000000000
113644  52.488  18.968  -21.096 0.0000000000
113645  51.353  18.800  -19.743 0.0000000000
113646  50.887  18.588  -19.559 0.0000000000
113653  53.877  15.976  -23.016 0.0000000000
113654  53.624  17.067  -22.967 0.0000000000
113655  52.905  18.147  -22.658 0.0000000000
113656  51.990  18.698  -21.736 0.0000000000
113657  51.231  18.832  -20.617 0.0000000000
113663  53.476  15.368  -23.149 0.0000000000
113664  53.227  15.660  -23.426 0.0000000000
113665  52.878  16.709  -23.503 0.0000000000
113666  52.180  17.488  -23.213 0.0000000000
113667  51.377  18.146  -22.304 0.0000000000
113676  52.805  15.134  -23.580 0.0000000000
113677  52.664  15.470  -23.800 0.0000000000
113678  52.193  15.989  -24.115 0.0000000000
113679  51.285  16.616  -24.214 0.0000000000
114382  56.702  17.416  -1.800 0.0000000000
114383  56.315  17.832  -1.774 0.0000000000
114387  56.824  17.802  -2.156 0.0000000000
114388  56.298  18.473  -1.951 0.0000000000
114389  55.311  18.869  -2.019 0.0000000000
114393  56.900  18.297  -2.575 0.0000000000
114394  56.311  19.174  -2.743 0.0000000000
114395  54.292  20.326  -2.241 0.0000000000
114396  51.267  20.183  -1.822 0.0000000000
114397  49.612  20.294  -2.442 0.0000000000
114403  56.268  20.204  -3.529 0.0000000000
114404  55.740  21.273  -4.357 0.0000000000
114405  49.773  19.119  -2.515 0.0000000000
114406  48.724  19.181  -3.587 0.0000000000
114412  55.291  21.553  -6.502 0.0000000000
114413  55.671  22.795  -6.808 0.0000000000
114414  48.088  18.412  -5.193 0.0000000000
114438  55.022  19.920  -8.509 0.0000000000
114439  55.705  22.084  -7.788 0.0000000000
114456  54.846  19.160  -9.365 0.0000000000
114457  55.614  20.498  -9.406 0.0000000000
114464  56.823  20.147  -11.551 0.0000000000
114465  56.461  20.528  -10.703 0.0000000000
114477  57.577  19.295  -12.903 0.0000000000
114478  57.191  19.423  -12.207 0.0000000000
114490  58.288  17.966  -15.132 0.0000000000
114491  58.138  18.577  -14.342 0.0000000000
114492  58.153  18.975  -13.152 0.0000000000
114493  57.614  18.694  -12.382 0.0000000000
114494  53.066  21.604  -16.385 0.0000000000
114495  51.643  21.348  -15.892 0.0000000000
114496  50.731  20.832  -15.504 0.0000000000
114505  57.577  17.748  -15.982 0.0000000000
114506  57.527  18.465  -15.613 0.0000000000
114507  53.799  20.932  -17.636 0.0000000000
114508  52.192  20.166  -17.005 0.0000000000
114509  50.573  19.849  -16.263 0.0000000000
114510  49.356  19.505  -16.316 0.0000000000
114523  57.602  17.764  -16.495 0.0000000000
114524  57.543  18.428  -17.015 0.0000000000
114525  57.030  18.915  -18.842 0.0000000000
114526  56.036  19.811  -19.432 0.0000000000
114527  54.718  20.355  -19.141 0.0000000000
114528  52.994  20.003  -18.568 0.0000000000
114529  51.404  18.669  -17.673 0.0000000000
114530  50.255  18.569  -17.009 0.0000000000
114539  56.939  18.247  -19.733 0.0000000000
114540  56.397  18.681  -20.090 0.0000000000
114541  55.317  19.428  -20.464 0.0000000000
114542  51.331  18.120  -18.068 0.0000000000
114543  50.746  18.248  -17.927 0.0000000000
114550  50.896  18.219  -18.611 0.0000000000
114551  50.328  18.455  -18.534 0.0000000000
114559  50.656  18.740  -19.501 0.0000000000
114566  50.862  18.810  -20.836 0.0000000000
114567  50.798  18.920  -20.610 0.0000000000
114578  50.722  17.866  -22.984 0.0000000000
114579  50.498  18.494  -21.821 0.0000000000
115333  54.070  22.278  -3.134 0.0000000000
115334  52.397  21.932  -2.369 0.0000000000
115335  50.334  21.805  -2.170 0.0000000000
115340  55.241  23.212  -4.400 0.0000000000
115341  54.796  23.845  -5.098 0.0000000000
115342  48.554  21.093  -2.792 0.0000000000
115353  55.386  23.016  -5.498 0.0000000000
115354  55.558  23.623  -5.853 0.0000000000
115355  47.458  20.159  -4.274 0.0000000000
115356  46.843  20.664  -4.740 0.0000000000
115382  55.822  23.476  -7.120 0.0000000000
115383  47.434  19.012  -5.345 0.0000000000
115384  46.783  19.583  -5.750 0.0000000000
115390  55.676  23.269  -8.417 0.0000000000
115391  46.254  18.707  -7.494 0.0000000000
115392  45.612  20.394  -7.971 0.0000000000
115396  56.321  21.536  -11.490 0.0000000000
115397  55.535  22.591  -10.332 0.0000000000
115399  44.983  20.074  -9.156 0.0000000000
115400  44.318  19.653  -10.293 0.0000000000
115401  43.914  19.711  -11.129 0.0000000000
115406  57.219  19.954  -13.919 0.0000000000
115407  57.008  19.930  -13.399 0.0000000000
115408  56.639  21.167  -12.620 0.0000000000
115409  52.675  23.309  -13.681 0.0000000000
115410  52.020  23.154  -13.664 0.0000000000
115419  57.535  19.649  -14.065 0.0000000000
115420  57.602  19.446  -13.389 0.0000000000
115421  55.344  21.230  -15.907 0.0000000000
115422  54.513  21.699  -16.160 0.0000000000
115423  52.999  22.768  -14.656 0.0000000000
115424  50.881  21.760  -14.497 0.0000000000
115425  49.769  21.055  -14.822 0.0000000000
115432  57.293  19.375  -15.230 0.0000000000
115433  56.556  19.708  -16.071 0.0000000000
115434  55.876  20.717  -16.748 0.0000000000
115435  55.145  20.670  -17.835 0.0000000000
115436  50.163  20.688  -15.339 0.0000000000
115437  49.366  20.255  -15.494 0.0000000000
115448  56.951  18.997  -16.238 0.0000000000
115449  56.890  19.712  -17.364 0.0000000000
115450  56.203  20.151  -18.291 0.0000000000
115451  55.599  20.261  -18.746 0.0000000000
115467  49.867  18.776  -18.651 0.0000000000
115468  49.250  19.047  -18.370 0.0000000000
115474  50.344  18.902  -19.299 0.0000000000
115475  50.422  19.162  -19.484 0.0000000000
115485  50.754  19.141  -20.510 0.0000000000
115495  50.284  18.724  -22.083 0.0000000000
116285  52.929  22.895  -2.734 0.0000000000
116286  51.599  23.598  -2.806 0.0000000000
116287  49.069  23.049  -2.683 0.0000000000
116291  53.537  23.319  -3.335 0.0000000000
116292  53.290  23.842  -4.666 0.0000000000
116293  47.625  22.008  -3.690 0.0000000000
116294  46.882  22.017  -4.316 0.0000000000
116303  54.494  24.831  -5.437 0.0000000000
116304  46.979  21.262  -4.331 0.0000000000
116330  55.122  24.940  -7.044 0.0000000000
116342  54.579  24.971  -9.193 0.0000000000
116350  55.602  22.714  -12.091 0.0000000000
116351  54.311  24.188  -11.013 0.0000000000
116352  52.985  24.873  -10.903 0.0000000000
116353  44.209  21.156  -11.032 0.0000000000
116354  43.722  20.530  -11.680 0.0000000000
116358  56.921  20.210  -14.166 0.0000000000
116359  56.392  21.006  -13.946 0.0000000000
116360  55.755  22.492  -13.628 0.0000000000
116361  54.553  23.391  -13.010 0.0000000000
116362  52.820  23.896  -12.571 0.0000000000
116363  50.371  23.484  -12.746 0.0000000000
116364  48.690  24.302  -12.751 0.0000000000
116365  43.593  19.923  -12.190 0.0000000000
116373  56.907  20.028  -14.868 0.0000000000
116374  56.261  20.616  -14.819 0.0000000000
116375  55.480  21.499  -14.920 0.0000000000
116376  54.571  22.833  -14.440 0.0000000000
116377  53.852  23.394  -13.756 0.0000000000
116378  49.707  21.928  -14.141 0.0000000000
116385  56.702  19.782  -15.411 0.0000000000
116386  56.271  20.233  -15.571 0.0000000000
116387  55.810  20.875  -15.605 0.0000000000
116403  46.074  19.633  -18.382 0.0000000000
116406  47.703  19.383  -18.304 0.0000000000
116407  46.404  19.764  -18.617 0.0000000000
116408  46.079  19.965  -19.069 0.0000000000
116411  49.183  19.420  -18.324 0.0000000000
116412  47.679  19.678  -18.441 0.0000000000
116413  46.662  19.989  -18.866 0.0000000000
116418  50.219  19.776  -19.084 0.0000000000
116419  49.087  20.161  -17.980 0.0000000000
116420  47.997  20.310  -18.209 0.0000000000
116430  51.022  19.971  -20.668 0.0000000000
116431  50.797  19.689  -20.345 0.0000000000
116441  50.980  19.958  -20.993 0.0000000000
116442  50.275  19.353  -22.215 0.0000000000
117234  50.392  25.874  -4.368 0.0000000000
117235  49.558  25.736  -4.492 0.0000000000
117241  51.575  25.141  -4.071 0.0000000000
117242  49.507  24.881  -3.608 0.0000000000
117249  53.052  25.398  -4.907 0.0000000000
117256  53.516  26.149  -6.072 0.0000000000
117278  53.686  26.439  -7.842 0.0000000000
117301  54.250  24.931  -10.056 0.0000000000
117302  53.511  25.355  -10.056 0.0000000000
117311  51.251  26.031  -9.978 0.0000000000
117319  48.517  22.766  -13.867 0.0000000000
117323  47.674  22.140  -15.357 0.0000000000
117326  48.095  20.013  -16.009 0.0000000000
117327  46.952  20.700  -16.600 0.0000000000
117333  47.246  19.579  -17.382 0.0000000000
117334  46.207  20.298  -17.818 0.0000000000
117335  45.808  20.651  -18.180 0.0000000000
117339  45.932  19.934  -18.430 0.0000000000
117340  45.931  20.343  -18.731 0.0000000000
117344  46.032  20.433  -19.018 0.0000000000
117347  49.775  20.422  -18.192 0.0000000000
117348  49.010  20.730  -18.011 0.0000000000
117349  47.276  21.013  -18.209 0.0000000000
117354  50.942  20.350  -19.805 0.0000000000
117355  50.254  20.632  -18.661 0.0000000000
117356  48.959  21.366  -17.956 0.0000000000
117357  47.621  21.730  -18.294 0.0000000000
117365  51.103  20.503  -20.219 0.0000000000
117366  50.955  20.117  -21.181 0.0000000000
117371  51.112  20.702  -20.642 0.0000000000
117372  50.609  20.174  -21.977 0.0000000000
118089  48.703  25.313  -5.011 0.0000000000
118148  47.321  22.794  -15.147 0.0000000000
118152  45.783  21.193  -18.681 0.0000000000
118155  45.844  21.609  -18.796 0.0000000000
118157  46.157  21.939  -19.096 0.0000000000
118158  45.682  22.727  -19.381 0.0000000000
118163  50.822  20.904  -19.173 0.0000000000
118164  50.142  21.529  -18.068 0.0000000000
118165  48.753  22.085  -18.089 0.0000000000
118166  46.792  22.365  -19.119 0.0000000000
118167  45.655  23.057  -19.782 0.0000000000
118175  51.007  21.382  -19.171 0.0000000000
118176  50.033  22.337  -17.946 0.0000000000
118177  48.256  22.875  -18.427 0.0000000000
118178  46.502  22.986  -19.651 0.0000000000
118179  45.650  23.313  -20.498 0.0000000000
118185  51.238  21.287  -20.568 0.0000000000
118186  50.933  20.574  -22.240 0.0000000000
118187  47.280  23.309  -19.220 0.0000000000
118188  46.302  23.301  -20.308 0.0000000000
118194  51.431  21.264  -21.749 0.0000000000
118939  42.157  20.910  -16.010 0.0000000000
118941  45.496  22.679  -18.768 0.0000000000
118943  45.446  22.769  -19.140 0.0000000000
118944  44.886  24.547  -18.619 0.0000000000
118946  45.280  23.849  -20.246 0.0000000000
118951  51.065  22.253  -18.716 0.0000000000
118952  49.967  23.214  -18.130 0.0000000000
118953  48.466  23.715  -18.287 0.0000000000
118958  52.617  23.310  -19.672 0.0000000000
118959  51.794  22.906  -19.329 0.0000000000
118960  49.472  24.276  -18.494 0.0000000000
118961  47.393  23.905  -19.534 0.0000000000
118967  52.711  23.014  -20.258 0.0000000000
118968  51.943  21.994  -21.476 0.0000000000
118979  52.487  22.567  -21.505 0.0000000000
119690  43.022  21.710  -16.008 0.0000000000
119691  42.677  21.454  -16.295 0.0000000000
119701  53.027  24.339  -19.925 0.0000000000
119702  52.614  24.025  -19.803 0.0000000000
119703  50.985  24.817  -18.937 0.0000000000
119704  49.317  25.095  -18.903 0.0000000000
119710  53.238  24.159  -20.195 0.0000000000
119711  53.106  23.327  -20.751 0.0000000000
119720  53.290  23.734  -21.025 0.0000000000
120481  52.850  24.568  -19.974 0.0000000000
120482  51.945  25.031  -19.648 0.0000000000
120483  50.799  25.428  -19.482 0.0000000000
120488  53.226  24.509  -20.552 0.0000000000
121254  52.492  25.035  -20.227 0.0000000000
121255  51.773  25.197  -20.224 0.0000000000
122016  42.710  26.387  -17.382 0.0000000000
146096  56.815  10.980  0.064 0.0000000000
146097  55.763  10.257  0.231 0.0000000000
146098  57.025  10.854  -0.168 0.0000000000
146099  54.327  10.382  -0.419 0.0000000000
146100  58.485  9.950  -2.627 0.0000000000
146101  56.436  10.916  0.076 0.0000000000
146102  55.065  11.121  -0.338 0.0000000000
146103  58.403  10.307  -3.366 0.0000000000
146104  55.770  11.338  -0.162 0.0000000000
146105  55.735  10.721  -0.020 0.0000000000
146106  55.452  11.623  -0.304 0.0000000000
146107  58.393  11.245  -1.807 0.0000000000
146108  58.953  12.136  -8.316 0.0000000000
146109  59.614  9.254  -13.996 0.0000000000
146110  59.541  12.800  -9.445 0.0000000000
146111  60.531  9.896  -13.497 0.0000000000
146113  58.051  13.214  -9.198 0.0000000000
146114  60.628  12.027  -11.443 0.0000000000
146115  60.567  11.911  -11.747 0.0000000000
146116  60.651  11.940  -11.984 0.0000000000
146117  61.037  11.201  -12.173 0.0000000000
146118  60.905  11.208  -12.375 0.0000000000
146119  59.663  9.780  -14.074 0.0000000000
146120  60.704  11.749  -11.631 0.0000000000
146121  60.644  11.720  -11.874 0.0000000000
146122  60.650  11.214  -12.800 0.0000000000
146123  61.196  11.156  -11.834 0.0000000000
146124  60.897  11.517  -11.987 0.0000000000
146256  43.461  20.245  -12.632 0.0000000000
146257  43.275  20.514  -13.027 0.0000000000
146262  48.263  20.520  -15.572 0.0000000000
146263  43.622  21.062  -12.220 0.0000000000
146264  43.169  22.056  -12.193 0.0000000000
146265  43.275  21.555  -12.572 0.0000000000
146266  43.093  21.249  -13.246 0.0000000000
146267  42.668  20.608  -13.992 0.0000000000
146268  42.555  21.182  -14.539 0.0000000000
146269  50.151  18.452  -17.356 0.0000000000
146270  49.596  18.655  -17.193 0.0000000000
146271  46.708  19.437  -18.274 0.0000000000
146272  48.765  18.899  -17.734 0.0000000000
146273  47.817  19.206  -18.102 0.0000000000
146274  48.711  19.902  -15.732 0.0000000000
146275  43.588  22.294  -11.928 0.0000000000
146276  43.370  22.087  -12.116 0.0000000000
146277  43.396  22.354  -13.910 0.0000000000
146279  45.935  21.553  -17.534 0.0000000000
146280  45.788  21.730  -17.855 0.0000000000
146281  47.990  21.307  -15.499 0.0000000000
146282  44.649  22.920  -11.295 0.0000000000
146283  44.114  22.907  -12.653 0.0000000000
146284  44.183  23.077  -11.909 0.0000000000
146285  43.381  22.280  -12.656 0.0000000000
146286  44.593  22.952  -15.557 0.0000000000
146287  42.119  20.854  -14.805 0.0000000000
146288  45.612  22.587  -17.778 0.0000000000
146289  46.341  22.513  -16.601 0.0000000000
146290  48.566  20.433  -15.469 0.0000000000
146291  49.035  21.181  -14.808 0.0000000000
146292  48.310  21.280  -15.247 0.0000000000
146293  47.708  22.721  -14.909 0.0000000000
146294  46.042  23.824  -10.627 0.0000000000
146295  44.550  22.116  -10.033 0.0000000000
146296  45.161  23.590  -11.275 0.0000000000
146297  45.540  23.088  -13.886 0.0000000000
146298  46.219  23.210  -14.945 0.0000000000
146299  46.293  23.144  -15.578 0.0000000000
146300  42.509  21.486  -15.154 0.0000000000
146301  45.050  22.904  -16.861 0.0000000000
146302  45.647  22.647  -18.299 0.0000000000
146303  47.740  22.902  -14.310 0.0000000000
146304  47.679  22.484  -14.555 0.0000000000
146305  47.735  22.304  -14.466 0.0000000000
146306  47.895  25.741  -7.714 0.0000000000
146307  45.301  22.878  -8.491 0.0000000000
146308  49.102  26.205  -9.536 0.0000000000
146309  48.629  24.837  -10.769 0.0000000000
146310  47.713  23.499  -12.101 0.0000000000
146311  46.455  23.778  -12.399 0.0000000000
146312  46.968  23.295  -14.613 0.0000000000
146313  45.087  22.435  -18.586 0.0000000000
146314  45.425  23.254  -18.202 0.0000000000
146315  47.404  23.434  -13.331 0.0000000000
146316  46.604  23.503  -13.441 0.0000000000
146317  47.364  22.754  -14.210 0.0000000000
146318  46.184  21.951  -6.406 0.0000000000
146319  45.255  23.400  -12.115 0.0000000000
146320  43.321  22.566  -16.181 0.0000000000
146321  42.032  21.445  -16.459 0.0000000000
146322  53.232  26.212  -9.130 0.0000000000
146323  41.935  22.188  -16.730 0.0000000000
146324  44.803  23.104  -17.812 0.0000000000
146325  44.459  23.585  -17.195 0.0000000000
146326  42.741  24.818  -16.915 0.0000000000
146327  46.563  21.381  -4.926 0.0000000000
146328  52.506  26.637  -8.541 0.0000000000
146329  46.690  22.447  -4.802 0.0000000000
146330  47.127  22.868  -4.147 0.0000000000
146331  44.325  23.377  -17.574 0.0000000000
146332  42.075  23.090  -16.639 0.0000000000
146333  45.404  24.893  -20.223 0.0000000000
146335  43.486  23.513  -17.110 0.0000000000
146336  51.504  26.725  -7.192 0.0000000000
146337  47.984  23.653  -3.678 0.0000000000
146338  47.802  23.604  -5.248 0.0000000000
146342  48.326  24.448  -4.246 0.0000000000
146343  44.563  23.233  -18.517 0.0000000000
146346  51.684  26.064  -5.254 0.0000000000
146347  49.877  26.186  -5.529 0.0000000000
