#!ascii label  , from subject subject001 vox2ras=TkReg
1829
68117  48.297  -24.411  8.981 0.0000000000
68118  47.851  -24.432  9.008 0.0000000000
68119  47.041  -24.416  8.969 0.0000000000
68120  46.233  -24.520  8.872 0.0000000000
68121  45.511  -24.617  8.730 0.0000000000
68128  48.950  -24.365  8.051 0.0000000000
68129  48.421  -24.494  8.401 0.0000000000
68130  47.501  -24.611  8.361 0.0000000000
68131  46.639  -24.653  8.288 0.0000000000
68132  45.822  -24.815  8.203 0.0000000000
68133  44.922  -24.727  8.136 0.0000000000
68134  44.048  -24.617  7.808 0.0000000000
68135  43.374  -24.525  7.616 0.0000000000
68142  49.715  -24.236  6.651 0.0000000000
68143  49.024  -24.413  7.263 0.0000000000
68144  47.990  -24.639  7.415 0.0000000000
68145  47.100  -24.719  7.462 0.0000000000
68146  46.299  -24.854  7.371 0.0000000000
68147  45.482  -24.826  7.201 0.0000000000
68148  44.573  -24.677  7.018 0.0000000000
68149  43.700  -24.540  6.856 0.0000000000
68150  42.863  -24.421  6.885 0.0000000000
68151  42.274  -24.334  6.668 0.0000000000
68166  44.178  -24.512  5.756 0.0000000000
68167  43.296  -24.287  5.669 0.0000000000
68168  42.523  -24.206  5.721 0.0000000000
68169  42.009  -24.214  6.049 0.0000000000
68185  43.589  -24.690  4.476 0.0000000000
69409  48.045  -24.034  9.545 0.0000000000
69410  47.741  -24.043  9.582 0.0000000000
69411  47.224  -24.084  9.606 0.0000000000
69421  49.500  -23.619  8.648 0.0000000000
69422  49.232  -23.834  8.867 0.0000000000
69423  48.354  -24.122  9.270 0.0000000000
69424  47.464  -24.231  9.403 0.0000000000
69425  46.681  -24.196  9.356 0.0000000000
69426  45.791  -24.338  9.132 0.0000000000
69427  44.865  -24.493  8.902 0.0000000000
69428  44.091  -24.386  8.803 0.0000000000
69437  50.263  -23.513  7.831 0.0000000000
69438  49.826  -23.668  8.198 0.0000000000
69439  49.076  -24.204  8.428 0.0000000000
69440  48.527  -24.343  8.854 0.0000000000
69441  44.277  -24.550  8.480 0.0000000000
69442  43.578  -24.429  8.331 0.0000000000
69443  42.834  -24.416  7.871 0.0000000000
69444  42.280  -24.252  7.675 0.0000000000
69453  50.522  -23.670  7.434 0.0000000000
69454  49.928  -24.115  7.339 0.0000000000
69455  49.257  -24.277  7.835 0.0000000000
69456  42.380  -24.378  7.289 0.0000000000
69457  41.920  -24.230  7.015 0.0000000000
69458  41.708  -24.063  6.740 0.0000000000
69466  41.812  -24.134  6.344 0.0000000000
69467  41.695  -23.922  5.986 0.0000000000
69468  41.448  -23.813  5.391 0.0000000000
69480  41.830  -24.158  5.598 0.0000000000
70639  48.687  -23.375  9.492 0.0000000000
70640  48.101  -23.776  9.538 0.0000000000
70641  47.464  -23.923  9.585 0.0000000000
70642  46.894  -24.010  9.556 0.0000000000
70650  50.178  -22.726  8.468 0.0000000000
70651  49.551  -23.294  8.802 0.0000000000
70652  48.941  -23.618  9.291 0.0000000000
70653  48.509  -23.749  9.453 0.0000000000
70654  46.172  -24.087  9.391 0.0000000000
70655  45.284  -24.175  9.216 0.0000000000
70656  44.382  -24.199  9.065 0.0000000000
70657  43.529  -24.179  8.749 0.0000000000
70658  43.214  -24.077  8.669 0.0000000000
70667  50.508  -23.141  7.800 0.0000000000
70668  50.010  -23.240  8.367 0.0000000000
70669  43.128  -24.282  8.380 0.0000000000
70670  42.729  -24.112  8.251 0.0000000000
70671  41.913  -23.999  7.529 0.0000000000
70672  41.726  -23.744  7.364 0.0000000000
70685  41.703  -24.069  7.104 0.0000000000
70686  41.572  -23.721  6.748 0.0000000000
70687  41.387  -23.370  6.303 0.0000000000
70700  41.540  -23.689  5.956 0.0000000000
70701  41.203  -23.450  5.524 0.0000000000
71765  49.443  -22.184  9.258 0.0000000000
71766  48.958  -22.734  9.434 0.0000000000
71767  48.429  -23.183  9.513 0.0000000000
71768  47.845  -23.568  9.497 0.0000000000
71769  47.244  -23.820  9.533 0.0000000000
71775  50.488  -21.918  8.694 0.0000000000
71776  49.763  -22.451  8.962 0.0000000000
71777  49.214  -22.984  9.306 0.0000000000
71778  46.555  -23.955  9.494 0.0000000000
71779  45.708  -24.015  9.321 0.0000000000
71780  44.805  -24.019  9.233 0.0000000000
71781  43.934  -23.968  9.029 0.0000000000
71782  43.411  -23.986  8.840 0.0000000000
71789  50.895  -22.213  7.962 0.0000000000
71790  43.679  -23.749  8.858 0.0000000000
71791  43.140  -23.849  8.608 0.0000000000
71792  42.247  -23.625  7.856 0.0000000000
71793  41.862  -23.737  7.569 0.0000000000
71803  41.979  -23.330  7.622 0.0000000000
71804  41.698  -23.381  7.314 0.0000000000
71805  41.417  -23.300  6.695 0.0000000000
71819  41.366  -23.038  6.695 0.0000000000
71820  41.210  -23.063  5.971 0.0000000000
71836  40.898  -22.911  4.754 0.0000000000
72842  49.657  -21.294  9.404 0.0000000000
72843  49.183  -21.902  9.329 0.0000000000
72844  48.789  -22.469  9.373 0.0000000000
72845  48.296  -22.977  9.435 0.0000000000
72846  47.732  -23.357  9.398 0.0000000000
72850  50.768  -21.092  8.976 0.0000000000
72851  50.089  -21.634  9.221 0.0000000000
72852  47.077  -23.665  9.316 0.0000000000
72853  46.171  -23.781  9.257 0.0000000000
72854  45.183  -23.856  9.209 0.0000000000
72855  44.537  -23.894  9.194 0.0000000000
72861  46.244  -23.518  8.937 0.0000000000
72862  45.598  -23.541  8.903 0.0000000000
72863  44.404  -23.574  8.819 0.0000000000
72864  43.445  -23.446  8.534 0.0000000000
72865  42.740  -23.350  8.212 0.0000000000
72874  43.812  -23.065  8.349 0.0000000000
72875  43.072  -22.896  8.044 0.0000000000
72876  42.124  -22.947  7.532 0.0000000000
72877  41.570  -22.923  6.948 0.0000000000
72888  41.775  -22.675  6.680 0.0000000000
72889  41.437  -22.704  5.912 0.0000000000
72890  41.076  -22.724  5.136 0.0000000000
72901  41.272  -22.206  4.530 0.0000000000
72910  40.850  -21.517  3.585 0.0000000000
73904  49.625  -20.373  9.687 0.0000000000
73905  49.231  -20.932  9.410 0.0000000000
73906  48.989  -21.619  9.305 0.0000000000
73907  48.752  -22.057  9.160 0.0000000000
73908  48.237  -22.776  9.281 0.0000000000
73913  50.301  -20.661  9.441 0.0000000000
73914  48.510  -22.246  9.043 0.0000000000
73915  47.779  -22.882  9.061 0.0000000000
73916  46.848  -23.441  8.924 0.0000000000
73925  47.216  -22.848  8.603 0.0000000000
73926  46.333  -23.072  8.452 0.0000000000
73927  45.298  -23.204  8.303 0.0000000000
73928  44.471  -23.032  8.202 0.0000000000
73938  45.867  -22.799  7.910 0.0000000000
73939  45.071  -22.684  7.575 0.0000000000
73940  43.882  -22.600  7.646 0.0000000000
73941  42.891  -22.525  7.159 0.0000000000
73942  42.217  -22.496  6.703 0.0000000000
73951  44.500  -22.281  6.940 0.0000000000
73952  43.687  -22.160  6.546 0.0000000000
73953  42.768  -22.089  5.885 0.0000000000
73954  41.987  -22.268  5.651 0.0000000000
73955  41.649  -22.086  4.811 0.0000000000
73965  42.320  -21.656  4.853 0.0000000000
73966  41.793  -21.335  4.431 0.0000000000
73967  41.178  -21.109  3.827 0.0000000000
74934  49.604  -19.579  10.144 0.0000000000
74935  49.019  -20.084  10.101 0.0000000000
74936  48.835  -20.754  9.444 0.0000000000
74937  48.715  -21.345  9.170 0.0000000000
74943  50.139  -19.924  9.791 0.0000000000
74944  48.484  -21.913  8.875 0.0000000000
74945  47.933  -22.282  8.499 0.0000000000
74956  47.143  -22.460  7.806 0.0000000000
74957  46.396  -22.674  7.865 0.0000000000
74968  47.059  -22.352  7.005 0.0000000000
74969  46.211  -22.409  7.174 0.0000000000
74970  45.272  -22.219  6.743 0.0000000000
74979  46.840  -22.084  6.464 0.0000000000
74980  45.897  -21.904  5.969 0.0000000000
74981  44.644  -21.837  5.927 0.0000000000
74982  43.567  -21.611  5.326 0.0000000000
74983  42.795  -21.380  4.794 0.0000000000
74993  45.301  -21.558  5.057 0.0000000000
74994  44.344  -21.135  4.610 0.0000000000
74995  43.157  -20.725  4.117 0.0000000000
74996  42.117  -20.389  3.980 0.0000000000
74997  41.396  -20.219  3.549 0.0000000000
74998  40.790  -19.910  3.058 0.0000000000
75006  41.443  -19.427  3.340 0.0000000000
75007  40.782  -19.059  3.028 0.0000000000
75952  49.785  -18.653  10.253 0.0000000000
75953  49.014  -19.188  10.540 0.0000000000
75954  48.433  -19.690  10.300 0.0000000000
75955  48.306  -20.227  9.778 0.0000000000
75966  48.612  -20.962  9.146 0.0000000000
75967  48.480  -21.485  8.655 0.0000000000
75979  48.104  -21.808  7.980 0.0000000000
75991  48.293  -21.184  6.354 0.0000000000
75992  47.674  -21.971  6.865 0.0000000000
76003  47.828  -20.567  5.249 0.0000000000
76004  46.892  -21.339  5.476 0.0000000000
76005  45.933  -21.494  5.083 0.0000000000
76015  47.676  -20.153  4.617 0.0000000000
76016  46.892  -20.311  3.933 0.0000000000
76017  45.466  -20.746  4.086 0.0000000000
76018  43.899  -19.998  3.288 0.0000000000
76019  42.361  -19.231  3.174 0.0000000000
76020  41.731  -19.305  3.365 0.0000000000
76029  46.442  -19.686  2.676 0.0000000000
76030  45.485  -19.766  2.609 0.0000000000
76031  44.757  -19.925  3.035 0.0000000000
76032  41.669  -18.012  2.894 0.0000000000
76033  41.059  -18.294  3.109 0.0000000000
76040  46.306  -19.455  2.353 0.0000000000
76041  45.986  -19.454  2.224 0.0000000000
77066  49.303  -18.164  10.554 0.0000000000
77067  48.519  -18.704  10.605 0.0000000000
77068  47.980  -19.274  10.335 0.0000000000
77081  48.103  -20.030  9.543 0.0000000000
77082  48.535  -20.844  8.947 0.0000000000
77098  48.740  -20.394  8.507 0.0000000000
77099  48.585  -21.025  8.555 0.0000000000
77112  49.255  -20.711  7.159 0.0000000000
77113  48.585  -21.367  7.554 0.0000000000
77122  48.823  -20.542  6.004 0.0000000000
77123  40.702  -15.724  5.510 0.0000000000
77132  48.451  -20.087  4.979 0.0000000000
77133  47.673  -19.889  4.211 0.0000000000
77134  43.787  -19.442  2.667 0.0000000000
77135  43.297  -19.162  2.688 0.0000000000
77136  40.707  -16.261  3.559 0.0000000000
77137  40.158  -16.284  4.191 0.0000000000
77144  48.163  -19.600  4.122 0.0000000000
77145  47.393  -19.645  3.160 0.0000000000
77146  44.935  -19.335  2.062 0.0000000000
77147  44.124  -19.245  2.203 0.0000000000
77148  42.497  -17.896  2.234 0.0000000000
77149  40.996  -16.962  3.000 0.0000000000
77150  39.978  -17.090  3.377 0.0000000000
77155  46.455  -19.181  2.216 0.0000000000
77156  45.204  -18.897  1.703 0.0000000000
77157  43.719  -17.873  1.653 0.0000000000
77158  42.959  -17.289  1.860 0.0000000000
78222  49.879  -17.124  10.546 0.0000000000
78223  48.952  -17.675  10.630 0.0000000000
78224  48.197  -18.238  10.496 0.0000000000
78240  47.837  -18.728  10.127 0.0000000000
78252  48.110  -19.132  9.373 0.0000000000
78262  49.122  -19.577  8.165 0.0000000000
78270  49.819  -19.120  6.225 0.0000000000
78271  49.580  -19.637  6.428 0.0000000000
78272  42.740  -15.424  6.380 0.0000000000
78273  41.977  -15.422  5.812 0.0000000000
78274  41.085  -15.499  5.362 0.0000000000
78275  40.623  -15.672  4.985 0.0000000000
78278  49.846  -19.153  5.517 0.0000000000
78279  49.133  -19.568  4.693 0.0000000000
78280  42.436  -14.984  4.946 0.0000000000
78281  41.634  -15.289  4.287 0.0000000000
78282  40.826  -15.777  4.041 0.0000000000
78283  40.453  -15.879  4.642 0.0000000000
78287  49.652  -18.974  4.042 0.0000000000
78288  48.435  -19.126  3.288 0.0000000000
78289  47.362  -18.909  2.362 0.0000000000
78290  42.423  -15.236  3.310 0.0000000000
78291  41.779  -16.237  2.829 0.0000000000
78292  41.057  -16.284  3.318 0.0000000000
78296  49.118  -18.470  2.828 0.0000000000
78297  47.996  -18.273  1.986 0.0000000000
78298  46.419  -18.112  1.402 0.0000000000
78299  44.710  -17.229  1.354 0.0000000000
78300  43.194  -16.311  2.041 0.0000000000
78301  42.561  -16.926  2.106 0.0000000000
79392  50.661  -16.113  10.501 0.0000000000
79393  49.680  -16.612  10.552 0.0000000000
79394  48.781  -17.182  10.440 0.0000000000
79395  48.070  -17.895  10.262 0.0000000000
79412  48.445  -17.215  10.073 0.0000000000
79413  47.911  -18.044  9.798 0.0000000000
79414  43.764  -15.146  8.859 0.0000000000
79423  48.591  -17.355  9.298 0.0000000000
79424  48.591  -18.388  8.899 0.0000000000
79425  43.889  -15.150  8.564 0.0000000000
79433  49.247  -17.729  8.206 0.0000000000
79434  49.617  -18.904  7.699 0.0000000000
79435  44.034  -15.192  7.712 0.0000000000
79436  43.384  -15.434  7.174 0.0000000000
79439  50.139  -18.677  6.701 0.0000000000
79440  50.070  -19.186  7.053 0.0000000000
79441  43.964  -14.916  6.504 0.0000000000
79442  43.247  -14.991  5.737 0.0000000000
79446  50.380  -18.561  4.981 0.0000000000
79447  43.851  -14.562  5.048 0.0000000000
79448  43.052  -14.642  4.119 0.0000000000
79452  50.334  -17.682  2.807 0.0000000000
79453  50.191  -18.106  3.243 0.0000000000
79454  43.844  -14.519  3.441 0.0000000000
79455  43.304  -15.165  2.712 0.0000000000
79460  50.106  -17.496  2.384 0.0000000000
79461  49.097  -17.523  1.815 0.0000000000
79462  47.412  -17.072  1.012 0.0000000000
79463  45.816  -16.437  1.316 0.0000000000
79464  44.316  -15.467  2.063 0.0000000000
79465  43.581  -15.650  2.220 0.0000000000
80566  51.553  -15.235  10.540 0.0000000000
80567  50.531  -15.606  10.475 0.0000000000
80568  49.665  -16.027  10.362 0.0000000000
80569  49.029  -16.523  10.224 0.0000000000
80586  49.485  -15.870  10.069 0.0000000000
80587  49.004  -16.404  9.689 0.0000000000
80588  43.837  -14.926  8.766 0.0000000000
80595  49.226  -16.718  8.717 0.0000000000
80596  44.936  -14.341  7.429 0.0000000000
80597  44.428  -14.696  8.051 0.0000000000
80602  50.731  -17.142  6.568 0.0000000000
80603  49.907  -17.137  7.448 0.0000000000
80604  45.105  -14.251  6.560 0.0000000000
80605  44.553  -14.694  7.103 0.0000000000
80611  50.993  -17.356  5.368 0.0000000000
80612  50.466  -17.751  5.931 0.0000000000
80613  45.173  -14.108  5.320 0.0000000000
80614  44.559  -14.490  5.886 0.0000000000
80619  51.132  -17.484  4.101 0.0000000000
80620  50.674  -17.874  4.520 0.0000000000
80621  45.780  -14.033  3.021 0.0000000000
80622  45.310  -14.091  3.872 0.0000000000
80623  44.546  -14.301  4.439 0.0000000000
80626  50.712  -17.435  2.841 0.0000000000
80627  50.713  -17.775  3.648 0.0000000000
80628  46.007  -14.361  1.994 0.0000000000
80629  45.316  -14.460  2.613 0.0000000000
80630  44.617  -14.407  2.991 0.0000000000
80633  50.419  -15.589  1.082 0.0000000000
80634  50.057  -16.495  1.505 0.0000000000
80635  48.390  -16.003  0.947 0.0000000000
80636  46.752  -15.448  1.117 0.0000000000
80637  45.475  -15.169  1.761 0.0000000000
80638  44.915  -14.889  2.317 0.0000000000
80643  50.214  -15.182  0.780 0.0000000000
80644  49.846  -15.447  0.868 0.0000000000
80645  49.219  -15.546  0.912 0.0000000000
81740  53.794  -14.182  10.325 0.0000000000
81741  52.494  -14.563  10.423 0.0000000000
81742  51.363  -14.821  10.454 0.0000000000
81743  50.507  -15.044  10.216 0.0000000000
81744  49.887  -15.487  10.179 0.0000000000
81760  50.508  -14.770  10.002 0.0000000000
81761  50.004  -15.183  9.758 0.0000000000
81762  49.485  -15.808  9.742 0.0000000000
81763  45.193  -13.706  7.672 0.0000000000
81764  44.443  -14.260  8.204 0.0000000000
81765  43.587  -14.688  8.875 0.0000000000
81766  42.939  -14.724  9.289 0.0000000000
81767  42.419  -14.804  9.387 0.0000000000
81771  50.253  -15.596  8.725 0.0000000000
81772  49.539  -15.902  9.200 0.0000000000
81773  45.436  -13.786  7.101 0.0000000000
81774  44.935  -14.171  7.812 0.0000000000
81777  50.660  -16.359  7.485 0.0000000000
81778  49.774  -16.244  8.321 0.0000000000
81779  46.319  -13.329  5.475 0.0000000000
81780  45.669  -13.756  6.028 0.0000000000
81785  51.977  -16.261  5.555 0.0000000000
81786  51.322  -16.754  6.160 0.0000000000
81787  46.493  -13.429  4.266 0.0000000000
81788  45.808  -13.730  4.835 0.0000000000
81793  52.072  -16.414  4.072 0.0000000000
81794  51.564  -16.923  4.809 0.0000000000
81795  46.498  -13.704  2.908 0.0000000000
81796  45.994  -13.821  3.817 0.0000000000
81801  51.905  -16.446  2.693 0.0000000000
81802  51.478  -16.962  3.442 0.0000000000
81803  47.742  -13.876  1.300 0.0000000000
81804  46.922  -14.239  1.665 0.0000000000
81808  51.850  -15.148  1.337 0.0000000000
81809  51.250  -15.955  1.580 0.0000000000
81810  51.174  -16.797  2.276 0.0000000000
81811  48.543  -14.730  0.832 0.0000000000
81812  47.636  -14.873  1.028 0.0000000000
81817  51.436  -14.506  0.877 0.0000000000
81818  50.744  -14.874  0.770 0.0000000000
81819  49.836  -14.764  0.645 0.0000000000
81820  49.314  -14.966  0.751 0.0000000000
82953  54.802  -13.370  10.046 0.0000000000
82954  53.484  -13.889  10.228 0.0000000000
82955  52.224  -14.261  10.146 0.0000000000
82956  51.257  -14.592  10.262 0.0000000000
82957  41.558  -14.586  8.832 0.0000000000
82958  40.824  -14.594  8.776 0.0000000000
82968  52.088  -14.140  9.802 0.0000000000
82969  51.228  -14.442  9.867 0.0000000000
82970  50.580  -14.702  9.774 0.0000000000
82971  45.369  -13.413  7.513 0.0000000000
82972  44.986  -13.695  7.911 0.0000000000
82973  44.308  -13.982  8.233 0.0000000000
82974  43.397  -14.349  8.667 0.0000000000
82975  42.344  -14.512  8.826 0.0000000000
82976  41.287  -14.030  8.192 0.0000000000
82977  40.221  -13.833  8.276 0.0000000000
82978  39.344  -13.436  8.489 0.0000000000
82982  51.649  -14.352  9.107 0.0000000000
82983  50.896  -14.840  9.174 0.0000000000
82984  46.827  -12.379  6.486 0.0000000000
82985  46.059  -13.004  7.009 0.0000000000
82986  45.487  -13.196  7.452 0.0000000000
82987  45.012  -13.471  7.802 0.0000000000
82988  42.131  -14.041  8.075 0.0000000000
82989  41.683  -13.674  7.768 0.0000000000
82994  51.905  -14.806  8.226 0.0000000000
82995  51.355  -15.616  7.985 0.0000000000
82996  46.742  -12.723  5.995 0.0000000000
82997  46.064  -13.310  6.435 0.0000000000
83002  52.806  -14.851  6.163 0.0000000000
83003  52.347  -15.341  6.577 0.0000000000
83004  51.523  -16.054  6.786 0.0000000000
83005  46.945  -12.837  4.814 0.0000000000
83009  52.972  -15.005  5.302 0.0000000000
83010  52.649  -15.806  4.733 0.0000000000
83011  47.926  -12.581  2.992 0.0000000000
83012  47.334  -12.947  3.440 0.0000000000
83017  53.246  -15.359  3.720 0.0000000000
83018  52.675  -15.986  3.167 0.0000000000
83019  48.796  -12.547  1.658 0.0000000000
83020  48.124  -12.866  2.020 0.0000000000
83021  47.279  -13.497  2.259 0.0000000000
83027  53.457  -14.714  1.883 0.0000000000
83028  53.134  -15.275  2.023 0.0000000000
83029  52.268  -15.887  2.079 0.0000000000
83030  48.949  -12.925  1.124 0.0000000000
83031  48.624  -13.663  0.933 0.0000000000
83037  53.123  -14.388  1.526 0.0000000000
83038  52.184  -14.253  0.970 0.0000000000
83039  50.989  -13.808  0.600 0.0000000000
83040  49.737  -13.703  0.643 0.0000000000
83041  49.189  -14.352  0.690 0.0000000000
84087  55.754  -12.530  9.710 0.0000000000
84088  54.418  -13.222  9.906 0.0000000000
84089  53.358  -13.712  9.997 0.0000000000
84096  53.863  -13.329  9.722 0.0000000000
84097  52.928  -13.775  9.649 0.0000000000
84098  52.206  -14.043  9.361 0.0000000000
84099  44.309  -13.769  8.100 0.0000000000
84100  43.914  -13.864  8.153 0.0000000000
84101  42.974  -14.091  8.103 0.0000000000
84102  40.541  -13.450  7.876 0.0000000000
84103  39.727  -12.737  7.890 0.0000000000
84104  38.818  -12.512  8.639 0.0000000000
84107  53.745  -13.299  9.312 0.0000000000
84108  53.283  -13.652  8.833 0.0000000000
84109  52.499  -14.205  8.512 0.0000000000
84110  47.911  -11.522  6.588 0.0000000000
84111  47.159  -11.993  6.608 0.0000000000
84112  46.177  -12.578  6.933 0.0000000000
84113  45.466  -12.931  7.399 0.0000000000
84114  44.576  -13.411  7.715 0.0000000000
84115  43.545  -13.493  7.503 0.0000000000
84116  42.326  -13.541  7.509 0.0000000000
84117  40.991  -12.993  7.283 0.0000000000
84118  40.074  -12.368  7.385 0.0000000000
84122  54.106  -13.846  7.484 0.0000000000
84123  53.551  -14.089  7.712 0.0000000000
84124  52.783  -14.694  7.382 0.0000000000
84125  48.082  -11.645  6.292 0.0000000000
84126  47.542  -12.166  6.102 0.0000000000
84127  42.864  -13.235  6.983 0.0000000000
84128  42.042  -12.935  6.831 0.0000000000
84129  41.403  -12.593  6.604 0.0000000000
84132  54.208  -14.141  6.710 0.0000000000
84133  53.387  -14.571  6.196 0.0000000000
84134  52.838  -14.862  6.620 0.0000000000
84135  49.169  -11.278  4.863 0.0000000000
84136  48.474  -11.663  5.268 0.0000000000
84137  47.574  -12.372  5.136 0.0000000000
84141  54.853  -14.008  4.674 0.0000000000
84142  54.362  -14.223  5.043 0.0000000000
84143  53.619  -14.670  4.412 0.0000000000
84144  50.068  -11.185  3.210 0.0000000000
84145  49.322  -11.442  3.854 0.0000000000
84146  48.142  -12.236  3.794 0.0000000000
84147  47.511  -12.614  4.350 0.0000000000
84151  54.830  -14.014  3.840 0.0000000000
84152  54.298  -14.447  3.381 0.0000000000
84153  53.735  -14.910  2.889 0.0000000000
84154  49.869  -11.520  2.462 0.0000000000
84155  48.927  -12.131  2.385 0.0000000000
84156  48.266  -12.441  2.786 0.0000000000
84161  54.618  -13.860  2.273 0.0000000000
84162  53.794  -14.283  1.965 0.0000000000
84163  53.563  -14.796  2.182 0.0000000000
84164  49.854  -11.982  1.514 0.0000000000
84165  49.353  -12.454  1.320 0.0000000000
84172  53.835  -13.325  1.321 0.0000000000
84173  52.890  -13.430  0.949 0.0000000000
84174  51.586  -13.008  0.620 0.0000000000
84175  50.280  -12.659  0.792 0.0000000000
84176  49.544  -12.880  0.877 0.0000000000
85173  56.465  -11.727  9.442 0.0000000000
85174  55.351  -12.571  9.460 0.0000000000
85175  54.493  -13.037  9.684 0.0000000000
85183  55.058  -12.641  9.193 0.0000000000
85184  54.462  -12.983  9.400 0.0000000000
85185  39.094  -11.321  8.509 0.0000000000
85189  55.197  -12.534  9.013 0.0000000000
85190  54.484  -13.009  8.739 0.0000000000
85191  53.963  -13.541  8.163 0.0000000000
85192  47.755  -11.371  6.706 0.0000000000
85193  46.969  -11.806  6.720 0.0000000000
85194  46.102  -12.267  6.911 0.0000000000
85195  45.295  -12.596  7.146 0.0000000000
85196  44.382  -12.857  7.002 0.0000000000
85197  43.510  -13.054  6.847 0.0000000000
85198  40.236  -11.882  7.028 0.0000000000
85199  39.733  -11.585  7.726 0.0000000000
85203  55.356  -13.330  7.428 0.0000000000
85204  54.689  -13.534  7.515 0.0000000000
85205  54.034  -13.693  7.760 0.0000000000
85206  49.743  -10.361  5.422 0.0000000000
85207  49.215  -10.646  5.775 0.0000000000
85208  48.468  -11.160  6.375 0.0000000000
85209  43.818  -12.641  6.415 0.0000000000
85210  42.848  -12.753  6.373 0.0000000000
85211  41.850  -12.466  6.156 0.0000000000
85212  40.992  -12.021  6.307 0.0000000000
85215  56.504  -13.402  6.054 0.0000000000
85216  55.758  -13.571  6.466 0.0000000000
85217  54.968  -14.089  5.971 0.0000000000
85218  49.997  -10.524  5.159 0.0000000000
85219  49.276  -11.045  5.375 0.0000000000
85220  48.635  -11.386  5.982 0.0000000000
85221  43.353  -12.353  5.825 0.0000000000
85222  42.500  -12.239  5.712 0.0000000000
85223  41.697  -11.805  5.612 0.0000000000
85224  41.187  -11.593  5.852 0.0000000000
85227  56.550  -13.636  5.095 0.0000000000
85228  55.462  -13.947  4.684 0.0000000000
85229  54.892  -14.037  5.093 0.0000000000
85230  51.348  -10.382  3.387 0.0000000000
85231  50.337  -10.647  3.901 0.0000000000
85232  49.556  -11.087  4.601 0.0000000000
85233  42.990  -11.908  5.331 0.0000000000
85234  42.376  -11.771  5.306 0.0000000000
85235  42.008  -11.524  5.153 0.0000000000
85238  56.375  -13.539  3.311 0.0000000000
85239  55.276  -13.552  2.807 0.0000000000
85240  52.408  -10.564  1.677 0.0000000000
85241  51.607  -10.586  2.302 0.0000000000
85242  50.636  -11.107  2.462 0.0000000000
85243  42.715  -11.608  5.045 0.0000000000
85244  42.356  -11.494  5.022 0.0000000000
85245  42.130  -11.405  4.965 0.0000000000
85249  55.708  -12.791  1.850 0.0000000000
85250  54.417  -12.530  1.220 0.0000000000
85251  52.725  -11.265  1.044 0.0000000000
85252  51.438  -11.383  1.417 0.0000000000
85253  50.528  -11.622  1.559 0.0000000000
85259  53.262  -12.530  0.834 0.0000000000
85260  52.168  -12.204  0.710 0.0000000000
85261  51.038  -12.038  0.853 0.0000000000
85262  50.407  -12.019  1.095 0.0000000000
86248  60.607  -11.841  17.765 0.0000000000
86258  62.087  -11.488  15.770 0.0000000000
86259  61.382  -11.867  16.879 0.0000000000
86302  56.795  -11.074  9.575 0.0000000000
86303  56.114  -11.876  9.385 0.0000000000
86315  56.413  -11.348  9.239 0.0000000000
86316  55.875  -11.956  9.222 0.0000000000
86323  55.481  -12.481  8.694 0.0000000000
86324  55.132  -13.076  8.170 0.0000000000
86325  47.988  -10.665  6.632 0.0000000000
86326  47.671  -11.045  6.762 0.0000000000
86327  46.745  -11.596  6.668 0.0000000000
86328  45.907  -11.921  6.724 0.0000000000
86329  45.136  -12.212  6.717 0.0000000000
86330  44.523  -12.374  6.481 0.0000000000
86331  40.131  -10.763  7.577 0.0000000000
86332  39.739  -10.384  8.414 0.0000000000
86336  55.776  -12.900  7.732 0.0000000000
86337  55.226  -13.229  7.776 0.0000000000
86338  49.422  -10.278  5.633 0.0000000000
86339  48.463  -10.670  6.315 0.0000000000
86340  48.140  -11.034  6.726 0.0000000000
86341  45.560  -11.766  6.466 0.0000000000
86342  44.984  -11.882  6.185 0.0000000000
86343  44.182  -12.231  5.960 0.0000000000
86344  40.450  -11.109  6.686 0.0000000000
86347  57.165  -13.262  5.784 0.0000000000
86348  56.537  -13.102  6.773 0.0000000000
86349  52.073  -9.389  4.281 0.0000000000
86350  51.403  -9.606  4.320 0.0000000000
86351  50.453  -10.105  5.058 0.0000000000
86352  44.557  -11.914  5.537 0.0000000000
86353  43.745  -11.981  5.358 0.0000000000
86354  41.286  -11.205  5.582 0.0000000000
86355  40.854  -11.174  6.045 0.0000000000
86359  58.330  -12.485  3.654 0.0000000000
86360  57.686  -13.153  4.025 0.0000000000
86361  53.469  -9.162  2.764 0.0000000000
86362  52.465  -9.293  3.444 0.0000000000
86363  51.415  -10.066  3.915 0.0000000000
86364  50.599  -10.307  4.645 0.0000000000
86365  44.173  -11.740  4.912 0.0000000000
86366  43.215  -11.479  4.733 0.0000000000
86367  42.543  -11.084  4.580 0.0000000000
86368  41.686  -11.293  5.211 0.0000000000
86372  57.947  -12.070  2.958 0.0000000000
86373  56.664  -11.938  1.947 0.0000000000
86374  54.273  -9.972  1.686 0.0000000000
86375  52.493  -10.053  2.216 0.0000000000
86376  51.741  -10.229  3.040 0.0000000000
86377  42.598  -11.394  4.812 0.0000000000
86378  42.181  -11.240  4.771 0.0000000000
86379  41.923  -11.271  4.939 0.0000000000
86383  55.078  -11.660  1.389 0.0000000000
86384  53.697  -10.911  1.242 0.0000000000
86385  52.844  -10.627  1.456 0.0000000000
87330  61.193  -10.705  17.639 0.0000000000
87341  62.636  -10.245  15.697 0.0000000000
87342  61.896  -10.837  16.499 0.0000000000
87343  61.146  -11.354  17.387 0.0000000000
87352  63.096  -10.194  15.037 0.0000000000
87353  62.599  -10.896  15.282 0.0000000000
87360  62.946  -9.977  14.496 0.0000000000
87388  56.589  -11.003  9.301 0.0000000000
87389  55.909  -11.799  8.986 0.0000000000
87390  39.900  -9.095  8.991 0.0000000000
87400  56.850  -11.340  8.262 0.0000000000
87401  56.195  -11.996  8.496 0.0000000000
87402  47.690  -10.683  6.656 0.0000000000
87403  47.150  -10.997  6.594 0.0000000000
87404  46.413  -11.433  6.447 0.0000000000
87405  45.943  -11.621  6.441 0.0000000000
87406  40.862  -9.075  7.670 0.0000000000
87407  40.243  -9.462  8.313 0.0000000000
87408  39.780  -9.548  8.919 0.0000000000
87413  57.552  -12.068  7.208 0.0000000000
87414  56.635  -12.323  7.543 0.0000000000
87415  48.992  -10.078  5.759 0.0000000000
87416  48.095  -10.408  6.262 0.0000000000
87417  47.359  -10.586  6.333 0.0000000000
87418  46.682  -10.948  6.249 0.0000000000
87419  45.812  -11.444  5.943 0.0000000000
87420  45.121  -11.720  5.754 0.0000000000
87421  41.469  -9.193  6.396 0.0000000000
87422  40.938  -9.584  6.800 0.0000000000
87423  40.515  -10.069  7.260 0.0000000000
87426  59.251  -12.184  5.031 0.0000000000
87427  58.134  -12.762  5.747 0.0000000000
87428  57.209  -12.729  6.653 0.0000000000
87429  51.646  -9.430  4.260 0.0000000000
87430  50.698  -9.829  4.817 0.0000000000
87431  49.854  -10.018  5.334 0.0000000000
87432  45.663  -11.472  5.246 0.0000000000
87433  45.096  -11.702  5.026 0.0000000000
87434  41.579  -9.884  5.388 0.0000000000
87435  41.157  -10.350  5.948 0.0000000000
87436  40.731  -10.484  6.510 0.0000000000
87440  59.039  -10.341  2.811 0.0000000000
87441  58.793  -11.734  3.466 0.0000000000
87442  58.551  -12.599  4.360 0.0000000000
87443  53.039  -8.837  3.333 0.0000000000
87444  52.301  -9.160  4.029 0.0000000000
87445  44.132  -11.024  4.270 0.0000000000
87446  42.873  -10.560  4.074 0.0000000000
87447  41.986  -10.682  4.722 0.0000000000
87448  41.502  -10.784  5.203 0.0000000000
87451  58.314  -9.607  2.432 0.0000000000
87452  57.632  -10.427  2.215 0.0000000000
87453  55.858  -9.940  1.578 0.0000000000
87454  54.310  -8.995  2.229 0.0000000000
87455  44.084  -10.600  3.842 0.0000000000
87456  43.710  -10.487  3.762 0.0000000000
87457  41.939  -11.095  4.756 0.0000000000
87458  41.741  -11.057  4.900 0.0000000000
88426  61.708  -9.241  17.576 0.0000000000
88427  61.367  -9.960  18.152 0.0000000000
88436  62.268  -9.666  16.456 0.0000000000
88437  61.654  -10.110  17.213 0.0000000000
88447  63.527  -8.794  15.371 0.0000000000
88448  63.108  -9.405  15.646 0.0000000000
88455  63.671  -8.715  15.099 0.0000000000
88456  63.415  -9.324  14.810 0.0000000000
88481  57.228  -9.781  10.098 0.0000000000
88482  39.991  -8.731  8.623 0.0000000000
88493  58.072  -10.349  8.446 0.0000000000
88494  57.212  -10.198  9.052 0.0000000000
88495  41.336  -8.207  7.190 0.0000000000
88496  41.010  -8.413  7.598 0.0000000000
88497  40.530  -8.629  8.167 0.0000000000
88504  58.906  -10.952  7.442 0.0000000000
88505  57.761  -11.067  7.890 0.0000000000
88506  48.967  -9.806  5.465 0.0000000000
88507  48.416  -9.984  5.577 0.0000000000
88508  47.631  -10.318  5.670 0.0000000000
88509  46.892  -10.723  5.777 0.0000000000
88510  46.420  -11.047  5.862 0.0000000000
88511  41.540  -8.339  6.745 0.0000000000
88512  41.303  -8.705  7.180 0.0000000000
88515  60.445  -9.068  3.830 0.0000000000
88516  60.501  -10.116  4.634 0.0000000000
88517  59.945  -11.227  5.929 0.0000000000
88518  58.695  -11.875  6.633 0.0000000000
88519  51.697  -9.199  4.336 0.0000000000
88520  50.935  -9.669  4.310 0.0000000000
88521  49.671  -9.751  5.027 0.0000000000
88522  48.761  -9.722  5.051 0.0000000000
88523  47.915  -10.011  4.591 0.0000000000
88524  46.994  -10.611  4.765 0.0000000000
88525  46.142  -11.223  5.063 0.0000000000
88526  45.551  -11.442  4.906 0.0000000000
88527  41.714  -8.721  5.894 0.0000000000
88531  59.880  -8.558  3.002 0.0000000000
88532  59.952  -9.773  3.290 0.0000000000
88533  59.779  -11.060  4.097 0.0000000000
88534  53.028  -8.527  3.301 0.0000000000
88535  52.259  -8.875  3.993 0.0000000000
88536  51.535  -9.135  4.158 0.0000000000
88537  47.593  -9.975  3.608 0.0000000000
88538  46.841  -10.138  3.382 0.0000000000
88539  45.875  -10.659  3.930 0.0000000000
88540  45.230  -11.157  4.394 0.0000000000
88541  42.636  -9.462  3.914 0.0000000000
88542  42.059  -9.401  4.703 0.0000000000
88545  59.249  -8.059  2.725 0.0000000000
88546  58.905  -8.842  2.528 0.0000000000
88547  57.424  -8.562  2.195 0.0000000000
88548  55.754  -8.626  1.923 0.0000000000
88549  53.898  -8.465  2.615 0.0000000000
88550  46.235  -9.691  2.655 0.0000000000
88551  45.509  -10.019  2.777 0.0000000000
88552  44.379  -10.331  3.470 0.0000000000
88553  43.227  -9.877  3.459 0.0000000000
88556  56.808  -7.765  1.928 0.0000000000
88557  56.514  -8.085  1.908 0.0000000000
89511  62.384  -7.382  17.641 0.0000000000
89512  62.197  -8.580  16.939 0.0000000000
89521  62.984  -8.098  16.162 0.0000000000
89522  62.814  -9.028  16.275 0.0000000000
89530  63.647  -8.071  15.373 0.0000000000
89531  63.596  -8.329  14.735 0.0000000000
89532  63.241  -8.848  14.080 0.0000000000
89542  63.344  -8.167  13.952 0.0000000000
89543  62.817  -8.517  13.190 0.0000000000
89544  61.773  -8.627  12.320 0.0000000000
89550  60.868  -8.390  11.712 0.0000000000
89568  57.759  -8.996  10.365 0.0000000000
89570  39.852  -8.407  8.126 0.0000000000
89582  59.525  -9.609  8.816 0.0000000000
89583  58.177  -9.554  9.406 0.0000000000
89584  57.353  -9.408  9.944 0.0000000000
89585  41.440  -7.992  6.907 0.0000000000
89586  40.987  -8.005  7.117 0.0000000000
89587  40.082  -8.264  7.437 0.0000000000
89597  61.109  -9.136  6.604 0.0000000000
89598  60.410  -9.722  7.717 0.0000000000
89599  59.226  -10.267  8.278 0.0000000000
89600  41.903  -7.759  5.817 0.0000000000
89601  41.680  -7.876  6.289 0.0000000000
89602  41.216  -7.875  6.709 0.0000000000
89606  60.824  -7.485  4.396 0.0000000000
89607  61.010  -8.745  5.048 0.0000000000
89608  60.617  -10.025  6.163 0.0000000000
89609  59.842  -10.485  7.096 0.0000000000
89610  50.870  -9.323  3.815 0.0000000000
89611  50.034  -9.565  3.963 0.0000000000
89612  49.078  -9.759  4.243 0.0000000000
89613  48.499  -9.804  4.463 0.0000000000
89614  42.066  -7.807  5.646 0.0000000000
89615  41.784  -7.951  5.430 0.0000000000
89620  60.550  -7.180  3.909 0.0000000000
89621  60.466  -7.768  3.564 0.0000000000
89622  53.477  -8.151  2.806 0.0000000000
89623  52.666  -8.288  3.164 0.0000000000
89624  51.535  -8.753  3.387 0.0000000000
89625  50.303  -9.075  3.163 0.0000000000
89626  49.224  -9.254  3.253 0.0000000000
89627  48.164  -9.691  3.475 0.0000000000
89628  47.409  -9.838  3.205 0.0000000000
89629  43.568  -8.743  3.076 0.0000000000
89630  43.054  -8.811  3.594 0.0000000000
89631  42.455  -8.470  4.484 0.0000000000
89636  59.639  -7.405  2.710 0.0000000000
89637  58.490  -7.280  2.385 0.0000000000
89638  57.994  -7.948  2.387 0.0000000000
89639  55.339  -7.774  1.817 0.0000000000
89640  54.423  -7.851  1.982 0.0000000000
89641  53.264  -7.682  1.979 0.0000000000
89642  51.850  -8.164  1.895 0.0000000000
89643  50.620  -8.566  2.161 0.0000000000
89644  49.508  -8.675  2.340 0.0000000000
89645  48.297  -8.688  2.261 0.0000000000
89646  47.016  -9.259  2.643 0.0000000000
89647  45.611  -8.875  2.512 0.0000000000
89648  44.318  -9.151  2.721 0.0000000000
89649  43.618  -9.419  3.106 0.0000000000
89654  57.866  -6.561  1.818 0.0000000000
89655  57.290  -7.117  1.803 0.0000000000
89656  56.022  -7.323  1.581 0.0000000000
89657  55.073  -7.330  1.501 0.0000000000
89658  52.937  -7.399  0.976 0.0000000000
89659  52.407  -7.686  1.122 0.0000000000
89660  47.829  -7.974  1.816 0.0000000000
89661  47.210  -8.177  2.115 0.0000000000
89662  46.358  -8.274  2.308 0.0000000000
90601  62.768  -6.395  17.189 0.0000000000
90607  63.445  -6.866  15.957 0.0000000000
90614  63.847  -7.094  15.138 0.0000000000
90615  63.522  -7.579  14.357 0.0000000000
90626  63.607  -6.771  14.440 0.0000000000
90627  63.246  -7.281  13.516 0.0000000000
90628  62.391  -7.501  12.375 0.0000000000
90629  61.443  -7.861  11.875 0.0000000000
90640  61.596  -7.149  11.798 0.0000000000
90641  60.722  -7.604  11.426 0.0000000000
90642  59.969  -8.063  11.224 0.0000000000
90653  60.289  -7.542  11.009 0.0000000000
90654  59.425  -8.227  11.092 0.0000000000
90655  58.610  -8.489  11.072 0.0000000000
90663  60.165  -7.633  10.544 0.0000000000
90664  59.326  -8.265  10.482 0.0000000000
90665  58.407  -8.685  10.555 0.0000000000
90671  60.442  -7.870  9.652 0.0000000000
90672  59.441  -8.843  9.591 0.0000000000
90673  58.282  -8.960  10.028 0.0000000000
90674  40.805  -7.833  6.690 0.0000000000
90675  40.009  -7.997  6.564 0.0000000000
90676  38.838  -7.692  6.693 0.0000000000
90685  61.652  -7.058  6.733 0.0000000000
90686  61.278  -8.138  7.853 0.0000000000
90687  60.287  -9.189  8.622 0.0000000000
90688  54.306  -4.269  6.854 0.0000000000
90689  53.757  -4.310  7.025 0.0000000000
90690  52.822  -4.379  7.246 0.0000000000
90691  51.820  -4.597  7.611 0.0000000000
90692  51.120  -4.745  7.733 0.0000000000
90693  50.875  -4.727  7.686 0.0000000000
90694  41.892  -7.686  5.521 0.0000000000
90695  41.515  -7.676  5.651 0.0000000000
90696  40.573  -7.699  6.020 0.0000000000
90697  39.077  -7.370  5.977 0.0000000000
90705  61.234  -6.126  4.608 0.0000000000
90706  61.413  -7.195  5.545 0.0000000000
90707  61.419  -8.412  6.242 0.0000000000
90708  55.459  -3.955  6.122 0.0000000000
90709  54.839  -4.080  6.462 0.0000000000
90710  54.202  -4.249  6.613 0.0000000000
90711  53.448  -4.355  6.793 0.0000000000
90712  52.557  -4.487  6.919 0.0000000000
90713  51.668  -4.590  7.306 0.0000000000
90714  51.189  -4.660  7.465 0.0000000000
90715  42.074  -7.732  5.411 0.0000000000
90716  41.849  -7.453  5.008 0.0000000000
90717  40.468  -7.195  5.103 0.0000000000
90718  39.392  -6.871  5.388 0.0000000000
90723  61.066  -5.927  4.193 0.0000000000
90724  60.760  -6.408  3.995 0.0000000000
90725  60.491  -6.940  3.559 0.0000000000
90726  55.825  -3.782  5.627 0.0000000000
90727  55.505  -3.786  5.655 0.0000000000
90728  54.815  -3.918  5.876 0.0000000000
90729  54.051  -4.037  6.148 0.0000000000
90730  53.335  -4.136  6.390 0.0000000000
90731  43.773  -8.234  2.967 0.0000000000
90732  43.215  -7.712  3.533 0.0000000000
90733  42.675  -7.487  4.236 0.0000000000
90736  60.452  -5.679  3.292 0.0000000000
90737  60.147  -6.280  2.841 0.0000000000
90738  59.076  -6.265  2.165 0.0000000000
90739  54.430  -7.212  1.254 0.0000000000
90740  53.942  -7.513  1.390 0.0000000000
90741  51.695  -7.703  0.842 0.0000000000
90742  50.792  -7.917  1.084 0.0000000000
90743  49.683  -8.172  1.384 0.0000000000
90744  48.989  -8.274  1.812 0.0000000000
90745  45.512  -7.593  2.377 0.0000000000
90746  44.417  -7.790  2.782 0.0000000000
90747  43.606  -7.361  3.299 0.0000000000
90750  58.265  -6.078  1.783 0.0000000000
90751  57.469  -5.856  1.316 0.0000000000
90752  56.204  -5.699  1.020 0.0000000000
90753  54.988  -6.397  0.836 0.0000000000
90754  53.639  -6.877  0.747 0.0000000000
90755  52.311  -7.034  0.479 0.0000000000
90756  51.130  -7.122  0.392 0.0000000000
90757  49.865  -7.131  0.518 0.0000000000
90758  48.514  -7.588  1.272 0.0000000000
90759  47.327  -7.370  1.551 0.0000000000
90760  46.391  -7.447  1.897 0.0000000000
90764  55.818  -4.930  0.602 0.0000000000
90765  55.237  -5.102  0.504 0.0000000000
90766  54.091  -5.425  0.331 0.0000000000
90767  52.833  -5.816  0.045 0.0000000000
90768  51.594  -6.109  0.066 0.0000000000
90769  50.623  -6.347  0.168 0.0000000000
91757  63.098  -5.494  16.861 0.0000000000
91763  63.260  -4.727  16.583 0.0000000000
91764  63.691  -5.835  15.828 0.0000000000
91771  63.781  -4.900  15.806 0.0000000000
91772  63.829  -5.707  15.073 0.0000000000
91784  63.367  -5.921  13.991 0.0000000000
91785  62.889  -6.135  12.779 0.0000000000
91786  62.235  -6.602  11.976 0.0000000000
91799  62.443  -5.794  11.993 0.0000000000
91800  61.601  -6.297  11.421 0.0000000000
91801  60.848  -6.841  11.096 0.0000000000
91812  61.201  -6.175  10.969 0.0000000000
91813  60.809  -6.664  10.655 0.0000000000
91814  48.215  -3.241  10.460 0.0000000000
91815  47.985  -3.239  10.451 0.0000000000
91822  60.724  -6.929  9.988 0.0000000000
91823  49.593  -4.070  9.341 0.0000000000
91824  49.157  -3.924  9.553 0.0000000000
91825  48.636  -3.566  9.950 0.0000000000
91826  48.196  -3.368  10.019 0.0000000000
91832  61.701  -6.402  8.304 0.0000000000
91833  61.374  -7.019  8.993 0.0000000000
91834  52.549  -4.141  7.738 0.0000000000
91835  51.806  -4.261  8.101 0.0000000000
91836  51.031  -4.371  8.386 0.0000000000
91837  50.260  -4.346  8.755 0.0000000000
91838  49.628  -4.296  8.849 0.0000000000
91839  49.024  -4.091  9.101 0.0000000000
91840  48.578  -3.671  9.323 0.0000000000
91846  61.694  -5.516  6.249 0.0000000000
91847  61.723  -6.371  7.301 0.0000000000
91848  61.593  -7.031  8.143 0.0000000000
91849  56.125  -3.597  5.969 0.0000000000
91850  55.416  -3.897  6.585 0.0000000000
91851  54.457  -4.140  6.965 0.0000000000
91852  53.288  -4.198  7.355 0.0000000000
91853  52.261  -4.377  7.654 0.0000000000
91854  51.564  -4.570  7.987 0.0000000000
91855  51.010  -4.647  8.087 0.0000000000
91856  50.423  -4.613  8.056 0.0000000000
91857  49.469  -4.322  8.255 0.0000000000
91858  48.903  -4.019  8.645 0.0000000000
91864  61.482  -5.635  5.232 0.0000000000
91865  61.583  -6.364  6.218 0.0000000000
91866  57.895  -3.131  3.598 0.0000000000
91867  56.785  -3.157  4.709 0.0000000000
91868  55.895  -3.776  5.858 0.0000000000
91869  55.205  -4.007  6.492 0.0000000000
91870  52.108  -4.372  6.766 0.0000000000
91871  51.542  -4.466  6.962 0.0000000000
91872  50.928  -4.520  7.323 0.0000000000
91873  50.304  -4.234  7.530 0.0000000000
91881  61.142  -5.369  4.237 0.0000000000
91882  60.948  -5.755  4.004 0.0000000000
91883  58.885  -3.545  2.766 0.0000000000
91884  57.751  -3.398  3.116 0.0000000000
91885  56.398  -3.317  4.435 0.0000000000
91886  55.592  -3.341  4.716 0.0000000000
91887  54.715  -3.374  5.180 0.0000000000
91888  53.829  -3.566  5.636 0.0000000000
91889  52.889  -3.867  6.159 0.0000000000
91890  52.171  -3.948  6.356 0.0000000000
91891  51.600  -3.914  6.533 0.0000000000
91892  50.922  -4.038  6.920 0.0000000000
91901  60.963  -5.012  3.951 0.0000000000
91902  60.691  -5.243  3.687 0.0000000000
91903  59.941  -4.740  2.949 0.0000000000
91904  58.926  -4.770  2.115 0.0000000000
91905  57.519  -3.817  2.330 0.0000000000
91906  56.400  -3.235  2.966 0.0000000000
91907  55.342  -2.855  3.526 0.0000000000
91908  54.411  -2.821  4.464 0.0000000000
91909  53.601  -2.953  5.106 0.0000000000
91910  52.882  -3.176  5.590 0.0000000000
91911  52.348  -3.342  5.928 0.0000000000
91912  45.697  -6.590  2.096 0.0000000000
91913  44.696  -6.584  2.713 0.0000000000
91919  58.597  -5.560  1.819 0.0000000000
91920  58.005  -5.099  1.571 0.0000000000
91921  56.792  -4.417  1.253 0.0000000000
91922  55.828  -3.334  1.969 0.0000000000
91923  49.821  -5.862  0.118 0.0000000000
91924  48.753  -6.284  0.500 0.0000000000
91925  47.599  -6.486  0.985 0.0000000000
91926  46.609  -6.538  1.531 0.0000000000
91930  56.112  -4.806  0.741 0.0000000000
91931  55.584  -4.149  0.885 0.0000000000
91932  54.463  -4.094  0.632 0.0000000000
91933  53.260  -4.263  0.287 0.0000000000
91934  51.945  -4.737  -0.012 0.0000000000
91935  50.796  -5.312  -0.006 0.0000000000
92865  63.370  -3.861  16.306 0.0000000000
92874  63.736  -4.173  15.420 0.0000000000
92875  63.549  -4.875  14.561 0.0000000000
92888  63.541  -3.896  14.661 0.0000000000
92889  63.216  -4.520  13.583 0.0000000000
92890  62.786  -5.067  12.489 0.0000000000
92900  63.021  -4.098  12.577 0.0000000000
92901  62.381  -4.720  11.641 0.0000000000
92902  61.698  -5.453  11.047 0.0000000000
92908  48.220  -2.729  11.466 0.0000000000
92909  47.995  -2.667  11.537 0.0000000000
92910  47.782  -2.486  11.622 0.0000000000
92917  61.998  -4.327  10.723 0.0000000000
92918  61.482  -5.666  10.521 0.0000000000
92919  61.208  -6.197  10.362 0.0000000000
92924  49.289  -3.254  10.138 0.0000000000
92925  48.943  -3.163  10.518 0.0000000000
92926  48.382  -2.988  10.949 0.0000000000
92927  47.899  -2.935  10.912 0.0000000000
92928  47.605  -2.460  11.322 0.0000000000
92935  61.938  -4.701  9.677 0.0000000000
92936  61.446  -5.895  9.937 0.0000000000
92937  61.054  -6.422  10.161 0.0000000000
92938  50.447  -3.411  9.104 0.0000000000
92939  49.808  -3.573  9.554 0.0000000000
92940  49.247  -3.632  9.879 0.0000000000
92941  48.869  -3.478  10.167 0.0000000000
92942  47.870  -3.145  10.259 0.0000000000
92943  47.680  -2.793  10.611 0.0000000000
92950  62.285  -4.589  8.314 0.0000000000
92951  61.784  -5.843  9.004 0.0000000000
92952  61.296  -6.433  9.654 0.0000000000
92953  54.126  -3.878  7.369 0.0000000000
92954  53.262  -3.830  7.581 0.0000000000
92955  52.194  -3.684  8.045 0.0000000000
92956  51.186  -3.697  8.545 0.0000000000
92957  50.521  -4.000  8.889 0.0000000000
92958  48.128  -3.244  9.582 0.0000000000
92959  47.790  -3.005  10.052 0.0000000000
92966  62.056  -4.706  6.946 0.0000000000
92967  61.963  -5.613  7.977 0.0000000000
92968  56.651  -3.124  5.465 0.0000000000
92969  55.858  -3.536  6.484 0.0000000000
92970  54.826  -3.862  7.089 0.0000000000
92971  53.995  -4.074  7.313 0.0000000000
92972  49.025  -3.958  8.095 0.0000000000
92973  48.640  -3.493  8.558 0.0000000000
92979  61.650  -4.447  5.601 0.0000000000
92980  58.536  -2.907  3.500 0.0000000000
92981  57.483  -2.802  4.260 0.0000000000
92982  49.740  -3.704  7.561 0.0000000000
92983  49.097  -3.532  7.794 0.0000000000
92988  61.122  -4.323  4.439 0.0000000000
92989  60.346  -3.638  3.784 0.0000000000
92990  59.540  -3.409  3.295 0.0000000000
92991  51.482  -3.309  6.408 0.0000000000
92992  50.667  -3.555  6.908 0.0000000000
92999  61.021  -4.835  4.120 0.0000000000
93000  60.756  -4.572  3.899 0.0000000000
93001  60.281  -4.323  3.488 0.0000000000
93002  54.682  -2.528  3.278 0.0000000000
93003  54.044  -2.449  3.851 0.0000000000
93004  53.432  -2.467  4.520 0.0000000000
93005  52.909  -2.521  5.092 0.0000000000
93006  52.229  -2.915  5.816 0.0000000000
93007  46.012  -5.641  1.955 0.0000000000
93008  45.102  -5.522  2.770 0.0000000000
93016  55.116  -2.764  2.257 0.0000000000
93017  54.351  -2.470  2.528 0.0000000000
93018  53.703  -2.122  3.244 0.0000000000
93019  53.286  -2.140  4.068 0.0000000000
93020  50.029  -4.854  0.056 0.0000000000
93021  49.077  -4.970  0.261 0.0000000000
93022  47.984  -5.300  0.887 0.0000000000
93023  46.923  -5.541  1.395 0.0000000000
93028  55.342  -3.310  1.533 0.0000000000
93029  54.772  -3.226  1.459 0.0000000000
93030  53.648  -2.816  1.683 0.0000000000
93031  52.379  -3.157  0.784 0.0000000000
93032  50.844  -3.839  0.118 0.0000000000
93033  49.765  -4.200  0.421 0.0000000000
93915  62.846  -2.693  17.039 0.0000000000
93921  63.446  -2.821  16.106 0.0000000000
93922  58.285  -2.457  16.413 0.0000000000
93931  63.597  -2.883  15.313 0.0000000000
93932  57.941  -2.874  15.239 0.0000000000
93933  57.438  -3.098  14.325 0.0000000000
93936  47.700  -1.645  13.271 0.0000000000
93937  47.467  -1.575  13.248 0.0000000000
93944  63.335  -2.960  14.419 0.0000000000
93945  63.151  -3.017  13.334 0.0000000000
93946  56.704  -3.242  13.358 0.0000000000
93950  48.105  -2.062  12.664 0.0000000000
93951  47.893  -1.916  12.838 0.0000000000
93952  47.561  -1.761  12.834 0.0000000000
93959  62.783  -3.067  12.196 0.0000000000
93960  62.433  -3.555  11.339 0.0000000000
93961  56.440  -2.721  12.536 0.0000000000
93962  56.047  -2.730  12.339 0.0000000000
93964  49.237  -1.758  11.353 0.0000000000
93965  48.875  -2.059  11.604 0.0000000000
93966  48.274  -2.393  11.906 0.0000000000
93967  47.853  -2.218  12.158 0.0000000000
93968  47.536  -2.022  12.146 0.0000000000
93975  62.646  -2.622  11.464 0.0000000000
93976  62.380  -2.964  10.789 0.0000000000
93977  55.823  -2.297  12.245 0.0000000000
93978  55.623  -2.060  12.434 0.0000000000
93979  55.481  -1.889  12.688 0.0000000000
93980  55.411  -1.740  12.934 0.0000000000
93981  49.288  -2.417  10.542 0.0000000000
93982  48.661  -2.683  11.166 0.0000000000
93983  48.405  -2.729  11.357 0.0000000000
93984  47.425  -2.056  11.675 0.0000000000
93989  62.196  -3.248  9.973 0.0000000000
93990  50.800  -2.727  8.883 0.0000000000
93991  50.089  -2.516  9.561 0.0000000000
93992  47.437  -2.342  11.007 0.0000000000
93998  62.290  -3.244  8.862 0.0000000000
93999  54.516  -3.653  7.244 0.0000000000
94000  53.924  -3.369  7.377 0.0000000000
94001  52.675  -2.739  7.673 0.0000000000
94002  51.595  -2.839  8.369 0.0000000000
94003  47.904  -2.961  9.706 0.0000000000
94004  47.738  -2.566  10.092 0.0000000000
94011  62.233  -3.197  7.475 0.0000000000
94012  57.296  -2.497  4.843 0.0000000000
94013  56.543  -2.704  5.948 0.0000000000
94014  55.134  -2.984  6.967 0.0000000000
94015  53.745  -2.388  7.245 0.0000000000
94016  53.009  -2.017  7.440 0.0000000000
94017  48.299  -2.780  9.061 0.0000000000
94018  48.214  -2.199  9.440 0.0000000000
94023  61.641  -3.059  6.037 0.0000000000
94024  60.762  -2.492  5.150 0.0000000000
94025  58.996  -2.486  3.668 0.0000000000
94026  58.190  -2.210  4.125 0.0000000000
94027  49.585  -3.211  7.474 0.0000000000
94028  49.284  -2.707  7.734 0.0000000000
94034  61.194  -3.414  5.042 0.0000000000
94035  60.418  -2.799  4.281 0.0000000000
94036  59.603  -2.526  3.769 0.0000000000
94037  51.280  -2.921  6.427 0.0000000000
94038  50.725  -2.556  6.707 0.0000000000
94039  50.368  -1.854  6.911 0.0000000000
94045  52.645  -2.303  5.140 0.0000000000
94046  52.191  -2.126  5.409 0.0000000000
94047  51.916  -1.486  5.354 0.0000000000
94048  46.380  -4.765  2.063 0.0000000000
94056  53.321  -2.007  3.522 0.0000000000
94057  52.973  -1.919  4.016 0.0000000000
94058  52.562  -1.517  3.368 0.0000000000
94059  49.251  -4.098  0.635 0.0000000000
94060  48.484  -4.037  0.831 0.0000000000
94061  47.095  -4.251  1.437 0.0000000000
94066  53.348  -2.014  2.903 0.0000000000
94067  52.817  -2.054  2.310 0.0000000000
94068  51.540  -2.092  1.469 0.0000000000
94069  49.711  -3.176  0.620 0.0000000000
94070  48.710  -3.216  0.801 0.0000000000
95011  62.622  -1.769  17.633 0.0000000000
95012  62.020  -1.188  18.331 0.0000000000
95013  61.124  -1.130  18.865 0.0000000000
95016  63.080  -1.459  16.838 0.0000000000
95017  62.448  -1.233  17.563 0.0000000000
95018  60.215  -0.851  18.455 0.0000000000
95019  59.503  -0.967  17.845 0.0000000000
95022  63.638  -1.832  15.905 0.0000000000
95023  58.871  -1.195  16.852 0.0000000000
95025  48.303  -0.641  14.485 0.0000000000
95026  48.054  -0.814  14.357 0.0000000000
95027  47.705  -0.963  14.177 0.0000000000
95034  63.581  -1.693  15.255 0.0000000000
95035  58.323  -1.512  15.472 0.0000000000
95036  57.886  -2.219  14.604 0.0000000000
95038  48.935  -0.632  13.912 0.0000000000
95039  48.471  -0.884  14.013 0.0000000000
95040  47.844  -1.392  13.682 0.0000000000
95041  47.378  -1.313  13.607 0.0000000000
95042  47.055  -1.268  13.484 0.0000000000
95049  63.125  -1.722  14.256 0.0000000000
95050  62.846  -1.742  13.145 0.0000000000
95051  58.076  -1.430  14.408 0.0000000000
95052  57.584  -1.992  13.691 0.0000000000
95054  49.552  -0.594  12.858 0.0000000000
95055  49.046  -0.940  13.260 0.0000000000
95056  48.254  -1.638  13.119 0.0000000000
95057  47.913  -1.699  13.256 0.0000000000
95058  47.255  -1.552  12.961 0.0000000000
95059  46.972  -1.301  13.111 0.0000000000
95066  62.664  -1.702  12.080 0.0000000000
95067  57.030  -1.904  12.484 0.0000000000
95068  56.483  -2.167  12.045 0.0000000000
95069  55.470  -1.029  13.040 0.0000000000
95070  49.415  -1.188  12.130 0.0000000000
95071  48.676  -1.757  12.459 0.0000000000
95072  48.300  -2.008  12.555 0.0000000000
95073  47.253  -1.573  12.355 0.0000000000
95074  46.944  -1.287  12.796 0.0000000000
95079  62.733  -1.738  10.978 0.0000000000
95080  62.563  -2.284  10.252 0.0000000000
95081  56.663  -1.469  11.902 0.0000000000
95082  56.223  -1.515  11.813 0.0000000000
95083  55.861  -1.115  11.839 0.0000000000
95084  55.587  -1.109  12.225 0.0000000000
95085  55.482  -1.031  12.603 0.0000000000
95086  49.615  -1.330  11.105 0.0000000000
95087  47.315  -1.846  11.555 0.0000000000
95093  62.561  -1.504  10.214 0.0000000000
95094  62.363  -1.971  9.445 0.0000000000
95095  56.137  -0.721  11.614 0.0000000000
95096  55.988  -0.528  11.593 0.0000000000
95097  51.209  -0.766  8.779 0.0000000000
95098  50.709  -1.410  9.231 0.0000000000
95099  49.995  -1.441  10.275 0.0000000000
95100  47.461  -1.962  10.798 0.0000000000
95106  62.046  -1.899  8.206 0.0000000000
95107  51.569  -1.562  8.223 0.0000000000
95108  51.085  -2.170  8.615 0.0000000000
95109  47.872  -1.869  10.022 0.0000000000
95116  61.566  -1.768  6.905 0.0000000000
95117  58.019  -0.960  4.630 0.0000000000
95118  57.576  -1.581  4.791 0.0000000000
95119  56.118  -1.667  6.114 0.0000000000
95120  54.514  -1.466  6.672 0.0000000000
95121  53.295  -1.310  7.191 0.0000000000
95122  52.467  -1.464  7.634 0.0000000000
95123  48.755  -1.880  8.489 0.0000000000
95124  48.351  -1.675  9.353 0.0000000000
95131  60.750  -1.585  5.789 0.0000000000
95132  59.920  -1.524  4.747 0.0000000000
95133  58.838  -1.590  4.309 0.0000000000
95134  58.229  -1.760  4.286 0.0000000000
95135  49.784  -1.543  7.449 0.0000000000
95142  59.628  -2.090  4.067 0.0000000000
95143  59.372  -2.072  3.936 0.0000000000
95144  51.432  -1.107  5.829 0.0000000000
95145  50.704  -1.074  6.654 0.0000000000
95154  52.396  -1.273  4.259 0.0000000000
95155  52.126  -0.695  4.159 0.0000000000
95156  46.024  -3.945  2.168 0.0000000000
95167  51.875  -1.089  2.756 0.0000000000
95168  51.859  -0.542  3.012 0.0000000000
95169  47.641  -3.032  0.847 0.0000000000
95170  46.233  -2.991  1.627 0.0000000000
95178  51.154  -1.470  1.844 0.0000000000
95179  50.297  -1.939  1.233 0.0000000000
95180  48.925  -2.387  0.747 0.0000000000
96093  61.567  -0.601  18.059 0.0000000000
96094  61.383  -0.697  18.369 0.0000000000
96097  48.544  0.467  16.048 0.0000000000
96098  48.269  0.423  16.027 0.0000000000
96099  48.053  0.399  16.039 0.0000000000
96102  62.782  -0.428  16.712 0.0000000000
96103  62.119  -0.510  17.490 0.0000000000
96104  60.861  -0.194  17.912 0.0000000000
96105  60.033  -0.450  17.944 0.0000000000
96106  56.458  0.145  15.317 0.0000000000
96107  56.412  -1.303  15.773 0.0000000000
96108  48.636  0.356  15.581 0.0000000000
96109  48.249  0.184  15.392 0.0000000000
96110  47.953  0.154  15.350 0.0000000000
96111  47.786  0.103  14.969 0.0000000000
96113  63.491  -0.649  16.002 0.0000000000
96114  60.331  0.300  17.311 0.0000000000
96115  59.687  -0.133  17.230 0.0000000000
96116  56.303  0.510  14.851 0.0000000000
96117  56.171  -0.501  14.741 0.0000000000
96118  48.772  0.190  15.007 0.0000000000
96119  48.300  -0.212  14.851 0.0000000000
96120  47.941  -0.381  14.713 0.0000000000
96121  47.479  -0.517  14.302 0.0000000000
96122  47.095  -0.602  14.063 0.0000000000
96128  63.339  -0.494  15.113 0.0000000000
96129  58.963  -0.254  16.110 0.0000000000
96130  55.842  -0.019  13.838 0.0000000000
96131  49.483  0.186  14.076 0.0000000000
96132  49.033  -0.148  14.406 0.0000000000
96133  48.535  -0.379  14.568 0.0000000000
96134  47.130  -1.060  13.800 0.0000000000
96135  46.949  -0.929  13.689 0.0000000000
96143  62.864  -0.474  14.037 0.0000000000
96144  62.619  -0.476  12.892 0.0000000000
96145  58.441  -0.152  14.542 0.0000000000
96146  57.997  -1.081  13.907 0.0000000000
96147  55.668  0.151  13.192 0.0000000000
96148  49.771  0.043  13.441 0.0000000000
96149  49.258  -0.357  13.852 0.0000000000
96150  46.786  -1.086  13.084 0.0000000000
96158  62.543  -0.510  11.728 0.0000000000
96159  58.196  0.190  13.634 0.0000000000
96160  57.788  -0.559  13.174 0.0000000000
96161  55.796  0.779  12.283 0.0000000000
96162  55.675  0.008  12.683 0.0000000000
96163  49.993  -0.187  12.555 0.0000000000
96164  47.210  -1.535  11.989 0.0000000000
96165  46.964  -1.244  12.454 0.0000000000
96172  62.454  -0.594  10.653 0.0000000000
96173  57.119  -0.455  11.861 0.0000000000
96174  56.581  -0.957  11.719 0.0000000000
96175  55.963  -0.265  11.623 0.0000000000
96176  55.848  -0.048  11.922 0.0000000000
96177  55.659  -0.306  12.307 0.0000000000
96178  50.601  0.534  11.422 0.0000000000
96179  50.108  -0.395  11.553 0.0000000000
96180  47.323  -1.427  11.479 0.0000000000
96181  47.135  -1.305  12.014 0.0000000000
96186  62.320  -0.888  9.843 0.0000000000
96187  61.839  -0.767  9.019 0.0000000000
96188  56.947  0.275  11.407 0.0000000000
96189  56.532  -0.166  11.517 0.0000000000
96190  56.163  0.149  11.558 0.0000000000
96191  56.034  0.486  11.674 0.0000000000
96192  51.091  -0.034  9.336 0.0000000000
96193  50.547  -0.165  10.459 0.0000000000
96194  50.056  -0.845  10.852 0.0000000000
96195  47.670  -1.341  10.598 0.0000000000
96202  61.177  -0.631  7.845 0.0000000000
96203  52.101  0.470  7.989 0.0000000000
96204  51.682  -0.086  8.379 0.0000000000
96205  48.192  -1.208  9.770 0.0000000000
96210  60.653  -0.394  6.567 0.0000000000
96211  57.632  -0.785  4.896 0.0000000000
96212  56.869  -0.578  5.311 0.0000000000
96213  55.319  -0.052  5.985 0.0000000000
96214  53.765  -0.200  6.696 0.0000000000
96215  52.550  -0.184  7.518 0.0000000000
96216  52.011  -0.831  7.900 0.0000000000
96217  49.444  -0.900  7.938 0.0000000000
96218  48.710  -1.084  8.891 0.0000000000
96223  59.985  -0.189  5.513 0.0000000000
96224  59.080  -0.133  5.043 0.0000000000
96225  57.856  -0.062  4.980 0.0000000000
96226  56.469  0.522  5.409 0.0000000000
96227  55.690  0.784  5.660 0.0000000000
96228  50.371  -0.543  6.934 0.0000000000
96234  51.766  -0.111  4.535 0.0000000000
96235  51.261  -0.230  5.831 0.0000000000
96243  51.712  -0.105  3.251 0.0000000000
96251  51.177  -1.098  2.103 0.0000000000
96252  51.008  -0.612  2.144 0.0000000000
96253  46.771  -2.372  0.920 0.0000000000
96262  50.674  -1.248  1.634 0.0000000000
96263  49.646  -1.190  0.990 0.0000000000
96264  47.595  -1.597  0.508 0.0000000000
97147  49.141  1.192  18.056 0.0000000000
97148  48.965  1.108  18.061 0.0000000000
97152  49.535  0.993  17.200 0.0000000000
97153  49.171  0.942  17.493 0.0000000000
97154  48.742  0.979  17.553 0.0000000000
97155  48.437  0.937  17.320 0.0000000000
97158  49.723  1.070  16.542 0.0000000000
97159  49.042  0.665  16.515 0.0000000000
97160  48.631  0.653  16.732 0.0000000000
97161  48.150  0.662  16.594 0.0000000000
97162  47.841  0.717  16.372 0.0000000000
97165  62.300  0.087  16.857 0.0000000000
97166  61.573  0.385  17.098 0.0000000000
97167  60.801  0.511  17.130 0.0000000000
97168  56.572  1.063  15.657 0.0000000000
97169  49.876  1.204  15.681 0.0000000000
97170  49.213  0.637  15.751 0.0000000000
97171  47.950  0.375  15.885 0.0000000000
97172  47.812  0.453  15.690 0.0000000000
97174  62.862  0.324  16.345 0.0000000000
97175  62.159  0.527  16.604 0.0000000000
97176  60.087  0.768  16.724 0.0000000000
97177  59.464  0.354  16.501 0.0000000000
97178  56.201  1.441  14.825 0.0000000000
97179  56.219  0.794  14.594 0.0000000000
97180  50.443  1.567  14.548 0.0000000000
97181  50.014  1.226  14.896 0.0000000000
97182  49.358  0.617  15.046 0.0000000000
97183  47.623  0.147  14.789 0.0000000000
97184  47.261  -0.233  14.253 0.0000000000
97189  63.150  0.413  15.652 0.0000000000
97190  59.964  1.294  16.234 0.0000000000
97191  59.321  0.923  15.785 0.0000000000
97192  55.649  2.205  14.435 0.0000000000
97193  55.861  1.531  14.079 0.0000000000
97194  50.588  1.625  14.052 0.0000000000
97195  49.999  0.876  14.162 0.0000000000
97196  49.550  0.537  14.524 0.0000000000
97197  46.944  -0.497  13.906 0.0000000000
97207  62.973  0.662  14.836 0.0000000000
97208  62.541  0.762  13.727 0.0000000000
97209  58.829  1.310  14.778 0.0000000000
97210  55.665  1.614  13.284 0.0000000000
97211  50.793  1.558  13.421 0.0000000000
97212  50.305  0.951  13.617 0.0000000000
97213  46.807  -0.685  13.448 0.0000000000
97220  62.351  0.740  12.502 0.0000000000
97221  58.360  1.189  13.739 0.0000000000
97222  58.028  0.414  13.253 0.0000000000
97223  55.715  1.929  12.229 0.0000000000
97224  55.660  1.536  12.700 0.0000000000
97225  50.939  1.524  12.708 0.0000000000
97226  50.406  0.704  13.004 0.0000000000
97227  47.307  -0.558  12.092 0.0000000000
97228  46.923  -0.748  12.754 0.0000000000
97234  62.266  0.682  11.270 0.0000000000
97235  58.185  1.780  13.117 0.0000000000
97236  57.820  0.934  12.567 0.0000000000
97237  55.888  1.429  11.863 0.0000000000
97238  51.017  1.435  11.888 0.0000000000
97239  50.489  0.590  12.196 0.0000000000
97240  47.541  -0.748  11.243 0.0000000000
97241  47.115  -1.033  12.025 0.0000000000
97246  61.831  0.367  10.035 0.0000000000
97247  60.971  0.526  8.802 0.0000000000
97248  57.216  0.918  11.574 0.0000000000
97249  56.818  1.077  11.292 0.0000000000
97250  56.396  1.246  11.434 0.0000000000
97251  56.179  1.396  11.624 0.0000000000
97252  51.295  0.984  10.135 0.0000000000
97253  51.107  1.130  11.037 0.0000000000
97254  48.020  -0.648  10.228 0.0000000000
97261  60.490  0.837  7.418 0.0000000000
97262  56.682  1.518  11.311 0.0000000000
97263  56.552  1.687  11.413 0.0000000000
97264  51.982  1.045  8.423 0.0000000000
97265  51.590  1.021  9.196 0.0000000000
97266  48.547  -0.498  9.342 0.0000000000
97273  59.934  0.935  6.327 0.0000000000
97274  54.229  0.942  6.383 0.0000000000
97275  53.254  0.919  7.103 0.0000000000
97276  52.484  1.013  7.800 0.0000000000
97277  50.027  0.088  7.359 0.0000000000
97278  49.182  -0.261  8.404 0.0000000000
97283  59.293  1.074  5.685 0.0000000000
97284  58.315  1.242  5.474 0.0000000000
97285  57.117  1.355  5.493 0.0000000000
97286  56.002  1.409  5.718 0.0000000000
97287  55.131  1.180  5.966 0.0000000000
97288  50.876  0.492  6.060 0.0000000000
97294  51.588  0.411  3.542 0.0000000000
97295  51.511  0.739  4.424 0.0000000000
97305  50.867  0.454  2.380 0.0000000000
97306  51.329  0.815  3.272 0.0000000000
97315  49.943  -0.095  1.169 0.0000000000
98184  52.237  2.409  21.470 0.0000000000
98185  51.892  2.237  21.514 0.0000000000
98188  52.061  2.293  21.075 0.0000000000
98189  51.407  1.871  21.026 0.0000000000
98190  50.591  1.573  20.684 0.0000000000
98191  50.013  1.467  20.401 0.0000000000
98195  52.685  2.874  19.719 0.0000000000
98196  52.058  2.399  20.188 0.0000000000
98197  51.037  1.762  20.006 0.0000000000
98198  50.191  1.461  19.755 0.0000000000
98199  49.527  1.440  19.592 0.0000000000
98200  49.085  1.475  19.208 0.0000000000
98203  52.388  2.806  19.341 0.0000000000
98204  51.597  2.467  19.009 0.0000000000
98205  50.561  1.759  18.873 0.0000000000
98206  49.672  1.294  18.497 0.0000000000
98207  49.163  1.359  18.617 0.0000000000
98208  48.894  1.479  18.600 0.0000000000
98212  51.118  2.194  18.066 0.0000000000
98213  50.246  1.482  17.567 0.0000000000
98214  49.612  1.153  17.714 0.0000000000
98215  48.888  1.330  18.136 0.0000000000
98216  48.642  1.325  17.780 0.0000000000
98217  48.293  1.234  17.355 0.0000000000
98221  51.349  2.290  17.043 0.0000000000
98222  50.576  1.757  16.373 0.0000000000
98223  48.245  0.993  17.191 0.0000000000
98224  47.939  0.960  16.845 0.0000000000
98227  61.211  0.762  16.882 0.0000000000
98228  60.877  0.944  16.726 0.0000000000
98230  55.325  2.926  15.759 0.0000000000
98231  52.490  3.064  15.680 0.0000000000
98232  51.792  2.677  15.908 0.0000000000
98233  50.622  1.875  15.419 0.0000000000
98234  47.695  0.850  16.208 0.0000000000
98236  62.360  0.744  16.340 0.0000000000
98237  61.683  1.024  16.380 0.0000000000
98238  60.696  1.389  16.240 0.0000000000
98239  55.918  2.322  15.318 0.0000000000
98240  54.588  3.112  15.256 0.0000000000
98241  52.865  3.219  15.219 0.0000000000
98242  51.203  2.328  14.763 0.0000000000
98243  50.545  1.771  14.904 0.0000000000
98244  47.576  0.659  15.342 0.0000000000
98245  47.453  0.220  14.575 0.0000000000
98251  62.648  0.998  16.004 0.0000000000
98252  62.150  1.632  15.653 0.0000000000
98253  60.052  1.762  15.795 0.0000000000
98254  59.438  1.983  15.142 0.0000000000
98255  55.462  2.485  14.793 0.0000000000
98256  54.514  3.064  14.275 0.0000000000
98257  52.240  3.076  14.132 0.0000000000
98258  51.219  2.177  13.923 0.0000000000
98259  47.460  0.584  14.575 0.0000000000
98260  47.132  -0.040  14.129 0.0000000000
98271  62.676  1.146  15.400 0.0000000000
98272  62.198  1.872  14.619 0.0000000000
98273  58.880  2.274  14.385 0.0000000000
98274  54.723  2.844  13.331 0.0000000000
98275  52.937  3.197  13.294 0.0000000000
98276  51.551  2.373  13.306 0.0000000000
98277  47.147  0.234  13.661 0.0000000000
98278  46.893  -0.299  13.731 0.0000000000
98286  62.076  1.888  13.267 0.0000000000
98287  58.528  2.470  13.492 0.0000000000
98288  55.168  2.686  12.250 0.0000000000
98289  54.797  2.863  12.644 0.0000000000
98290  53.120  3.191  12.263 0.0000000000
98291  51.774  2.419  12.484 0.0000000000
98292  47.261  -0.007  12.640 0.0000000000
98293  46.901  -0.329  13.285 0.0000000000
98300  61.961  1.891  12.047 0.0000000000
98301  58.108  2.385  12.635 0.0000000000
98302  57.545  2.117  11.919 0.0000000000
98303  55.401  2.687  11.777 0.0000000000
98304  52.379  2.638  11.112 0.0000000000
98305  51.746  2.185  11.581 0.0000000000
98306  47.683  -0.045  11.609 0.0000000000
98312  61.622  1.826  10.891 0.0000000000
98313  60.858  1.738  9.757 0.0000000000
98314  57.040  2.058  11.352 0.0000000000
98315  56.826  1.680  11.307 0.0000000000
98316  56.031  2.437  11.303 0.0000000000
98317  55.751  2.588  11.478 0.0000000000
98318  51.933  2.084  10.007 0.0000000000
98319  51.655  1.808  10.780 0.0000000000
98320  47.997  -0.050  10.611 0.0000000000
98326  60.363  2.018  8.409 0.0000000000
98327  56.814  2.645  11.267 0.0000000000
98328  56.629  2.264  11.354 0.0000000000
98329  56.277  2.391  11.301 0.0000000000
98330  52.537  1.752  8.454 0.0000000000
98331  52.187  1.771  9.091 0.0000000000
98332  48.449  -0.005  9.750 0.0000000000
98342  59.677  2.325  7.075 0.0000000000
98343  59.087  3.124  6.868 0.0000000000
98344  54.581  1.778  6.364 0.0000000000
98345  53.940  2.028  6.990 0.0000000000
98346  53.105  1.893  7.784 0.0000000000
98347  49.631  0.635  7.860 0.0000000000
98348  48.992  0.224  8.942 0.0000000000
98358  59.427  1.736  6.266 0.0000000000
98359  58.747  2.476  6.223 0.0000000000
98360  57.535  2.408  5.897 0.0000000000
98361  56.404  2.312  6.010 0.0000000000
98362  55.321  2.202  6.236 0.0000000000
98363  54.645  2.437  6.668 0.0000000000
98364  50.433  1.092  6.521 0.0000000000
98370  51.121  1.521  4.867 0.0000000000
98376  50.303  1.013  1.918 0.0000000000
98377  50.793  1.405  2.900 0.0000000000
99261  53.420  3.370  22.149 0.0000000000
99272  52.594  2.703  21.803 0.0000000000
99273  51.509  2.147  21.751 0.0000000000
99274  50.859  1.964  21.675 0.0000000000
99281  53.608  3.288  20.921 0.0000000000
99282  52.635  2.653  21.108 0.0000000000
99283  50.878  1.763  21.340 0.0000000000
99284  50.286  1.712  21.119 0.0000000000
99285  49.640  1.633  20.479 0.0000000000
99291  53.170  3.071  20.143 0.0000000000
99292  52.450  2.531  20.696 0.0000000000
99293  49.158  1.645  19.804 0.0000000000
99294  48.864  1.659  19.162 0.0000000000
99298  53.251  3.394  19.009 0.0000000000
99299  52.481  3.043  18.604 0.0000000000
99300  48.686  1.652  18.531 0.0000000000
99305  53.321  3.487  17.854 0.0000000000
99306  52.141  2.839  17.718 0.0000000000
99307  48.456  1.574  17.813 0.0000000000
99308  48.117  1.360  17.185 0.0000000000
99312  54.478  3.506  16.961 0.0000000000
99313  53.121  3.433  16.836 0.0000000000
99314  52.258  2.906  16.588 0.0000000000
99315  47.792  1.191  16.694 0.0000000000
99318  55.328  3.128  16.288 0.0000000000
99319  54.151  3.360  16.066 0.0000000000
99320  52.813  3.219  15.944 0.0000000000
99321  52.300  2.939  16.135 0.0000000000
99322  47.589  1.134  16.088 0.0000000000
99324  61.433  1.732  15.879 0.0000000000
99325  60.831  1.958  15.686 0.0000000000
99326  53.482  3.308  15.599 0.0000000000
99327  53.052  3.279  15.578 0.0000000000
99328  47.548  1.088  15.398 0.0000000000
99335  61.470  2.265  15.328 0.0000000000
99336  60.383  2.522  15.144 0.0000000000
99337  59.585  2.737  14.631 0.0000000000
99338  47.560  1.156  14.806 0.0000000000
99347  61.128  2.840  14.457 0.0000000000
99348  60.156  3.168  14.315 0.0000000000
99349  59.309  3.172  13.800 0.0000000000
99350  47.865  1.499  13.779 0.0000000000
99351  47.683  1.069  13.972 0.0000000000
99358  61.524  2.702  13.743 0.0000000000
99359  58.675  3.399  12.827 0.0000000000
99360  54.602  3.168  12.153 0.0000000000
99361  53.981  3.413  11.913 0.0000000000
99362  53.225  3.210  11.396 0.0000000000
99363  47.877  1.448  13.279 0.0000000000
99364  47.558  0.806  12.979 0.0000000000
99370  61.554  2.827  12.745 0.0000000000
99371  58.009  3.370  11.903 0.0000000000
99372  57.370  2.947  11.567 0.0000000000
99373  54.590  3.301  11.694 0.0000000000
99374  53.772  3.431  11.053 0.0000000000
99375  52.873  2.931  10.499 0.0000000000
99376  48.009  1.333  12.345 0.0000000000
99377  47.742  0.683  11.958 0.0000000000
99383  61.370  2.908  11.661 0.0000000000
99384  60.883  2.960  10.593 0.0000000000
99385  57.549  3.692  11.323 0.0000000000
99386  57.018  3.238  11.166 0.0000000000
99387  55.490  3.355  10.814 0.0000000000
99388  54.731  3.560  10.857 0.0000000000
99389  53.514  3.293  9.844 0.0000000000
99390  52.636  2.524  9.506 0.0000000000
99391  48.375  1.177  11.343 0.0000000000
99392  48.163  0.569  10.950 0.0000000000
99398  60.288  3.092  9.415 0.0000000000
99399  56.632  3.053  11.110 0.0000000000
99400  56.311  3.150  10.897 0.0000000000
99401  55.872  3.365  10.657 0.0000000000
99402  53.118  2.557  8.735 0.0000000000
99403  52.575  2.174  8.940 0.0000000000
99404  48.861  1.102  10.220 0.0000000000
99405  48.611  0.503  9.966 0.0000000000
99412  59.757  3.277  8.261 0.0000000000
99413  59.196  3.575  7.513 0.0000000000
99414  55.184  3.411  7.043 0.0000000000
99415  54.588  3.107  7.259 0.0000000000
99416  53.840  2.819  7.974 0.0000000000
99417  49.378  1.112  8.759 0.0000000000
99418  48.866  0.434  9.387 0.0000000000
99426  58.497  3.716  7.052 0.0000000000
99427  57.715  3.427  6.518 0.0000000000
99428  56.734  3.172  6.485 0.0000000000
99429  55.720  3.227  6.609 0.0000000000
99430  55.032  2.937  6.697 0.0000000000
99431  50.038  1.539  7.067 0.0000000000
100347  52.504  3.049  22.477 0.0000000000
100348  51.829  2.892  22.544 0.0000000000
100360  51.951  2.499  22.156 0.0000000000
100361  51.370  2.480  22.141 0.0000000000
100362  50.510  2.133  21.636 0.0000000000
100368  49.851  1.958  21.071 0.0000000000
100369  49.334  1.890  20.449 0.0000000000
100374  48.857  1.953  19.547 0.0000000000
100375  48.673  1.796  19.026 0.0000000000
100380  48.650  2.146  19.129 0.0000000000
100381  48.536  1.931  18.636 0.0000000000
100386  48.230  1.802  17.452 0.0000000000
100387  47.981  1.454  16.996 0.0000000000
100389  48.038  1.915  16.618 0.0000000000
100390  47.856  1.485  16.652 0.0000000000
100393  47.977  1.934  15.820 0.0000000000
100394  47.668  1.517  16.018 0.0000000000
100397  48.106  1.844  15.131 0.0000000000
100398  47.710  1.505  15.322 0.0000000000
100407  48.247  2.029  14.625 0.0000000000
100408  47.875  1.572  14.544 0.0000000000
100418  61.087  3.095  13.847 0.0000000000
100419  60.612  3.343  13.792 0.0000000000
100420  59.961  3.510  13.600 0.0000000000
100421  48.109  1.911  13.829 0.0000000000
100422  47.866  1.518  14.036 0.0000000000
100429  61.018  3.301  13.286 0.0000000000
100430  60.270  3.679  12.996 0.0000000000
100431  59.482  3.770  12.846 0.0000000000
100432  48.344  1.893  12.809 0.0000000000
100437  60.824  3.552  12.353 0.0000000000
100438  59.789  4.142  11.821 0.0000000000
100439  58.812  4.190  11.825 0.0000000000
100440  48.666  1.734  11.815 0.0000000000
100445  60.608  3.610  11.409 0.0000000000
100446  59.976  3.963  10.464 0.0000000000
100447  58.002  4.273  11.226 0.0000000000
100448  57.379  4.157  10.798 0.0000000000
100449  55.420  3.690  10.213 0.0000000000
100450  54.959  3.738  9.951 0.0000000000
100451  54.311  3.585  9.639 0.0000000000
100452  49.067  1.643  10.741 0.0000000000
100457  59.553  4.100  9.152 0.0000000000
100458  59.017  4.430  8.716 0.0000000000
100459  56.684  3.876  10.528 0.0000000000
100460  56.075  3.877  10.110 0.0000000000
100461  55.484  4.033  9.482 0.0000000000
100462  54.720  3.776  8.904 0.0000000000
100463  53.925  3.330  8.756 0.0000000000
100465  49.508  1.790  9.430 0.0000000000
100471  59.281  4.061  8.269 0.0000000000
100472  58.635  4.398  7.960 0.0000000000
100473  57.897  4.553  7.834 0.0000000000
100474  57.035  4.444  7.805 0.0000000000
100475  55.586  4.099  7.768 0.0000000000
100476  54.405  3.457  8.125 0.0000000000
100477  54.044  3.219  8.284 0.0000000000
100485  58.195  4.297  7.465 0.0000000000
100486  57.710  4.178  7.210 0.0000000000
100487  56.817  3.926  7.057 0.0000000000
100488  56.179  3.711  6.891 0.0000000000
101388  52.224  3.289  22.670 0.0000000000
101394  52.410  3.798  22.741 0.0000000000
101395  51.367  3.073  22.328 0.0000000000
101396  50.791  2.509  21.983 0.0000000000
101401  50.753  3.140  21.923 0.0000000000
101402  50.168  2.617  21.395 0.0000000000
101403  49.576  2.115  20.923 0.0000000000
101405  49.534  2.897  20.352 0.0000000000
101406  49.294  2.292  20.422 0.0000000000
101408  49.359  3.087  19.753 0.0000000000
101409  48.958  2.630  19.259 0.0000000000
101410  48.589  2.236  18.880 0.0000000000
101412  48.682  2.967  18.038 0.0000000000
101413  48.505  2.330  18.299 0.0000000000
101415  48.804  2.971  16.975 0.0000000000
101416  48.408  2.404  17.314 0.0000000000
101418  48.949  2.937  15.921 0.0000000000
101419  48.401  2.424  16.346 0.0000000000
101421  48.944  3.066  14.847 0.0000000000
101422  48.477  2.377  15.290 0.0000000000
101430  49.063  3.077  13.814 0.0000000000
101431  48.516  2.561  14.278 0.0000000000
101440  49.366  2.882  12.813 0.0000000000
101441  48.677  2.483  13.305 0.0000000000
101449  49.726  2.639  11.809 0.0000000000
101450  49.015  2.279  12.321 0.0000000000
101457  59.287  4.524  10.893 0.0000000000
101458  59.105  4.512  11.322 0.0000000000
101459  49.951  2.563  10.759 0.0000000000
101460  49.335  2.139  11.293 0.0000000000
101467  59.157  4.557  9.926 0.0000000000
101468  58.524  4.589  10.621 0.0000000000
101469  57.855  4.472  10.612 0.0000000000
101471  49.601  2.141  10.244 0.0000000000
101477  59.061  4.528  9.219 0.0000000000
101478  58.462  4.702  9.122 0.0000000000
101479  57.445  4.553  9.794 0.0000000000
101480  56.450  4.310  9.538 0.0000000000
101481  55.966  4.198  9.476 0.0000000000
101489  58.153  4.671  8.325 0.0000000000
101490  57.605  4.713  8.549 0.0000000000
101491  56.650  4.568  8.687 0.0000000000
101492  55.958  4.412  8.941 0.0000000000
102405  51.887  3.831  22.487 0.0000000000
102409  52.106  4.327  22.220 0.0000000000
102410  51.250  3.740  21.937 0.0000000000
102411  50.548  3.281  21.557 0.0000000000
102413  50.708  3.752  21.277 0.0000000000
102414  50.131  3.311  20.918 0.0000000000
102416  50.498  3.792  20.543 0.0000000000
102417  49.886  3.539  19.886 0.0000000000
102418  49.394  3.258  19.300 0.0000000000
102420  49.704  3.724  18.977 0.0000000000
102421  49.167  3.408  18.565 0.0000000000
102423  49.604  4.013  18.129 0.0000000000
102424  49.132  3.571  17.585 0.0000000000
102426  49.762  4.039  17.143 0.0000000000
102427  49.323  3.528  16.541 0.0000000000
102429  50.049  3.925  16.059 0.0000000000
102430  49.475  3.510  15.452 0.0000000000
102437  50.243  3.917  14.937 0.0000000000
102438  49.612  3.514  14.368 0.0000000000
102448  50.355  3.984  13.819 0.0000000000
102449  49.810  3.448  13.312 0.0000000000
102459  50.639  3.793  12.762 0.0000000000
102460  50.139  3.221  12.287 0.0000000000
102467  50.940  3.594  11.706 0.0000000000
102468  50.406  3.068  11.234 0.0000000000
103420  52.054  4.629  21.428 0.0000000000
103421  51.235  4.052  21.415 0.0000000000
103429  51.936  4.813  20.274 0.0000000000
103430  51.145  4.223  20.814 0.0000000000
103437  52.031  4.901  19.104 0.0000000000
103438  50.867  4.196  19.635 0.0000000000
103439  50.144  3.903  19.297 0.0000000000
103446  52.234  5.009  17.938 0.0000000000
103447  51.164  4.529  18.400 0.0000000000
103448  50.249  4.144  18.683 0.0000000000
103454  52.337  5.203  16.802 0.0000000000
103455  51.355  4.706  17.284 0.0000000000
103456  50.376  4.345  17.727 0.0000000000
103460  52.515  5.184  15.743 0.0000000000
103461  51.582  4.788  16.153 0.0000000000
103462  50.627  4.371  16.659 0.0000000000
103464  52.627  5.227  15.127 0.0000000000
103465  51.943  4.988  14.892 0.0000000000
103466  50.865  4.435  15.510 0.0000000000
103468  51.916  4.874  13.655 0.0000000000
103469  51.008  4.508  14.335 0.0000000000
103477  52.113  4.729  12.569 0.0000000000
103478  51.191  4.398  13.219 0.0000000000
103493  51.490  4.175  12.152 0.0000000000
104494  52.867  5.454  20.765 0.0000000000
104502  53.843  6.028  20.330 0.0000000000
104503  52.955  5.442  19.746 0.0000000000
104512  54.191  5.916  19.312 0.0000000000
104513  53.228  5.429  18.601 0.0000000000
104522  55.544  6.372  17.788 0.0000000000
104523  54.676  5.981  18.048 0.0000000000
104524  53.353  5.513  17.410 0.0000000000
104532  55.566  6.225  17.198 0.0000000000
104533  54.525  5.788  16.809 0.0000000000
104534  53.400  5.512  16.278 0.0000000000
104542  55.575  6.177  16.179 0.0000000000
104543  54.546  5.756  15.708 0.0000000000
104544  53.440  5.443  15.189 0.0000000000
104545  52.835  5.277  14.678 0.0000000000
104551  55.586  6.176  15.220 0.0000000000
104552  54.823  5.804  14.564 0.0000000000
104553  53.661  5.496  14.214 0.0000000000
104554  52.766  5.243  13.949 0.0000000000
104558  54.675  5.801  13.618 0.0000000000
104559  53.720  5.562  13.283 0.0000000000
104560  52.894  5.137  12.951 0.0000000000
104568  54.804  5.963  12.672 0.0000000000
104569  53.859  5.656  12.285 0.0000000000
104570  53.061  5.180  11.892 0.0000000000
104578  54.981  6.106  11.650 0.0000000000
105569  57.254  7.596  18.196 0.0000000000
105570  56.374  7.066  18.654 0.0000000000
105571  55.374  6.512  19.002 0.0000000000
105577  58.267  8.324  16.489 0.0000000000
105578  57.612  7.603  17.229 0.0000000000
105579  56.370  6.837  17.706 0.0000000000
105580  55.644  6.541  18.233 0.0000000000
105586  58.364  8.391  15.480 0.0000000000
105587  57.577  7.485  16.022 0.0000000000
105588  56.600  6.738  16.640 0.0000000000
105596  58.388  8.520  14.427 0.0000000000
105597  57.625  7.530  14.848 0.0000000000
105598  56.594  6.731  15.504 0.0000000000
105608  58.381  8.645  13.831 0.0000000000
105609  57.862  7.938  13.595 0.0000000000
105610  56.391  6.646  14.159 0.0000000000
105611  55.410  6.074  13.864 0.0000000000
105626  57.732  7.994  12.827 0.0000000000
105627  57.048  7.314  12.638 0.0000000000
105628  55.697  6.390  13.161 0.0000000000
105642  56.888  7.356  11.453 0.0000000000
105643  55.936  6.604  12.081 0.0000000000
106622  58.636  9.596  14.991 0.0000000000
106634  58.572  9.435  13.951 0.0000000000
106635  58.350  8.837  13.440 0.0000000000
106652  58.409  9.594  13.169 0.0000000000
106653  58.106  8.729  12.790 0.0000000000
106654  57.738  8.169  12.348 0.0000000000
106671  58.213  9.756  12.432 0.0000000000
106672  57.910  8.973  11.934 0.0000000000
106673  57.559  8.044  11.673 0.0000000000
107670  58.444  10.617  14.384 0.0000000000
107684  58.457  10.288  13.602 0.0000000000
107685  58.118  11.229  13.659 0.0000000000
107697  58.264  10.523  12.964 0.0000000000
