#!ascii label  , from subject subject001 vox2ras=TkReg
1745
22124  10.763  -67.240  46.526 0.0000000000
22125  10.202  -66.992  46.237 0.0000000000
22126  10.544  -66.828  45.752 0.0000000000
22127  9.701  -67.367  45.541 0.0000000000
22129  7.619  -67.210  45.148 0.0000000000
23348  10.002  -66.363  47.315 0.0000000000
23349  9.640  -66.812  47.725 0.0000000000
23350  11.807  -65.739  45.702 0.0000000000
23351  10.815  -66.806  46.608 0.0000000000
23352  9.401  -67.180  47.002 0.0000000000
23353  8.311  -66.716  46.439 0.0000000000
23354  12.393  -65.887  44.914 0.0000000000
23355  11.474  -66.503  45.322 0.0000000000
23356  8.907  -67.209  45.876 0.0000000000
23357  7.962  -66.972  45.857 0.0000000000
23359  12.752  -65.451  44.129 0.0000000000
23363  12.876  -65.477  43.151 0.0000000000
24585  8.637  -63.161  48.470 0.0000000000
24586  8.363  -63.193  48.445 0.0000000000
24587  9.481  -63.282  48.447 0.0000000000
24588  8.945  -63.399  48.412 0.0000000000
24589  8.296  -63.433  48.382 0.0000000000
24590  7.932  -63.616  48.302 0.0000000000
24591  9.719  -63.510  48.407 0.0000000000
24592  9.323  -63.664  48.322 0.0000000000
24593  8.624  -63.730  48.225 0.0000000000
24594  8.148  -63.734  48.290 0.0000000000
24595  10.521  -65.183  47.695 0.0000000000
24596  9.377  -66.087  47.910 0.0000000000
24597  8.386  -65.482  47.110 0.0000000000
24598  12.180  -65.285  45.863 0.0000000000
24599  11.619  -65.454  46.712 0.0000000000
24600  9.537  -66.696  47.551 0.0000000000
24601  8.368  -65.971  46.666 0.0000000000
24602  12.745  -64.820  44.963 0.0000000000
24603  12.307  -64.928  45.906 0.0000000000
24604  7.141  -65.844  45.562 0.0000000000
24605  7.220  -66.413  45.402 0.0000000000
24606  13.182  -64.569  43.454 0.0000000000
24610  13.312  -64.597  42.258 0.0000000000
25829  8.667  -62.880  48.531 0.0000000000
25830  8.329  -62.945  48.507 0.0000000000
25831  7.941  -62.862  48.542 0.0000000000
25832  9.556  -62.887  48.505 0.0000000000
25833  9.078  -62.981  48.517 0.0000000000
25834  8.102  -63.148  48.443 0.0000000000
25835  7.534  -63.173  48.349 0.0000000000
25836  6.746  -63.212  47.931 0.0000000000
25837  10.006  -63.133  48.449 0.0000000000
25838  9.834  -63.845  48.387 0.0000000000
25839  8.982  -64.089  48.009 0.0000000000
25840  7.757  -63.835  47.972 0.0000000000
25841  6.643  -63.526  47.400 0.0000000000
25842  10.716  -63.445  47.923 0.0000000000
25843  9.717  -64.794  48.277 0.0000000000
25844  8.166  -64.820  47.519 0.0000000000
25845  6.916  -64.017  47.113 0.0000000000
25846  6.567  -63.598  47.029 0.0000000000
25847  11.712  -63.933  46.991 0.0000000000
25848  7.202  -65.016  46.332 0.0000000000
25849  6.933  -64.483  46.585 0.0000000000
25850  13.061  -63.477  44.740 0.0000000000
25851  12.565  -64.068  45.909 0.0000000000
25852  6.830  -64.901  45.396 0.0000000000
25853  13.300  -63.517  43.714 0.0000000000
25855  6.410  -64.122  44.154 0.0000000000
25856  13.513  -63.484  42.491 0.0000000000
25859  13.450  -63.537  41.279 0.0000000000
25868  6.543  -62.576  39.505 0.0000000000
25876  6.544  -62.376  38.214 0.0000000000
25883  6.996  -62.282  36.940 0.0000000000
25891  7.309  -62.337  35.854 0.0000000000
27003  8.811  -62.659  48.596 0.0000000000
27004  8.373  -62.630  48.635 0.0000000000
27005  8.089  -62.683  48.633 0.0000000000
27006  9.822  -62.515  48.538 0.0000000000
27007  9.239  -62.455  48.615 0.0000000000
27008  8.588  -62.334  48.756 0.0000000000
27009  7.621  -62.217  48.782 0.0000000000
27010  5.650  -62.385  48.253 0.0000000000
27011  3.592  -62.301  48.860 0.0000000000
27012  2.857  -62.492  49.255 0.0000000000
27013  10.366  -62.156  48.296 0.0000000000
27014  9.708  -61.915  48.677 0.0000000000
27015  8.965  -61.888  48.846 0.0000000000
27016  8.395  -62.002  49.001 0.0000000000
27017  5.723  -62.951  47.499 0.0000000000
27018  4.245  -62.707  47.851 0.0000000000
27019  2.989  -62.451  48.491 0.0000000000
27020  11.114  -61.791  47.600 0.0000000000
27021  11.273  -61.123  47.255 0.0000000000
27022  6.366  -63.905  46.224 0.0000000000
27023  5.972  -63.338  46.596 0.0000000000
27024  4.754  -62.416  46.503 0.0000000000
27025  2.990  -62.247  46.703 0.0000000000
27026  1.982  -61.730  45.683 0.0000000000
27027  1.691  -61.499  45.387 0.0000000000
27028  12.418  -62.061  45.788 0.0000000000
27029  11.974  -62.185  46.868 0.0000000000
27030  11.539  -61.316  46.972 0.0000000000
27031  6.391  -64.340  45.078 0.0000000000
27032  6.256  -64.150  45.486 0.0000000000
27033  5.628  -63.420  45.273 0.0000000000
27034  5.022  -62.591  45.442 0.0000000000
27035  3.792  -62.328  45.051 0.0000000000
27036  2.420  -62.070  45.012 0.0000000000
27037  1.428  -61.393  44.991 0.0000000000
27038  0.493  -61.216  45.000 0.0000000000
27039  12.777  -62.510  45.077 0.0000000000
27040  12.429  -62.966  46.199 0.0000000000
27041  6.669  -63.335  43.940 0.0000000000
27042  6.574  -63.347  44.174 0.0000000000
27043  6.073  -63.273  44.458 0.0000000000
27044  3.526  -62.551  44.215 0.0000000000
27045  2.770  -62.629  43.874 0.0000000000
27046  1.488  -61.909  43.976 0.0000000000
27047  0.367  -61.355  44.315 0.0000000000
27048  13.153  -62.409  43.867 0.0000000000
27049  7.054  -62.803  43.049 0.0000000000
27050  3.589  -63.063  41.765 0.0000000000
27051  2.754  -63.207  42.601 0.0000000000
27052  1.490  -62.659  42.897 0.0000000000
27053  0.116  -61.700  43.194 0.0000000000
27054  -0.913  -61.866  43.085 0.0000000000
27055  13.444  -62.328  42.723 0.0000000000
27056  7.382  -62.411  42.168 0.0000000000
27057  3.642  -63.133  40.861 0.0000000000
27058  2.691  -63.205  41.285 0.0000000000
27059  1.514  -63.233  41.798 0.0000000000
27060  0.302  -62.451  42.122 0.0000000000
27061  -0.752  -62.004  42.662 0.0000000000
27062  13.606  -62.270  41.542 0.0000000000
27063  7.406  -62.184  41.167 0.0000000000
27064  3.656  -63.324  40.344 0.0000000000
27065  2.959  -63.322  40.203 0.0000000000
27066  1.758  -63.255  40.601 0.0000000000
27067  0.664  -63.047  41.041 0.0000000000
27068  13.615  -62.357  40.341 0.0000000000
27069  7.002  -62.079  40.068 0.0000000000
27070  2.779  -63.469  39.623 0.0000000000
27071  2.131  -63.395  39.448 0.0000000000
27072  0.894  -63.095  39.917 0.0000000000
27078  6.523  -61.939  38.777 0.0000000000
27079  3.677  -63.461  37.202 0.0000000000
27080  3.117  -63.597  37.640 0.0000000000
27081  2.241  -63.582  38.274 0.0000000000
27082  1.157  -63.066  38.739 0.0000000000
27087  7.054  -61.735  37.481 0.0000000000
27088  3.686  -63.445  36.730 0.0000000000
27089  3.094  -63.529  36.843 0.0000000000
27090  2.256  -63.497  37.130 0.0000000000
27091  1.356  -63.068  37.564 0.0000000000
27096  7.703  -61.917  35.411 0.0000000000
27097  7.384  -61.888  35.948 0.0000000000
27098  3.912  -63.358  36.476 0.0000000000
27099  3.395  -63.402  36.269 0.0000000000
27100  2.509  -63.343  36.236 0.0000000000
27101  1.588  -62.936  36.469 0.0000000000
27109  7.681  -62.107  35.435 0.0000000000
28179  6.665  -60.193  49.174 0.0000000000
28180  6.189  -60.380  49.094 0.0000000000
28181  7.215  -60.795  49.156 0.0000000000
28182  5.604  -61.043  48.818 0.0000000000
28183  3.871  -61.816  49.403 0.0000000000
28184  2.747  -62.199  49.729 0.0000000000
28185  10.385  -61.632  48.285 0.0000000000
28186  10.172  -61.191  48.466 0.0000000000
28187  9.355  -61.260  49.062 0.0000000000
28188  8.415  -61.358  49.220 0.0000000000
28189  2.387  -62.071  49.315 0.0000000000
28190  10.588  -61.517  48.031 0.0000000000
28191  10.810  -60.746  47.446 0.0000000000
28192  2.206  -61.811  48.176 0.0000000000
28193  1.900  -60.884  46.550 0.0000000000
28194  1.586  -61.323  45.604 0.0000000000
28195  12.080  -61.339  45.736 0.0000000000
28196  11.597  -60.798  46.116 0.0000000000
28197  11.298  -60.785  46.801 0.0000000000
28198  5.758  -62.706  44.088 0.0000000000
28199  5.107  -62.649  44.438 0.0000000000
28200  4.518  -62.532  44.741 0.0000000000
28201  1.189  -60.330  46.353 0.0000000000
28202  0.805  -60.703  45.604 0.0000000000
28203  -0.306  -60.959  44.903 0.0000000000
28204  12.386  -61.313  44.941 0.0000000000
28205  11.814  -60.448  45.015 0.0000000000
28206  11.711  -59.904  44.571 0.0000000000
28207  7.116  -62.345  42.854 0.0000000000
28208  6.945  -62.423  43.102 0.0000000000
28209  6.469  -62.379  43.163 0.0000000000
28210  5.526  -62.303  43.126 0.0000000000
28211  4.223  -62.547  43.962 0.0000000000
28212  3.465  -62.672  43.906 0.0000000000
28213  -0.910  -61.229  43.992 0.0000000000
28214  -1.137  -60.906  43.700 0.0000000000
28215  12.757  -61.326  44.007 0.0000000000
28216  12.244  -60.253  44.084 0.0000000000
28217  11.899  -60.014  44.381 0.0000000000
28218  7.420  -61.937  42.288 0.0000000000
28219  7.173  -61.645  42.283 0.0000000000
28220  6.979  -61.792  42.688 0.0000000000
28221  5.392  -62.361  41.977 0.0000000000
28222  4.242  -62.675  42.626 0.0000000000
28223  3.451  -62.893  43.447 0.0000000000
28224  -0.954  -61.716  43.332 0.0000000000
28225  -1.083  -61.528  43.020 0.0000000000
28226  13.003  -61.294  42.949 0.0000000000
28227  12.604  -60.307  43.167 0.0000000000
28228  7.424  -61.671  41.535 0.0000000000
28229  7.369  -61.537  41.909 0.0000000000
28230  5.321  -62.330  41.420 0.0000000000
28231  4.593  -62.723  41.353 0.0000000000
28232  0.013  -62.248  41.300 0.0000000000
28233  -0.924  -62.074  42.009 0.0000000000
28234  13.321  -60.978  41.805 0.0000000000
28235  13.025  -60.244  42.387 0.0000000000
28236  7.146  -61.701  40.653 0.0000000000
28237  4.832  -62.577  39.552 0.0000000000
28238  4.272  -63.085  40.223 0.0000000000
28239  3.592  -63.398  40.071 0.0000000000
28240  0.107  -62.420  40.432 0.0000000000
28241  -0.796  -61.875  40.994 0.0000000000
28242  13.582  -61.035  40.612 0.0000000000
28243  6.609  -61.880  39.428 0.0000000000
28244  6.414  -61.864  39.164 0.0000000000
28245  4.893  -62.554  38.622 0.0000000000
28246  4.160  -63.189  39.067 0.0000000000
28247  3.342  -63.488  39.513 0.0000000000
28248  2.755  -63.539  39.378 0.0000000000
28249  0.124  -62.313  39.304 0.0000000000
28250  -0.373  -61.790  40.116 0.0000000000
28254  13.559  -61.724  38.765 0.0000000000
28255  13.619  -61.137  39.385 0.0000000000
28256  6.884  -61.395  37.935 0.0000000000
28257  6.506  -61.679  38.597 0.0000000000
28258  4.954  -62.577  37.551 0.0000000000
28259  4.104  -63.268  37.932 0.0000000000
28260  3.308  -63.604  38.564 0.0000000000
28261  2.741  -63.658  39.023 0.0000000000
28262  0.511  -62.272  38.066 0.0000000000
28269  7.270  -61.332  36.838 0.0000000000
28270  4.870  -62.638  36.706 0.0000000000
28271  4.255  -63.232  36.932 0.0000000000
28272  0.781  -62.205  36.927 0.0000000000
28278  7.651  -61.736  35.312 0.0000000000
28279  7.345  -61.605  35.660 0.0000000000
28280  5.088  -62.575  36.133 0.0000000000
28281  4.153  -63.113  35.989 0.0000000000
28282  3.001  -63.239  35.485 0.0000000000
28283  1.966  -62.808  35.445 0.0000000000
28284  1.018  -61.954  35.760 0.0000000000
28291  7.583  -61.601  34.944 0.0000000000
28292  4.740  -62.887  35.250 0.0000000000
28293  3.668  -63.105  34.815 0.0000000000
28294  2.566  -62.719  34.512 0.0000000000
28295  1.496  -61.916  34.529 0.0000000000
28296  0.881  -61.188  35.057 0.0000000000
28303  4.315  -62.912  34.206 0.0000000000
28304  3.325  -62.729  33.793 0.0000000000
28305  2.278  -61.973  33.343 0.0000000000
28306  1.409  -61.279  33.702 0.0000000000
28315  4.053  -62.641  33.386 0.0000000000
28316  3.342  -62.351  32.898 0.0000000000
28317  2.813  -61.871  32.634 0.0000000000
29353  7.063  -59.860  49.368 0.0000000000
29354  6.169  -59.903  49.453 0.0000000000
29355  8.933  -59.752  49.511 0.0000000000
29356  8.323  -60.176  49.464 0.0000000000
29357  5.278  -60.294  49.601 0.0000000000
29358  3.947  -60.901  50.219 0.0000000000
29359  2.670  -61.524  50.504 0.0000000000
29360  10.108  -60.025  47.934 0.0000000000
29361  9.463  -60.241  49.161 0.0000000000
29362  8.935  -60.781  49.312 0.0000000000
29363  1.678  -61.831  50.260 0.0000000000
29364  1.068  -61.251  49.691 0.0000000000
29365  10.533  -59.770  47.036 0.0000000000
29366  1.556  -61.798  49.268 0.0000000000
29367  1.122  -60.843  48.248 0.0000000000
29368  0.670  -59.786  47.421 0.0000000000
29369  11.337  -60.335  45.915 0.0000000000
29370  11.029  -60.032  46.146 0.0000000000
29371  1.400  -59.998  46.851 0.0000000000
29372  0.244  -59.960  46.571 0.0000000000
29373  -0.606  -60.117  45.656 0.0000000000
29374  -1.404  -59.979  45.271 0.0000000000
29375  11.413  -60.247  45.598 0.0000000000
29376  11.383  -59.687  44.998 0.0000000000
29377  6.743  -61.814  42.639 0.0000000000
29378  6.497  -61.973  42.552 0.0000000000
29379  -1.073  -60.539  44.823 0.0000000000
29380  -1.273  -60.190  44.353 0.0000000000
29381  12.084  -59.777  43.810 0.0000000000
29382  11.814  -59.483  44.023 0.0000000000
29383  7.137  -61.298  42.038 0.0000000000
29384  6.883  -61.497  42.247 0.0000000000
29385  6.230  -61.766  42.046 0.0000000000
29386  -1.016  -60.097  43.100 0.0000000000
29387  12.147  -59.655  43.388 0.0000000000
29388  11.780  -59.049  43.054 0.0000000000
29389  7.230  -61.445  41.016 0.0000000000
29390  7.086  -61.369  41.490 0.0000000000
29391  6.458  -61.292  41.328 0.0000000000
29392  5.733  -61.731  41.241 0.0000000000
29393  5.212  -62.328  41.057 0.0000000000
29394  -1.079  -60.793  41.872 0.0000000000
29395  13.093  -59.826  41.686 0.0000000000
29396  12.144  -59.250  42.224 0.0000000000
29397  11.706  -58.899  42.540 0.0000000000
29398  6.851  -61.566  40.296 0.0000000000
29399  6.460  -61.437  40.372 0.0000000000
29400  5.954  -61.479  40.364 0.0000000000
29401  5.246  -62.175  40.389 0.0000000000
29402  4.837  -62.587  40.780 0.0000000000
29403  -0.736  -60.923  40.483 0.0000000000
29404  13.261  -59.946  40.870 0.0000000000
29405  12.534  -59.285  40.978 0.0000000000
29406  6.488  -61.711  39.506 0.0000000000
29407  6.295  -61.706  39.028 0.0000000000
29408  6.018  -61.531  39.221 0.0000000000
29409  5.485  -61.910  39.409 0.0000000000
29410  -0.003  -61.131  38.629 0.0000000000
29411  -0.386  -61.274  39.528 0.0000000000
29412  12.949  -59.769  39.753 0.0000000000
29413  12.728  -59.450  40.342 0.0000000000
29414  7.121  -60.926  37.176 0.0000000000
29415  6.766  -61.085  37.447 0.0000000000
29416  6.256  -61.160  37.673 0.0000000000
29417  5.630  -61.913  38.230 0.0000000000
29418  0.197  -61.211  37.455 0.0000000000
29425  7.140  -61.096  36.529 0.0000000000
29426  7.113  -60.768  36.989 0.0000000000
29427  6.089  -61.006  36.968 0.0000000000
29428  5.643  -61.737  36.896 0.0000000000
29429  0.440  -61.226  36.488 0.0000000000
29437  7.234  -61.471  35.468 0.0000000000
29438  5.812  -62.273  34.987 0.0000000000
29439  5.590  -62.250  35.733 0.0000000000
29440  0.534  -60.730  35.747 0.0000000000
29455  7.468  -61.585  34.528 0.0000000000
29456  5.609  -62.507  34.044 0.0000000000
29457  5.204  -62.669  34.633 0.0000000000
29458  0.935  -60.683  34.349 0.0000000000
29459  0.694  -60.417  35.078 0.0000000000
29471  5.305  -62.583  33.170 0.0000000000
29472  4.846  -62.746  33.618 0.0000000000
29473  1.457  -60.961  32.965 0.0000000000
29474  1.056  -60.491  33.569 0.0000000000
29485  5.406  -62.354  32.537 0.0000000000
29486  4.465  -62.360  32.565 0.0000000000
29487  3.388  -61.751  32.185 0.0000000000
29488  2.337  -61.054  32.303 0.0000000000
29496  5.141  -61.946  31.858 0.0000000000
29497  4.248  -61.526  31.504 0.0000000000
29498  3.169  -60.901  31.505 0.0000000000
29499  2.378  -60.347  31.581 0.0000000000
30533  7.546  -59.320  49.762 0.0000000000
30534  6.397  -59.300  50.223 0.0000000000
30535  4.934  -59.104  50.632 0.0000000000
30536  3.733  -59.410  51.369 0.0000000000
30537  9.233  -59.351  49.304 0.0000000000
30538  8.449  -59.124  49.605 0.0000000000
30539  5.416  -59.695  50.038 0.0000000000
30540  4.377  -60.154  50.892 0.0000000000
30541  2.792  -60.367  51.437 0.0000000000
30542  1.728  -60.187  51.320 0.0000000000
30543  10.201  -59.229  47.342 0.0000000000
30544  9.742  -59.163  48.358 0.0000000000
30545  1.822  -61.078  51.067 0.0000000000
30546  1.016  -60.463  50.521 0.0000000000
30547  0.551  -59.705  49.536 0.0000000000
30548  10.466  -59.093  46.416 0.0000000000
30549  0.630  -60.483  49.401 0.0000000000
30550  0.594  -59.546  48.214 0.0000000000
30551  10.791  -59.035  45.387 0.0000000000
30552  -0.038  -59.416  47.235 0.0000000000
30553  -0.644  -59.564  46.595 0.0000000000
30554  -1.244  -59.402  45.965 0.0000000000
30555  11.174  -58.819  44.439 0.0000000000
30556  -1.299  -59.140  45.046 0.0000000000
30557  11.386  -58.604  43.525 0.0000000000
30558  -1.180  -58.645  43.634 0.0000000000
30559  -1.782  -58.235  42.902 0.0000000000
30560  11.434  -58.196  42.377 0.0000000000
30561  11.485  -58.483  42.677 0.0000000000
30562  -1.936  -59.043  42.363 0.0000000000
30563  -1.547  -58.288  42.560 0.0000000000
30564  11.596  -58.421  41.970 0.0000000000
30565  11.644  -58.763  42.313 0.0000000000
30566  -0.811  -59.382  41.118 0.0000000000
30567  12.026  -58.598  41.051 0.0000000000
30568  -0.073  -60.405  38.690 0.0000000000
30569  -0.281  -59.792  39.326 0.0000000000
30570  12.628  -59.151  39.571 0.0000000000
30571  12.497  -58.846  39.958 0.0000000000
30572  6.849  -60.639  37.106 0.0000000000
30573  6.664  -60.771  37.165 0.0000000000
30574  0.077  -60.220  38.139 0.0000000000
30575  -0.011  -58.981  37.917 0.0000000000
30582  7.040  -61.306  35.961 0.0000000000
30583  6.886  -60.922  36.660 0.0000000000
30584  6.353  -60.902  36.706 0.0000000000
30585  6.016  -61.146  36.599 0.0000000000
30586  0.214  -59.747  36.780 0.0000000000
30587  0.175  -58.750  37.186 0.0000000000
30593  7.042  -61.421  35.213 0.0000000000
30594  6.658  -61.511  35.613 0.0000000000
30595  6.148  -61.656  35.863 0.0000000000
30596  5.891  -61.572  36.321 0.0000000000
30597  0.753  -58.746  34.964 0.0000000000
30598  0.532  -59.615  35.554 0.0000000000
30612  7.230  -61.695  33.852 0.0000000000
30613  6.727  -61.848  34.285 0.0000000000
30614  6.236  -62.082  34.681 0.0000000000
30615  0.787  -59.416  33.968 0.0000000000
30616  0.669  -59.793  34.761 0.0000000000
30628  7.392  -61.555  32.626 0.0000000000
30629  6.758  -61.994  32.918 0.0000000000
30630  6.071  -62.373  33.324 0.0000000000
30631  1.465  -60.356  32.430 0.0000000000
30632  1.020  -59.897  33.004 0.0000000000
30642  6.688  -61.527  31.693 0.0000000000
30643  5.971  -62.070  32.075 0.0000000000
30644  1.681  -60.107  31.846 0.0000000000
30645  1.218  -59.459  32.308 0.0000000000
30655  6.716  -60.767  30.787 0.0000000000
30656  5.458  -60.995  30.819 0.0000000000
30657  3.881  -60.512  30.651 0.0000000000
30658  2.754  -60.001  30.972 0.0000000000
30659  1.984  -59.594  31.347 0.0000000000
30660  1.472  -59.330  31.722 0.0000000000
30670  5.293  -60.361  30.213 0.0000000000
30671  4.759  -60.162  30.166 0.0000000000
31664  7.858  -57.573  51.208 0.0000000000
31665  6.527  -57.464  51.642 0.0000000000
31666  5.163  -57.213  51.533 0.0000000000
31667  3.752  -57.161  51.840 0.0000000000
31668  2.745  -56.988  51.973 0.0000000000
31669  2.374  -56.692  51.961 0.0000000000
31670  8.653  -58.135  50.237 0.0000000000
31671  7.441  -58.468  50.442 0.0000000000
31672  5.765  -58.282  50.957 0.0000000000
31673  4.282  -58.189  51.169 0.0000000000
31674  2.735  -58.537  51.798 0.0000000000
31675  2.179  -57.303  51.621 0.0000000000
31676  9.964  -58.098  48.322 0.0000000000
31677  9.304  -58.589  49.279 0.0000000000
31678  8.471  -58.580  49.920 0.0000000000
31679  2.059  -59.593  51.618 0.0000000000
31680  1.350  -58.811  51.242 0.0000000000
31681  10.200  -58.430  47.154 0.0000000000
31682  9.871  -58.528  48.296 0.0000000000
31683  0.705  -59.158  50.106 0.0000000000
31684  0.499  -58.428  48.511 0.0000000000
31685  -0.113  -57.554  47.917 0.0000000000
31686  10.519  -58.386  45.799 0.0000000000
31687  -0.181  -58.858  47.482 0.0000000000
31688  -0.524  -57.963  47.097 0.0000000000
31689  -0.734  -57.760  46.226 0.0000000000
31690  10.811  -58.330  44.878 0.0000000000
31691  -0.414  -59.257  47.010 0.0000000000
31692  -0.274  -58.845  46.376 0.0000000000
31693  -1.071  -58.236  45.851 0.0000000000
31694  11.108  -57.942  43.357 0.0000000000
31695  10.982  -58.141  43.949 0.0000000000
31696  -1.283  -57.686  44.367 0.0000000000
31697  -1.603  -56.971  43.794 0.0000000000
31698  11.252  -57.969  42.867 0.0000000000
31699  11.137  -58.132  43.124 0.0000000000
31700  -1.589  -57.885  43.853 0.0000000000
31701  -1.697  -57.481  43.487 0.0000000000
31702  11.524  -57.970  42.297 0.0000000000
31703  11.301  -58.090  42.644 0.0000000000
31704  -1.819  -58.245  42.273 0.0000000000
31705  -1.540  -57.552  42.469 0.0000000000
31707  11.973  -57.863  41.216 0.0000000000
31708  -1.768  -58.117  41.608 0.0000000000
31709  -1.543  -57.193  41.669 0.0000000000
31712  -0.812  -58.059  40.416 0.0000000000
31715  -0.771  -57.741  38.763 0.0000000000
31720  0.212  -58.587  36.799 0.0000000000
31721  -0.238  -57.811  37.143 0.0000000000
31732  0.822  -57.665  35.093 0.0000000000
31733  0.358  -58.126  36.022 0.0000000000
31734  -0.301  -57.279  36.329 0.0000000000
31748  1.421  -57.074  34.132 0.0000000000
31749  1.121  -57.726  34.291 0.0000000000
31764  1.287  -57.347  33.847 0.0000000000
31765  1.036  -58.369  33.118 0.0000000000
31776  1.156  -58.485  31.950 0.0000000000
31787  6.167  -60.451  30.309 0.0000000000
31788  3.919  -59.688  30.198 0.0000000000
31789  3.178  -59.450  30.508 0.0000000000
31790  2.222  -58.829  30.764 0.0000000000
31791  1.580  -58.792  31.341 0.0000000000
31803  5.631  -59.799  29.835 0.0000000000
31804  4.384  -59.240  29.842 0.0000000000
31805  3.407  -58.890  30.134 0.0000000000
31806  2.808  -58.786  30.406 0.0000000000
32767  6.043  -56.410  52.191 0.0000000000
32768  4.887  -56.163  51.594 0.0000000000
32769  3.598  -56.260  51.739 0.0000000000
32770  2.643  -56.318  51.868 0.0000000000
32779  2.165  -56.419  51.708 0.0000000000
32789  9.512  -57.948  49.489 0.0000000000
32790  1.325  -56.705  50.765 0.0000000000
32791  0.832  -56.635  49.449 0.0000000000
32800  10.460  -57.838  47.151 0.0000000000
32801  0.759  -57.800  49.868 0.0000000000
32802  0.430  -57.074  48.481 0.0000000000
32803  -0.007  -57.027  47.404 0.0000000000
32811  10.856  -57.680  45.979 0.0000000000
32812  10.519  -57.948  46.006 0.0000000000
32813  3.327  -54.328  45.909 0.0000000000
32814  3.036  -54.266  46.218 0.0000000000
32815  0.020  -57.157  45.980 0.0000000000
32816  -0.855  -57.587  45.863 0.0000000000
32822  11.319  -57.652  44.886 0.0000000000
32823  10.848  -57.882  45.092 0.0000000000
32824  10.679  -58.060  45.243 0.0000000000
32825  5.070  -55.058  44.473 0.0000000000
32826  4.073  -54.576  44.724 0.0000000000
32827  3.336  -54.775  45.107 0.0000000000
32828  2.774  -54.545  45.578 0.0000000000
32829  -0.419  -56.226  44.910 0.0000000000
32830  -0.963  -57.160  45.239 0.0000000000
32834  11.677  -57.588  43.773 0.0000000000
32835  11.090  -57.864  44.045 0.0000000000
32836  10.813  -57.985  44.596 0.0000000000
32837  5.290  -55.459  43.945 0.0000000000
32838  4.617  -55.309  43.780 0.0000000000
32839  3.366  -54.650  44.268 0.0000000000
32840  2.571  -54.767  44.631 0.0000000000
32841  -0.665  -55.771  44.449 0.0000000000
32842  -1.332  -56.324  44.107 0.0000000000
32843  -1.832  -56.758  43.664 0.0000000000
32848  12.003  -57.490  42.719 0.0000000000
32849  11.448  -57.779  42.987 0.0000000000
32850  4.613  -55.418  42.883 0.0000000000
32851  3.529  -55.221  43.612 0.0000000000
32852  2.226  -54.733  43.948 0.0000000000
32853  1.580  -54.523  43.788 0.0000000000
32854  -1.546  -55.964  43.418 0.0000000000
32855  -1.799  -56.478  43.052 0.0000000000
32861  11.825  -57.651  42.050 0.0000000000
32863  4.892  -55.247  42.207 0.0000000000
32864  3.882  -55.323  42.776 0.0000000000
32865  2.808  -55.154  43.223 0.0000000000
32866  1.875  -54.516  43.455 0.0000000000
32867  -1.914  -56.566  41.921 0.0000000000
32875  4.345  -55.059  42.201 0.0000000000
32876  3.222  -55.274  42.755 0.0000000000
32877  2.435  -54.533  43.138 0.0000000000
32878  -1.781  -57.209  40.940 0.0000000000
32879  -1.982  -56.658  41.240 0.0000000000
32883  5.099  -55.086  41.447 0.0000000000
32884  -1.390  -56.762  40.070 0.0000000000
32885  -1.882  -56.511  40.730 0.0000000000
32888  -1.042  -56.382  39.002 0.0000000000
32894  -0.835  -56.557  37.769 0.0000000000
32905  0.363  -57.036  35.324 0.0000000000
32906  -0.214  -56.733  35.844 0.0000000000
32907  -0.724  -56.487  36.507 0.0000000000
32918  1.379  -56.751  34.270 0.0000000000
32919  0.946  -56.663  34.741 0.0000000000
32933  1.460  -56.584  33.900 0.0000000000
32934  1.184  -57.187  33.330 0.0000000000
32945  1.196  -56.407  33.251 0.0000000000
32946  0.954  -57.153  32.403 0.0000000000
32954  1.862  -58.221  30.546 0.0000000000
32955  1.293  -57.687  30.946 0.0000000000
32967  4.895  -58.448  29.460 0.0000000000
32968  3.687  -58.201  29.660 0.0000000000
32969  2.351  -58.048  30.123 0.0000000000
32970  1.685  -57.385  30.278 0.0000000000
33934  4.836  -55.059  51.690 0.0000000000
33935  3.449  -55.676  50.991 0.0000000000
33936  2.497  -56.025  51.625 0.0000000000
33945  2.966  -55.273  50.011 0.0000000000
33946  2.286  -55.861  51.010 0.0000000000
33950  4.613  -54.049  48.034 0.0000000000
33951  3.896  -54.165  48.223 0.0000000000
33952  3.182  -54.626  48.783 0.0000000000
33953  2.152  -55.678  49.407 0.0000000000
33954  1.215  -56.125  49.546 0.0000000000
33960  4.303  -54.092  47.276 0.0000000000
33961  3.281  -54.090  47.480 0.0000000000
33962  2.511  -54.952  47.839 0.0000000000
33963  1.256  -55.932  48.252 0.0000000000
33964  0.564  -56.493  47.731 0.0000000000
33971  4.817  -54.152  46.240 0.0000000000
33972  3.634  -53.889  46.279 0.0000000000
33973  2.787  -54.240  46.737 0.0000000000
33974  1.945  -54.975  46.841 0.0000000000
33975  1.046  -56.190  46.668 0.0000000000
33982  5.733  -54.778  45.286 0.0000000000
33983  4.477  -54.268  45.368 0.0000000000
33984  3.850  -54.396  45.583 0.0000000000
33985  2.479  -54.540  46.067 0.0000000000
33986  1.713  -55.076  45.727 0.0000000000
33987  0.685  -55.802  45.388 0.0000000000
33994  5.890  -55.362  44.015 0.0000000000
33995  5.480  -55.440  43.487 0.0000000000
33996  2.247  -54.764  45.085 0.0000000000
33997  1.479  -55.051  44.659 0.0000000000
33998  0.342  -55.467  44.381 0.0000000000
33999  -0.563  -55.533  44.067 0.0000000000
34005  5.387  -55.443  42.862 0.0000000000
34006  1.937  -54.706  44.303 0.0000000000
34007  1.300  -54.405  44.022 0.0000000000
34008  0.328  -55.104  43.642 0.0000000000
34009  -0.807  -55.495  43.351 0.0000000000
34010  -1.567  -55.765  42.913 0.0000000000
34016  5.338  -55.376  42.287 0.0000000000
34017  1.132  -54.375  43.573 0.0000000000
34018  0.078  -54.347  43.127 0.0000000000
34019  -1.009  -55.299  42.474 0.0000000000
34020  -1.858  -55.773  42.088 0.0000000000
34028  3.995  -54.956  42.217 0.0000000000
34029  2.937  -55.118  42.643 0.0000000000
34030  1.381  -54.491  43.288 0.0000000000
34031  0.181  -54.151  42.895 0.0000000000
34032  -1.683  -55.372  40.727 0.0000000000
34033  -1.781  -55.818  41.096 0.0000000000
34041  4.780  -54.992  41.519 0.0000000000
34042  -1.499  -55.627  40.024 0.0000000000
34043  -1.775  -56.161  40.462 0.0000000000
34051  -0.939  -55.343  38.402 0.0000000000
34059  -0.860  -55.541  37.019 0.0000000000
34069  0.014  -55.890  35.059 0.0000000000
34070  -0.706  -55.764  35.773 0.0000000000
34071  -0.918  -55.644  36.267 0.0000000000
34082  1.253  -55.701  34.218 0.0000000000
34083  0.764  -55.797  34.628 0.0000000000
34096  1.501  -54.846  33.304 0.0000000000
34097  1.436  -55.597  33.597 0.0000000000
34109  1.559  -54.819  32.998 0.0000000000
34110  1.253  -55.562  32.729 0.0000000000
34111  0.907  -56.279  31.705 0.0000000000
34117  1.492  -54.757  32.771 0.0000000000
34118  1.457  -55.004  32.746 0.0000000000
34119  1.179  -56.388  30.862 0.0000000000
34129  4.190  -57.396  29.207 0.0000000000
34130  2.932  -57.119  29.394 0.0000000000
34131  1.913  -56.923  29.829 0.0000000000
34132  1.468  -56.827  30.384 0.0000000000
34142  4.657  -56.643  28.683 0.0000000000
34143  3.562  -56.505  28.929 0.0000000000
35178  4.511  -54.664  50.619 0.0000000000
35183  3.839  -54.565  49.723 0.0000000000
35191  4.316  -53.949  48.872 0.0000000000
35192  3.798  -54.332  48.901 0.0000000000
35225  -0.765  -54.673  42.237 0.0000000000
35226  -1.660  -55.208  41.705 0.0000000000
35227  -1.848  -55.511  41.495 0.0000000000
35233  3.751  -54.937  42.364 0.0000000000
35234  1.953  -54.659  42.905 0.0000000000
35235  0.688  -54.283  43.038 0.0000000000
35236  -0.403  -54.206  42.371 0.0000000000
35237  -1.602  -54.774  41.011 0.0000000000
35238  -1.867  -55.301  41.280 0.0000000000
35248  4.988  -54.956  41.396 0.0000000000
35249  -1.098  -54.505  39.290 0.0000000000
35261  -1.024  -54.418  38.306 0.0000000000
35273  -0.958  -54.482  37.418 0.0000000000
35279  -0.009  -55.000  34.973 0.0000000000
35280  -0.504  -54.969  35.287 0.0000000000
35281  -0.929  -54.708  36.107 0.0000000000
35292  1.149  -54.721  34.147 0.0000000000
35293  0.586  -54.868  34.536 0.0000000000
35294  -0.210  -54.341  34.837 0.0000000000
35295  -0.698  -54.078  35.261 0.0000000000
35309  1.444  -54.314  33.398 0.0000000000
35310  1.371  -54.535  33.741 0.0000000000
35321  1.541  -54.278  33.152 0.0000000000
35322  1.279  -55.305  32.421 0.0000000000
35323  1.105  -55.468  32.123 0.0000000000
35329  1.542  -54.392  32.812 0.0000000000
35330  1.330  -54.889  32.365 0.0000000000
35331  1.178  -55.378  31.339 0.0000000000
35337  2.901  -56.364  29.138 0.0000000000
35338  2.279  -56.201  29.368 0.0000000000
35339  1.441  -55.721  30.071 0.0000000000
35350  3.907  -55.842  28.347 0.0000000000
35351  2.798  -55.732  28.757 0.0000000000
35352  1.842  -55.340  29.158 0.0000000000
35353  1.475  -54.963  29.539 0.0000000000
36444  1.225  -53.827  47.144 0.0000000000
36445  0.341  -53.627  47.175 0.0000000000
36446  -0.063  -53.472  47.078 0.0000000000
36452  2.315  -54.573  46.264 0.0000000000
36453  1.718  -54.436  46.460 0.0000000000
36454  0.943  -53.915  46.642 0.0000000000
36455  0.277  -53.639  46.733 0.0000000000
36461  3.352  -54.504  45.218 0.0000000000
36462  2.414  -54.411  45.649 0.0000000000
36463  1.942  -54.766  45.931 0.0000000000
36464  1.207  -54.232  46.030 0.0000000000
36465  0.657  -53.840  46.382 0.0000000000
36472  3.691  -54.654  44.780 0.0000000000
36473  2.859  -54.527  45.030 0.0000000000
36474  2.002  -54.793  45.379 0.0000000000
36475  1.687  -54.814  45.712 0.0000000000
36482  4.655  -54.354  43.864 0.0000000000
36483  4.225  -54.460  44.170 0.0000000000
36484  3.245  -54.595  44.240 0.0000000000
36485  2.226  -54.698  44.868 0.0000000000
36492  4.729  -54.458  43.551 0.0000000000
36493  3.994  -54.692  43.561 0.0000000000
36494  3.067  -55.062  43.648 0.0000000000
36500  4.830  -54.603  42.909 0.0000000000
36501  3.890  -54.699  42.928 0.0000000000
36502  2.729  -54.581  43.107 0.0000000000
36503  1.608  -54.433  43.016 0.0000000000
36504  0.686  -54.083  43.181 0.0000000000
36505  -0.066  -53.959  42.700 0.0000000000
36513  4.976  -54.684  42.231 0.0000000000
36514  3.982  -54.913  42.436 0.0000000000
36515  2.482  -54.805  42.898 0.0000000000
36516  1.210  -54.414  43.165 0.0000000000
36517  0.156  -54.062  42.895 0.0000000000
36518  -0.680  -53.834  41.801 0.0000000000
36529  5.313  -54.586  41.358 0.0000000000
36530  4.768  -54.946  41.733 0.0000000000
36531  -1.021  -53.646  39.994 0.0000000000
36541  -1.023  -53.393  38.182 0.0000000000
36551  -0.967  -53.514  36.715 0.0000000000
36556  -0.872  -53.525  35.716 0.0000000000
36563  1.024  -53.783  34.033 0.0000000000
36564  0.279  -53.686  34.499 0.0000000000
36565  -0.399  -53.490  34.893 0.0000000000
36566  -0.674  -53.439  35.241 0.0000000000
36578  1.517  -53.644  33.348 0.0000000000
36579  1.319  -53.713  33.665 0.0000000000
36591  1.688  -53.720  32.953 0.0000000000
36597  1.452  -53.934  32.418 0.0000000000
36598  1.266  -54.287  31.626 0.0000000000
36599  1.227  -54.633  30.688 0.0000000000
36606  1.312  -54.670  29.930 0.0000000000
36616  4.284  -55.191  27.653 0.0000000000
36617  3.098  -55.053  27.942 0.0000000000
36618  2.137  -54.802  28.460 0.0000000000
36619  1.537  -54.462  29.122 0.0000000000
36620  1.416  -54.567  29.551 0.0000000000
36631  3.483  -54.309  27.253 0.0000000000
36632  2.399  -54.067  27.761 0.0000000000
36633  1.734  -53.934  28.475 0.0000000000
37670  3.676  -53.496  49.882 0.0000000000
37671  3.281  -53.460  49.825 0.0000000000
37672  2.384  -53.335  49.716 0.0000000000
37673  1.429  -53.245  49.654 0.0000000000
37686  3.811  -53.490  49.488 0.0000000000
37687  3.174  -53.547  49.104 0.0000000000
37688  2.153  -53.503  48.899 0.0000000000
37689  0.891  -53.249  48.960 0.0000000000
37700  4.620  -53.090  48.300 0.0000000000
37701  4.197  -53.538  48.550 0.0000000000
37702  3.084  -54.018  48.161 0.0000000000
37703  1.834  -53.864  47.864 0.0000000000
37704  0.233  -53.382  47.988 0.0000000000
37705  -0.669  -53.651  47.485 0.0000000000
37713  4.717  -53.185  47.785 0.0000000000
37714  3.903  -53.761  47.332 0.0000000000
37715  2.843  -54.167  46.897 0.0000000000
37716  2.061  -54.330  46.921 0.0000000000
37717  -0.463  -53.438  47.009 0.0000000000
37725  4.925  -53.487  46.619 0.0000000000
37726  3.759  -53.847  45.840 0.0000000000
37727  2.852  -54.381  45.976 0.0000000000
37728  0.867  -54.032  45.813 0.0000000000
37729  0.099  -53.638  46.129 0.0000000000
37737  6.035  -53.132  44.716 0.0000000000
37738  5.381  -53.384  45.146 0.0000000000
37739  4.300  -54.493  44.794 0.0000000000
37740  1.769  -54.911  45.027 0.0000000000
37741  1.173  -54.329  45.313 0.0000000000
37742  -0.263  -53.245  45.030 0.0000000000
37750  6.107  -53.233  44.255 0.0000000000
37751  5.037  -53.939  43.972 0.0000000000
37752  4.517  -54.383  44.324 0.0000000000
37753  2.513  -54.570  44.064 0.0000000000
37754  1.619  -54.567  44.456 0.0000000000
37755  0.575  -53.898  44.251 0.0000000000
37756  -0.722  -52.816  44.014 0.0000000000
37757  -1.703  -52.563  43.681 0.0000000000
37767  6.386  -53.262  43.141 0.0000000000
37768  5.463  -53.973  42.925 0.0000000000
37769  2.156  -54.615  43.775 0.0000000000
37770  0.983  -54.272  43.766 0.0000000000
37771  0.043  -53.785  43.506 0.0000000000
37772  -1.464  -52.637  43.136 0.0000000000
37773  -1.802  -52.403  43.512 0.0000000000
37788  6.325  -53.407  41.896 0.0000000000
37789  5.457  -54.146  42.248 0.0000000000
37790  1.704  -54.381  43.369 0.0000000000
37791  0.990  -54.324  43.343 0.0000000000
37792  0.262  -54.238  43.095 0.0000000000
37793  -0.806  -53.261  42.269 0.0000000000
37809  5.698  -53.927  41.425 0.0000000000
37810  -1.099  -52.790  40.664 0.0000000000
37828  -1.102  -51.510  38.774 0.0000000000
37829  -0.979  -52.478  39.188 0.0000000000
37842  -0.950  -51.314  38.308 0.0000000000
37843  -0.968  -51.802  37.895 0.0000000000
37844  -1.194  -51.475  37.285 0.0000000000
37855  -1.157  -52.268  36.943 0.0000000000
37856  -1.204  -51.727  37.154 0.0000000000
37862  -0.928  -52.739  36.132 0.0000000000
37869  1.127  -52.964  33.953 0.0000000000
37870  0.739  -52.900  34.236 0.0000000000
37871  0.097  -52.748  34.698 0.0000000000
37872  -0.627  -52.627  35.320 0.0000000000
37881  1.682  -52.944  33.336 0.0000000000
37882  1.440  -52.942  33.672 0.0000000000
37895  1.822  -52.931  33.084 0.0000000000
37896  1.715  -52.666  32.695 0.0000000000
37905  1.661  -53.250  32.675 0.0000000000
37906  1.347  -53.117  31.848 0.0000000000
37907  1.129  -53.799  30.994 0.0000000000
37913  0.971  -53.034  30.589 0.0000000000
37914  1.112  -53.944  30.182 0.0000000000
37922  1.294  -53.294  29.341 0.0000000000
37923  1.340  -54.186  29.627 0.0000000000
37936  3.910  -53.615  26.600 0.0000000000
37937  2.761  -53.115  27.055 0.0000000000
37938  1.802  -52.886  28.039 0.0000000000
37954  3.380  -52.580  26.459 0.0000000000
37955  2.787  -52.323  26.792 0.0000000000
38931  4.890  -51.822  52.693 0.0000000000
38932  4.592  -51.887  52.718 0.0000000000
38933  5.825  -52.361  52.331 0.0000000000
38934  5.286  -52.165  52.456 0.0000000000
38935  4.312  -52.221  52.363 0.0000000000
38936  3.587  -52.156  52.221 0.0000000000
38937  5.873  -52.514  52.059 0.0000000000
38938  5.308  -52.657  51.636 0.0000000000
38939  4.048  -52.729  51.528 0.0000000000
38940  3.066  -52.250  51.922 0.0000000000
38945  5.078  -52.960  50.713 0.0000000000
38946  3.865  -53.364  50.313 0.0000000000
38947  2.675  -53.245  50.382 0.0000000000
38948  1.533  -53.086  50.425 0.0000000000
38949  0.276  -53.151  50.170 0.0000000000
38960  5.194  -53.301  49.789 0.0000000000
38961  4.502  -53.433  49.276 0.0000000000
38962  -0.684  -53.193  49.343 0.0000000000
38972  5.050  -52.934  48.584 0.0000000000
38973  4.516  -53.195  48.853 0.0000000000
38974  -1.417  -53.144  48.071 0.0000000000
38975  -1.137  -53.656  47.461 0.0000000000
38981  5.653  -52.681  47.257 0.0000000000
38982  -1.607  -52.729  47.059 0.0000000000
38983  -1.127  -53.358  47.036 0.0000000000
38988  7.359  -51.945  45.127 0.0000000000
38989  6.593  -52.296  45.674 0.0000000000
38990  5.773  -52.663  46.074 0.0000000000
38991  -1.348  -52.201  46.579 0.0000000000
38992  -1.530  -52.833  45.976 0.0000000000
38996  7.373  -52.099  44.239 0.0000000000
38997  6.514  -52.697  44.782 0.0000000000
38998  6.060  -52.723  45.398 0.0000000000
38999  -1.699  -52.445  44.614 0.0000000000
39000  -1.896  -52.039  44.281 0.0000000000
39006  7.459  -52.014  43.417 0.0000000000
39007  6.853  -52.624  43.796 0.0000000000
39008  0.823  -54.535  43.966 0.0000000000
39009  0.593  -54.152  43.820 0.0000000000
39010  -1.619  -52.485  44.030 0.0000000000
39011  -1.854  -52.186  43.896 0.0000000000
39025  7.145  -52.508  43.009 0.0000000000
39026  0.740  -54.244  43.925 0.0000000000
39027  0.619  -54.423  43.750 0.0000000000
39028  -1.846  -51.663  42.958 0.0000000000
39029  -1.890  -52.161  43.407 0.0000000000
39044  -1.234  -51.771  42.034 0.0000000000
39058  -1.138  -51.770  40.963 0.0000000000
39073  -0.851  -51.111  39.117 0.0000000000
39074  -1.044  -51.692  39.726 0.0000000000
39092  -1.017  -51.050  38.590 0.0000000000
39093  -0.982  -50.988  38.018 0.0000000000
39094  -1.210  -51.047  37.434 0.0000000000
39111  -1.250  -51.787  36.668 0.0000000000
39112  -1.394  -51.364  36.839 0.0000000000
39121  -0.992  -51.767  36.175 0.0000000000
39122  -1.216  -51.057  36.315 0.0000000000
39131  1.259  -52.315  34.067 0.0000000000
39132  0.717  -51.991  34.457 0.0000000000
39133  0.057  -51.802  34.988 0.0000000000
39134  -0.560  -51.467  35.428 0.0000000000
39141  1.747  -52.420  33.368 0.0000000000
39142  1.624  -51.975  33.763 0.0000000000
39152  1.897  -52.115  33.044 0.0000000000
39153  1.427  -52.048  32.386 0.0000000000
39164  0.800  -52.021  31.237 0.0000000000
39169  0.756  -51.950  29.974 0.0000000000
39173  1.313  -51.927  28.824 0.0000000000
39179  2.270  -51.777  27.352 0.0000000000
39180  1.659  -51.923  28.055 0.0000000000
39191  3.784  -51.659  26.057 0.0000000000
39192  2.972  -51.805  26.604 0.0000000000
40208  8.083  -51.470  52.456 0.0000000000
40209  7.013  -51.695  52.874 0.0000000000
40210  5.823  -51.406  52.972 0.0000000000
40211  4.794  -51.484  52.956 0.0000000000
40212  3.686  -51.755  53.138 0.0000000000
40213  2.916  -51.769  53.472 0.0000000000
40214  9.362  -51.206  50.893 0.0000000000
40215  8.321  -51.652  51.354 0.0000000000
40216  7.381  -52.197  51.915 0.0000000000
40217  6.226  -52.282  52.406 0.0000000000
40218  5.558  -51.860  52.697 0.0000000000
40219  3.617  -51.982  52.652 0.0000000000
40220  2.874  -51.816  52.740 0.0000000000
40221  9.696  -51.454  49.807 0.0000000000
40222  8.737  -51.842  50.323 0.0000000000
40223  7.676  -52.299  50.858 0.0000000000
40224  6.469  -52.715  51.311 0.0000000000
40225  5.774  -52.779  50.922 0.0000000000
40226  2.944  -52.748  51.293 0.0000000000
40227  1.815  -52.301  52.108 0.0000000000
40228  0.971  -52.095  51.902 0.0000000000
40234  9.698  -50.983  48.748 0.0000000000
40235  8.990  -51.813  49.235 0.0000000000
40236  7.894  -51.674  49.793 0.0000000000
40237  6.711  -52.385  50.240 0.0000000000
40238  6.000  -53.058  50.373 0.0000000000
40239  2.886  -53.145  50.809 0.0000000000
40240  2.031  -52.870  51.104 0.0000000000
40241  0.531  -52.514  51.280 0.0000000000
40242  -0.851  -52.508  50.490 0.0000000000
40249  9.657  -50.695  47.751 0.0000000000
40250  8.976  -51.249  48.142 0.0000000000
40251  8.162  -51.871  48.579 0.0000000000
40252  7.067  -52.146  48.933 0.0000000000
40253  6.056  -52.802  49.415 0.0000000000
40254  -1.649  -52.416  49.552 0.0000000000
40260  9.671  -50.606  47.139 0.0000000000
40261  8.994  -50.726  46.988 0.0000000000
40262  8.209  -51.459  47.521 0.0000000000
40263  7.368  -51.955  47.828 0.0000000000
40264  6.500  -52.514  48.004 0.0000000000
40265  -2.037  -51.776  48.580 0.0000000000
40266  -1.980  -51.027  48.240 0.0000000000
40274  8.651  -50.716  45.966 0.0000000000
40275  8.126  -51.201  46.516 0.0000000000
40276  7.453  -51.543  47.054 0.0000000000
40277  6.399  -52.234  47.192 0.0000000000
40278  -1.843  -51.822  47.544 0.0000000000
40279  -2.013  -51.355  47.923 0.0000000000
40289  8.595  -50.768  45.456 0.0000000000
40290  8.143  -51.185  45.416 0.0000000000
40291  7.263  -51.661  46.181 0.0000000000
40292  6.450  -52.145  46.595 0.0000000000
40293  -1.571  -51.913  46.911 0.0000000000
40294  -1.685  -51.718  46.271 0.0000000000
40303  7.883  -51.470  44.492 0.0000000000
40304  -1.756  -51.408  45.129 0.0000000000
40305  -1.850  -51.892  44.526 0.0000000000
40316  7.760  -51.596  43.814 0.0000000000
40317  -1.901  -50.595  44.314 0.0000000000
40318  -1.949  -51.518  44.153 0.0000000000
40333  -1.693  -50.714  43.437 0.0000000000
40334  -1.906  -51.688  43.570 0.0000000000
40346  -1.342  -50.559  42.324 0.0000000000
40360  -0.992  -50.608  41.173 0.0000000000
40371  -0.967  -50.721  38.921 0.0000000000
40372  -1.038  -50.679  39.823 0.0000000000
40385  -1.040  -50.584  38.392 0.0000000000
40386  -1.184  -50.431  37.824 0.0000000000
40387  -1.484  -50.482  37.168 0.0000000000
40404  -1.277  -50.631  36.598 0.0000000000
40416  -0.839  -50.806  35.829 0.0000000000
40417  -1.141  -50.719  36.212 0.0000000000
40425  1.362  -51.253  34.185 0.0000000000
40426  0.611  -51.009  34.682 0.0000000000
40427  -0.117  -50.919  35.148 0.0000000000
40428  -0.540  -50.920  35.400 0.0000000000
40435  1.759  -51.816  33.405 0.0000000000
40436  1.627  -51.242  33.685 0.0000000000
40444  1.813  -51.776  33.161 0.0000000000
40445  1.551  -51.358  33.037 0.0000000000
40457  0.648  -50.981  31.938 0.0000000000
40458  0.431  -49.960  32.028 0.0000000000
40459  0.434  -49.427  32.024 0.0000000000
40468  0.577  -50.855  30.696 0.0000000000
40469  0.479  -50.020  31.280 0.0000000000
40470  0.483  -49.362  31.598 0.0000000000
40474  1.679  -50.028  28.522 0.0000000000
40475  1.026  -50.404  29.409 0.0000000000
40476  0.625  -49.683  30.449 0.0000000000
40477  0.529  -49.292  31.032 0.0000000000
40480  2.211  -50.403  27.785 0.0000000000
40481  1.634  -51.082  28.281 0.0000000000
40483  3.696  -50.677  26.324 0.0000000000
40484  3.080  -50.663  26.933 0.0000000000
41557  9.364  -50.044  53.777 0.0000000000
41558  8.216  -50.383  54.094 0.0000000000
41559  6.891  -50.182  54.004 0.0000000000
41560  5.762  -49.910  53.795 0.0000000000
41561  5.095  -49.964  54.026 0.0000000000
41563  9.910  -50.297  53.038 0.0000000000
41564  8.932  -50.716  52.974 0.0000000000
41565  7.663  -51.020  53.422 0.0000000000
41566  6.371  -50.766  53.435 0.0000000000
41567  4.835  -50.485  53.686 0.0000000000
41568  3.666  -50.886  53.630 0.0000000000
41569  2.849  -51.398  53.701 0.0000000000
41571  10.091  -50.496  51.881 0.0000000000
41572  8.895  -50.964  51.879 0.0000000000
41573  3.843  -50.261  53.745 0.0000000000
41574  3.418  -50.276  53.858 0.0000000000
41575  2.462  -51.646  53.560 0.0000000000
41579  1.965  -51.578  53.019 0.0000000000
41580  1.228  -51.655  52.355 0.0000000000
41591  0.499  -51.484  51.601 0.0000000000
41592  -0.748  -51.549  51.342 0.0000000000
41602  -1.598  -51.388  50.554 0.0000000000
41603  -1.594  -50.596  49.895 0.0000000000
41613  7.179  -51.877  47.561 0.0000000000
41614  6.997  -52.050  47.578 0.0000000000
41615  -1.925  -51.424  49.558 0.0000000000
41616  -1.964  -50.434  48.810 0.0000000000
41617  -1.411  -49.588  47.984 0.0000000000
41628  7.084  -51.803  47.346 0.0000000000
41629  6.741  -52.012  47.300 0.0000000000
41630  -1.951  -51.304  47.298 0.0000000000
41631  -1.657  -50.622  47.482 0.0000000000
41632  -1.365  -49.295  47.395 0.0000000000
41648  6.899  -51.777  46.901 0.0000000000
41649  6.591  -51.957  46.983 0.0000000000
41650  -2.069  -51.357  46.940 0.0000000000
41651  -1.834  -50.492  46.141 0.0000000000
41669  -1.819  -49.941  44.985 0.0000000000
41687  -1.334  -48.699  43.410 0.0000000000
41688  -1.405  -49.389  43.929 0.0000000000
41704  -1.364  -48.481  43.139 0.0000000000
41705  -1.290  -49.148  42.844 0.0000000000
41721  -1.238  -49.350  41.565 0.0000000000
41736  -1.079  -49.515  40.354 0.0000000000
41750  -0.935  -50.263  39.028 0.0000000000
41751  -1.147  -49.677  39.357 0.0000000000
41766  -0.998  -50.372  38.689 0.0000000000
41767  -1.220  -49.862  38.521 0.0000000000
41768  -1.246  -49.633  37.664 0.0000000000
41783  -0.530  -49.016  36.253 0.0000000000
41784  -0.996  -49.619  36.729 0.0000000000
41798  0.165  -49.522  35.499 0.0000000000
41799  -0.381  -49.686  35.821 0.0000000000
41800  -0.924  -50.334  36.263 0.0000000000
41812  1.344  -50.759  34.203 0.0000000000
41813  1.086  -50.357  34.351 0.0000000000
41814  0.382  -49.843  35.145 0.0000000000
41815  -0.313  -50.476  35.486 0.0000000000
41825  1.426  -50.649  33.999 0.0000000000
41826  1.045  -49.895  33.905 0.0000000000
41833  1.298  -50.508  33.492 0.0000000000
41834  0.656  -49.570  33.169 0.0000000000
41835  0.440  -48.953  32.612 0.0000000000
41845  0.796  -50.321  32.710 0.0000000000
41846  0.515  -49.504  32.431 0.0000000000
41847  0.468  -48.869  31.986 0.0000000000
41856  1.718  -48.381  29.439 0.0000000000
41857  1.449  -48.376  29.623 0.0000000000
41858  0.512  -48.711  31.265 0.0000000000
41859  2.214  -49.441  28.329 0.0000000000
41860  1.709  -48.887  29.120 0.0000000000
41861  0.932  -48.881  29.910 0.0000000000
41862  0.629  -48.739  30.606 0.0000000000
41865  3.974  -48.823  27.322 0.0000000000
41866  3.483  -49.207  27.504 0.0000000000
41867  2.866  -49.524  27.733 0.0000000000
41871  3.751  -49.768  26.698 0.0000000000
41872  3.315  -49.792  27.232 0.0000000000
42852  9.961  -48.539  55.124 0.0000000000
42853  8.948  -49.015  55.315 0.0000000000
42854  8.051  -49.232  55.272 0.0000000000
42856  9.974  -49.358  54.364 0.0000000000
42857  8.685  -49.651  54.648 0.0000000000
42858  7.381  -49.519  54.672 0.0000000000
42859  5.974  -49.344  54.276 0.0000000000
42860  5.285  -49.629  54.147 0.0000000000
42863  10.284  -49.841  53.480 0.0000000000
42864  5.061  -49.396  54.479 0.0000000000
42865  4.481  -49.730  54.301 0.0000000000
42866  3.184  -50.671  54.077 0.0000000000
42867  2.803  -50.988  54.009 0.0000000000
42872  3.555  -49.890  54.084 0.0000000000
42873  2.695  -50.261  54.042 0.0000000000
42874  2.117  -51.107  53.884 0.0000000000
42879  1.426  -50.973  52.995 0.0000000000
42880  0.887  -50.556  51.836 0.0000000000
42890  -0.338  -50.528  51.755 0.0000000000
42891  -1.223  -50.127  51.360 0.0000000000
42892  -1.368  -49.254  50.878 0.0000000000
42901  -1.637  -50.205  50.672 0.0000000000
42902  -1.483  -49.370  49.794 0.0000000000
42910  -1.453  -48.980  48.584 0.0000000000
42911  -1.387  -48.690  47.760 0.0000000000
42925  -1.373  -49.100  46.633 0.0000000000
42926  -1.366  -48.561  47.192 0.0000000000
42941  -1.531  -49.186  45.655 0.0000000000
42954  -1.427  -48.592  44.779 0.0000000000
42964  -1.382  -48.325  43.336 0.0000000000
42965  -1.311  -48.151  43.773 0.0000000000
42974  -1.420  -48.238  43.123 0.0000000000
42975  -1.422  -48.006  42.986 0.0000000000
42986  -1.517  -48.023  41.933 0.0000000000
43000  -1.289  -48.238  40.747 0.0000000000
43013  -1.168  -48.453  39.511 0.0000000000
43014  -0.996  -47.869  39.051 0.0000000000
43027  -1.015  -49.114  38.945 0.0000000000
43028  -0.972  -48.414  38.405 0.0000000000
43042  -0.619  -48.356  36.550 0.0000000000
43043  -0.957  -48.538  37.343 0.0000000000
43059  0.232  -49.173  35.512 0.0000000000
43060  -0.057  -48.373  35.758 0.0000000000
43074  0.708  -49.173  34.391 0.0000000000
43075  0.398  -48.610  35.084 0.0000000000
43076  0.107  -47.957  35.174 0.0000000000
43087  0.615  -49.007  33.657 0.0000000000
43095  0.420  -48.644  33.065 0.0000000000
43096  0.384  -48.230  32.407 0.0000000000
43103  0.465  -48.063  31.626 0.0000000000
43107  3.695  -46.895  29.401 0.0000000000
43108  3.130  -47.274  29.463 0.0000000000
43109  1.977  -47.874  29.542 0.0000000000
43110  1.113  -47.928  30.177 0.0000000000
43111  0.643  -48.065  30.814 0.0000000000
43113  4.608  -47.158  28.588 0.0000000000
43114  3.950  -47.413  28.840 0.0000000000
43115  2.744  -48.437  28.648 0.0000000000
43116  2.159  -48.399  29.119 0.0000000000
43117  0.783  -48.375  30.385 0.0000000000
43118  0.685  -48.373  30.613 0.0000000000
43124  3.733  -48.487  28.065 0.0000000000
43125  3.214  -48.908  27.985 0.0000000000
43989  9.708  -47.518  56.118 0.0000000000
43990  9.138  -47.664  56.355 0.0000000000
43993  9.189  -48.231  55.990 0.0000000000
43994  7.638  -48.541  55.971 0.0000000000
43995  5.852  -48.066  56.269 0.0000000000
43996  4.472  -47.859  56.618 0.0000000000
43997  3.689  -47.831  56.876 0.0000000000
44000  7.361  -48.945  55.228 0.0000000000
44001  6.019  -48.726  55.115 0.0000000000
44002  4.345  -48.621  56.077 0.0000000000
44003  3.238  -48.477  56.782 0.0000000000
44007  5.327  -49.052  54.622 0.0000000000
44008  4.153  -49.274  55.102 0.0000000000
44009  2.708  -49.084  56.087 0.0000000000
44013  3.576  -49.532  54.554 0.0000000000
44014  2.415  -49.852  55.184 0.0000000000
44015  1.915  -49.952  54.210 0.0000000000
44018  1.509  -50.031  53.366 0.0000000000
44019  0.873  -49.408  52.179 0.0000000000
44020  -0.398  -48.274  52.212 0.0000000000
44021  -0.637  -47.564  51.803 0.0000000000
44029  -0.069  -49.991  52.183 0.0000000000
44030  -0.600  -49.451  52.046 0.0000000000
44031  -1.041  -48.273  51.479 0.0000000000
44038  -1.158  -48.035  50.308 0.0000000000
44048  -1.189  -47.956  49.076 0.0000000000
44049  -1.407  -47.918  48.083 0.0000000000
44059  -1.470  -47.882  46.832 0.0000000000
44060  -1.440  -47.950  47.415 0.0000000000
44070  -1.445  -47.792  45.812 0.0000000000
44078  -1.452  -47.204  44.532 0.0000000000
44085  -1.503  -46.976  43.413 0.0000000000
44092  -1.804  -46.905  42.335 0.0000000000
44100  -1.713  -46.952  41.136 0.0000000000
44113  -1.130  -47.269  40.008 0.0000000000
44114  -1.104  -46.968  39.431 0.0000000000
44127  -1.200  -47.508  39.354 0.0000000000
44128  -1.081  -47.243  38.871 0.0000000000
44140  -0.724  -46.738  37.578 0.0000000000
44141  -0.843  -47.183  38.017 0.0000000000
44151  -0.686  -47.327  37.082 0.0000000000
44152  -0.959  -47.844  37.683 0.0000000000
44162  -0.566  -47.306  35.951 0.0000000000
44173  0.351  -48.275  34.421 0.0000000000
44174  0.088  -47.767  34.683 0.0000000000
44175  -0.281  -47.318  35.021 0.0000000000
44184  0.394  -48.355  33.847 0.0000000000
44185  0.016  -47.559  33.995 0.0000000000
44186  -0.225  -47.289  34.420 0.0000000000
44192  0.401  -48.426  33.428 0.0000000000
44193  0.261  -47.718  33.127 0.0000000000
44198  1.935  -46.162  30.800 0.0000000000
44199  1.278  -46.441  31.068 0.0000000000
44200  0.755  -46.748  31.476 0.0000000000
44201  0.471  -47.268  32.113 0.0000000000
44202  4.209  -46.030  29.672 0.0000000000
44203  3.564  -46.327  29.814 0.0000000000
44204  2.577  -46.500  30.192 0.0000000000
44205  1.553  -46.975  30.393 0.0000000000
44206  0.868  -47.186  30.785 0.0000000000
44207  0.587  -47.421  31.317 0.0000000000
44210  4.652  -46.421  29.136 0.0000000000
44211  4.028  -46.591  29.375 0.0000000000
45052  9.981  -46.968  56.347 0.0000000000
45053  9.229  -47.158  56.591 0.0000000000
45054  3.623  -47.101  57.292 0.0000000000
45055  2.802  -46.852  57.216 0.0000000000
45056  2.113  -46.691  57.253 0.0000000000
45059  8.334  -47.703  56.734 0.0000000000
45060  6.913  -47.725  56.928 0.0000000000
45061  5.504  -47.488  57.098 0.0000000000
45062  4.206  -47.401  57.180 0.0000000000
45063  2.827  -47.629  56.952 0.0000000000
45064  1.767  -47.119  57.153 0.0000000000
45067  1.939  -48.573  56.660 0.0000000000
45068  1.426  -47.782  56.948 0.0000000000
45071  1.289  -49.282  56.098 0.0000000000
45072  1.144  -48.371  56.456 0.0000000000
45077  1.281  -49.399  55.090 0.0000000000
45078  1.104  -48.680  53.455 0.0000000000
45079  0.552  -47.239  52.810 0.0000000000
45080  0.257  -46.540  52.422 0.0000000000
45083  1.136  -49.011  52.665 0.0000000000
45084  0.401  -48.188  52.715 0.0000000000
45085  -0.238  -47.003  52.202 0.0000000000
45086  -0.834  -46.826  51.408 0.0000000000
45095  -1.163  -46.770  50.696 0.0000000000
45104  -1.180  -46.746  49.556 0.0000000000
45114  -1.365  -46.816  48.236 0.0000000000
45115  -1.511  -47.333  47.549 0.0000000000
45122  -1.674  -46.727  46.899 0.0000000000
45123  -1.542  -47.440  47.154 0.0000000000
45130  -1.408  -46.113  45.388 0.0000000000
45139  -1.048  -46.060  44.035 0.0000000000
45147  -1.092  -46.036  42.880 0.0000000000
45155  -1.126  -46.077  41.821 0.0000000000
45165  -1.023  -46.132  40.974 0.0000000000
45177  -1.050  -46.506  40.363 0.0000000000
45178  -0.971  -46.578  39.738 0.0000000000
45191  -0.979  -45.691  38.584 0.0000000000
45192  -1.224  -46.303  38.978 0.0000000000
45209  -0.889  -46.140  37.988 0.0000000000
45210  -1.026  -46.700  38.458 0.0000000000
45222  -0.636  -46.389  37.207 0.0000000000
45232  -0.633  -46.354  36.325 0.0000000000
45247  -0.498  -46.396  35.235 0.0000000000
45259  0.109  -46.923  33.516 0.0000000000
45260  -0.206  -46.626  34.185 0.0000000000
45271  2.191  -45.184  31.932 0.0000000000
45272  1.469  -45.417  32.178 0.0000000000
45273  0.799  -45.765  32.421 0.0000000000
45274  0.392  -46.477  32.866 0.0000000000
45275  0.208  -46.362  33.503 0.0000000000
45283  5.431  -45.210  30.929 0.0000000000
45284  4.576  -45.288  30.981 0.0000000000
45285  3.688  -45.306  30.990 0.0000000000
45286  2.715  -45.447  31.139 0.0000000000
45287  1.757  -45.736  31.450 0.0000000000
45288  1.090  -46.048  31.752 0.0000000000
45289  0.685  -46.434  32.111 0.0000000000
45296  4.867  -45.583  30.057 0.0000000000
45297  4.013  -45.607  30.258 0.0000000000
45298  3.289  -45.744  30.420 0.0000000000
46177  9.581  -46.391  56.718 0.0000000000
46178  8.435  -46.633  57.188 0.0000000000
46179  7.284  -46.485  57.497 0.0000000000
46180  4.618  -46.298  57.517 0.0000000000
46181  3.911  -46.362  57.383 0.0000000000
46182  2.575  -46.245  57.401 0.0000000000
46183  1.524  -46.447  57.251 0.0000000000
46185  7.502  -47.213  57.305 0.0000000000
46186  6.341  -46.955  57.551 0.0000000000
46187  4.976  -46.763  57.554 0.0000000000
46188  4.221  -46.974  57.403 0.0000000000
46189  0.967  -46.727  56.875 0.0000000000
46192  1.280  -47.145  55.943 0.0000000000
46196  0.945  -49.012  55.419 0.0000000000
46197  1.090  -47.900  55.142 0.0000000000
46202  0.865  -48.639  54.668 0.0000000000
46203  1.232  -47.033  53.406 0.0000000000
46204  0.792  -46.220  52.404 0.0000000000
46205  0.275  -45.935  51.895 0.0000000000
46207  -0.408  -45.873  51.375 0.0000000000
46208  -1.033  -45.757  50.788 0.0000000000
46216  -1.177  -45.703  49.957 0.0000000000
46223  -1.269  -45.711  48.849 0.0000000000
46230  -1.487  -45.644  47.698 0.0000000000
46235  -1.298  -45.401  46.497 0.0000000000
46239  -1.179  -45.001  45.511 0.0000000000
46244  -0.951  -45.106  44.546 0.0000000000
46255  -1.019  -45.024  43.373 0.0000000000
46268  -1.251  -44.986  42.204 0.0000000000
46280  -1.010  -45.323  41.181 0.0000000000
46294  3.226  -43.056  39.935 0.0000000000
46295  3.021  -42.964  39.766 0.0000000000
46296  -0.985  -45.723  40.224 0.0000000000
46297  -0.975  -46.236  39.994 0.0000000000
46309  3.497  -43.104  39.799 0.0000000000
46310  3.282  -43.003  39.624 0.0000000000
46311  -0.869  -45.381  39.236 0.0000000000
46312  -1.059  -46.037  39.640 0.0000000000
46329  5.045  -43.386  38.006 0.0000000000
46330  4.793  -43.435  37.846 0.0000000000
46331  -0.572  -45.220  38.206 0.0000000000
46347  5.265  -43.418  37.825 0.0000000000
46348  5.024  -43.494  37.671 0.0000000000
46349  -0.404  -45.479  37.046 0.0000000000
46365  4.505  -43.794  35.373 0.0000000000
46366  3.935  -43.726  35.332 0.0000000000
46367  0.389  -44.851  35.245 0.0000000000
46368  -0.188  -45.401  35.752 0.0000000000
46388  6.487  -44.024  34.781 0.0000000000
46389  6.150  -44.142  34.746 0.0000000000
46390  5.295  -44.055  34.822 0.0000000000
46391  4.085  -43.975  34.649 0.0000000000
46392  2.922  -44.067  34.426 0.0000000000
46393  1.861  -44.107  34.358 0.0000000000
46394  0.928  -44.486  34.622 0.0000000000
46395  0.171  -45.505  34.610 0.0000000000
46407  6.804  -44.299  34.211 0.0000000000
46408  6.115  -44.471  33.972 0.0000000000
46409  4.943  -44.364  33.761 0.0000000000
46410  3.682  -44.407  33.563 0.0000000000
46411  2.476  -44.450  33.486 0.0000000000
46412  1.440  -44.587  33.580 0.0000000000
46413  0.687  -45.104  33.697 0.0000000000
46414  0.270  -45.835  33.698 0.0000000000
46430  5.783  -44.731  32.841 0.0000000000
46431  4.483  -44.630  32.651 0.0000000000
46432  3.113  -44.749  32.295 0.0000000000
46433  1.921  -44.830  32.690 0.0000000000
46434  1.067  -45.108  32.887 0.0000000000
46435  0.538  -45.632  33.094 0.0000000000
46436  0.315  -46.017  33.257 0.0000000000
46448  5.155  -44.892  31.767 0.0000000000
46449  4.087  -44.935  31.700 0.0000000000
46450  3.410  -45.062  31.525 0.0000000000
47338  9.068  -45.503  57.210 0.0000000000
47339  7.683  -45.471  57.479 0.0000000000
47340  6.317  -45.829  57.810 0.0000000000
47341  4.853  -45.849  57.732 0.0000000000
47342  3.324  -45.616  57.809 0.0000000000
47343  1.865  -45.592  57.601 0.0000000000
47344  0.829  -45.822  57.175 0.0000000000
47347  5.576  -46.409  57.700 0.0000000000
47348  5.185  -46.380  57.618 0.0000000000
47349  0.620  -45.873  56.671 0.0000000000
47353  1.895  -44.971  54.402 0.0000000000
47354  1.159  -45.786  55.478 0.0000000000
47358  1.981  -45.080  54.167 0.0000000000
47359  1.585  -45.838  54.274 0.0000000000
47365  2.234  -42.337  51.440 0.0000000000
47366  2.082  -42.503  51.534 0.0000000000
47367  1.680  -45.842  53.340 0.0000000000
47368  1.274  -45.349  52.354 0.0000000000
47369  0.708  -45.340  51.912 0.0000000000
47372  2.136  -42.389  51.263 0.0000000000
47373  2.038  -42.643  51.337 0.0000000000
47374  0.929  -44.702  51.618 0.0000000000
47375  0.368  -44.939  51.154 0.0000000000
47376  -0.606  -45.120  50.782 0.0000000000
47384  0.080  -44.626  50.178 0.0000000000
47385  -0.814  -45.048  50.145 0.0000000000
47392  -0.166  -44.652  49.530 0.0000000000
47393  -0.833  -44.935  49.187 0.0000000000
47400  -1.033  -45.035  48.281 0.0000000000
47406  -0.724  -44.792  47.292 0.0000000000
47416  3.669  -42.207  45.037 0.0000000000
47417  3.549  -42.260  44.841 0.0000000000
47418  -0.782  -44.391  46.148 0.0000000000
47430  3.651  -42.198  44.855 0.0000000000
47431  3.544  -42.276  44.654 0.0000000000
47432  2.358  -42.893  43.683 0.0000000000
47433  1.940  -42.859  43.745 0.0000000000
47434  -0.744  -44.267  45.011 0.0000000000
47448  2.755  -43.059  43.059 0.0000000000
47449  2.061  -43.121  43.269 0.0000000000
47450  -0.202  -43.735  43.369 0.0000000000
47451  -0.668  -44.145  43.881 0.0000000000
47464  3.774  -43.244  41.690 0.0000000000
47465  3.124  -43.038  42.085 0.0000000000
47466  2.217  -43.087  42.437 0.0000000000
47467  0.041  -43.634  42.993 0.0000000000
47468  -0.545  -44.038  42.672 0.0000000000
47480  4.099  -43.385  41.044 0.0000000000
47481  3.327  -43.276  41.135 0.0000000000
47482  2.417  -43.137  41.425 0.0000000000
47483  -0.675  -44.379  41.469 0.0000000000
47496  4.408  -43.214  40.117 0.0000000000
47497  3.614  -43.243  40.267 0.0000000000
47498  2.731  -43.166  40.273 0.0000000000
47499  -0.456  -44.716  40.242 0.0000000000
47512  5.271  -43.253  39.034 0.0000000000
47513  4.879  -43.280  39.214 0.0000000000
47514  3.844  -43.076  39.371 0.0000000000
47515  2.886  -43.022  39.314 0.0000000000
47516  0.520  -43.829  38.867 0.0000000000
47517  0.081  -44.432  38.916 0.0000000000
47529  6.000  -43.177  38.058 0.0000000000
47530  5.457  -43.255  38.334 0.0000000000
47531  4.593  -43.324  38.354 0.0000000000
47532  3.501  -43.258  38.330 0.0000000000
47533  2.157  -43.291  38.347 0.0000000000
47534  0.903  -43.677  38.229 0.0000000000
47535  0.107  -44.473  37.570 0.0000000000
47544  6.420  -43.091  37.001 0.0000000000
47545  6.098  -43.207  37.365 0.0000000000
47546  5.419  -43.500  37.268 0.0000000000
47547  4.469  -43.564  37.362 0.0000000000
47548  3.088  -43.517  37.225 0.0000000000
47549  1.819  -43.535  37.081 0.0000000000
47550  0.825  -43.899  36.765 0.0000000000
47551  0.226  -44.669  36.396 0.0000000000
47559  6.381  -43.243  36.271 0.0000000000
47560  6.025  -43.520  36.192 0.0000000000
47561  5.214  -43.756  35.969 0.0000000000
47562  3.877  -43.731  36.104 0.0000000000
47563  2.614  -43.627  36.109 0.0000000000
47564  1.592  -43.772  35.948 0.0000000000
47565  0.839  -44.286  35.604 0.0000000000
47566  0.315  -44.775  35.737 0.0000000000
47580  7.065  -43.661  34.434 0.0000000000
47581  6.664  -43.707  34.905 0.0000000000
47582  6.084  -43.802  35.285 0.0000000000
47583  5.720  -43.900  35.197 0.0000000000
47584  3.263  -43.702  35.270 0.0000000000
47585  2.236  -43.746  35.163 0.0000000000
47586  1.406  -44.034  35.111 0.0000000000
47587  1.071  -44.269  35.109 0.0000000000
48538  9.317  -43.493  57.381 0.0000000000
48539  8.541  -43.259  57.551 0.0000000000
48540  3.239  -44.271  59.592 0.0000000000
48541  1.934  -43.943  58.697 0.0000000000
48542  0.721  -43.965  58.311 0.0000000000
48544  9.814  -44.541  57.230 0.0000000000
48545  8.233  -44.048  57.530 0.0000000000
48546  6.778  -44.466  57.948 0.0000000000
48547  5.497  -44.836  58.418 0.0000000000
48548  4.055  -44.969  58.557 0.0000000000
48549  2.545  -44.826  58.318 0.0000000000
48550  0.746  -44.749  57.815 0.0000000000
48554  0.272  -45.245  56.991 0.0000000000
48558  1.044  -44.658  54.695 0.0000000000
48559  0.855  -45.187  56.041 0.0000000000
48566  2.130  -42.381  51.497 0.0000000000
48567  2.168  -42.962  52.299 0.0000000000
48568  2.083  -44.210  53.361 0.0000000000
48569  2.113  -44.840  53.612 0.0000000000
48574  2.391  -42.227  51.109 0.0000000000
48575  2.258  -42.362  51.706 0.0000000000
48576  2.147  -43.094  51.916 0.0000000000
48577  2.054  -44.456  52.718 0.0000000000
48578  1.710  -44.833  52.454 0.0000000000
48581  2.527  -42.094  50.770 0.0000000000
48582  2.360  -42.272  50.863 0.0000000000
48583  2.129  -42.629  51.101 0.0000000000
48584  1.922  -43.300  51.449 0.0000000000
48585  1.438  -44.006  51.407 0.0000000000
48586  0.931  -44.341  51.143 0.0000000000
48593  1.290  -43.648  50.668 0.0000000000
48594  0.902  -43.946  50.447 0.0000000000
48602  0.944  -42.927  48.590 0.0000000000
48603  0.453  -43.804  49.208 0.0000000000
48604  0.002  -44.572  48.987 0.0000000000
48613  3.253  -41.948  46.752 0.0000000000
48614  2.879  -42.099  46.894 0.0000000000
48615  2.294  -42.383  47.139 0.0000000000
48616  1.446  -42.712  47.651 0.0000000000
48617  0.549  -43.348  47.879 0.0000000000
48618  -0.168  -44.353  48.236 0.0000000000
48631  3.754  -42.007  45.771 0.0000000000
48632  3.663  -42.189  46.149 0.0000000000
48633  3.309  -42.331  46.108 0.0000000000
48634  2.730  -42.537  46.186 0.0000000000
48635  1.956  -42.884  46.411 0.0000000000
48636  0.890  -43.164  46.664 0.0000000000
48637  -0.028  -43.866  46.961 0.0000000000
48649  3.900  -42.150  45.447 0.0000000000
48650  3.801  -42.235  45.241 0.0000000000
48651  3.562  -42.207  45.248 0.0000000000
48652  3.111  -42.383  45.199 0.0000000000
48653  2.394  -42.734  45.288 0.0000000000
48654  1.463  -43.164  45.490 0.0000000000
48655  0.212  -43.616  45.596 0.0000000000
48669  3.818  -42.285  44.824 0.0000000000
48670  3.767  -42.317  44.510 0.0000000000
48671  3.562  -42.320  44.411 0.0000000000
48672  2.988  -42.774  44.001 0.0000000000
48673  1.914  -42.813  44.339 0.0000000000
48674  0.937  -43.274  44.507 0.0000000000
48675  0.008  -43.735  44.382 0.0000000000
48688  3.962  -42.460  44.017 0.0000000000
48689  3.941  -42.520  43.579 0.0000000000
48690  3.911  -42.900  43.252 0.0000000000
48691  3.528  -43.024  42.773 0.0000000000
48692  1.468  -43.107  43.714 0.0000000000
48693  0.501  -43.457  43.511 0.0000000000
48694  -0.130  -43.698  43.785 0.0000000000
48703  4.368  -42.633  42.998 0.0000000000
48704  4.589  -42.986  42.604 0.0000000000
48705  4.318  -43.249  42.035 0.0000000000
48706  3.746  -43.143  42.154 0.0000000000
48707  1.393  -43.257  42.883 0.0000000000
48708  0.480  -43.461  42.424 0.0000000000
48709  -0.071  -43.746  41.720 0.0000000000
48716  5.177  -42.841  42.027 0.0000000000
48717  5.103  -43.128  41.547 0.0000000000
48718  4.790  -43.283  40.858 0.0000000000
48719  1.463  -43.182  41.869 0.0000000000
48720  0.703  -43.425  41.294 0.0000000000
48721  0.039  -43.882  40.775 0.0000000000
48731  5.555  -42.769  40.950 0.0000000000
48732  5.294  -43.019  40.370 0.0000000000
48733  5.021  -43.151  39.853 0.0000000000
48734  1.653  -43.257  40.771 0.0000000000
48735  0.865  -43.531  40.217 0.0000000000
48736  0.277  -43.974  39.747 0.0000000000
48743  6.010  -42.342  39.301 0.0000000000
48744  5.612  -42.619  39.617 0.0000000000
48745  5.423  -43.084  39.213 0.0000000000
48746  5.182  -43.222  39.328 0.0000000000
48747  1.768  -43.262  39.548 0.0000000000
48748  0.850  -43.602  39.157 0.0000000000
48749  0.397  -43.892  39.166 0.0000000000
48754  6.182  -42.510  38.708 0.0000000000
48755  5.886  -42.942  38.511 0.0000000000
48756  5.640  -43.113  38.703 0.0000000000
48757  1.322  -43.444  38.796 0.0000000000
48758  0.999  -43.576  38.725 0.0000000000
48763  6.356  -42.860  37.680 0.0000000000
48764  6.178  -43.086  37.917 0.0000000000
48770  6.508  -42.996  36.580 0.0000000000
48776  6.855  -43.387  34.735 0.0000000000
48777  6.568  -43.215  35.547 0.0000000000
49676  10.137  -42.755  57.417 0.0000000000
49677  8.801  -42.721  57.539 0.0000000000
49678  5.758  -43.394  60.172 0.0000000000
49679  4.042  -43.464  60.232 0.0000000000
49680  2.421  -43.411  60.004 0.0000000000
49681  1.265  -43.245  58.824 0.0000000000
49684  7.968  -42.980  57.732 0.0000000000
49685  7.099  -43.351  58.225 0.0000000000
49686  6.114  -43.848  58.908 0.0000000000
49687  4.768  -44.214  59.531 0.0000000000
49688  0.090  -43.790  58.065 0.0000000000
49691  0.306  -43.663  55.977 0.0000000000
49692  0.061  -44.280  57.110 0.0000000000
49695  0.824  -43.724  54.706 0.0000000000
49696  0.555  -44.478  55.971 0.0000000000
49704  2.243  -42.260  51.310 0.0000000000
49705  1.980  -42.512  51.946 0.0000000000
49706  1.751  -43.438  53.369 0.0000000000
49712  2.566  -42.126  50.976 0.0000000000
49713  2.574  -41.925  51.125 0.0000000000
49717  2.617  -41.919  50.829 0.0000000000
49718  2.706  -41.857  50.317 0.0000000000
49719  2.332  -42.277  50.349 0.0000000000
49720  1.942  -42.756  50.631 0.0000000000
49721  1.721  -43.250  50.915 0.0000000000
49726  3.083  -41.594  49.014 0.0000000000
49727  2.630  -42.035  49.411 0.0000000000
49728  2.051  -42.404  49.707 0.0000000000
49729  1.446  -43.151  50.196 0.0000000000
49730  1.017  -43.461  49.766 0.0000000000
49739  3.294  -41.707  47.955 0.0000000000
49740  3.152  -41.520  48.085 0.0000000000
49741  2.940  -41.823  48.366 0.0000000000
49742  2.350  -42.171  48.687 0.0000000000
49743  1.567  -42.526  48.885 0.0000000000
49744  1.047  -43.040  49.314 0.0000000000
49752  3.546  -41.949  47.014 0.0000000000
49753  3.411  -41.931  47.191 0.0000000000
49754  3.075  -41.836  47.513 0.0000000000
49755  2.641  -42.118  47.764 0.0000000000
49756  2.100  -42.348  48.014 0.0000000000
49768  3.708  -41.913  46.001 0.0000000000
49769  3.669  -42.049  46.442 0.0000000000
49778  4.153  -42.262  44.985 0.0000000000
49779  3.772  -42.159  45.237 0.0000000000
49788  3.934  -42.265  44.915 0.0000000000
49789  3.934  -42.362  44.545 0.0000000000
49800  4.073  -42.468  43.641 0.0000000000
49812  5.405  -42.282  41.874 0.0000000000
49813  4.948  -42.436  42.259 0.0000000000
49825  5.551  -42.199  41.570 0.0000000000
49826  5.590  -42.473  41.467 0.0000000000
49842  5.709  -42.166  40.914 0.0000000000
49843  5.711  -42.414  40.767 0.0000000000
49854  5.653  -42.210  39.894 0.0000000000
49855  5.565  -42.465  40.266 0.0000000000
49867  6.199  -42.154  38.983 0.0000000000
49878  6.445  -42.309  38.109 0.0000000000
49884  6.466  -42.571  37.064 0.0000000000
49889  6.747  -43.110  35.117 0.0000000000
49890  6.559  -42.856  35.729 0.0000000000
49896  6.891  -43.094  34.446 0.0000000000
49897  6.612  -42.816  34.904 0.0000000000
50740  9.060  -41.788  57.613 0.0000000000
50741  8.139  -42.098  59.104 0.0000000000
50742  6.962  -42.552  60.153 0.0000000000
50743  5.129  -42.608  60.500 0.0000000000
50744  3.109  -42.613  60.386 0.0000000000
50745  1.333  -42.528  59.967 0.0000000000
50749  8.200  -42.392  57.957 0.0000000000
50750  7.793  -42.891  59.245 0.0000000000
50751  6.862  -43.141  59.655 0.0000000000
50752  0.091  -42.598  58.645 0.0000000000
50756  0.088  -43.289  55.984 0.0000000000
50757  -0.178  -42.987  56.692 0.0000000000
50765  0.425  -43.109  55.213 0.0000000000
50766  0.489  -42.296  54.512 0.0000000000
50775  1.839  -42.315  52.037 0.0000000000
50776  1.407  -42.577  53.216 0.0000000000
50777  0.777  -42.054  52.987 0.0000000000
50783  2.282  -41.969  51.396 0.0000000000
50789  3.503  -41.138  50.074 0.0000000000
50790  2.945  -41.375  50.367 0.0000000000
50797  3.561  -41.184  49.728 0.0000000000
50798  3.259  -41.407  49.500 0.0000000000
50808  3.487  -41.331  48.693 0.0000000000
50809  3.259  -41.377  48.601 0.0000000000
50820  3.454  -41.739  47.794 0.0000000000
50829  3.436  -41.980  46.822 0.0000000000
50830  3.482  -41.845  46.219 0.0000000000
50840  3.828  -42.186  44.980 0.0000000000
50841  3.723  -42.017  45.480 0.0000000000
50842  3.523  -41.886  45.598 0.0000000000
50853  3.835  -42.282  44.755 0.0000000000
50854  3.596  -42.249  44.539 0.0000000000
50855  3.467  -42.235  45.166 0.0000000000
50867  4.052  -42.574  43.348 0.0000000000
50879  5.356  -42.115  41.703 0.0000000000
50880  4.707  -42.135  42.262 0.0000000000
50890  5.637  -41.989  41.118 0.0000000000
50891  5.226  -41.884  41.386 0.0000000000
50903  5.674  -42.053  40.324 0.0000000000
50904  5.524  -41.905  40.501 0.0000000000
50916  5.979  -41.995  39.389 0.0000000000
50917  5.643  -42.062  39.891 0.0000000000
50934  6.408  -41.931  38.489 0.0000000000
50935  6.316  -41.782  38.305 0.0000000000
50936  4.932  -41.825  37.491 0.0000000000
50937  4.088  -41.796  37.744 0.0000000000
50956  6.435  -42.056  37.565 0.0000000000
50957  6.356  -41.805  38.051 0.0000000000
50958  5.281  -41.907  36.836 0.0000000000
50959  4.385  -41.932  36.799 0.0000000000
50960  3.279  -41.849  36.895 0.0000000000
50976  6.360  -42.349  36.573 0.0000000000
50977  6.123  -42.294  36.196 0.0000000000
50978  5.678  -42.129  36.165 0.0000000000
50979  4.804  -42.191  35.951 0.0000000000
50980  3.704  -42.376  35.907 0.0000000000
50991  6.338  -42.580  35.522 0.0000000000
50992  5.958  -42.386  35.245 0.0000000000
50993  5.250  -42.388  35.047 0.0000000000
50994  4.217  -42.563  34.903 0.0000000000
51005  6.729  -42.859  34.362 0.0000000000
51006  6.412  -42.666  34.428 0.0000000000
51007  5.735  -42.581  34.111 0.0000000000
51008  4.778  -42.609  33.861 0.0000000000
51855  9.787  -40.855  57.971 0.0000000000
51856  8.652  -40.920  58.015 0.0000000000
51857  7.726  -41.331  59.628 0.0000000000
51858  6.266  -41.542  60.395 0.0000000000
51864  9.723  -40.530  58.203 0.0000000000
51865  9.306  -40.600  57.957 0.0000000000
51890  1.826  -42.108  51.871 0.0000000000
51891  1.584  -41.825  52.060 0.0000000000
51892  1.091  -41.318  52.297 0.0000000000
51897  2.337  -41.571  51.160 0.0000000000
51898  2.045  -41.125  51.142 0.0000000000
51899  1.264  -40.667  51.550 0.0000000000
51905  3.591  -40.991  49.942 0.0000000000
51906  3.062  -41.001  50.395 0.0000000000
51907  2.777  -40.739  50.436 0.0000000000
51910  3.630  -41.108  49.653 0.0000000000
51911  3.585  -41.093  49.382 0.0000000000
51919  3.505  -41.162  49.178 0.0000000000
51920  3.424  -41.243  48.907 0.0000000000
51921  3.187  -41.403  48.616 0.0000000000
51922  2.999  -41.048  48.395 0.0000000000
51923  2.554  -40.851  48.326 0.0000000000
51937  3.386  -41.370  48.353 0.0000000000
51938  3.050  -41.339  48.041 0.0000000000
51939  2.943  -41.816  47.934 0.0000000000
51940  2.628  -41.453  47.768 0.0000000000
51941  1.996  -40.907  47.765 0.0000000000
51942  1.298  -40.727  47.550 0.0000000000
51958  3.284  -41.715  47.595 0.0000000000
51959  3.150  -41.849  47.195 0.0000000000
51960  2.862  -41.859  47.091 0.0000000000
51961  2.300  -41.523  46.987 0.0000000000
51962  1.591  -41.129  46.945 0.0000000000
51978  3.230  -41.835  46.178 0.0000000000
51979  2.717  -41.648  45.985 0.0000000000
51980  2.044  -41.438  46.258 0.0000000000
51994  3.334  -42.305  44.527 0.0000000000
51995  3.229  -42.281  45.017 0.0000000000
51996  2.561  -41.873  44.910 0.0000000000
52008  3.520  -42.440  44.136 0.0000000000
52009  3.146  -42.305  44.008 0.0000000000
52010  2.403  -41.795  43.807 0.0000000000
52026  3.936  -42.040  43.128 0.0000000000
52027  3.310  -41.850  42.883 0.0000000000
52028  2.413  -41.697  42.664 0.0000000000
52045  4.284  -41.859  41.848 0.0000000000
52046  3.191  -41.796  41.743 0.0000000000
52067  4.955  -41.750  40.630 0.0000000000
52068  3.930  -41.772  40.722 0.0000000000
52069  2.787  -41.768  40.663 0.0000000000
52091  6.135  -41.828  38.839 0.0000000000
52092  5.527  -41.844  39.462 0.0000000000
52093  4.518  -41.729  39.640 0.0000000000
52094  3.416  -41.787  39.732 0.0000000000
52118  6.237  -41.753  38.532 0.0000000000
52119  6.047  -41.694  38.352 0.0000000000
52120  5.008  -41.752  38.442 0.0000000000
52121  3.845  -41.724  38.767 0.0000000000
52122  2.939  -41.819  38.988 0.0000000000
52144  6.349  -41.995  37.029 0.0000000000
52145  6.222  -41.774  37.481 0.0000000000
52146  5.666  -41.713  37.599 0.0000000000
52171  6.276  -42.112  36.680 0.0000000000
52172  6.142  -41.935  36.793 0.0000000000
52173  5.893  -41.820  36.981 0.0000000000
53037  10.273  -40.548  58.174 0.0000000000
53040  9.860  -40.094  58.406 0.0000000000
53041  8.360  -40.079  58.251 0.0000000000
53049  9.491  -40.406  58.179 0.0000000000
53050  9.070  -40.395  58.022 0.0000000000
53079  2.049  -40.536  50.666 0.0000000000
53087  3.554  -40.854  49.773 0.0000000000
53088  3.288  -40.715  49.994 0.0000000000
53089  2.738  -40.468  50.100 0.0000000000
53090  1.956  -40.035  50.255 0.0000000000
53097  3.662  -40.939  49.580 0.0000000000
53098  3.518  -40.864  49.429 0.0000000000
53099  3.118  -40.671  49.534 0.0000000000
53100  2.407  -40.353  49.601 0.0000000000
53107  3.483  -41.015  49.005 0.0000000000
53108  3.319  -40.842  48.960 0.0000000000
53109  2.821  -40.706  48.949 0.0000000000
53110  1.921  -40.447  48.819 0.0000000000
53114  1.340  -40.449  48.157 0.0000000000
53133  2.254  -41.616  45.625 0.0000000000
53149  2.011  -41.688  45.217 0.0000000000
53167  1.985  -41.731  44.656 0.0000000000
54095  9.234  -39.108  58.896 0.0000000000
