#!ascii label  , from subject subject001 vox2ras=TkReg
266
104767  16.613  9.313  -12.591 0.0000000000
104768  16.061  9.333  -12.552 0.0000000000
105847  16.936  9.467  -12.667 0.0000000000
105848  15.881  9.524  -12.562 0.0000000000
105849  14.953  9.625  -12.503 0.0000000000
105850  14.238  9.648  -12.368 0.0000000000
105851  13.676  9.707  -12.323 0.0000000000
105852  13.321  9.846  -12.294 0.0000000000
105863  15.703  9.348  -12.551 0.0000000000
105864  15.254  9.422  -12.532 0.0000000000
105865  14.584  9.475  -12.448 0.0000000000
105866  13.989  9.509  -12.338 0.0000000000
105867  13.560  9.494  -12.334 0.0000000000
106920  15.334  9.946  -12.566 0.0000000000
106921  14.506  9.950  -12.421 0.0000000000
106922  13.832  9.983  -12.294 0.0000000000
106923  13.292  10.116  -12.283 0.0000000000
106924  12.917  10.331  -12.182 0.0000000000
107918  12.971  11.064  -12.122 0.0000000000
107919  12.307  11.241  -11.785 0.0000000000
107920  11.544  11.537  -11.324 0.0000000000
107921  10.561  11.979  -10.870 0.0000000000
107922  9.829  12.215  -10.726 0.0000000000
107943  14.798  10.406  -12.348 0.0000000000
107944  14.037  10.382  -12.256 0.0000000000
107945  13.397  10.465  -12.247 0.0000000000
107946  12.844  10.677  -12.176 0.0000000000
107947  12.356  10.912  -11.954 0.0000000000
108893  13.463  11.501  -11.841 0.0000000000
108894  12.529  11.666  -11.607 0.0000000000
108895  11.716  11.838  -11.248 0.0000000000
108896  10.874  12.060  -10.871 0.0000000000
108898  9.410  12.484  -10.688 0.0000000000
108916  15.092  10.986  -12.124 0.0000000000
108917  14.219  10.938  -12.143 0.0000000000
108918  13.590  10.851  -12.191 0.0000000000
109815  -0.145  13.634  -6.565 0.0000000000
109826  0.392  13.585  -7.128 0.0000000000
109842  4.400  13.309  -9.782 0.0000000000
109843  3.756  13.237  -9.544 0.0000000000
109844  3.100  13.173  -9.276 0.0000000000
109860  13.780  12.284  -11.422 0.0000000000
109861  12.854  12.249  -11.322 0.0000000000
109862  11.991  12.279  -11.077 0.0000000000
109863  11.156  12.398  -10.832 0.0000000000
109865  9.507  12.733  -10.645 0.0000000000
109866  8.805  12.903  -10.574 0.0000000000
110686  -0.982  14.061  -5.731 0.0000000000
110692  -0.602  13.856  -6.073 0.0000000000
110699  0.515  13.822  -7.295 0.0000000000
110700  0.179  13.742  -6.954 0.0000000000
110707  1.828  13.880  -8.053 0.0000000000
110708  1.149  13.728  -7.640 0.0000000000
110709  0.569  13.607  -7.305 0.0000000000
110715  5.067  14.146  -9.630 0.0000000000
110716  4.559  13.953  -9.380 0.0000000000
110717  3.618  13.787  -8.978 0.0000000000
110718  2.530  13.744  -8.412 0.0000000000
110719  2.100  13.553  -8.345 0.0000000000
110730  6.804  13.766  -10.421 0.0000000000
110731  5.459  13.830  -9.973 0.0000000000
110732  4.461  13.099  -9.587 0.0000000000
110733  3.251  13.028  -9.125 0.0000000000
110734  2.761  13.374  -8.802 0.0000000000
110752  12.277  12.863  -10.837 0.0000000000
110753  11.440  12.865  -10.750 0.0000000000
110754  10.690  12.945  -10.698 0.0000000000
110757  7.534  13.356  -10.500 0.0000000000
110758  6.201  13.570  -10.283 0.0000000000
110759  5.087  13.400  -10.046 0.0000000000
111576  -1.262  14.387  -5.388 0.0000000000
111582  -0.949  14.139  -6.052 0.0000000000
111588  0.501  14.253  -7.696 0.0000000000
111589  -0.006  14.028  -7.168 0.0000000000
111590  -0.470  13.956  -6.583 0.0000000000
111596  2.153  14.424  -8.274 0.0000000000
111597  1.415  14.110  -7.884 0.0000000000
111598  0.755  13.984  -7.474 0.0000000000
111604  4.816  14.558  -9.410 0.0000000000
111605  3.888  14.409  -8.887 0.0000000000
111606  2.953  14.185  -8.470 0.0000000000
111607  2.211  14.045  -8.176 0.0000000000
111621  6.228  14.327  -10.233 0.0000000000
111622  5.442  14.339  -9.827 0.0000000000
111640  12.554  13.619  -10.588 0.0000000000
111641  11.686  13.460  -10.587 0.0000000000
112507  -1.665  15.554  -4.825 0.0000000000
112515  -1.630  15.231  -5.555 0.0000000000
112516  -1.519  14.955  -5.112 0.0000000000
112522  -1.420  14.817  -6.471 0.0000000000
112523  -1.358  14.568  -5.879 0.0000000000
112529  0.266  14.507  -7.922 0.0000000000
112530  -0.577  14.516  -7.471 0.0000000000
112531  -0.846  14.280  -6.618 0.0000000000
112537  2.025  14.913  -8.483 0.0000000000
112538  0.998  14.643  -8.315 0.0000000000
112539  0.070  14.755  -8.213 0.0000000000
112544  4.904  15.216  -9.425 0.0000000000
112545  4.152  15.091  -8.954 0.0000000000
112546  3.068  14.869  -8.565 0.0000000000
112547  0.742  14.828  -8.535 0.0000000000
112548  0.508  14.850  -8.449 0.0000000000
112560  9.719  14.847  -10.656 0.0000000000
112563  6.749  14.957  -10.352 0.0000000000
112564  5.677  14.948  -9.885 0.0000000000
113481  -1.926  16.003  -4.535 0.0000000000
113487  -1.695  15.945  -5.109 0.0000000000
113489  -1.734  15.630  -5.995 0.0000000000
113494  -1.595  15.275  -7.055 0.0000000000
113500  -0.946  15.228  -8.135 0.0000000000
113506  2.435  15.430  -8.862 0.0000000000
113507  1.217  15.209  -8.917 0.0000000000
113508  0.234  15.198  -8.669 0.0000000000
113514  5.367  15.748  -9.738 0.0000000000
113515  4.542  15.826  -9.175 0.0000000000
113516  3.538  15.675  -8.870 0.0000000000
113517  0.821  14.985  -8.706 0.0000000000
113518  0.581  14.982  -8.643 0.0000000000
113535  9.247  15.714  -10.488 0.0000000000
113538  6.244  15.689  -10.192 0.0000000000
114374  -2.045  16.547  -4.479 0.0000000000
114378  -2.122  16.334  -5.329 0.0000000000
114381  -2.080  16.186  -6.398 0.0000000000
114386  -1.856  16.000  -7.525 0.0000000000
114392  -1.490  15.967  -8.359 0.0000000000
114400  1.648  15.991  -9.389 0.0000000000
114401  0.332  15.840  -9.287 0.0000000000
114402  -0.760  15.781  -8.895 0.0000000000
114409  5.040  16.508  -9.667 0.0000000000
114410  3.904  16.551  -9.352 0.0000000000
114411  2.857  16.150  -9.144 0.0000000000
114437  5.836  16.348  -10.022 0.0000000000
115311  -2.996  17.925  -2.627 0.0000000000
115312  -2.966  17.841  -2.359 0.0000000000
115323  -2.275  17.214  -4.747 0.0000000000
115327  -2.474  17.210  -5.608 0.0000000000
115329  -2.568  16.945  -6.810 0.0000000000
115331  -1.907  16.851  -9.008 0.0000000000
115332  -2.173  16.741  -8.107 0.0000000000
115337  0.682  16.692  -9.745 0.0000000000
115338  -0.861  16.550  -9.426 0.0000000000
115339  -1.531  16.300  -8.873 0.0000000000
115350  4.665  17.112  -9.821 0.0000000000
115351  3.834  17.348  -9.800 0.0000000000
115352  2.505  17.076  -9.699 0.0000000000
115372  12.620  17.843  -10.601 0.0000000000
115374  10.697  17.510  -10.721 0.0000000000
115379  5.498  16.986  -11.068 0.0000000000
115380  4.552  17.812  -10.402 0.0000000000
115381  3.458  17.998  -10.137 0.0000000000
116255  -3.675  19.283  -2.038 0.0000000000
116256  -3.538  18.843  -1.814 0.0000000000
116262  -3.048  18.097  -2.799 0.0000000000
116263  -3.381  18.720  -2.506 0.0000000000
116264  -3.299  18.302  -2.145 0.0000000000
116267  -3.089  18.211  -3.169 0.0000000000
116268  -3.426  19.179  -3.363 0.0000000000
116270  -2.614  19.212  -4.431 0.0000000000
116271  -2.840  18.848  -4.025 0.0000000000
116272  -3.130  19.518  -3.813 0.0000000000
116275  -2.650  18.583  -4.792 0.0000000000
116279  -2.773  18.290  -5.910 0.0000000000
116281  -2.814  17.948  -7.206 0.0000000000
116283  -1.746  17.449  -9.399 0.0000000000
116284  -2.500  17.689  -8.434 0.0000000000
116289  1.125  17.621  -10.138 0.0000000000
116290  -0.341  17.463  -9.851 0.0000000000
116302  2.449  18.257  -10.059 0.0000000000
116325  7.919  18.325  -12.492 0.0000000000
116327  5.207  18.255  -11.496 0.0000000000
116328  4.092  18.544  -11.005 0.0000000000
116329  3.320  18.785  -10.274 0.0000000000
116347  9.012  18.583  -13.167 0.0000000000
117207  -3.750  19.835  -1.730 0.0000000000
117217  -3.719  19.916  -2.219 0.0000000000
117220  -3.561  19.964  -2.871 0.0000000000
117222  -2.756  19.609  -4.386 0.0000000000
117223  -3.040  19.813  -4.101 0.0000000000
117224  -3.299  20.099  -3.570 0.0000000000
117226  -2.547  19.833  -4.630 0.0000000000
117227  -2.752  20.215  -4.242 0.0000000000
117228  -3.054  20.352  -3.947 0.0000000000
117230  -2.519  19.626  -5.257 0.0000000000
117233  -2.760  19.362  -6.146 0.0000000000
117238  -2.508  18.325  -8.902 0.0000000000
117239  -3.243  19.179  -7.661 0.0000000000
117240  -3.336  19.939  -7.627 0.0000000000
117245  0.280  18.195  -10.182 0.0000000000
117246  -1.172  18.548  -9.626 0.0000000000
117247  -2.780  19.099  -8.805 0.0000000000
117248  -3.312  19.758  -8.168 0.0000000000
117252  1.410  18.485  -10.288 0.0000000000
117253  -1.126  19.189  -9.738 0.0000000000
117254  -2.067  19.357  -9.411 0.0000000000
117255  -2.749  19.702  -8.767 0.0000000000
117274  6.240  19.613  -11.697 0.0000000000
117276  3.820  19.457  -10.844 0.0000000000
117277  2.606  19.106  -10.359 0.0000000000
117291  8.943  19.322  -13.193 0.0000000000
117298  9.228  18.705  -13.195 0.0000000000
117299  9.013  18.873  -13.304 0.0000000000
118071  -3.771  20.947  -2.487 0.0000000000
118074  -3.604  20.928  -3.179 0.0000000000
118077  -2.691  21.247  -4.000 0.0000000000
118078  -3.160  20.954  -3.688 0.0000000000
118080  -2.187  20.763  -4.829 0.0000000000
118081  -2.416  20.890  -4.355 0.0000000000
118082  -2.784  20.714  -4.017 0.0000000000
118085  -2.250  20.642  -5.321 0.0000000000
118088  -2.659  20.489  -6.042 0.0000000000
118091  -2.984  20.583  -6.851 0.0000000000
118092  -2.936  20.551  -7.495 0.0000000000
118095  0.763  18.610  -10.337 0.0000000000
118096  0.178  18.705  -10.274 0.0000000000
118097  -2.825  20.436  -8.209 0.0000000000
118100  1.335  19.164  -10.480 0.0000000000
118101  -0.093  19.231  -10.302 0.0000000000
118102  -1.119  19.655  -9.941 0.0000000000
118103  -2.214  20.238  -9.233 0.0000000000
118122  5.922  20.640  -12.183 0.0000000000
118124  3.074  19.910  -11.213 0.0000000000
118830  -3.809  21.971  -2.879 0.0000000000
118831  -3.709  22.401  -3.043 0.0000000000
118834  -3.462  21.635  -3.364 0.0000000000
118835  -3.543  22.188  -3.253 0.0000000000
118838  -1.123  22.252  -4.185 0.0000000000
118839  -2.135  21.912  -4.121 0.0000000000
118840  -2.929  21.806  -3.695 0.0000000000
118841  -3.321  22.004  -3.451 0.0000000000
118843  0.516  22.818  -4.992 0.0000000000
118844  -0.303  22.327  -4.782 0.0000000000
118845  -1.340  21.745  -4.750 0.0000000000
118846  -1.829  21.550  -4.506 0.0000000000
118849  0.218  22.902  -5.420 0.0000000000
118850  -0.583  22.275  -5.178 0.0000000000
118851  -1.521  21.551  -5.232 0.0000000000
118855  -1.027  22.525  -5.632 0.0000000000
118856  -1.964  21.581  -5.767 0.0000000000
118860  -1.033  23.001  -6.043 0.0000000000
118861  -2.400  21.911  -6.597 0.0000000000
118862  -2.785  21.100  -7.505 0.0000000000
118865  -2.595  22.257  -6.961 0.0000000000
118866  -2.790  21.539  -7.967 0.0000000000
118872  1.464  19.810  -11.062 0.0000000000
118873  0.106  19.862  -10.750 0.0000000000
118874  -1.006  20.242  -10.216 0.0000000000
119571  -3.696  22.794  -2.801 0.0000000000
119576  -1.805  23.257  -3.322 0.0000000000
119577  -2.757  23.005  -3.228 0.0000000000
119578  -3.406  22.684  -3.123 0.0000000000
119581  -0.346  22.888  -3.805 0.0000000000
119582  -1.335  22.690  -3.695 0.0000000000
119583  -2.378  22.527  -3.632 0.0000000000
119584  -3.095  22.369  -3.412 0.0000000000
119586  1.167  23.389  -4.941 0.0000000000
119587  0.599  22.914  -4.533 0.0000000000
119588  -0.203  22.552  -4.296 0.0000000000
119598  -2.329  22.563  -6.716 0.0000000000
120332  -1.369  23.994  -3.116 0.0000000000
120333  -2.275  23.807  -2.889 0.0000000000
120334  -3.273  23.376  -2.885 0.0000000000
120338  0.651  23.865  -4.184 0.0000000000
120339  0.034  23.590  -3.753 0.0000000000
120340  -0.800  23.405  -3.439 0.0000000000
120345  1.037  23.554  -4.488 0.0000000000
120346  0.463  23.143  -4.068 0.0000000000
