#!ascii label  , from subject subject001 vox2ras=TkReg
297
126417  36.582  31.236  8.698 0.0000000000
126418  36.412  31.053  8.735 0.0000000000
126428  37.057  31.190  8.381 0.0000000000
126429  36.790  31.116  8.518 0.0000000000
126430  36.302  30.607  8.406 0.0000000000
126437  37.111  30.959  8.286 0.0000000000
126438  36.819  30.488  8.150 0.0000000000
126439  36.294  30.127  7.919 0.0000000000
126447  39.435  29.509  6.117 0.0000000000
126448  38.936  29.328  6.272 0.0000000000
126449  37.972  28.821  6.555 0.0000000000
126450  36.861  28.724  6.265 0.0000000000
126461  39.862  29.066  5.561 0.0000000000
126462  38.406  28.360  5.521 0.0000000000
126463  37.321  28.308  5.488 0.0000000000
126488  46.714  29.835  0.818 0.0000000000
126500  46.617  29.895  0.144 0.0000000000
126511  46.361  30.544  -1.323 0.0000000000
127161  36.550  31.628  8.943 0.0000000000
127162  35.733  31.012  8.957 0.0000000000
127174  37.282  31.594  8.419 0.0000000000
127175  36.925  31.701  8.686 0.0000000000
127176  35.649  30.178  8.000 0.0000000000
127185  38.218  31.222  7.729 0.0000000000
127186  37.533  30.685  7.888 0.0000000000
127187  36.726  29.850  7.645 0.0000000000
127188  35.883  29.698  7.348 0.0000000000
127196  39.533  30.267  6.410 0.0000000000
127197  38.494  30.332  7.185 0.0000000000
127198  37.375  29.405  7.264 0.0000000000
127199  36.325  29.282  6.814 0.0000000000
127206  41.300  30.189  5.338 0.0000000000
127207  40.385  30.542  5.961 0.0000000000
127212  42.084  30.613  4.633 0.0000000000
127215  46.996  30.304  0.978 0.0000000000
127216  46.279  29.922  1.959 0.0000000000
127224  47.181  30.963  -0.264 0.0000000000
127233  46.658  31.717  -1.528 0.0000000000
127234  46.168  32.219  -2.613 0.0000000000
127860  36.554  32.441  9.210 0.0000000000
127861  36.017  32.351  9.366 0.0000000000
127871  37.606  32.674  8.505 0.0000000000
127872  37.050  32.584  8.969 0.0000000000
127876  38.657  31.964  7.503 0.0000000000
127877  38.067  32.097  8.114 0.0000000000
127880  40.187  31.713  6.378 0.0000000000
127881  39.349  31.742  6.948 0.0000000000
127884  41.633  31.665  4.888 0.0000000000
127885  40.876  31.692  5.613 0.0000000000
127889  45.383  30.806  3.072 0.0000000000
127890  44.010  31.187  3.597 0.0000000000
127891  42.676  31.562  4.307 0.0000000000
127894  47.486  32.771  -0.131 0.0000000000
127895  47.563  31.752  0.699 0.0000000000
127896  46.878  31.050  1.830 0.0000000000
127897  46.141  30.593  2.470 0.0000000000
127903  47.147  33.069  -1.037 0.0000000000
127904  47.215  32.188  -0.711 0.0000000000
127916  46.738  33.390  -1.475 0.0000000000
127917  46.530  32.970  -2.023 0.0000000000
128615  36.390  33.276  9.252 0.0000000000
128625  37.405  33.520  8.629 0.0000000000
128626  36.861  33.964  8.905 0.0000000000
128628  38.499  33.129  7.704 0.0000000000
128629  37.957  33.640  8.133 0.0000000000
128631  39.864  32.911  6.614 0.0000000000
128632  39.207  33.369  7.182 0.0000000000
128634  41.226  32.778  5.179 0.0000000000
128635  40.467  33.168  5.777 0.0000000000
128638  46.452  32.881  2.787 0.0000000000
128639  45.537  32.376  3.162 0.0000000000
128640  43.433  32.699  3.840 0.0000000000
128641  42.018  33.016  4.504 0.0000000000
128643  47.617  33.221  0.002 0.0000000000
128644  47.772  32.982  0.637 0.0000000000
128645  47.188  32.605  2.063 0.0000000000
128646  46.311  31.463  2.580 0.0000000000
128653  47.412  33.415  -0.571 0.0000000000
128661  46.934  33.654  -1.203 0.0000000000
128662  46.408  33.831  -1.759 0.0000000000
128663  45.602  34.068  -2.794 0.0000000000
129361  37.291  34.705  8.251 0.0000000000
129364  38.380  34.531  7.267 0.0000000000
129365  37.849  34.642  7.788 0.0000000000
129367  39.612  34.371  6.131 0.0000000000
129368  38.949  34.504  6.700 0.0000000000
129370  41.039  34.145  4.799 0.0000000000
129371  40.260  34.310  5.415 0.0000000000
129374  46.296  33.730  2.893 0.0000000000
129375  44.184  33.891  3.625 0.0000000000
129376  42.568  33.989  4.048 0.0000000000
129377  41.792  34.000  4.383 0.0000000000
129385  47.734  33.711  -0.091 0.0000000000
129386  48.028  34.119  0.883 0.0000000000
129387  47.386  33.775  2.057 0.0000000000
129398  47.117  34.039  -0.968 0.0000000000
129399  47.474  34.642  -0.681 0.0000000000
129417  46.638  34.075  -1.423 0.0000000000
129418  46.160  34.721  -1.810 0.0000000000
129419  44.523  35.142  -3.148 0.0000000000
130100  38.131  35.544  6.818 0.0000000000
130103  39.342  35.461  5.751 0.0000000000
130104  38.673  35.492  6.279 0.0000000000
130106  41.890  35.883  4.167 0.0000000000
130107  41.353  35.553  4.406 0.0000000000
130108  40.099  35.422  5.156 0.0000000000
130115  46.213  34.805  3.063 0.0000000000
130116  44.831  34.972  3.503 0.0000000000
130117  42.698  35.375  4.028 0.0000000000
130118  41.808  34.659  4.283 0.0000000000
130132  49.171  36.054  0.317 0.0000000000
130133  48.653  35.587  0.757 0.0000000000
130134  47.684  34.745  2.333 0.0000000000
130154  48.973  36.252  -0.146 0.0000000000
130155  47.841  35.648  -0.357 0.0000000000
130176  46.548  35.771  -1.403 0.0000000000
130177  44.844  36.037  -2.231 0.0000000000
130807  40.130  37.171  5.218 0.0000000000
130808  39.308  36.449  5.656 0.0000000000
130809  38.581  36.385  6.105 0.0000000000
130819  41.854  36.524  4.231 0.0000000000
130820  40.627  36.516  4.649 0.0000000000
130821  40.050  36.440  5.243 0.0000000000
130838  49.207  37.164  1.253 0.0000000000
130839  48.577  36.668  2.077 0.0000000000
130840  47.577  36.156  3.027 0.0000000000
130841  46.001  35.770  3.369 0.0000000000
130842  43.775  36.123  3.865 0.0000000000
130843  42.722  36.266  4.119 0.0000000000
130864  49.347  37.332  0.654 0.0000000000
130865  49.201  36.489  0.601 0.0000000000
130866  48.410  35.785  1.937 0.0000000000
130867  47.526  35.561  2.736 0.0000000000
130885  49.297  37.218  0.130 0.0000000000
130886  49.023  37.005  -0.378 0.0000000000
130887  48.158  36.988  -1.259 0.0000000000
130888  46.713  37.448  -1.829 0.0000000000
130905  46.832  36.504  -1.190 0.0000000000
130906  45.232  37.005  -1.649 0.0000000000
131522  43.055  37.720  4.213 0.0000000000
131523  42.405  37.580  4.229 0.0000000000
131524  40.944  37.700  4.539 0.0000000000
131543  49.324  37.934  1.179 0.0000000000
131544  48.822  37.550  2.207 0.0000000000
131545  47.930  36.922  3.387 0.0000000000
131546  46.231  36.824  3.771 0.0000000000
131547  43.965  37.218  4.035 0.0000000000
131548  42.856  36.809  4.073 0.0000000000
131568  48.951  38.050  0.289 0.0000000000
131569  48.561  38.593  -0.205 0.0000000000
131584  48.969  37.520  -0.186 0.0000000000
131585  48.316  38.106  -0.737 0.0000000000
131586  47.098  38.347  -1.673 0.0000000000
132207  48.664  38.839  3.557 0.0000000000
132208  47.367  38.211  4.472 0.0000000000
132209  45.675  38.179  4.672 0.0000000000
132210  44.188  38.406  4.477 0.0000000000
132211  43.013  38.239  4.326 0.0000000000
132212  41.726  38.394  4.427 0.0000000000
132231  49.347  38.699  2.086 0.0000000000
132232  48.333  37.874  3.445 0.0000000000
132233  46.760  37.506  4.154 0.0000000000
132234  45.063  37.618  4.342 0.0000000000
132235  43.971  37.926  4.244 0.0000000000
132256  49.354  38.782  0.884 0.0000000000
132257  48.634  39.201  0.150 0.0000000000
132258  47.789  39.769  -0.520 0.0000000000
132271  48.185  39.036  -0.648 0.0000000000
132272  47.383  39.582  -1.532 0.0000000000
132883  47.673  39.205  5.230 0.0000000000
132884  46.995  39.088  5.502 0.0000000000
132885  45.483  39.425  5.500 0.0000000000
132904  48.824  39.577  3.606 0.0000000000
132905  48.086  39.109  4.663 0.0000000000
132906  46.344  38.716  5.105 0.0000000000
132907  44.690  38.945  5.061 0.0000000000
132908  43.222  39.153  4.674 0.0000000000
132909  42.179  38.944  4.536 0.0000000000
132924  49.069  39.870  2.502 0.0000000000
132939  49.029  39.892  1.041 0.0000000000
132940  48.166  40.328  0.050 0.0000000000
132941  47.124  40.926  -1.107 0.0000000000
132953  46.443  40.724  -1.940 0.0000000000
133540  48.847  40.382  5.472 0.0000000000
133541  47.258  39.759  6.181 0.0000000000
133557  49.001  40.584  4.427 0.0000000000
133558  47.969  39.592  5.342 0.0000000000
133559  46.355  39.583  5.897 0.0000000000
133569  48.856  40.503  3.360 0.0000000000
133570  48.737  39.845  4.471 0.0000000000
133576  48.687  41.383  1.334 0.0000000000
133577  47.316  42.681  0.187 0.0000000000
133578  46.786  43.207  -0.284 0.0000000000
133587  48.463  40.769  0.627 0.0000000000
133588  47.752  41.459  0.020 0.0000000000
133589  46.520  42.655  -0.957 0.0000000000
134160  49.727  41.716  8.129 0.0000000000
134161  49.038  40.778  7.729 0.0000000000
134181  49.849  42.590  7.863 0.0000000000
134182  49.545  41.543  7.345 0.0000000000
134183  48.769  40.641  7.123 0.0000000000
134196  49.595  42.383  6.951 0.0000000000
134197  49.422  41.392  6.594 0.0000000000
134198  48.432  40.499  6.587 0.0000000000
134212  49.483  42.229  6.280 0.0000000000
134213  49.331  41.511  5.721 0.0000000000
134214  47.979  40.211  6.347 0.0000000000
134228  49.181  41.823  4.469 0.0000000000
134229  48.652  42.509  3.627 0.0000000000
134230  45.553  44.877  2.360 0.0000000000
134231  44.857  44.792  2.297 0.0000000000
134239  48.790  41.621  3.495 0.0000000000
134240  47.790  42.542  2.839 0.0000000000
134241  46.887  43.304  2.074 0.0000000000
134242  45.777  44.336  1.733 0.0000000000
134243  44.069  44.439  1.534 0.0000000000
134251  48.701  41.928  2.457 0.0000000000
134252  47.659  42.573  1.619 0.0000000000
134253  46.710  43.614  0.519 0.0000000000
134254  45.167  43.583  0.692 0.0000000000
134265  46.244  43.298  -0.279 0.0000000000
134793  49.911  43.681  8.640 0.0000000000
134810  49.450  43.414  7.436 0.0000000000
134811  48.873  43.744  6.937 0.0000000000
134825  49.300  43.042  6.552 0.0000000000
134826  48.683  43.815  6.128 0.0000000000
134827  47.917  44.572  5.496 0.0000000000
134828  46.872  45.564  5.221 0.0000000000
134829  45.382  45.864  5.247 0.0000000000
134836  49.167  42.746  5.891 0.0000000000
134837  48.648  43.205  4.923 0.0000000000
134838  47.429  44.670  4.375 0.0000000000
134839  45.893  45.462  4.331 0.0000000000
134840  44.286  45.647  4.479 0.0000000000
134841  43.427  45.631  3.768 0.0000000000
134850  48.683  42.757  4.096 0.0000000000
134851  47.795  43.518  3.482 0.0000000000
134852  46.640  44.847  3.271 0.0000000000
134853  45.305  45.177  3.077 0.0000000000
134865  47.206  43.250  2.755 0.0000000000
134866  46.713  44.064  2.598 0.0000000000
134867  46.048  44.818  2.523 0.0000000000
135364  49.232  44.715  9.240 0.0000000000
135375  49.109  44.344  8.031 0.0000000000
135376  48.334  45.364  8.560 0.0000000000
135377  47.869  46.563  9.263 0.0000000000
135393  48.912  44.026  7.378 0.0000000000
135394  48.308  44.685  7.152 0.0000000000
135395  47.253  46.365  7.654 0.0000000000
135396  45.876  47.193  6.767 0.0000000000
135397  45.265  47.832  5.839 0.0000000000
135398  45.041  48.367  5.390 0.0000000000
135414  48.138  44.648  6.228 0.0000000000
135415  47.469  45.346  6.287 0.0000000000
135416  46.146  46.154  6.186 0.0000000000
135417  44.867  46.412  5.383 0.0000000000
135418  44.505  47.393  4.990 0.0000000000
135429  44.228  45.939  4.972 0.0000000000
135430  44.078  46.077  4.687 0.0000000000
135890  47.310  47.845  9.641 0.0000000000
135891  47.103  48.758  9.018 0.0000000000
135907  47.361  47.288  8.659 0.0000000000
135908  46.755  48.253  8.163 0.0000000000
135909  45.660  48.695  6.861 0.0000000000
135910  45.272  49.112  5.780 0.0000000000
135926  44.888  49.031  5.128 0.0000000000
136474  46.994  48.279  10.317 0.0000000000
136475  46.714  48.901  9.879 0.0000000000
136492  46.666  49.483  8.750 0.0000000000
136493  45.934  49.650  7.722 0.0000000000
136494  45.218  50.220  6.565 0.0000000000
136495  43.986  50.750  6.277 0.0000000000
136505  44.826  49.958  5.655 0.0000000000
137036  42.515  52.319  8.233 0.0000000000
137051  46.273  50.294  9.630 0.0000000000
137052  43.639  51.818  7.713 0.0000000000
137053  42.919  51.956  7.724 0.0000000000
137067  45.778  50.352  8.471 0.0000000000
137068  45.204  50.656  7.690 0.0000000000
137069  44.173  51.467  7.303 0.0000000000
137070  42.783  51.209  7.036 0.0000000000
137637  45.523  51.100  9.672 0.0000000000
137638  43.198  52.674  8.817 0.0000000000
137639  42.334  52.639  8.877 0.0000000000
137652  45.376  51.125  8.863 0.0000000000
137653  44.595  51.619  8.503 0.0000000000
137654  43.783  52.059  8.226 0.0000000000
137655  42.982  52.420  8.308 0.0000000000
137666  45.222  50.786  8.282 0.0000000000
137667  44.769  51.175  8.094 0.0000000000
137668  44.315  51.614  7.973 0.0000000000
138259  45.148  51.573  9.600 0.0000000000
138260  44.592  51.899  9.479 0.0000000000
138261  43.834  52.492  9.318 0.0000000000
138272  45.290  51.424  9.313 0.0000000000
138273  44.950  51.658  9.103 0.0000000000
138274  44.371  51.988  8.897 0.0000000000
