#!ascii label  , from subject subject001 vox2ras=TkReg
2037
30507  25.160  -58.517  -55.147 0.0000000000
30508  24.054  -59.035  -54.353 0.0000000000
30516  25.950  -57.839  -56.392 0.0000000000
31526  18.477  -59.052  -43.284 0.0000000000
31608  22.652  -58.526  -53.244 0.0000000000
31619  23.168  -58.805  -54.010 0.0000000000
31620  22.671  -58.098  -54.340 0.0000000000
31635  25.537  -57.225  -56.243 0.0000000000
31636  23.998  -57.866  -55.096 0.0000000000
31637  23.087  -57.990  -54.674 0.0000000000
31651  26.563  -57.406  -56.673 0.0000000000
32634  17.443  -57.529  -43.332 0.0000000000
32649  19.855  -58.887  -44.552 0.0000000000
32650  18.769  -58.714  -44.244 0.0000000000
32651  17.966  -58.239  -43.825 0.0000000000
32652  17.506  -57.706  -43.620 0.0000000000
32661  21.633  -58.339  -45.643 0.0000000000
32662  20.429  -58.241  -45.440 0.0000000000
32663  19.228  -58.169  -45.199 0.0000000000
32664  18.271  -57.924  -44.825 0.0000000000
32665  17.548  -57.552  -44.458 0.0000000000
32674  22.971  -58.346  -46.821 0.0000000000
32675  22.063  -57.956  -46.704 0.0000000000
32676  20.902  -57.852  -46.497 0.0000000000
32677  19.630  -57.800  -46.342 0.0000000000
32678  18.484  -57.600  -45.995 0.0000000000
32679  17.726  -57.400  -45.455 0.0000000000
32686  22.941  -58.145  -48.003 0.0000000000
32687  22.378  -58.026  -47.508 0.0000000000
32696  23.030  -57.894  -49.144 0.0000000000
32706  22.956  -58.038  -50.921 0.0000000000
32707  22.613  -57.570  -50.491 0.0000000000
32718  22.332  -57.951  -52.585 0.0000000000
32730  22.350  -57.556  -53.987 0.0000000000
32731  22.459  -56.854  -54.475 0.0000000000
32745  26.815  -56.034  -55.885 0.0000000000
32746  24.598  -56.356  -55.585 0.0000000000
32747  23.026  -57.094  -54.926 0.0000000000
32748  22.700  -56.488  -54.710 0.0000000000
32761  26.946  -56.865  -56.380 0.0000000000
32762  23.557  -56.197  -55.049 0.0000000000
32763  23.115  -56.329  -54.954 0.0000000000
32764  22.982  -56.220  -54.742 0.0000000000
33828  17.401  -57.323  -43.123 0.0000000000
33840  17.229  -56.796  -43.131 0.0000000000
33841  17.050  -56.968  -43.938 0.0000000000
33842  16.559  -56.362  -44.985 0.0000000000
33847  17.038  -56.988  -45.276 0.0000000000
33848  16.574  -56.246  -46.041 0.0000000000
33854  21.926  -57.828  -47.559 0.0000000000
33855  21.217  -57.757  -47.619 0.0000000000
33856  19.976  -57.609  -47.597 0.0000000000
33857  18.734  -57.374  -47.386 0.0000000000
33858  17.481  -56.884  -46.778 0.0000000000
33859  16.862  -55.905  -47.159 0.0000000000
33862  22.491  -57.755  -48.952 0.0000000000
33863  21.767  -57.660  -48.615 0.0000000000
33864  20.361  -57.321  -48.804 0.0000000000
33865  19.232  -56.967  -48.592 0.0000000000
33866  18.146  -56.425  -48.448 0.0000000000
33867  17.252  -56.022  -47.959 0.0000000000
33868  16.980  -55.724  -47.690 0.0000000000
33871  21.948  -57.227  -50.080 0.0000000000
33872  20.629  -56.593  -50.183 0.0000000000
33873  19.664  -56.458  -49.647 0.0000000000
33874  18.770  -56.155  -49.246 0.0000000000
33875  18.377  -55.999  -49.016 0.0000000000
33877  22.175  -57.180  -51.980 0.0000000000
33878  21.653  -56.667  -51.592 0.0000000000
33879  20.893  -56.224  -51.407 0.0000000000
33882  22.158  -56.939  -53.318 0.0000000000
33883  21.580  -55.947  -52.813 0.0000000000
33884  21.185  -55.949  -52.073 0.0000000000
33891  27.568  -53.918  -54.116 0.0000000000
33892  25.966  -54.348  -53.984 0.0000000000
33893  25.058  -54.577  -53.892 0.0000000000
33894  22.357  -56.901  -54.022 0.0000000000
33895  22.279  -56.159  -54.061 0.0000000000
33902  28.036  -54.809  -54.972 0.0000000000
33903  26.098  -55.077  -55.098 0.0000000000
33904  24.234  -55.395  -54.734 0.0000000000
33905  23.233  -55.662  -54.551 0.0000000000
33906  22.792  -56.041  -54.534 0.0000000000
33913  23.460  -55.951  -55.037 0.0000000000
33914  23.296  -55.937  -54.835 0.0000000000
33915  23.067  -55.998  -54.668 0.0000000000
35079  16.951  -56.122  -43.391 0.0000000000
35080  16.485  -55.859  -44.323 0.0000000000
35089  25.880  -53.349  -45.700 0.0000000000
35090  25.697  -53.438  -45.842 0.0000000000
35091  16.047  -55.552  -45.412 0.0000000000
35098  26.240  -53.010  -46.061 0.0000000000
35099  26.011  -53.235  -46.007 0.0000000000
35100  25.413  -53.427  -46.249 0.0000000000
35101  16.156  -55.324  -46.667 0.0000000000
35103  26.202  -52.880  -46.387 0.0000000000
35104  25.696  -52.874  -46.884 0.0000000000
35105  24.824  -52.946  -46.957 0.0000000000
35106  17.747  -55.863  -48.591 0.0000000000
35107  17.501  -55.454  -48.507 0.0000000000
35108  16.845  -55.137  -47.871 0.0000000000
35111  24.975  -52.190  -47.572 0.0000000000
35112  24.228  -52.108  -47.858 0.0000000000
35113  20.214  -56.102  -50.726 0.0000000000
35114  19.934  -55.890  -50.530 0.0000000000
35115  19.209  -55.547  -50.058 0.0000000000
35116  18.267  -55.364  -49.235 0.0000000000
35117  17.518  -54.779  -48.681 0.0000000000
35118  17.001  -54.465  -48.444 0.0000000000
35120  20.307  -55.788  -51.116 0.0000000000
35121  19.990  -54.891  -50.825 0.0000000000
35122  19.140  -54.630  -50.104 0.0000000000
35123  18.644  -54.459  -49.651 0.0000000000
35126  21.561  -55.173  -52.727 0.0000000000
35127  21.087  -54.961  -51.943 0.0000000000
35128  20.557  -53.972  -51.129 0.0000000000
35134  29.003  -52.756  -53.231 0.0000000000
35135  27.303  -52.921  -53.311 0.0000000000
35136  25.639  -53.585  -53.193 0.0000000000
35137  24.233  -53.870  -53.043 0.0000000000
35138  22.492  -54.708  -52.926 0.0000000000
35139  22.036  -53.868  -51.815 0.0000000000
35147  24.512  -54.603  -53.730 0.0000000000
35148  23.492  -55.008  -53.959 0.0000000000
35149  22.784  -55.551  -54.114 0.0000000000
36321  16.666  -55.168  -43.617 0.0000000000
36322  15.937  -54.776  -44.572 0.0000000000
36332  26.566  -52.751  -45.578 0.0000000000
36333  26.168  -53.064  -45.578 0.0000000000
36334  25.442  -53.419  -45.668 0.0000000000
36335  24.259  -53.306  -45.761 0.0000000000
36336  22.993  -52.916  -46.135 0.0000000000
36337  21.848  -52.839  -46.738 0.0000000000
36338  15.561  -54.297  -46.018 0.0000000000
36344  26.624  -52.629  -46.017 0.0000000000
36345  26.217  -53.057  -45.831 0.0000000000
36346  24.556  -53.299  -46.332 0.0000000000
36347  23.349  -52.788  -46.546 0.0000000000
36348  22.009  -52.893  -47.050 0.0000000000
36349  20.960  -52.429  -47.638 0.0000000000
36350  18.888  -53.005  -48.119 0.0000000000
36351  18.281  -53.036  -48.429 0.0000000000
36352  15.947  -54.371  -47.388 0.0000000000
36354  26.603  -51.982  -47.231 0.0000000000
36355  25.605  -51.697  -47.873 0.0000000000
36356  23.728  -52.515  -47.280 0.0000000000
36357  22.375  -52.506  -47.819 0.0000000000
36358  20.957  -52.493  -48.456 0.0000000000
36359  19.873  -52.994  -48.354 0.0000000000
36360  18.829  -53.334  -48.516 0.0000000000
36361  17.607  -53.527  -48.740 0.0000000000
36362  16.907  -53.793  -48.680 0.0000000000
36363  16.524  -54.147  -48.245 0.0000000000
36366  26.345  -51.008  -48.893 0.0000000000
36367  24.634  -51.516  -48.836 0.0000000000
36368  23.085  -51.817  -48.825 0.0000000000
36369  21.606  -52.278  -49.327 0.0000000000
36370  20.550  -52.728  -49.709 0.0000000000
36371  19.874  -53.258  -49.297 0.0000000000
36372  19.071  -53.634  -49.172 0.0000000000
36373  18.131  -54.122  -49.249 0.0000000000
36374  17.311  -54.137  -48.756 0.0000000000
36375  16.890  -54.131  -48.568 0.0000000000
36377  26.590  -50.652  -50.286 0.0000000000
36378  24.971  -51.174  -50.163 0.0000000000
36379  23.475  -51.613  -50.100 0.0000000000
36380  22.068  -51.997  -50.282 0.0000000000
36381  20.923  -52.674  -50.468 0.0000000000
36382  19.942  -53.589  -50.474 0.0000000000
36383  19.172  -53.968  -49.800 0.0000000000
36384  18.732  -54.083  -49.514 0.0000000000
36387  28.581  -50.566  -51.524 0.0000000000
36388  26.864  -51.169  -51.303 0.0000000000
36389  25.190  -51.369  -51.271 0.0000000000
36390  23.765  -51.782  -51.114 0.0000000000
36391  22.566  -52.260  -51.051 0.0000000000
36392  21.420  -53.160  -51.249 0.0000000000
36393  20.689  -53.339  -50.854 0.0000000000
36399  28.849  -51.475  -52.519 0.0000000000
36400  27.114  -52.067  -52.282 0.0000000000
36401  25.397  -52.205  -52.318 0.0000000000
36402  24.044  -52.970  -51.975 0.0000000000
36403  22.856  -53.133  -51.676 0.0000000000
36404  22.178  -53.029  -51.510 0.0000000000
37571  16.494  -52.989  -43.584 0.0000000000
37572  15.792  -52.578  -44.105 0.0000000000
37589  26.892  -52.173  -44.775 0.0000000000
37590  25.993  -52.705  -44.801 0.0000000000
37591  25.077  -52.887  -44.941 0.0000000000
37592  24.503  -52.917  -45.040 0.0000000000
37594  16.507  -54.109  -43.623 0.0000000000
37595  15.521  -53.274  -44.736 0.0000000000
37606  27.021  -52.289  -45.370 0.0000000000
37607  26.133  -53.002  -45.109 0.0000000000
37608  25.160  -53.209  -45.185 0.0000000000
37609  23.953  -53.015  -45.464 0.0000000000
37610  22.408  -52.758  -46.277 0.0000000000
37611  20.856  -52.261  -47.286 0.0000000000
37612  19.870  -52.143  -47.407 0.0000000000
37613  15.256  -52.999  -46.268 0.0000000000
37621  27.720  -51.674  -45.987 0.0000000000
37622  19.943  -52.726  -47.812 0.0000000000
37623  19.059  -52.539  -47.902 0.0000000000
37624  17.192  -52.755  -48.597 0.0000000000
37625  16.039  -52.812  -48.073 0.0000000000
37626  15.681  -53.330  -47.164 0.0000000000
37629  27.797  -51.371  -46.751 0.0000000000
37630  19.501  -53.058  -48.079 0.0000000000
37631  19.271  -52.994  -47.995 0.0000000000
37632  17.002  -53.368  -48.704 0.0000000000
37633  16.571  -53.419  -48.413 0.0000000000
37634  16.068  -53.633  -47.907 0.0000000000
37638  27.899  -50.617  -47.945 0.0000000000
37642  28.059  -50.145  -49.279 0.0000000000
37647  28.291  -50.112  -50.476 0.0000000000
38880  17.087  -52.237  -42.805 0.0000000000
38881  16.038  -52.029  -43.641 0.0000000000
38898  26.730  -51.901  -44.538 0.0000000000
38899  25.827  -52.287  -44.724 0.0000000000
38900  24.952  -52.505  -44.992 0.0000000000
38901  15.499  -52.052  -44.590 0.0000000000
38913  24.096  -52.622  -45.367 0.0000000000
38914  22.933  -52.502  -45.867 0.0000000000
38915  21.610  -52.153  -46.656 0.0000000000
38916  20.354  -51.879  -47.290 0.0000000000
38917  15.306  -52.073  -45.913 0.0000000000
38925  19.201  -51.822  -47.815 0.0000000000
38926  17.664  -51.753  -48.511 0.0000000000
38927  16.068  -51.781  -48.488 0.0000000000
38928  15.308  -51.912  -47.404 0.0000000000
40167  17.513  -51.221  -42.246 0.0000000000
40168  16.633  -51.151  -43.259 0.0000000000
40169  15.861  -51.108  -44.277 0.0000000000
40183  26.515  -51.368  -44.551 0.0000000000
40184  25.491  -51.778  -44.924 0.0000000000
40185  24.599  -51.952  -45.454 0.0000000000
40186  15.527  -51.124  -45.552 0.0000000000
40194  23.541  -51.872  -45.986 0.0000000000
40195  22.260  -51.596  -46.681 0.0000000000
40196  20.797  -51.262  -47.380 0.0000000000
40197  19.652  -51.369  -47.744 0.0000000000
40198  15.042  -51.027  -46.922 0.0000000000
40203  19.716  -50.578  -48.322 0.0000000000
40204  18.253  -50.788  -48.480 0.0000000000
40205  16.477  -50.779  -48.389 0.0000000000
40206  15.346  -50.908  -48.001 0.0000000000
40207  15.060  -50.943  -47.557 0.0000000000
41511  26.810  -50.535  -44.581 0.0000000000
41514  17.759  -50.160  -41.747 0.0000000000
41515  16.922  -50.147  -42.836 0.0000000000
41516  16.129  -50.178  -43.821 0.0000000000
41523  25.958  -50.987  -45.101 0.0000000000
41524  25.108  -51.259  -45.622 0.0000000000
41525  24.302  -51.176  -46.320 0.0000000000
41526  15.620  -50.127  -45.148 0.0000000000
41534  23.186  -50.833  -47.048 0.0000000000
41535  21.707  -50.288  -48.122 0.0000000000
41536  20.615  -50.435  -48.149 0.0000000000
41537  15.163  -50.219  -46.572 0.0000000000
41544  21.355  -49.598  -48.752 0.0000000000
41545  20.393  -49.804  -48.548 0.0000000000
41546  18.742  -49.719  -48.273 0.0000000000
41547  16.990  -49.786  -48.083 0.0000000000
41548  15.657  -50.107  -47.832 0.0000000000
41549  14.925  -50.398  -47.521 0.0000000000
42784  18.094  -48.418  -41.355 0.0000000000
42785  17.370  -48.006  -41.665 0.0000000000
42803  27.304  -49.917  -44.755 0.0000000000
42806  18.421  -49.342  -41.310 0.0000000000
42807  16.792  -48.600  -42.505 0.0000000000
42808  16.404  -49.503  -43.369 0.0000000000
42813  26.501  -50.249  -45.699 0.0000000000
42814  25.459  -50.570  -46.192 0.0000000000
42815  24.821  -50.777  -46.366 0.0000000000
42816  16.084  -48.049  -44.202 0.0000000000
42817  15.902  -49.081  -44.401 0.0000000000
42824  26.605  -49.660  -46.552 0.0000000000
42825  25.766  -49.678  -46.889 0.0000000000
42826  24.374  -50.002  -47.384 0.0000000000
42827  22.969  -49.838  -47.990 0.0000000000
42828  17.340  -47.963  -46.519 0.0000000000
42829  16.461  -48.313  -45.838 0.0000000000
42830  15.619  -49.392  -46.169 0.0000000000
42835  23.431  -49.264  -48.612 0.0000000000
42836  22.252  -49.253  -48.807 0.0000000000
42837  21.059  -49.105  -48.565 0.0000000000
42838  19.572  -48.851  -48.107 0.0000000000
42839  17.676  -48.530  -47.529 0.0000000000
42840  16.076  -49.207  -47.268 0.0000000000
42841  15.334  -49.842  -47.188 0.0000000000
43932  18.928  -47.913  -40.819 0.0000000000
43933  17.795  -47.594  -41.174 0.0000000000
43934  17.213  -47.492  -41.852 0.0000000000
43947  27.766  -49.455  -44.889 0.0000000000
43948  16.833  -47.310  -42.613 0.0000000000
43954  28.037  -49.256  -45.690 0.0000000000
43955  27.326  -49.657  -46.056 0.0000000000
43956  16.372  -47.315  -43.579 0.0000000000
43960  27.636  -48.997  -46.748 0.0000000000
43961  26.576  -48.772  -47.550 0.0000000000
43962  25.206  -48.969  -48.167 0.0000000000
43963  24.214  -48.979  -48.633 0.0000000000
43964  19.912  -47.132  -47.111 0.0000000000
43965  18.495  -46.891  -46.662 0.0000000000
43966  17.429  -47.412  -45.730 0.0000000000
43967  16.523  -47.502  -44.765 0.0000000000
43973  25.678  -48.243  -48.671 0.0000000000
43974  24.661  -48.224  -48.815 0.0000000000
43975  23.348  -48.438  -48.847 0.0000000000
43976  21.911  -48.356  -48.597 0.0000000000
43977  20.520  -48.183  -47.818 0.0000000000
43978  18.934  -47.742  -47.516 0.0000000000
43979  17.897  -47.570  -46.982 0.0000000000
44973  19.636  -46.395  -40.117 0.0000000000
44974  18.772  -46.490  -40.468 0.0000000000
44975  18.039  -46.466  -40.672 0.0000000000
44990  18.362  -47.047  -40.713 0.0000000000
44991  17.546  -46.740  -41.227 0.0000000000
45001  28.657  -48.560  -45.299 0.0000000000
45002  28.356  -48.875  -45.406 0.0000000000
45003  17.103  -46.763  -42.114 0.0000000000
45012  28.719  -48.240  -46.724 0.0000000000
45013  28.290  -48.817  -46.357 0.0000000000
45014  18.518  -45.691  -44.833 0.0000000000
45015  17.535  -45.885  -44.089 0.0000000000
45016  16.944  -46.423  -43.134 0.0000000000
45021  28.282  -47.833  -47.646 0.0000000000
45022  27.608  -48.037  -47.868 0.0000000000
45023  26.930  -48.235  -48.384 0.0000000000
45024  23.276  -46.980  -48.092 0.0000000000
45025  22.153  -46.826  -47.341 0.0000000000
45026  20.764  -46.416  -46.867 0.0000000000
45027  19.243  -45.914  -46.244 0.0000000000
45028  18.121  -46.542  -45.235 0.0000000000
45029  16.934  -46.725  -44.466 0.0000000000
45036  27.218  -47.421  -49.014 0.0000000000
45037  26.561  -47.757  -48.894 0.0000000000
45038  25.373  -47.553  -49.035 0.0000000000
45039  24.141  -47.466  -48.770 0.0000000000
45040  22.717  -47.614  -48.461 0.0000000000
45041  21.326  -47.391  -47.888 0.0000000000
46094  18.913  -45.677  -40.449 0.0000000000
46095  18.312  -46.163  -40.623 0.0000000000
46104  18.065  -45.200  -41.295 0.0000000000
46105  17.921  -46.012  -40.942 0.0000000000
46112  17.789  -44.898  -42.409 0.0000000000
46113  17.462  -45.921  -42.007 0.0000000000
46123  29.290  -47.733  -47.211 0.0000000000
46124  29.018  -47.914  -47.001 0.0000000000
46125  23.548  -45.472  -46.763 0.0000000000
46126  22.348  -45.111  -46.269 0.0000000000
46127  21.029  -44.981  -45.611 0.0000000000
46128  19.466  -44.925  -45.118 0.0000000000
46129  18.214  -44.966  -43.752 0.0000000000
46130  17.344  -45.467  -43.117 0.0000000000
46140  29.564  -46.504  -48.807 0.0000000000
46141  29.183  -47.066  -48.227 0.0000000000
46142  28.629  -47.487  -47.821 0.0000000000
46143  28.066  -47.524  -48.126 0.0000000000
46144  25.391  -46.538  -48.655 0.0000000000
46145  24.348  -46.460  -47.849 0.0000000000
46146  22.924  -46.245  -46.989 0.0000000000
46147  21.519  -45.650  -46.740 0.0000000000
46148  20.319  -45.373  -46.327 0.0000000000
46155  35.027  -46.621  -50.314 0.0000000000
46156  34.214  -46.658  -49.410 0.0000000000
46157  29.367  -45.741  -48.959 0.0000000000
46158  29.044  -46.055  -48.772 0.0000000000
46159  28.553  -46.482  -48.711 0.0000000000
46160  27.780  -47.046  -48.936 0.0000000000
46161  26.884  -47.027  -49.289 0.0000000000
46162  26.007  -46.903  -49.132 0.0000000000
46163  25.080  -46.984  -48.909 0.0000000000
46166  43.091  -45.544  -50.301 0.0000000000
46170  37.047  -46.310  -50.560 0.0000000000
46171  36.001  -45.903  -50.903 0.0000000000
47269  19.885  -44.790  -39.814 0.0000000000
47270  18.757  -44.576  -40.637 0.0000000000
47273  18.431  -44.353  -41.619 0.0000000000
47279  18.677  -44.228  -42.724 0.0000000000
47285  27.736  -44.225  -47.243 0.0000000000
47286  27.058  -44.229  -47.409 0.0000000000
47287  26.120  -44.684  -47.198 0.0000000000
47288  24.781  -45.125  -46.804 0.0000000000
47289  23.242  -44.539  -45.797 0.0000000000
47290  21.962  -44.583  -44.900 0.0000000000
47291  20.575  -44.500  -44.384 0.0000000000
47292  19.294  -44.338  -43.789 0.0000000000
47296  33.806  -46.498  -49.428 0.0000000000
47297  33.271  -46.481  -49.281 0.0000000000
47298  32.459  -46.658  -48.984 0.0000000000
47300  30.405  -46.708  -48.821 0.0000000000
47301  28.286  -44.754  -47.930 0.0000000000
47302  27.914  -44.802  -47.728 0.0000000000
47303  27.077  -45.393  -47.964 0.0000000000
47304  26.039  -45.938  -48.498 0.0000000000
47305  25.247  -46.174  -47.787 0.0000000000
47306  47.137  -44.278  -47.366 0.0000000000
47310  36.247  -43.883  -50.737 0.0000000000
47311  35.573  -44.754  -50.453 0.0000000000
47312  33.980  -45.414  -50.028 0.0000000000
47313  32.856  -45.166  -49.587 0.0000000000
47314  31.899  -45.303  -49.640 0.0000000000
47315  30.836  -45.372  -49.860 0.0000000000
47316  29.664  -45.311  -49.548 0.0000000000
47317  28.998  -45.102  -49.087 0.0000000000
47318  28.474  -45.263  -48.505 0.0000000000
47319  27.836  -45.908  -48.665 0.0000000000
47320  27.031  -46.402  -48.907 0.0000000000
47321  26.518  -46.631  -49.089 0.0000000000
47322  47.172  -43.489  -48.686 0.0000000000
47323  47.226  -44.086  -48.266 0.0000000000
47324  47.059  -45.186  -48.456 0.0000000000
47325  44.919  -44.310  -49.430 0.0000000000
47326  43.907  -44.800  -49.555 0.0000000000
47327  42.182  -44.560  -50.212 0.0000000000
47328  40.158  -45.145  -50.247 0.0000000000
47329  38.073  -45.088  -50.456 0.0000000000
47330  36.532  -44.820  -50.643 0.0000000000
47331  35.991  -45.174  -50.689 0.0000000000
47332  47.087  -43.621  -48.913 0.0000000000
47333  47.016  -44.182  -48.924 0.0000000000
47334  46.540  -44.924  -49.038 0.0000000000
47335  45.293  -45.069  -49.482 0.0000000000
47336  44.363  -45.441  -49.547 0.0000000000
48442  20.027  -43.912  -39.491 0.0000000000
48443  19.236  -43.288  -39.965 0.0000000000
48452  19.289  -44.025  -40.126 0.0000000000
48453  18.838  -43.557  -40.846 0.0000000000
48456  34.550  -41.784  -43.587 0.0000000000
48457  34.113  -41.721  -43.740 0.0000000000
48458  33.306  -41.534  -43.985 0.0000000000
48459  32.645  -41.341  -44.105 0.0000000000
48460  18.803  -43.485  -41.877 0.0000000000
48464  36.684  -41.982  -45.057 0.0000000000
48465  36.038  -41.856  -44.912 0.0000000000
48466  34.893  -41.603  -44.612 0.0000000000
48467  33.830  -41.345  -45.136 0.0000000000
48468  32.754  -41.105  -45.324 0.0000000000
48469  32.290  -41.172  -44.613 0.0000000000
48470  24.046  -43.462  -44.262 0.0000000000
48471  23.420  -43.559  -44.180 0.0000000000
48472  22.063  -43.574  -44.014 0.0000000000
48473  20.695  -43.504  -43.557 0.0000000000
48474  19.442  -43.537  -42.884 0.0000000000
48478  36.698  -41.739  -45.867 0.0000000000
48479  35.773  -41.405  -46.442 0.0000000000
48480  34.523  -41.372  -46.673 0.0000000000
48481  33.177  -41.038  -46.992 0.0000000000
48482  32.582  -40.825  -46.482 0.0000000000
48483  29.720  -42.078  -47.670 0.0000000000
48484  29.315  -42.493  -47.358 0.0000000000
48485  28.371  -42.848  -47.228 0.0000000000
48486  27.553  -43.487  -46.907 0.0000000000
48487  26.336  -43.470  -46.600 0.0000000000
48488  25.251  -43.731  -46.078 0.0000000000
48489  24.092  -43.766  -44.898 0.0000000000
48490  22.785  -44.090  -44.421 0.0000000000
48491  21.453  -44.151  -43.972 0.0000000000
48492  20.151  -44.012  -43.552 0.0000000000
48493  19.400  -44.056  -43.143 0.0000000000
48494  45.916  -43.500  -47.630 0.0000000000
48495  46.189  -43.420  -46.771 0.0000000000
48498  37.783  -42.077  -47.731 0.0000000000
48499  36.944  -41.742  -47.703 0.0000000000
48500  35.407  -41.525  -48.470 0.0000000000
48501  34.017  -41.678  -48.396 0.0000000000
48502  32.995  -41.882  -48.164 0.0000000000
48503  30.364  -42.862  -48.222 0.0000000000
48504  29.910  -42.914  -47.953 0.0000000000
48505  28.934  -43.448  -48.028 0.0000000000
48506  28.307  -44.167  -47.590 0.0000000000
48507  27.970  -44.213  -47.320 0.0000000000
48508  46.412  -43.248  -48.286 0.0000000000
48509  46.345  -43.759  -47.875 0.0000000000
48510  46.588  -44.323  -46.680 0.0000000000
48512  40.801  -42.401  -49.219 0.0000000000
48513  39.693  -42.922  -48.806 0.0000000000
48514  38.036  -42.826  -48.679 0.0000000000
48515  36.350  -42.912  -49.930 0.0000000000
48516  34.674  -43.238  -49.515 0.0000000000
48517  33.441  -43.504  -49.052 0.0000000000
48518  32.381  -43.426  -48.839 0.0000000000
48519  31.432  -43.804  -49.002 0.0000000000
48520  30.346  -43.590  -48.960 0.0000000000
48521  29.410  -44.163  -48.783 0.0000000000
48522  28.749  -44.453  -48.454 0.0000000000
48523  28.397  -44.637  -48.200 0.0000000000
48524  46.508  -43.416  -48.655 0.0000000000
48525  47.182  -43.456  -48.440 0.0000000000
48526  45.604  -43.669  -49.240 0.0000000000
48527  44.631  -43.609  -49.316 0.0000000000
48528  42.959  -43.266  -49.760 0.0000000000
48529  41.013  -43.117  -49.732 0.0000000000
48530  39.018  -43.876  -49.771 0.0000000000
48531  37.338  -43.839  -50.199 0.0000000000
48532  36.538  -43.729  -50.631 0.0000000000
48533  46.681  -43.492  -49.087 0.0000000000
48534  46.544  -43.885  -49.224 0.0000000000
48535  46.035  -44.126  -49.365 0.0000000000
48536  45.410  -44.079  -49.451 0.0000000000
49582  19.810  -43.007  -39.352 0.0000000000
49583  19.151  -42.620  -39.766 0.0000000000
49587  33.994  -41.649  -42.348 0.0000000000
49588  33.684  -41.631  -42.294 0.0000000000
49589  32.942  -41.638  -42.303 0.0000000000
49590  32.107  -41.507  -42.577 0.0000000000
49591  31.405  -41.129  -43.070 0.0000000000
49592  18.863  -42.607  -40.433 0.0000000000
49596  35.037  -41.668  -42.998 0.0000000000
49597  34.437  -41.709  -42.851 0.0000000000
49598  33.563  -41.730  -42.968 0.0000000000
49599  32.767  -41.589  -43.200 0.0000000000
49600  31.996  -41.248  -43.801 0.0000000000
49601  31.012  -40.709  -44.285 0.0000000000
49602  30.180  -40.634  -44.777 0.0000000000
49603  18.769  -42.628  -41.328 0.0000000000
49604  45.622  -44.318  -44.164 0.0000000000
49605  45.080  -44.320  -43.829 0.0000000000
49609  37.686  -41.579  -44.042 0.0000000000
49610  36.915  -41.596  -44.289 0.0000000000
49611  35.446  -41.647  -43.568 0.0000000000
49612  34.803  -41.772  -43.563 0.0000000000
49613  32.304  -40.884  -46.155 0.0000000000
49614  31.752  -40.941  -45.483 0.0000000000
49615  30.532  -40.869  -45.729 0.0000000000
49616  29.420  -40.975  -45.576 0.0000000000
49617  28.312  -41.335  -45.501 0.0000000000
49618  27.364  -41.832  -44.892 0.0000000000
49619  26.418  -42.094  -44.696 0.0000000000
49620  25.323  -42.409  -44.667 0.0000000000
49621  24.153  -42.963  -44.389 0.0000000000
49622  22.620  -42.767  -44.359 0.0000000000
49623  21.268  -42.682  -43.644 0.0000000000
49624  19.830  -42.611  -43.226 0.0000000000
49625  19.047  -42.620  -42.285 0.0000000000
49626  45.545  -44.359  -44.545 0.0000000000
49627  44.776  -44.095  -44.860 0.0000000000
49629  40.980  -41.657  -45.012 0.0000000000
49630  40.120  -41.824  -44.810 0.0000000000
49631  38.380  -41.836  -44.582 0.0000000000
49632  37.286  -41.955  -45.403 0.0000000000
49633  32.624  -41.137  -47.701 0.0000000000
49634  32.123  -40.952  -47.083 0.0000000000
49635  30.980  -41.136  -47.001 0.0000000000
49636  29.897  -41.604  -47.037 0.0000000000
49637  28.904  -41.960  -46.419 0.0000000000
49638  27.818  -42.238  -46.207 0.0000000000
49639  26.875  -42.627  -45.646 0.0000000000
49640  25.667  -42.692  -45.629 0.0000000000
49641  24.782  -43.153  -44.781 0.0000000000
49642  24.256  -43.380  -44.386 0.0000000000
49643  45.997  -43.326  -47.790 0.0000000000
49644  45.965  -42.965  -47.368 0.0000000000
49645  45.061  -42.914  -46.533 0.0000000000
49646  43.424  -42.388  -46.473 0.0000000000
49647  41.474  -42.174  -45.964 0.0000000000
49648  39.635  -41.898  -46.274 0.0000000000
49649  38.060  -41.876  -46.718 0.0000000000
49650  37.231  -41.871  -46.358 0.0000000000
49651  32.211  -41.758  -48.023 0.0000000000
49652  31.382  -41.648  -47.939 0.0000000000
49653  30.432  -41.969  -48.032 0.0000000000
49654  29.955  -41.990  -47.774 0.0000000000
49655  46.264  -43.107  -48.405 0.0000000000
49656  45.904  -43.280  -48.106 0.0000000000
49657  45.592  -42.718  -47.804 0.0000000000
49658  44.462  -42.607  -47.683 0.0000000000
49659  42.723  -42.321  -47.687 0.0000000000
49660  40.797  -42.171  -48.264 0.0000000000
49661  39.038  -42.498  -47.612 0.0000000000
49662  38.231  -42.285  -47.665 0.0000000000
49663  31.686  -42.585  -48.371 0.0000000000
49664  30.982  -42.706  -48.355 0.0000000000
49665  30.577  -42.782  -48.346 0.0000000000
49666  45.998  -43.301  -48.508 0.0000000000
49667  45.774  -43.185  -48.473 0.0000000000
49668  45.354  -43.113  -48.748 0.0000000000
49669  43.752  -42.814  -48.813 0.0000000000
49670  42.047  -42.380  -49.196 0.0000000000
49671  41.131  -42.207  -49.371 0.0000000000
49672  46.286  -43.185  -48.830 0.0000000000
49673  46.183  -43.355  -48.994 0.0000000000
49674  46.054  -43.563  -49.211 0.0000000000
50662  19.704  -41.927  -38.916 0.0000000000
50663  19.077  -41.630  -39.359 0.0000000000
50664  18.797  -41.478  -39.706 0.0000000000
50672  20.414  -42.530  -38.813 0.0000000000
50673  19.458  -42.268  -39.335 0.0000000000
50674  18.812  -41.902  -39.946 0.0000000000
50678  33.875  -41.519  -42.078 0.0000000000
50679  33.128  -41.455  -41.716 0.0000000000
50680  32.304  -41.385  -41.695 0.0000000000
50681  31.484  -41.057  -42.120 0.0000000000
50682  30.524  -40.578  -43.196 0.0000000000
50683  29.993  -40.026  -43.687 0.0000000000
50684  18.610  -41.911  -40.829 0.0000000000
50685  45.467  -43.650  -42.443 0.0000000000
50689  37.059  -40.997  -42.830 0.0000000000
50690  36.487  -41.115  -42.751 0.0000000000
50691  35.370  -41.440  -42.776 0.0000000000
50692  34.510  -41.398  -42.393 0.0000000000
50693  30.344  -40.472  -44.107 0.0000000000
50694  29.548  -40.333  -44.288 0.0000000000
50695  28.612  -40.335  -44.462 0.0000000000
50696  19.837  -41.116  -43.093 0.0000000000
50697  19.525  -41.340  -42.709 0.0000000000
50698  18.801  -41.769  -41.933 0.0000000000
50699  49.611  -43.300  -45.691 0.0000000000
50700  49.227  -43.369  -45.499 0.0000000000
50701  48.092  -43.732  -44.859 0.0000000000
50702  46.161  -44.006  -44.040 0.0000000000
50703  44.661  -44.051  -42.746 0.0000000000
50705  40.215  -41.277  -43.651 0.0000000000
50706  39.587  -41.300  -43.494 0.0000000000
50707  37.874  -41.331  -43.406 0.0000000000
50708  36.242  -41.353  -43.304 0.0000000000
50709  35.635  -41.507  -43.159 0.0000000000
50710  28.747  -40.731  -44.884 0.0000000000
50711  27.914  -40.861  -44.575 0.0000000000
50712  27.020  -41.383  -44.302 0.0000000000
50713  26.078  -41.584  -44.438 0.0000000000
50714  24.744  -41.749  -44.857 0.0000000000
50715  23.193  -41.688  -44.865 0.0000000000
50716  21.893  -41.712  -43.971 0.0000000000
50717  20.280  -41.473  -43.312 0.0000000000
50718  19.239  -41.953  -42.744 0.0000000000
50719  18.947  -42.076  -42.349 0.0000000000
50720  49.531  -43.497  -45.947 0.0000000000
50721  48.647  -43.594  -46.187 0.0000000000
50722  47.070  -43.847  -45.936 0.0000000000
50723  45.580  -43.789  -45.752 0.0000000000
50724  44.373  -42.794  -46.221 0.0000000000
50725  42.864  -41.723  -45.537 0.0000000000
50726  40.942  -41.387  -44.265 0.0000000000
50727  39.258  -41.652  -43.858 0.0000000000
50728  38.522  -41.707  -43.801 0.0000000000
50729  49.333  -43.539  -46.526 0.0000000000
50730  48.751  -43.393  -46.955 0.0000000000
50731  43.764  -42.252  -46.135 0.0000000000
50732  42.391  -41.934  -45.493 0.0000000000
50733  41.438  -41.674  -45.160 0.0000000000
51771  19.410  -41.268  -38.665 0.0000000000
51772  18.683  -40.962  -39.749 0.0000000000
51773  18.688  -41.419  -39.921 0.0000000000
51777  32.652  -40.541  -41.036 0.0000000000
51778  31.966  -40.432  -40.813 0.0000000000
51779  31.226  -40.246  -40.908 0.0000000000
51780  30.866  -40.058  -41.103 0.0000000000
51783  20.241  -41.927  -38.464 0.0000000000
51784  18.568  -40.740  -40.721 0.0000000000
51785  18.583  -41.367  -40.356 0.0000000000
51791  36.037  -40.662  -42.388 0.0000000000
51792  35.114  -40.868  -42.301 0.0000000000
51793  34.158  -41.099  -42.019 0.0000000000
51794  33.264  -41.119  -41.515 0.0000000000
51795  32.517  -41.057  -41.175 0.0000000000
51796  31.704  -40.877  -41.215 0.0000000000
51797  30.879  -40.246  -41.742 0.0000000000
51798  29.837  -39.711  -43.193 0.0000000000
51799  29.047  -39.289  -43.742 0.0000000000
51800  19.031  -40.843  -41.386 0.0000000000
51801  18.658  -41.315  -41.111 0.0000000000
51807  39.072  -40.791  -43.313 0.0000000000
51808  38.196  -40.783  -43.214 0.0000000000
51809  37.399  -40.776  -42.951 0.0000000000
51810  36.593  -40.811  -42.547 0.0000000000
51811  35.797  -41.017  -42.384 0.0000000000
51812  34.974  -41.160  -42.349 0.0000000000
51813  29.512  -39.926  -43.838 0.0000000000
51814  28.369  -39.951  -44.165 0.0000000000
51815  27.374  -39.960  -44.405 0.0000000000
51816  22.938  -39.885  -44.315 0.0000000000
51817  22.036  -40.104  -43.583 0.0000000000
51818  20.729  -40.192  -43.524 0.0000000000
51819  19.864  -40.716  -43.109 0.0000000000
51820  19.373  -41.079  -42.030 0.0000000000
51821  18.938  -41.268  -41.576 0.0000000000
51822  50.516  -42.285  -45.841 0.0000000000
51823  49.864  -42.724  -45.391 0.0000000000
51824  49.028  -42.709  -44.087 0.0000000000
51825  47.833  -43.477  -43.183 0.0000000000
51826  46.510  -43.423  -42.521 0.0000000000
51827  42.158  -40.727  -44.650 0.0000000000
51828  41.315  -40.791  -43.965 0.0000000000
51829  40.168  -41.005  -43.617 0.0000000000
51830  38.862  -41.037  -43.254 0.0000000000
51831  38.080  -40.982  -43.142 0.0000000000
51832  27.447  -40.689  -44.414 0.0000000000
51833  26.900  -40.601  -44.343 0.0000000000
51834  25.519  -40.737  -44.606 0.0000000000
51835  23.883  -40.456  -45.000 0.0000000000
51836  22.419  -40.706  -44.666 0.0000000000
51837  21.368  -40.827  -43.612 0.0000000000
51838  20.451  -40.720  -43.449 0.0000000000
51839  50.122  -42.153  -46.414 0.0000000000
51840  49.811  -42.883  -46.165 0.0000000000
51841  47.617  -43.220  -47.046 0.0000000000
51842  46.008  -43.218  -46.873 0.0000000000
51843  44.729  -42.607  -46.477 0.0000000000
51844  43.306  -41.399  -45.575 0.0000000000
51845  41.922  -41.088  -44.518 0.0000000000
51846  41.133  -41.019  -43.858 0.0000000000
51847  49.735  -41.902  -46.772 0.0000000000
51848  49.295  -42.657  -46.903 0.0000000000
51849  48.460  -42.901  -47.456 0.0000000000
52957  19.407  -39.877  -38.040 0.0000000000
52958  18.948  -39.485  -38.305 0.0000000000
52972  19.895  -40.658  -37.946 0.0000000000
52973  18.693  -39.901  -39.007 0.0000000000
52981  32.664  -39.899  -41.106 0.0000000000
52982  32.094  -39.782  -40.743 0.0000000000
52983  31.485  -39.632  -40.727 0.0000000000
52984  30.764  -39.474  -41.058 0.0000000000
52985  30.415  -38.900  -41.489 0.0000000000
52986  18.518  -39.935  -40.402 0.0000000000
52993  36.938  -40.004  -42.856 0.0000000000
52994  36.258  -40.226  -42.663 0.0000000000
52995  35.328  -40.468  -42.501 0.0000000000
52996  34.268  -40.585  -42.157 0.0000000000
52997  33.385  -40.620  -41.518 0.0000000000
52998  30.733  -39.859  -41.317 0.0000000000
52999  30.172  -39.279  -41.944 0.0000000000
53000  29.226  -38.815  -43.249 0.0000000000
53001  20.280  -39.601  -41.673 0.0000000000
53002  19.100  -40.098  -41.203 0.0000000000
53005  39.595  -40.529  -43.796 0.0000000000
53006  38.386  -40.514  -43.477 0.0000000000
53007  37.525  -40.391  -42.985 0.0000000000
53008  36.799  -40.426  -42.640 0.0000000000
53009  28.347  -38.623  -44.328 0.0000000000
53010  27.098  -38.837  -44.904 0.0000000000
53011  25.560  -38.855  -44.849 0.0000000000
53012  23.919  -39.239  -44.526 0.0000000000
53013  22.483  -39.285  -43.774 0.0000000000
53014  21.126  -39.403  -43.688 0.0000000000
53015  20.442  -39.997  -42.978 0.0000000000
53016  19.811  -40.458  -41.910 0.0000000000
53017  50.798  -41.455  -45.197 0.0000000000
53018  50.028  -41.548  -44.183 0.0000000000
53020  43.902  -40.634  -46.229 0.0000000000
53021  42.901  -40.545  -45.374 0.0000000000
53022  41.641  -40.532  -44.531 0.0000000000
53023  40.716  -40.611  -43.880 0.0000000000
53024  26.926  -39.839  -44.540 0.0000000000
53025  26.106  -39.578  -45.086 0.0000000000
53026  24.947  -39.642  -45.193 0.0000000000
53027  50.700  -41.295  -45.996 0.0000000000
53028  47.757  -41.975  -47.476 0.0000000000
53029  46.290  -42.156  -47.150 0.0000000000
53030  44.950  -41.919  -46.923 0.0000000000
53031  44.001  -41.240  -45.975 0.0000000000
53032  50.307  -41.220  -46.802 0.0000000000
53033  49.407  -41.463  -47.262 0.0000000000
53034  48.646  -42.026  -47.495 0.0000000000
54007  20.834  -39.457  -36.927 0.0000000000
54008  19.362  -39.215  -37.735 0.0000000000
54009  18.691  -38.929  -38.737 0.0000000000
54014  31.407  -38.331  -40.820 0.0000000000
54015  31.186  -38.292  -40.716 0.0000000000
54016  30.950  -38.216  -40.707 0.0000000000
54022  20.434  -40.072  -37.507 0.0000000000
54023  18.412  -38.722  -39.632 0.0000000000
54028  32.437  -39.292  -41.478 0.0000000000
54029  31.979  -39.005  -40.888 0.0000000000
54030  31.560  -38.976  -40.688 0.0000000000
54031  31.006  -38.561  -40.785 0.0000000000
54032  30.466  -38.312  -41.351 0.0000000000
54033  29.766  -37.923  -41.695 0.0000000000
54034  18.340  -38.973  -40.321 0.0000000000
54039  36.946  -39.905  -43.085 0.0000000000
54040  36.452  -39.954  -43.277 0.0000000000
54041  35.573  -40.089  -42.947 0.0000000000
54042  34.465  -40.092  -42.746 0.0000000000
54043  33.249  -39.910  -42.111 0.0000000000
54044  30.069  -38.511  -41.757 0.0000000000
54045  29.248  -38.151  -42.406 0.0000000000
54046  26.075  -37.115  -44.089 0.0000000000
54047  25.165  -37.176  -43.991 0.0000000000
54048  23.517  -37.408  -43.691 0.0000000000
54049  21.926  -37.798  -43.199 0.0000000000
54050  20.812  -38.511  -41.893 0.0000000000
54051  19.074  -38.969  -41.121 0.0000000000
54054  39.424  -40.509  -44.550 0.0000000000
54055  38.628  -40.416  -44.394 0.0000000000
54056  37.313  -40.299  -43.841 0.0000000000
54057  36.511  -40.186  -44.229 0.0000000000
54058  28.285  -37.940  -43.648 0.0000000000
54059  27.494  -37.628  -44.646 0.0000000000
54060  26.290  -37.575  -44.633 0.0000000000
54061  24.669  -38.237  -43.971 0.0000000000
54062  23.076  -38.560  -43.528 0.0000000000
54063  21.579  -38.674  -43.471 0.0000000000
54064  21.063  -39.306  -42.665 0.0000000000
54065  51.028  -40.815  -45.095 0.0000000000
54066  50.686  -40.410  -44.591 0.0000000000
54068  43.895  -40.328  -46.458 0.0000000000
54069  43.329  -40.138  -46.209 0.0000000000
54070  42.039  -40.132  -45.564 0.0000000000
54071  40.357  -40.623  -45.235 0.0000000000
54072  51.162  -40.308  -45.413 0.0000000000
54073  51.044  -39.263  -44.952 0.0000000000
54074  47.750  -41.157  -47.511 0.0000000000
54075  46.921  -40.835  -46.923 0.0000000000
54076  44.694  -40.462  -47.276 0.0000000000
54077  43.146  -39.791  -47.440 0.0000000000
54078  50.796  -39.763  -46.533 0.0000000000
54079  49.890  -40.106  -47.371 0.0000000000
54080  48.337  -40.319  -47.637 0.0000000000
54081  46.431  -39.484  -47.463 0.0000000000
54082  44.875  -39.068  -47.712 0.0000000000
54083  50.488  -38.804  -47.432 0.0000000000
54084  49.718  -38.777  -47.881 0.0000000000
54085  48.777  -38.407  -47.882 0.0000000000
55051  21.709  -38.792  -36.359 0.0000000000
55052  19.675  -38.195  -37.262 0.0000000000
55053  18.785  -38.318  -38.398 0.0000000000
55058  31.251  -37.798  -40.834 0.0000000000
55059  31.041  -37.687  -40.762 0.0000000000
55060  30.764  -37.712  -40.788 0.0000000000
55061  18.322  -37.347  -38.896 0.0000000000
55062  18.065  -38.025  -39.467 0.0000000000
55067  31.852  -38.610  -41.518 0.0000000000
55068  31.453  -37.989  -41.098 0.0000000000
55069  30.407  -37.611  -40.979 0.0000000000
55070  29.829  -37.473  -41.214 0.0000000000
55071  28.905  -37.215  -41.744 0.0000000000
55072  27.803  -36.601  -42.199 0.0000000000
55073  18.043  -37.109  -40.237 0.0000000000
55074  18.308  -38.051  -40.272 0.0000000000
55079  35.669  -39.989  -43.570 0.0000000000
55080  34.784  -40.059  -43.803 0.0000000000
55081  33.386  -39.595  -43.755 0.0000000000
55082  31.982  -39.053  -42.896 0.0000000000
55083  28.149  -37.250  -42.923 0.0000000000
55084  27.000  -36.433  -43.420 0.0000000000
55085  25.846  -36.424  -43.891 0.0000000000
55086  24.249  -36.548  -43.359 0.0000000000
55087  22.763  -37.153  -42.442 0.0000000000
55088  20.981  -37.244  -42.089 0.0000000000
55089  19.310  -37.487  -40.925 0.0000000000
55090  18.655  -38.332  -40.683 0.0000000000
55095  38.992  -40.788  -45.718 0.0000000000
55096  37.873  -40.404  -46.146 0.0000000000
55097  36.745  -40.234  -45.381 0.0000000000
55098  35.702  -39.981  -44.750 0.0000000000
55099  34.342  -39.502  -44.910 0.0000000000
55100  33.310  -38.898  -45.012 0.0000000000
55101  27.581  -37.072  -44.072 0.0000000000
55102  26.861  -36.844  -44.436 0.0000000000
55103  26.436  -36.944  -44.316 0.0000000000
55104  50.369  -39.197  -44.070 0.0000000000
55108  42.296  -40.244  -47.089 0.0000000000
55109  40.927  -40.293  -47.277 0.0000000000
55110  39.192  -40.274  -47.440 0.0000000000
55111  38.251  -40.060  -47.295 0.0000000000
55112  51.330  -38.688  -45.856 0.0000000000
55113  50.178  -37.838  -45.317 0.0000000000
55114  48.175  -37.062  -44.255 0.0000000000
55116  43.430  -39.293  -47.995 0.0000000000
55117  41.898  -39.764  -48.268 0.0000000000
55118  40.248  -39.723  -48.513 0.0000000000
55119  39.495  -40.015  -48.353 0.0000000000
55120  50.794  -37.881  -46.910 0.0000000000
55121  51.032  -37.657  -46.204 0.0000000000
55122  47.652  -38.403  -47.683 0.0000000000
55123  46.279  -37.817  -47.626 0.0000000000
55124  44.162  -38.354  -48.278 0.0000000000
55125  42.407  -38.916  -48.602 0.0000000000
55126  41.295  -39.395  -48.746 0.0000000000
55127  50.396  -37.706  -47.759 0.0000000000
55128  49.538  -37.494  -48.075 0.0000000000
55129  48.488  -37.373  -48.211 0.0000000000
55130  47.641  -37.406  -47.990 0.0000000000
56189  22.505  -37.342  -35.533 0.0000000000
56190  21.064  -36.690  -36.163 0.0000000000
56191  20.204  -36.065  -36.692 0.0000000000
56197  21.134  -37.660  -36.283 0.0000000000
56198  19.402  -36.526  -37.545 0.0000000000
56201  30.870  -36.963  -41.471 0.0000000000
56202  30.909  -37.167  -40.917 0.0000000000
56203  30.456  -36.939  -40.738 0.0000000000
56204  29.883  -36.761  -40.667 0.0000000000
56205  29.299  -36.328  -40.528 0.0000000000
56206  18.210  -36.148  -39.748 0.0000000000
56209  31.116  -37.689  -42.217 0.0000000000
56210  31.174  -37.424  -41.273 0.0000000000
56211  29.879  -37.128  -40.841 0.0000000000
56212  29.212  -36.654  -40.853 0.0000000000
56213  28.043  -36.353  -41.218 0.0000000000
56214  26.613  -36.010  -41.718 0.0000000000
56215  24.941  -35.392  -42.149 0.0000000000
56216  23.712  -35.488  -42.240 0.0000000000
56217  22.251  -35.546  -41.884 0.0000000000
56218  20.620  -35.947  -41.135 0.0000000000
56219  19.009  -36.067  -40.812 0.0000000000
56222  32.280  -38.593  -44.567 0.0000000000
56223  31.384  -37.772  -44.005 0.0000000000
56224  25.824  -35.820  -43.040 0.0000000000
56225  24.683  -35.854  -42.961 0.0000000000
56226  23.289  -36.210  -42.353 0.0000000000
56227  21.546  -36.278  -42.091 0.0000000000
56228  20.109  -36.624  -41.256 0.0000000000
56229  19.345  -36.682  -40.952 0.0000000000
56232  37.069  -40.169  -46.425 0.0000000000
56233  36.445  -39.727  -46.236 0.0000000000
56234  35.319  -39.105  -45.953 0.0000000000
56235  34.133  -38.437  -45.711 0.0000000000
56236  32.803  -37.958  -45.772 0.0000000000
56240  38.452  -40.007  -47.834 0.0000000000
56241  37.646  -39.689  -47.261 0.0000000000
56242  36.429  -38.757  -46.992 0.0000000000
56243  35.113  -37.984  -46.770 0.0000000000
56244  33.875  -37.520  -46.377 0.0000000000
56245  33.070  -37.127  -46.375 0.0000000000
56246  50.074  -36.935  -45.897 0.0000000000
56247  49.342  -36.421  -45.665 0.0000000000
56248  47.767  -35.662  -44.485 0.0000000000
56249  40.028  -39.394  -48.785 0.0000000000
56250  39.261  -39.490  -48.161 0.0000000000
56251  37.841  -38.348  -47.645 0.0000000000
56252  36.376  -37.664  -47.238 0.0000000000
56253  35.432  -37.237  -47.109 0.0000000000
56254  50.885  -37.178  -47.143 0.0000000000
56255  50.397  -36.900  -46.759 0.0000000000
56256  49.354  -36.071  -46.758 0.0000000000
56257  46.673  -36.478  -47.782 0.0000000000
56258  45.235  -36.956  -47.788 0.0000000000
56259  43.232  -37.699  -48.496 0.0000000000
56260  40.929  -38.670  -48.601 0.0000000000
56261  39.351  -38.118  -48.077 0.0000000000
56262  38.474  -37.559  -47.607 0.0000000000
56263  50.702  -37.168  -47.386 0.0000000000
56264  50.131  -36.737  -47.929 0.0000000000
56265  49.167  -36.658  -48.138 0.0000000000
56266  47.867  -36.568  -47.970 0.0000000000
57344  24.647  -36.297  -34.461 0.0000000000
57345  23.165  -36.109  -34.505 0.0000000000
57346  21.902  -35.689  -35.219 0.0000000000
57347  20.800  -35.254  -36.036 0.0000000000
57348  20.241  -34.948  -36.504 0.0000000000
57354  23.591  -36.969  -34.758 0.0000000000
57355  22.236  -36.502  -35.302 0.0000000000
57356  21.013  -35.911  -36.109 0.0000000000
57357  19.717  -35.206  -37.254 0.0000000000
57359  18.461  -35.180  -39.137 0.0000000000
57361  30.494  -36.285  -42.283 0.0000000000
57362  30.481  -36.244  -41.300 0.0000000000
57363  30.195  -36.260  -40.769 0.0000000000
57364  29.679  -36.106  -40.516 0.0000000000
57365  28.874  -35.876  -40.362 0.0000000000
57366  27.537  -35.364  -40.269 0.0000000000
57367  26.050  -35.128  -40.232 0.0000000000
57368  24.379  -34.995  -40.365 0.0000000000
57369  22.505  -34.935  -40.406 0.0000000000
57370  20.616  -34.800  -40.780 0.0000000000
57371  19.285  -34.809  -41.013 0.0000000000
57372  18.577  -35.229  -40.581 0.0000000000
57374  30.658  -36.640  -43.672 0.0000000000
57375  28.988  -36.206  -40.456 0.0000000000
57376  28.361  -35.979  -40.548 0.0000000000
57377  27.052  -35.726  -40.634 0.0000000000
57378  25.459  -35.437  -40.703 0.0000000000
57379  23.536  -35.305  -40.907 0.0000000000
57380  21.545  -35.488  -40.526 0.0000000000
57381  19.824  -35.356  -40.930 0.0000000000
57382  18.980  -35.224  -41.009 0.0000000000
57385  31.689  -37.554  -45.275 0.0000000000
57386  31.002  -36.795  -44.950 0.0000000000
57389  32.325  -36.705  -45.897 0.0000000000
57390  31.520  -36.800  -45.489 0.0000000000
57394  34.624  -37.131  -46.837 0.0000000000
57395  33.847  -36.579  -46.687 0.0000000000
57396  32.975  -36.534  -46.438 0.0000000000
57397  48.211  -35.645  -46.121 0.0000000000
57398  46.963  -34.494  -44.938 0.0000000000
57400  37.626  -36.910  -47.154 0.0000000000
57401  36.130  -36.736  -47.063 0.0000000000
57402  35.136  -36.720  -46.950 0.0000000000
57403  34.563  -36.733  -46.733 0.0000000000
57404  49.585  -36.244  -47.599 0.0000000000
57405  48.620  -35.824  -47.329 0.0000000000
57406  46.908  -35.340  -47.321 0.0000000000
57407  44.389  -36.017  -47.671 0.0000000000
57408  42.374  -36.658  -47.868 0.0000000000
57409  40.653  -37.007  -47.705 0.0000000000
57410  39.467  -37.078  -46.883 0.0000000000
57411  38.715  -37.005  -46.823 0.0000000000
57412  49.549  -36.326  -48.056 0.0000000000
57413  48.917  -36.200  -47.915 0.0000000000
57414  48.115  -36.039  -47.611 0.0000000000
58406  24.159  -35.330  -34.285 0.0000000000
58407  22.729  -35.133  -34.651 0.0000000000
58408  21.488  -34.908  -35.297 0.0000000000
58409  20.582  -34.695  -36.028 0.0000000000
58410  19.933  -34.555  -36.812 0.0000000000
58412  19.503  -34.338  -37.748 0.0000000000
58414  18.737  -34.231  -38.839 0.0000000000
58416  30.296  -35.527  -42.468 0.0000000000
58417  30.128  -35.337  -41.965 0.0000000000
58418  29.968  -35.492  -41.094 0.0000000000
58419  29.570  -35.488  -40.597 0.0000000000
58420  28.911  -35.322  -40.318 0.0000000000
58421  27.907  -35.046  -40.153 0.0000000000
58422  26.578  -34.819  -40.070 0.0000000000
58423  25.049  -34.822  -40.295 0.0000000000
58424  23.267  -34.800  -40.811 0.0000000000
58425  21.543  -34.468  -40.172 0.0000000000
58426  19.914  -34.204  -40.817 0.0000000000
58427  19.012  -34.538  -40.120 0.0000000000
58430  30.252  -35.352  -43.254 0.0000000000
58431  30.133  -35.172  -42.595 0.0000000000
58434  30.446  -35.654  -44.724 0.0000000000
58437  32.288  -36.028  -45.862 0.0000000000
58438  31.652  -35.761  -45.551 0.0000000000
58442  36.917  -35.019  -45.723 0.0000000000
58443  36.154  -35.139  -45.855 0.0000000000
58444  34.639  -35.429  -46.372 0.0000000000
58445  32.877  -35.587  -46.305 0.0000000000
58446  32.243  -35.027  -45.748 0.0000000000
58447  46.228  -33.524  -44.912 0.0000000000
58449  38.307  -35.827  -46.059 0.0000000000
58450  37.055  -35.714  -46.125 0.0000000000
58451  35.621  -36.086  -46.326 0.0000000000
58452  34.731  -36.351  -46.578 0.0000000000
58453  46.138  -34.016  -45.962 0.0000000000
58454  45.056  -34.602  -46.718 0.0000000000
58455  43.396  -35.074  -47.116 0.0000000000
58456  41.758  -35.534  -47.056 0.0000000000
58457  40.285  -35.898  -46.802 0.0000000000
58458  39.058  -36.263  -46.264 0.0000000000
59383  25.043  -34.503  -34.059 0.0000000000
59384  23.529  -34.381  -34.258 0.0000000000
59385  22.051  -34.275  -34.723 0.0000000000
59386  20.905  -34.214  -35.426 0.0000000000
59387  20.184  -34.116  -36.317 0.0000000000
59389  19.692  -33.925  -37.341 0.0000000000
59391  19.291  -33.690  -38.484 0.0000000000
59394  29.905  -34.834  -42.101 0.0000000000
59395  29.697  -34.677  -41.709 0.0000000000
59396  29.498  -34.871  -40.960 0.0000000000
59397  29.022  -34.744  -40.598 0.0000000000
59398  28.205  -34.520  -40.366 0.0000000000
59399  27.052  -34.289  -40.216 0.0000000000
59400  25.659  -34.193  -40.441 0.0000000000
59401  23.930  -34.109  -41.302 0.0000000000
59402  22.335  -33.824  -40.740 0.0000000000
59403  20.645  -33.499  -40.747 0.0000000000
59404  19.576  -33.720  -39.821 0.0000000000
59407  30.064  -34.717  -43.450 0.0000000000
59408  29.822  -34.446  -42.868 0.0000000000
59409  29.612  -34.064  -42.179 0.0000000000
59412  30.161  -34.350  -44.191 0.0000000000
59413  30.022  -33.738  -43.691 0.0000000000
59416  30.839  -34.565  -45.286 0.0000000000
59420  37.844  -33.924  -45.730 0.0000000000
59421  37.060  -34.323  -45.509 0.0000000000
59422  35.564  -34.227  -45.691 0.0000000000
59423  33.975  -34.144  -46.075 0.0000000000
59424  32.667  -34.209  -45.881 0.0000000000
59425  31.740  -34.498  -45.567 0.0000000000
59426  45.763  -33.163  -45.530 0.0000000000
59427  46.118  -32.752  -44.471 0.0000000000
59428  39.486  -34.328  -46.398 0.0000000000
59429  38.460  -34.649  -45.820 0.0000000000
59430  37.391  -34.935  -45.649 0.0000000000
59431  45.406  -33.467  -46.247 0.0000000000
59432  44.185  -33.899  -46.492 0.0000000000
59433  42.789  -34.258  -47.081 0.0000000000
59434  41.197  -34.669  -46.928 0.0000000000
59435  39.690  -34.967  -46.462 0.0000000000
59436  38.914  -35.482  -45.910 0.0000000000
60394  24.334  -33.536  -33.998 0.0000000000
60395  22.764  -33.435  -34.341 0.0000000000
60396  21.156  -33.363  -35.069 0.0000000000
60397  20.418  -33.640  -35.912 0.0000000000
60400  20.169  -32.941  -36.267 0.0000000000
60401  19.835  -33.453  -36.839 0.0000000000
60403  19.616  -32.739  -37.635 0.0000000000
60404  19.524  -33.238  -38.083 0.0000000000
60411  29.392  -34.428  -41.354 0.0000000000
60412  29.107  -34.246  -41.204 0.0000000000
60413  28.494  -33.858  -41.155 0.0000000000
60414  27.475  -33.660  -40.955 0.0000000000
60415  26.232  -33.449  -40.891 0.0000000000
60416  24.728  -33.344  -41.720 0.0000000000
60417  23.202  -33.143  -41.546 0.0000000000
60418  21.682  -32.818  -40.696 0.0000000000
60419  20.022  -32.694  -39.484 0.0000000000
60420  19.654  -33.299  -38.921 0.0000000000
60426  29.532  -33.437  -42.640 0.0000000000
60427  29.331  -33.601  -41.889 0.0000000000
60428  28.914  -33.303  -41.699 0.0000000000
60429  28.566  -32.994  -41.780 0.0000000000
60435  30.277  -33.210  -44.174 0.0000000000
60436  29.863  -32.949  -43.500 0.0000000000
60439  32.882  -32.102  -45.418 0.0000000000
60440  32.358  -32.413  -45.286 0.0000000000
60441  31.149  -33.109  -44.855 0.0000000000
60445  37.451  -33.373  -45.689 0.0000000000
60446  36.448  -33.175  -45.540 0.0000000000
60447  35.020  -32.923  -45.701 0.0000000000
60448  33.358  -32.651  -45.525 0.0000000000
60449  32.055  -33.477  -45.418 0.0000000000
60450  31.210  -33.925  -45.502 0.0000000000
60451  45.351  -32.994  -45.989 0.0000000000
60452  45.161  -32.498  -45.461 0.0000000000
60453  41.571  -33.063  -48.259 0.0000000000
60454  41.151  -33.162  -47.786 0.0000000000
60455  39.753  -33.541  -47.002 0.0000000000
60456  38.266  -33.210  -46.550 0.0000000000
60457  44.943  -33.081  -46.339 0.0000000000
60458  43.992  -33.054  -46.851 0.0000000000
60459  42.032  -33.268  -47.948 0.0000000000
60460  40.585  -34.024  -47.242 0.0000000000
60461  39.836  -34.223  -46.902 0.0000000000
61477  25.113  -32.670  -33.874 0.0000000000
61478  23.545  -32.551  -33.898 0.0000000000
61479  21.800  -32.465  -34.303 0.0000000000
61480  20.481  -32.291  -35.497 0.0000000000
61489  19.655  -32.128  -36.963 0.0000000000
61499  19.751  -31.959  -38.467 0.0000000000
61509  27.838  -32.997  -41.859 0.0000000000
61510  26.767  -32.850  -42.003 0.0000000000
61511  25.621  -32.687  -42.124 0.0000000000
61512  24.530  -32.304  -41.696 0.0000000000
61513  22.631  -32.130  -40.934 0.0000000000
61514  20.943  -31.757  -40.467 0.0000000000
61515  20.143  -31.665  -39.919 0.0000000000
61523  29.605  -31.925  -42.800 0.0000000000
61524  29.151  -32.109  -42.048 0.0000000000
61525  28.966  -32.169  -41.882 0.0000000000
61526  28.280  -32.157  -42.330 0.0000000000
61527  27.351  -32.090  -42.438 0.0000000000
61528  26.317  -32.097  -42.360 0.0000000000
61529  25.590  -32.190  -42.180 0.0000000000
61535  30.565  -31.960  -44.220 0.0000000000
61536  30.079  -31.964  -43.547 0.0000000000
61539  34.161  -30.697  -45.027 0.0000000000
61540  32.982  -31.375  -45.282 0.0000000000
61541  31.897  -31.867  -44.822 0.0000000000
61542  31.277  -32.108  -44.547 0.0000000000
61546  37.408  -32.170  -45.919 0.0000000000
61547  36.158  -31.969  -44.967 0.0000000000
61548  34.706  -31.709  -45.227 0.0000000000
61549  33.769  -31.519  -45.391 0.0000000000
61550  44.917  -31.963  -46.418 0.0000000000
61551  41.547  -32.769  -48.192 0.0000000000
61552  40.715  -32.546  -47.433 0.0000000000
61553  39.659  -32.149  -47.138 0.0000000000
61554  38.354  -32.231  -46.781 0.0000000000
61555  43.445  -32.004  -47.522 0.0000000000
61556  42.318  -32.035  -48.303 0.0000000000
61557  41.311  -31.926  -47.703 0.0000000000
61558  40.629  -32.022  -47.394 0.0000000000
62658  22.041  -30.878  -33.456 0.0000000000
62659  21.550  -30.819  -33.760 0.0000000000
62670  24.439  -31.726  -33.586 0.0000000000
62671  22.547  -31.374  -33.560 0.0000000000
62672  20.747  -31.252  -34.668 0.0000000000
62673  19.961  -30.707  -35.722 0.0000000000
62683  19.890  -31.347  -36.255 0.0000000000
62684  19.305  -30.509  -36.877 0.0000000000
62695  19.277  -31.186  -37.820 0.0000000000
62696  19.293  -30.200  -38.200 0.0000000000
62704  24.891  -31.320  -41.311 0.0000000000
62705  23.769  -31.260  -40.676 0.0000000000
62706  21.848  -31.022  -40.369 0.0000000000
62707  20.280  -30.843  -39.210 0.0000000000
62708  19.637  -29.909  -38.774 0.0000000000
62717  33.859  -28.870  -42.248 0.0000000000
62718  33.302  -28.951  -42.427 0.0000000000
62719  31.900  -29.074  -42.887 0.0000000000
62720  30.353  -29.832  -42.969 0.0000000000
62721  29.654  -30.558  -42.177 0.0000000000
62722  29.481  -31.071  -41.981 0.0000000000
62723  28.923  -31.127  -42.100 0.0000000000
62724  27.954  -31.099  -42.722 0.0000000000
62725  26.960  -31.227  -42.435 0.0000000000
62726  25.794  -31.362  -41.879 0.0000000000
62729  34.637  -29.245  -43.119 0.0000000000
62730  34.018  -29.241  -42.792 0.0000000000
62731  32.594  -29.312  -43.924 0.0000000000
62732  31.187  -30.330  -44.030 0.0000000000
62733  30.101  -31.018  -43.750 0.0000000000
62737  34.727  -29.776  -43.941 0.0000000000
62738  33.423  -29.909  -44.603 0.0000000000
62739  32.200  -30.681  -44.614 0.0000000000
62740  31.408  -31.404  -44.502 0.0000000000
62744  37.608  -30.937  -46.268 0.0000000000
62745  36.705  -30.928  -45.325 0.0000000000
62746  35.534  -30.704  -44.543 0.0000000000
62748  41.389  -30.382  -47.819 0.0000000000
62749  40.408  -30.809  -47.360 0.0000000000
62750  38.561  -31.242  -46.853 0.0000000000
62751  44.731  -30.999  -47.430 0.0000000000
62752  43.427  -30.946  -48.266 0.0000000000
62753  41.830  -30.938  -47.974 0.0000000000
62754  40.776  -31.558  -47.457 0.0000000000
63870  24.570  -30.393  -33.067 0.0000000000
63871  23.539  -30.290  -32.966 0.0000000000
63872  22.166  -30.366  -33.342 0.0000000000
63873  20.637  -30.040  -34.459 0.0000000000
63874  19.851  -29.507  -35.074 0.0000000000
63883  25.329  -30.933  -33.335 0.0000000000
63884  23.955  -30.916  -33.329 0.0000000000
63885  23.062  -30.750  -33.275 0.0000000000
63886  20.203  -30.489  -35.088 0.0000000000
63887  19.715  -29.922  -35.742 0.0000000000
63898  19.254  -29.655  -37.191 0.0000000000
63912  23.542  -29.167  -40.045 0.0000000000
63913  22.243  -29.357  -39.396 0.0000000000
63914  20.790  -29.297  -39.135 0.0000000000
63915  19.792  -29.255  -38.777 0.0000000000
63916  19.348  -29.428  -38.340 0.0000000000
63928  34.048  -28.261  -40.715 0.0000000000
63929  33.535  -28.474  -40.667 0.0000000000
63930  32.647  -28.726  -40.616 0.0000000000
63931  31.689  -28.983  -40.670 0.0000000000
63932  30.778  -29.205  -40.953 0.0000000000
63933  29.871  -29.437  -41.488 0.0000000000
63934  29.105  -29.394  -42.517 0.0000000000
63935  28.249  -29.209  -42.475 0.0000000000
63936  27.071  -29.368  -41.932 0.0000000000
63937  25.273  -29.985  -40.867 0.0000000000
63938  23.090  -30.239  -39.915 0.0000000000
63939  21.247  -30.019  -39.776 0.0000000000
63940  20.296  -29.874  -38.876 0.0000000000
63941  19.612  -29.556  -38.783 0.0000000000
63954  34.371  -28.364  -41.961 0.0000000000
63955  34.080  -28.543  -41.605 0.0000000000
63956  32.952  -28.833  -41.477 0.0000000000
63957  31.746  -29.081  -41.554 0.0000000000
63958  30.686  -29.463  -41.594 0.0000000000
63959  30.136  -29.923  -41.769 0.0000000000
63960  29.520  -30.013  -42.615 0.0000000000
63961  28.627  -30.053  -42.860 0.0000000000
63962  27.627  -30.194  -42.638 0.0000000000
63963  26.510  -30.479  -41.970 0.0000000000
63964  25.924  -30.660  -41.547 0.0000000000
63967  34.505  -28.661  -42.517 0.0000000000
63968  34.155  -28.757  -42.283 0.0000000000
63971  35.553  -29.135  -44.481 0.0000000000
63972  35.218  -29.099  -43.759 0.0000000000
63975  38.465  -29.361  -46.639 0.0000000000
63976  37.657  -29.780  -46.232 0.0000000000
63977  36.044  -29.547  -44.931 0.0000000000
63978  35.416  -29.853  -44.143 0.0000000000
63980  42.177  -29.384  -47.935 0.0000000000
63981  41.366  -29.707  -47.816 0.0000000000
63982  39.253  -29.721  -46.911 0.0000000000
63983  38.230  -30.434  -46.548 0.0000000000
63984  44.441  -29.908  -47.894 0.0000000000
63985  42.884  -29.694  -48.234 0.0000000000
63986  41.860  -30.168  -48.120 0.0000000000
65149  24.517  -29.628  -32.668 0.0000000000
65150  22.926  -29.434  -32.713 0.0000000000
65151  21.414  -29.157  -33.551 0.0000000000
65152  19.908  -28.809  -34.952 0.0000000000
65153  19.676  -29.325  -35.481 0.0000000000
65167  25.364  -30.207  -32.950 0.0000000000
65168  19.422  -28.228  -36.625 0.0000000000
65169  19.459  -29.123  -36.231 0.0000000000
65176  19.751  -28.322  -37.949 0.0000000000
65177  19.363  -28.916  -37.481 0.0000000000
65190  32.729  -28.101  -39.870 0.0000000000
65191  31.934  -28.265  -39.876 0.0000000000
65192  30.937  -28.294  -39.921 0.0000000000
65193  29.779  -28.066  -40.273 0.0000000000
65194  28.475  -27.741  -40.494 0.0000000000
65195  26.952  -27.519  -40.882 0.0000000000
65196  25.630  -27.664  -40.576 0.0000000000
65197  24.359  -28.226  -40.183 0.0000000000
65198  22.849  -28.484  -39.410 0.0000000000
65199  21.580  -28.721  -38.818 0.0000000000
65200  20.223  -28.762  -38.632 0.0000000000
65201  19.529  -28.895  -38.318 0.0000000000
65215  34.633  -27.802  -41.325 0.0000000000
65216  34.391  -28.073  -40.841 0.0000000000
65217  33.842  -28.119  -40.435 0.0000000000
65218  33.128  -28.278  -40.187 0.0000000000
65219  32.335  -28.505  -40.084 0.0000000000
65220  31.423  -28.710  -40.179 0.0000000000
65221  30.388  -28.766  -40.583 0.0000000000
65222  29.131  -28.504  -41.743 0.0000000000
65223  27.692  -28.155  -41.931 0.0000000000
65224  26.366  -28.356  -41.368 0.0000000000
65225  25.410  -28.396  -40.909 0.0000000000
65235  35.174  -27.533  -42.826 0.0000000000
65236  34.650  -28.066  -41.936 0.0000000000
65237  34.529  -28.107  -41.197 0.0000000000
65240  35.271  -27.729  -44.147 0.0000000000
65241  35.095  -28.285  -43.060 0.0000000000
65244  35.546  -28.431  -44.956 0.0000000000
65245  35.312  -28.444  -43.879 0.0000000000
65248  39.926  -28.138  -47.182 0.0000000000
65249  38.633  -28.593  -46.696 0.0000000000
65250  37.125  -28.582  -45.894 0.0000000000
65251  36.186  -28.596  -45.399 0.0000000000
65253  42.287  -28.720  -47.707 0.0000000000
65254  40.558  -28.780  -47.378 0.0000000000
65255  39.558  -28.820  -46.980 0.0000000000
65256  44.161  -28.837  -48.039 0.0000000000
65257  43.452  -28.771  -48.121 0.0000000000
66329  26.184  -27.947  -32.513 0.0000000000
66330  24.820  -27.810  -32.618 0.0000000000
66331  23.374  -27.586  -32.731 0.0000000000
66332  22.064  -27.352  -32.943 0.0000000000
66343  25.366  -28.746  -32.583 0.0000000000
66344  23.871  -28.603  -32.505 0.0000000000
66345  22.328  -28.332  -32.735 0.0000000000
66346  20.868  -27.779  -33.742 0.0000000000
66354  19.984  -27.474  -35.503 0.0000000000
66363  24.034  -26.773  -39.081 0.0000000000
66364  23.377  -26.897  -39.172 0.0000000000
66365  22.064  -27.189  -38.883 0.0000000000
66366  20.351  -27.347  -37.839 0.0000000000
66381  32.932  -27.990  -39.817 0.0000000000
66382  32.332  -28.073  -39.863 0.0000000000
66383  31.371  -28.024  -39.881 0.0000000000
66384  30.263  -27.724  -39.989 0.0000000000
66385  29.007  -27.395  -39.776 0.0000000000
66386  27.657  -27.183  -39.598 0.0000000000
66387  26.249  -27.032  -39.559 0.0000000000
66388  24.577  -26.963  -39.496 0.0000000000
66389  23.231  -27.585  -39.304 0.0000000000
66390  21.860  -27.919  -38.902 0.0000000000
66391  20.837  -28.178  -38.452 0.0000000000
66407  35.051  -26.634  -42.193 0.0000000000
66408  34.810  -27.019  -41.879 0.0000000000
66409  34.520  -27.587  -41.333 0.0000000000
66410  34.169  -27.877  -40.743 0.0000000000
66411  33.371  -27.992  -40.202 0.0000000000
66419  35.241  -26.764  -42.593 0.0000000000
66420  34.774  -27.435  -42.009 0.0000000000
66422  35.337  -26.726  -44.027 0.0000000000
66425  37.017  -26.512  -46.216 0.0000000000
66426  36.134  -26.831  -45.672 0.0000000000
66429  40.240  -27.685  -47.251 0.0000000000
66430  39.721  -27.333  -47.093 0.0000000000
66431  37.843  -27.024  -46.340 0.0000000000
66432  36.500  -27.880  -45.674 0.0000000000
66434  42.803  -27.739  -47.665 0.0000000000
66435  41.246  -27.571  -47.424 0.0000000000
66436  40.725  -26.587  -47.224 0.0000000000
66437  44.115  -28.010  -46.943 0.0000000000
66438  43.752  -27.891  -48.021 0.0000000000
67491  25.716  -27.050  -32.679 0.0000000000
67492  24.345  -26.852  -32.827 0.0000000000
67493  22.821  -26.546  -33.050 0.0000000000
67494  21.378  -26.651  -33.576 0.0000000000
67504  20.482  -26.723  -34.757 0.0000000000
67512  20.174  -26.763  -36.363 0.0000000000
67523  23.886  -26.442  -39.016 0.0000000000
67524  22.193  -26.517  -39.094 0.0000000000
67525  20.997  -26.731  -38.299 0.0000000000
67526  20.233  -26.824  -37.528 0.0000000000
67539  32.744  -27.749  -40.220 0.0000000000
67540  31.746  -27.683  -40.073 0.0000000000
67541  30.600  -27.471  -40.036 0.0000000000
67542  29.356  -27.147  -39.790 0.0000000000
67543  27.966  -26.776  -39.534 0.0000000000
67544  26.689  -26.537  -39.052 0.0000000000
67545  25.594  -26.542  -38.777 0.0000000000
67546  24.846  -26.590  -38.725 0.0000000000
67558  35.346  -26.013  -42.519 0.0000000000
67559  34.803  -26.593  -42.013 0.0000000000
67560  34.409  -27.091  -41.580 0.0000000000
67561  33.780  -27.440  -41.063 0.0000000000
67562  33.269  -27.616  -40.576 0.0000000000
67571  35.917  -24.770  -45.051 0.0000000000
67572  35.434  -25.768  -43.853 0.0000000000
67575  36.919  -24.997  -45.604 0.0000000000
67576  35.759  -25.766  -45.247 0.0000000000
67580  37.500  -25.760  -46.165 0.0000000000
67581  36.473  -25.833  -45.770 0.0000000000
67584  41.712  -25.327  -47.123 0.0000000000
67585  39.941  -25.851  -46.855 0.0000000000
67586  38.577  -25.926  -46.392 0.0000000000
67587  44.743  -26.941  -46.911 0.0000000000
67588  43.405  -26.815  -47.760 0.0000000000
67589  41.858  -26.332  -47.272 0.0000000000
67590  41.041  -25.981  -47.137 0.0000000000
67591  44.228  -27.459  -47.528 0.0000000000
67592  44.035  -27.267  -47.633 0.0000000000
68665  26.577  -26.292  -32.676 0.0000000000
68666  25.278  -26.129  -32.759 0.0000000000
68667  23.930  -25.919  -32.835 0.0000000000
68668  22.867  -25.694  -33.132 0.0000000000
68669  21.815  -25.802  -33.457 0.0000000000
68683  20.894  -25.893  -34.439 0.0000000000
68691  20.248  -25.974  -35.775 0.0000000000
68701  26.147  -25.676  -38.579 0.0000000000
68702  25.727  -25.673  -38.438 0.0000000000
68703  24.464  -25.766  -38.591 0.0000000000
68704  22.398  -25.750  -38.966 0.0000000000
68705  20.749  -25.831  -38.774 0.0000000000
68706  19.761  -25.920  -37.541 0.0000000000
68714  32.660  -27.442  -40.673 0.0000000000
68715  32.146  -27.340  -40.721 0.0000000000
68716  30.977  -26.882  -40.602 0.0000000000
68717  29.713  -26.745  -40.070 0.0000000000
68718  28.344  -26.517  -39.657 0.0000000000
68719  26.681  -26.028  -38.988 0.0000000000
68720  25.769  -26.134  -38.492 0.0000000000
68721  25.012  -26.287  -38.550 0.0000000000
68730  35.472  -25.312  -42.794 0.0000000000
68731  35.386  -25.246  -42.569 0.0000000000
68732  34.912  -25.761  -42.175 0.0000000000
68733  34.126  -26.221  -42.002 0.0000000000
68734  32.961  -26.837  -41.377 0.0000000000
68735  31.691  -26.472  -41.612 0.0000000000
68736  30.702  -26.173  -41.821 0.0000000000
68744  36.226  -24.020  -45.032 0.0000000000
68745  35.425  -24.545  -43.963 0.0000000000
68746  35.621  -24.140  -43.226 0.0000000000
68752  37.193  -23.860  -45.597 0.0000000000
68756  40.276  -23.379  -46.467 0.0000000000
68757  38.959  -23.904  -46.136 0.0000000000
68761  43.385  -24.661  -46.555 0.0000000000
68762  41.043  -23.827  -46.931 0.0000000000
68763  39.162  -25.057  -46.450 0.0000000000
68767  44.405  -25.757  -47.090 0.0000000000
68768  43.058  -25.677  -47.441 0.0000000000
69951  26.171  -25.364  -32.606 0.0000000000
69952  24.816  -25.170  -32.659 0.0000000000
69953  23.476  -25.062  -32.903 0.0000000000
69954  22.313  -25.069  -33.378 0.0000000000
69955  21.287  -25.094  -34.122 0.0000000000
69972  20.376  -25.115  -35.324 0.0000000000
69982  19.702  -25.144  -36.768 0.0000000000
69989  25.991  -25.299  -38.658 0.0000000000
69990  24.758  -25.155  -38.600 0.0000000000
69991  22.869  -24.959  -38.990 0.0000000000
69992  20.910  -24.815  -39.090 0.0000000000
69993  19.834  -24.968  -38.194 0.0000000000
69994  19.552  -25.168  -37.521 0.0000000000
70001  29.915  -26.113  -40.973 0.0000000000
70002  28.696  -26.141  -40.536 0.0000000000
70003  27.465  -25.624  -39.953 0.0000000000
70004  26.622  -25.468  -39.198 0.0000000000
70014  35.402  -24.120  -42.962 0.0000000000
70015  34.866  -24.645  -42.564 0.0000000000
70016  33.594  -24.815  -43.290 0.0000000000
70017  32.175  -25.602  -42.973 0.0000000000
70018  31.057  -25.645  -42.759 0.0000000000
70019  30.038  -25.406  -42.546 0.0000000000
70020  28.887  -25.524  -41.594 0.0000000000
70021  28.152  -25.571  -40.915 0.0000000000
70033  37.018  -22.932  -45.297 0.0000000000
70034  35.970  -23.272  -44.304 0.0000000000
70035  35.612  -23.550  -43.620 0.0000000000
70036  33.349  -23.589  -43.938 0.0000000000
70037  32.628  -24.204  -43.689 0.0000000000
70038  31.493  -24.768  -43.303 0.0000000000
70039  30.741  -25.087  -43.048 0.0000000000
70050  41.701  -22.033  -44.228 0.0000000000
70051  40.035  -21.790  -45.991 0.0000000000
70052  38.560  -22.562  -46.235 0.0000000000
70057  42.607  -22.561  -45.473 0.0000000000
70058  40.773  -22.558  -46.448 0.0000000000
70059  39.549  -22.640  -46.300 0.0000000000
70064  43.158  -23.194  -46.259 0.0000000000
70065  41.882  -22.884  -46.375 0.0000000000
71166  27.044  -24.794  -32.709 0.0000000000
71167  25.810  -24.357  -32.704 0.0000000000
71168  24.238  -24.195  -32.808 0.0000000000
71169  22.800  -24.289  -33.124 0.0000000000
71170  21.816  -24.445  -33.782 0.0000000000
71186  27.053  -23.916  -32.985 0.0000000000
71187  26.078  -23.475  -32.987 0.0000000000
71188  23.336  -23.563  -33.109 0.0000000000
71189  21.999  -23.502  -33.844 0.0000000000
71190  20.890  -24.277  -34.787 0.0000000000
71201  20.706  -23.302  -35.500 0.0000000000
71202  19.905  -24.296  -36.400 0.0000000000
71209  25.883  -24.936  -38.846 0.0000000000
71210  25.256  -24.725  -38.810 0.0000000000
71211  23.635  -24.336  -39.079 0.0000000000
71212  21.649  -23.960  -39.175 0.0000000000
71213  20.121  -23.476  -37.958 0.0000000000
71214  19.700  -24.665  -37.459 0.0000000000
71221  27.014  -25.139  -40.544 0.0000000000
71222  26.295  -24.701  -39.704 0.0000000000
71223  24.564  -23.842  -39.477 0.0000000000
71224  22.969  -23.258  -38.779 0.0000000000
71225  21.332  -22.905  -38.949 0.0000000000
71226  20.745  -22.474  -38.419 0.0000000000
71239  35.533  -23.429  -43.384 0.0000000000
71240  35.342  -23.453  -43.203 0.0000000000
71241  34.775  -23.503  -43.163 0.0000000000
71242  30.008  -24.820  -42.638 0.0000000000
71243  29.444  -24.659  -42.213 0.0000000000
71244  27.770  -24.735  -41.095 0.0000000000
71245  26.690  -23.787  -40.613 0.0000000000
71257  41.297  -21.039  -42.816 0.0000000000
71258  37.591  -22.007  -45.622 0.0000000000
71259  37.008  -22.067  -45.287 0.0000000000
71260  35.863  -22.395  -44.401 0.0000000000
71261  35.174  -22.193  -43.978 0.0000000000
71262  34.065  -22.509  -44.216 0.0000000000
71263  33.196  -22.463  -43.847 0.0000000000
71264  32.105  -23.016  -43.166 0.0000000000
71265  30.621  -24.070  -42.848 0.0000000000
71266  29.869  -23.543  -42.286 0.0000000000
71274  41.544  -21.619  -43.129 0.0000000000
71275  40.601  -21.071  -44.250 0.0000000000
71276  38.659  -21.087  -46.161 0.0000000000
71277  37.553  -20.603  -45.573 0.0000000000
71278  36.771  -20.190  -45.201 0.0000000000
72298  25.163  -23.614  -32.876 0.0000000000
72299  24.332  -23.342  -33.066 0.0000000000
72313  26.962  -22.749  -33.290 0.0000000000
72314  25.291  -22.671  -33.063 0.0000000000
72315  23.438  -22.583  -33.392 0.0000000000
72316  21.758  -22.340  -34.472 0.0000000000
72332  27.435  -21.851  -33.599 0.0000000000
72333  20.659  -22.178  -36.054 0.0000000000
72343  37.606  -19.797  -37.772 0.0000000000
72344  37.096  -19.137  -38.158 0.0000000000
72345  20.762  -22.056  -37.247 0.0000000000
72357  39.069  -18.898  -38.879 0.0000000000
72358  38.078  -18.718  -38.686 0.0000000000
72359  37.031  -18.485  -38.920 0.0000000000
72360  36.421  -17.803  -39.833 0.0000000000
72361  25.531  -23.373  -40.003 0.0000000000
72362  24.078  -22.558  -39.322 0.0000000000
72363  22.321  -22.241  -39.285 0.0000000000
72364  21.455  -22.065  -38.792 0.0000000000
72365  21.145  -21.838  -37.889 0.0000000000
72378  40.642  -18.987  -40.999 0.0000000000
72379  39.474  -18.586  -40.347 0.0000000000
72380  38.479  -18.236  -40.044 0.0000000000
72381  37.525  -17.867  -39.799 0.0000000000
72382  36.763  -17.701  -40.069 0.0000000000
72383  28.944  -23.546  -41.678 0.0000000000
72384  27.679  -23.018  -41.134 0.0000000000
72385  26.374  -22.691  -40.348 0.0000000000
72386  25.223  -22.392  -39.965 0.0000000000
72396  40.876  -19.829  -42.817 0.0000000000
72397  39.287  -18.300  -40.807 0.0000000000
72398  39.016  -18.196  -40.767 0.0000000000
72399  35.830  -20.479  -44.769 0.0000000000
72400  34.864  -20.459  -44.695 0.0000000000
72401  33.940  -20.178  -44.263 0.0000000000
72402  32.745  -20.951  -43.518 0.0000000000
72403  31.389  -21.597  -43.283 0.0000000000
72404  30.600  -22.288  -42.433 0.0000000000
72405  29.735  -22.557  -41.853 0.0000000000
72406  28.833  -22.528  -41.556 0.0000000000
72414  39.807  -19.928  -44.577 0.0000000000
72415  38.891  -19.450  -45.303 0.0000000000
72416  37.926  -19.022  -45.210 0.0000000000
72417  36.713  -18.822  -45.129 0.0000000000
72418  35.736  -18.958  -44.727 0.0000000000
72419  34.963  -18.954  -44.457 0.0000000000
72425  39.024  -18.808  -45.186 0.0000000000
72426  38.816  -18.881  -45.232 0.0000000000
73386  26.291  -21.582  -33.458 0.0000000000
73387  24.548  -21.530  -33.410 0.0000000000
73388  22.903  -21.397  -33.943 0.0000000000
73389  21.508  -21.191  -34.938 0.0000000000
73401  36.677  -19.422  -37.541 0.0000000000
73402  36.147  -19.147  -37.926 0.0000000000
73408  27.309  -21.244  -33.886 0.0000000000
73409  21.032  -21.135  -36.141 0.0000000000
73418  37.413  -20.159  -37.306 0.0000000000
73419  36.856  -19.295  -37.921 0.0000000000
73420  35.729  -18.510  -38.795 0.0000000000
73421  34.922  -17.955  -39.845 0.0000000000
73422  21.142  -21.142  -37.081 0.0000000000
73432  36.776  -18.791  -38.508 0.0000000000
73433  35.975  -18.184  -39.628 0.0000000000
73434  34.490  -17.755  -40.772 0.0000000000
73435  33.459  -17.714  -41.655 0.0000000000
73436  24.557  -21.428  -39.520 0.0000000000
73437  23.054  -21.463  -39.524 0.0000000000
73438  22.026  -21.426  -39.267 0.0000000000
73439  21.639  -21.249  -37.955 0.0000000000
73450  39.784  -18.594  -41.179 0.0000000000
73451  39.484  -18.393  -40.920 0.0000000000
73452  37.756  -17.823  -40.847 0.0000000000
73453  36.936  -17.832  -41.187 0.0000000000
73454  35.938  -17.683  -41.363 0.0000000000
73455  34.606  -17.906  -42.052 0.0000000000
73456  33.003  -17.845  -42.639 0.0000000000
73457  31.543  -18.758  -42.771 0.0000000000
73458  30.542  -19.697  -42.180 0.0000000000
73459  29.624  -20.705  -41.384 0.0000000000
73460  28.460  -21.552  -41.150 0.0000000000
73461  27.073  -21.706  -40.617 0.0000000000
73462  25.746  -21.591  -40.195 0.0000000000
73471  39.913  -18.881  -42.183 0.0000000000
73472  39.266  -18.363  -41.460 0.0000000000
73473  38.407  -17.961  -41.405 0.0000000000
73474  37.410  -17.744  -42.083 0.0000000000
73475  36.311  -17.660  -43.247 0.0000000000
73476  34.648  -17.877  -43.902 0.0000000000
73477  33.300  -18.728  -43.790 0.0000000000
73478  32.108  -19.547  -43.292 0.0000000000
73479  30.987  -20.352  -42.941 0.0000000000
73480  30.247  -21.277  -41.945 0.0000000000
73481  29.437  -21.779  -41.539 0.0000000000
73486  39.630  -19.357  -43.451 0.0000000000
73487  39.312  -19.512  -44.359 0.0000000000
73488  38.157  -18.340  -44.411 0.0000000000
73489  37.359  -17.936  -44.739 0.0000000000
73490  36.488  -17.784  -44.524 0.0000000000
73491  35.459  -17.846  -44.614 0.0000000000
73495  39.268  -19.250  -43.500 0.0000000000
73496  39.024  -19.239  -44.103 0.0000000000
73497  38.825  -18.600  -44.974 0.0000000000
74446  25.357  -20.613  -33.685 0.0000000000
74447  23.846  -20.460  -33.716 0.0000000000
74448  22.452  -20.257  -34.330 0.0000000000
74449  21.536  -20.175  -35.335 0.0000000000
74461  36.513  -19.277  -37.428 0.0000000000
74466  27.737  -20.725  -34.299 0.0000000000
74467  26.678  -20.648  -34.020 0.0000000000
74468  21.156  -20.191  -36.376 0.0000000000
74477  35.851  -18.779  -38.198 0.0000000000
74478  34.905  -17.953  -39.366 0.0000000000
74479  34.273  -17.914  -39.669 0.0000000000
74480  21.363  -20.308  -37.217 0.0000000000
74489  34.495  -17.882  -40.194 0.0000000000
74490  33.595  -17.751  -40.561 0.0000000000
74491  32.070  -18.321  -40.513 0.0000000000
74492  31.352  -18.772  -40.433 0.0000000000
74493  24.878  -20.532  -40.244 0.0000000000
74494  23.555  -20.603  -40.084 0.0000000000
74495  22.658  -20.695  -39.323 0.0000000000
74496  22.079  -20.503  -38.112 0.0000000000
74505  33.094  -17.700  -41.924 0.0000000000
74506  32.348  -17.967  -41.946 0.0000000000
74507  30.968  -18.621  -41.585 0.0000000000
74508  29.818  -19.512  -41.347 0.0000000000
74509  28.757  -20.309  -41.158 0.0000000000
74510  27.348  -20.705  -41.621 0.0000000000
74511  26.128  -20.677  -40.891 0.0000000000
74520  39.290  -18.610  -42.358 0.0000000000
74521  38.684  -18.355  -42.295 0.0000000000
74522  37.940  -17.945  -42.635 0.0000000000
74523  37.159  -17.654  -43.310 0.0000000000
74524  36.801  -17.497  -43.977 0.0000000000
74529  39.492  -18.833  -42.963 0.0000000000
74530  38.981  -18.655  -42.959 0.0000000000
74531  38.268  -18.469  -43.202 0.0000000000
74532  37.612  -17.952  -43.756 0.0000000000
74533  37.053  -17.487  -44.195 0.0000000000
74537  39.431  -19.078  -43.296 0.0000000000
74538  39.169  -18.976  -43.374 0.0000000000
74539  38.666  -18.847  -43.710 0.0000000000
75448  24.697  -19.770  -33.838 0.0000000000
75449  23.493  -19.398  -34.091 0.0000000000
75450  22.209  -19.184  -34.777 0.0000000000
75451  21.507  -19.259  -35.859 0.0000000000
75465  36.795  -19.539  -36.934 0.0000000000
75469  27.116  -20.011  -34.373 0.0000000000
75470  25.910  -19.754  -34.065 0.0000000000
75471  21.198  -19.346  -36.750 0.0000000000
75482  36.223  -18.960  -37.632 0.0000000000
75483  35.440  -18.414  -38.402 0.0000000000
75484  34.651  -17.762  -39.163 0.0000000000
75485  33.863  -17.726  -39.414 0.0000000000
75486  21.759  -19.531  -37.378 0.0000000000
75494  33.877  -17.897  -39.643 0.0000000000
75495  32.858  -18.060  -39.734 0.0000000000
75496  31.263  -18.536  -40.024 0.0000000000
75497  30.327  -18.704  -40.047 0.0000000000
75498  25.236  -19.809  -40.907 0.0000000000
75499  24.071  -19.639  -40.543 0.0000000000
75500  23.284  -19.599  -38.912 0.0000000000
75501  22.387  -19.711  -38.234 0.0000000000
75510  31.032  -18.941  -40.463 0.0000000000
75511  30.110  -18.908  -40.869 0.0000000000
75512  29.019  -19.483  -41.029 0.0000000000
75513  27.668  -19.867  -41.838 0.0000000000
75514  26.331  -19.762  -41.373 0.0000000000
76522  27.878  -18.613  -34.137 0.0000000000
76523  26.573  -18.459  -34.027 0.0000000000
76524  25.042  -18.696  -34.009 0.0000000000
76525  23.176  -18.218  -34.481 0.0000000000
76526  22.068  -18.186  -35.592 0.0000000000
76527  21.318  -18.600  -36.471 0.0000000000
76543  36.541  -18.867  -37.123 0.0000000000
76545  27.490  -19.379  -34.331 0.0000000000
76546  26.382  -19.294  -34.139 0.0000000000
76547  25.811  -19.252  -34.124 0.0000000000
76548  21.575  -17.939  -36.755 0.0000000000
76549  21.337  -18.585  -37.123 0.0000000000
76560  35.850  -18.458  -37.768 0.0000000000
76561  35.233  -17.953  -38.520 0.0000000000
76562  34.387  -17.607  -39.075 0.0000000000
76563  33.311  -17.683  -39.499 0.0000000000
76564  21.652  -17.912  -37.492 0.0000000000
76565  21.937  -18.797  -37.733 0.0000000000
76574  31.925  -17.977  -39.682 0.0000000000
76575  30.694  -18.341  -39.844 0.0000000000
76576  29.748  -18.630  -41.135 0.0000000000
76577  28.260  -18.504  -41.955 0.0000000000
76578  26.856  -18.347  -41.128 0.0000000000
76579  24.981  -18.500  -41.087 0.0000000000
76580  23.812  -18.525  -39.230 0.0000000000
76581  22.586  -18.330  -38.118 0.0000000000
76582  22.386  -19.042  -38.315 0.0000000000
76591  29.938  -18.718  -40.718 0.0000000000
76592  29.237  -18.997  -41.336 0.0000000000
76593  28.005  -19.106  -41.575 0.0000000000
76594  26.904  -18.977  -41.001 0.0000000000
77627  26.984  -17.395  -33.634 0.0000000000
77628  25.551  -17.275  -34.140 0.0000000000
77629  24.050  -17.165  -34.438 0.0000000000
77630  22.901  -17.115  -35.155 0.0000000000
77631  22.440  -17.335  -36.194 0.0000000000
77642  36.923  -18.334  -36.731 0.0000000000
77643  36.232  -18.130  -37.298 0.0000000000
77644  22.007  -17.311  -37.075 0.0000000000
77657  35.564  -17.834  -37.941 0.0000000000
77658  34.887  -17.519  -38.678 0.0000000000
77659  33.897  -17.372  -39.204 0.0000000000
77660  32.586  -17.329  -39.568 0.0000000000
77661  22.220  -17.251  -37.730 0.0000000000
77670  31.111  -17.611  -39.708 0.0000000000
77671  30.057  -17.911  -40.689 0.0000000000
77672  28.698  -17.887  -42.341 0.0000000000
77673  27.085  -17.406  -41.795 0.0000000000
77674  25.550  -17.135  -41.282 0.0000000000
77675  24.947  -17.216  -40.274 0.0000000000
77676  24.270  -17.419  -39.209 0.0000000000
77677  23.111  -17.402  -38.339 0.0000000000
78824  27.589  -16.237  -33.612 0.0000000000
78825  26.056  -16.039  -34.031 0.0000000000
78826  24.631  -16.042  -34.483 0.0000000000
78827  23.578  -16.105  -35.036 0.0000000000
78828  22.921  -16.257  -36.100 0.0000000000
78829  22.563  -16.937  -36.588 0.0000000000
78841  36.685  -17.518  -36.970 0.0000000000
78842  36.011  -17.354  -37.574 0.0000000000
78843  23.177  -16.005  -37.135 0.0000000000
78844  22.550  -16.691  -37.099 0.0000000000
78855  35.284  -17.137  -38.246 0.0000000000
78856  34.406  -16.955  -38.861 0.0000000000
78857  33.454  -16.869  -39.408 0.0000000000
78858  32.599  -16.625  -39.743 0.0000000000
78859  23.594  -16.082  -37.931 0.0000000000
78860  22.850  -16.575  -37.833 0.0000000000
78866  31.601  -16.710  -40.084 0.0000000000
78867  30.705  -17.028  -41.294 0.0000000000
78868  29.294  -16.963  -42.525 0.0000000000
78869  27.702  -16.510  -41.897 0.0000000000
78870  25.914  -15.856  -41.303 0.0000000000
78871  25.173  -15.911  -39.550 0.0000000000
78872  24.614  -16.583  -38.642 0.0000000000
78873  23.799  -16.837  -38.210 0.0000000000
78880  25.660  -15.035  -40.317 0.0000000000
78881  25.580  -15.371  -40.011 0.0000000000
80017  28.346  -15.259  -33.689 0.0000000000
80018  26.666  -14.596  -34.351 0.0000000000
80019  25.072  -14.961  -34.781 0.0000000000
80020  24.069  -15.269  -35.074 0.0000000000
80021  23.552  -15.382  -35.693 0.0000000000
80033  36.615  -16.639  -37.310 0.0000000000
80034  26.208  -13.681  -35.279 0.0000000000
80035  25.454  -14.004  -35.491 0.0000000000
80036  24.177  -14.458  -36.083 0.0000000000
80037  23.406  -15.210  -36.657 0.0000000000
80041  35.992  -16.442  -38.123 0.0000000000
80042  34.974  -16.264  -38.657 0.0000000000
80043  33.979  -16.142  -39.403 0.0000000000
80044  33.114  -16.249  -39.726 0.0000000000
80045  23.762  -14.395  -37.520 0.0000000000
80046  23.447  -15.212  -37.750 0.0000000000
80051  33.266  -15.672  -40.043 0.0000000000
80052  32.372  -15.773  -40.627 0.0000000000
80053  30.978  -15.649  -41.577 0.0000000000
80054  29.891  -15.790  -42.602 0.0000000000
80055  28.168  -15.400  -41.945 0.0000000000
80056  26.831  -15.324  -41.443 0.0000000000
80057  24.165  -14.640  -38.573 0.0000000000
80058  24.027  -15.571  -38.449 0.0000000000
80066  26.805  -14.450  -41.444 0.0000000000
80067  25.955  -14.499  -40.434 0.0000000000
80068  25.082  -14.545  -39.505 0.0000000000
81176  27.924  -14.174  -34.320 0.0000000000
81184  36.492  -15.605  -37.683 0.0000000000
81187  28.396  -13.401  -34.787 0.0000000000
81188  26.963  -13.271  -35.314 0.0000000000
81189  25.863  -13.282  -36.463 0.0000000000
81190  25.082  -13.769  -36.712 0.0000000000
81195  35.603  -15.432  -38.378 0.0000000000
81196  34.507  -15.208  -39.144 0.0000000000
81197  33.758  -15.324  -39.874 0.0000000000
81198  25.069  -13.146  -37.655 0.0000000000
81199  24.396  -13.747  -37.553 0.0000000000
81205  33.887  -14.649  -40.012 0.0000000000
81206  32.940  -14.725  -40.631 0.0000000000
81207  31.458  -14.367  -41.752 0.0000000000
81208  30.331  -14.574  -42.463 0.0000000000
81209  28.997  -14.475  -42.079 0.0000000000
81210  27.579  -14.106  -41.540 0.0000000000
81211  24.514  -12.902  -38.527 0.0000000000
81212  24.137  -13.688  -38.473 0.0000000000
81221  30.501  -13.568  -42.291 0.0000000000
81222  29.361  -13.369  -41.720 0.0000000000
81223  27.800  -13.032  -41.201 0.0000000000
81224  26.330  -13.210  -40.427 0.0000000000
81225  24.746  -13.124  -39.386 0.0000000000
81226  24.362  -13.896  -39.010 0.0000000000
82375  36.020  -14.537  -37.856 0.0000000000
82377  28.973  -12.593  -35.112 0.0000000000
82378  27.578  -12.222  -36.224 0.0000000000
82379  26.370  -12.430  -36.930 0.0000000000
82380  25.567  -12.619  -37.656 0.0000000000
82385  35.207  -14.363  -38.677 0.0000000000
82386  34.436  -14.076  -39.629 0.0000000000
82387  26.552  -11.495  -37.715 0.0000000000
82388  25.502  -11.769  -38.263 0.0000000000
82389  24.734  -12.183  -38.479 0.0000000000
82394  33.310  -13.745  -40.265 0.0000000000
82395  32.004  -13.353  -41.125 0.0000000000
82396  30.860  -12.923  -41.973 0.0000000000
82397  25.777  -10.920  -39.042 0.0000000000
82398  25.090  -11.672  -39.197 0.0000000000
82399  24.527  -12.229  -39.159 0.0000000000
82408  29.732  -12.444  -41.712 0.0000000000
82409  28.218  -11.811  -41.364 0.0000000000
82410  26.127  -11.174  -40.386 0.0000000000
82411  25.039  -12.160  -39.559 0.0000000000
82412  24.582  -12.364  -39.382 0.0000000000
83564  36.334  -13.604  -37.322 0.0000000000
83565  35.608  -13.509  -38.141 0.0000000000
83566  29.579  -11.896  -35.174 0.0000000000
83567  28.228  -11.215  -36.631 0.0000000000
83568  27.268  -11.266  -37.157 0.0000000000
83572  34.996  -13.339  -39.175 0.0000000000
83573  33.862  -12.978  -39.775 0.0000000000
83574  27.704  -10.357  -37.661 0.0000000000
83575  26.945  -10.540  -38.314 0.0000000000
83580  32.577  -12.424  -40.510 0.0000000000
83581  30.660  -11.658  -41.094 0.0000000000
83582  30.025  -11.991  -41.635 0.0000000000
83583  26.092  -9.972  -39.749 0.0000000000
83590  29.721  -10.376  -41.777 0.0000000000
83591  29.043  -10.804  -41.748 0.0000000000
83592  27.356  -10.104  -41.168 0.0000000000
83593  26.581  -9.691  -40.599 0.0000000000
83603  27.213  -9.710  -41.220 0.0000000000
83604  26.987  -9.564  -41.100 0.0000000000
84660  36.067  -12.622  -37.824 0.0000000000
84662  29.183  -10.488  -36.323 0.0000000000
84663  28.158  -10.331  -37.218 0.0000000000
84668  35.395  -12.556  -38.710 0.0000000000
84669  34.540  -12.317  -39.494 0.0000000000
84670  28.421  -9.508  -37.890 0.0000000000
84671  27.765  -9.751  -38.774 0.0000000000
84672  26.458  -9.675  -39.367 0.0000000000
84677  33.230  -11.787  -39.884 0.0000000000
84678  31.688  -11.002  -40.329 0.0000000000
84679  27.060  -8.889  -40.547 0.0000000000
84680  26.476  -9.319  -40.150 0.0000000000
84688  30.226  -10.056  -41.510 0.0000000000
84689  29.055  -9.510  -41.901 0.0000000000
84690  27.689  -9.277  -41.353 0.0000000000
84691  26.815  -9.234  -40.970 0.0000000000
84701  27.407  -9.579  -41.284 0.0000000000
84702  27.213  -9.450  -41.211 0.0000000000
85771  36.458  -11.669  -37.574 0.0000000000
85772  29.784  -9.723  -36.019 0.0000000000
85773  28.894  -9.177  -37.431 0.0000000000
85783  35.751  -11.665  -38.396 0.0000000000
85784  35.199  -11.649  -39.320 0.0000000000
85785  28.256  -8.712  -39.376 0.0000000000
85786  27.389  -8.592  -40.060 0.0000000000
85791  34.076  -11.207  -39.735 0.0000000000
85792  32.482  -10.510  -39.938 0.0000000000
85793  28.329  -8.011  -41.051 0.0000000000
85794  27.583  -8.353  -40.877 0.0000000000
85803  30.980  -9.653  -40.507 0.0000000000
85804  29.359  -8.735  -41.490 0.0000000000
85805  28.336  -8.638  -41.528 0.0000000000
86905  29.480  -8.794  -36.939 0.0000000000
86906  28.874  -8.390  -38.436 0.0000000000
86917  36.090  -10.352  -38.239 0.0000000000
86918  35.546  -11.104  -39.038 0.0000000000
86919  28.624  -7.922  -40.080 0.0000000000
86923  35.567  -9.833  -39.597 0.0000000000
86924  35.150  -10.534  -39.939 0.0000000000
86925  33.416  -9.983  -40.141 0.0000000000
86926  28.960  -7.760  -41.232 0.0000000000
86934  31.709  -9.269  -40.410 0.0000000000
86935  30.133  -8.359  -41.239 0.0000000000
87948  29.802  -8.314  -36.515 0.0000000000
87960  29.760  -7.643  -36.865 0.0000000000
87961  29.225  -7.815  -37.968 0.0000000000
87962  29.021  -7.943  -39.141 0.0000000000
87972  36.632  -9.149  -38.317 0.0000000000
87973  29.150  -7.587  -39.344 0.0000000000
87974  28.905  -7.539  -40.359 0.0000000000
87979  36.068  -9.197  -39.459 0.0000000000
87980  35.382  -9.290  -40.493 0.0000000000
87981  34.365  -9.485  -40.773 0.0000000000
87982  29.485  -7.587  -41.034 0.0000000000
87991  34.369  -8.756  -41.176 0.0000000000
87992  32.918  -8.594  -41.216 0.0000000000
87993  30.832  -7.834  -41.173 0.0000000000
87998  31.759  -7.561  -41.324 0.0000000000
87999  30.924  -6.979  -41.458 0.0000000000
89042  29.568  -6.968  -38.022 0.0000000000
89046  36.718  -8.393  -39.384 0.0000000000
89047  29.293  -7.064  -39.209 0.0000000000
89048  29.083  -7.099  -40.266 0.0000000000
89053  36.160  -8.374  -40.271 0.0000000000
89054  34.958  -7.852  -40.534 0.0000000000
89055  29.796  -7.140  -40.856 0.0000000000
89064  33.761  -7.647  -41.218 0.0000000000
89065  32.532  -7.367  -41.511 0.0000000000
89066  30.341  -7.002  -41.101 0.0000000000
89071  31.613  -6.986  -41.537 0.0000000000
90152  29.737  -6.038  -37.929 0.0000000000
90159  37.274  -7.685  -39.294 0.0000000000
90160  36.749  -7.829  -40.107 0.0000000000
90161  29.298  -6.126  -39.464 0.0000000000
90162  29.024  -6.488  -40.022 0.0000000000
90166  36.794  -7.161  -40.146 0.0000000000
90167  35.966  -7.153  -40.668 0.0000000000
90168  34.505  -6.817  -41.028 0.0000000000
90169  29.267  -6.058  -40.308 0.0000000000
90170  29.470  -6.560  -40.589 0.0000000000
90177  33.232  -6.651  -41.551 0.0000000000
90178  31.918  -6.446  -41.525 0.0000000000
90179  29.917  -6.765  -40.930 0.0000000000
91291  37.255  -6.680  -39.576 0.0000000000
91292  29.977  -5.284  -39.297 0.0000000000
91297  36.548  -6.277  -40.793 0.0000000000
91298  35.340  -5.891  -41.668 0.0000000000
91299  34.087  -6.098  -41.988 0.0000000000
91300  29.511  -5.394  -40.589 0.0000000000
91301  29.644  -5.974  -40.854 0.0000000000
91309  34.144  -5.351  -42.056 0.0000000000
91310  32.676  -5.538  -41.589 0.0000000000
91311  30.588  -5.791  -41.327 0.0000000000
91312  29.930  -6.353  -41.127 0.0000000000
92441  37.412  -5.888  -38.724 0.0000000000
92442  37.074  -5.538  -40.367 0.0000000000
92444  30.195  -4.280  -38.894 0.0000000000
92449  36.373  -5.171  -41.555 0.0000000000
92450  34.835  -4.763  -41.990 0.0000000000
92451  30.936  -3.643  -39.945 0.0000000000
92452  30.020  -4.454  -40.302 0.0000000000
92463  33.358  -4.435  -41.946 0.0000000000
92464  31.473  -4.318  -41.243 0.0000000000
92465  30.264  -4.988  -40.851 0.0000000000
93510  37.337  -4.870  -39.030 0.0000000000
93511  36.973  -4.485  -40.706 0.0000000000
93520  35.423  -4.027  -41.161 0.0000000000
93521  34.036  -3.662  -41.857 0.0000000000
93522  31.617  -2.917  -39.344 0.0000000000
93534  32.968  -3.425  -41.505 0.0000000000
93535  31.997  -3.058  -40.818 0.0000000000
94567  37.345  -3.800  -39.407 0.0000000000
94568  36.234  -3.327  -40.476 0.0000000000
94578  34.542  -2.884  -40.835 0.0000000000
94579  33.553  -2.956  -41.675 0.0000000000
94592  34.077  -2.190  -40.861 0.0000000000
94593  33.128  -2.324  -41.206 0.0000000000
94594  32.350  -2.290  -40.146 0.0000000000
95668  37.531  -2.792  -40.115 0.0000000000
95679  36.028  -2.275  -40.455 0.0000000000
95693  34.864  -1.842  -41.009 0.0000000000
95694  33.904  -1.600  -40.521 0.0000000000
95695  32.863  -1.696  -40.393 0.0000000000
96766  38.169  -2.287  -39.679 0.0000000000
96776  38.243  -1.237  -39.941 0.0000000000
96777  37.613  -1.688  -40.366 0.0000000000
96778  34.012  -0.686  -40.308 0.0000000000
96788  36.001  -1.199  -40.651 0.0000000000
96789  34.939  -0.967  -40.953 0.0000000000
97823  38.134  -0.850  -40.679 0.0000000000
97824  34.998  -0.179  -40.845 0.0000000000
97827  36.984  -0.508  -40.681 0.0000000000
97828  35.958  -0.278  -41.040 0.0000000000
98887  37.888  -0.257  -41.371 0.0000000000
98888  34.828  0.481  -40.871 0.0000000000
98893  38.096  0.218  -41.895 0.0000000000
98894  37.075  0.325  -41.576 0.0000000000
98895  35.916  0.386  -41.522 0.0000000000
99955  34.443  1.205  -40.806 0.0000000000
99959  37.739  0.878  -42.344 0.0000000000
99960  36.757  0.992  -42.206 0.0000000000
99961  35.657  1.053  -41.756 0.0000000000
100992  33.821  2.201  -40.492 0.0000000000
101001  35.365  1.758  -41.672 0.0000000000
101005  38.397  1.532  -42.541 0.0000000000
101006  37.401  1.491  -42.720 0.0000000000
101007  36.458  1.616  -42.435 0.0000000000
102023  34.301  3.121  -41.555 0.0000000000
102032  39.089  3.068  -43.095 0.0000000000
102033  36.254  2.562  -42.582 0.0000000000
102038  37.909  2.096  -42.962 0.0000000000
102039  37.015  1.946  -42.716 0.0000000000
103025  34.309  3.960  -40.990 0.0000000000
103036  37.661  3.895  -43.881 0.0000000000
103037  35.283  3.851  -42.702 0.0000000000
103038  34.376  4.495  -41.466 0.0000000000
104064  38.094  5.407  -43.642 0.0000000000
104065  36.445  4.686  -43.933 0.0000000000
104066  34.781  5.076  -42.660 0.0000000000
104075  36.824  5.367  -44.210 0.0000000000
104076  35.951  5.288  -44.188 0.0000000000
104077  35.365  5.491  -43.777 0.0000000000
105133  37.209  6.007  -44.088 0.0000000000
105134  37.422  7.155  -43.665 0.0000000000
105135  34.244  5.722  -42.489 0.0000000000
105148  36.463  5.619  -44.404 0.0000000000
105149  35.857  6.044  -44.384 0.0000000000
105150  34.800  5.676  -43.543 0.0000000000
105151  33.950  5.950  -43.178 0.0000000000
105160  34.994  5.905  -44.250 0.0000000000
105161  34.833  5.794  -44.012 0.0000000000
105162  34.666  5.844  -43.323 0.0000000000
105169  34.730  5.821  -44.209 0.0000000000
105170  34.696  5.931  -43.941 0.0000000000
105171  34.679  5.773  -43.641 0.0000000000
106189  36.319  7.503  -43.944 0.0000000000
106190  35.413  7.691  -44.185 0.0000000000
106191  34.554  6.807  -43.945 0.0000000000
106203  35.477  6.577  -44.284 0.0000000000
106204  34.989  6.550  -44.177 0.0000000000
106205  34.923  6.049  -43.433 0.0000000000
106211  35.119  6.089  -44.012 0.0000000000
106212  34.913  6.128  -43.718 0.0000000000
106213  34.599  5.788  -43.836 0.0000000000
107266  34.952  7.997  -44.122 0.0000000000
145877  30.727  -6.432  -41.431 0.0000000000
145878  31.086  -6.490  -41.525 0.0000000000
145879  30.144  -6.667  -41.080 0.0000000000
145880  30.412  -6.515  -41.291 0.0000000000
