#!ascii label  , from subject subject001 vox2ras=TkReg
990
47850  58.081  -44.357  18.606 0.0000000000
47867  58.675  -45.022  18.797 0.0000000000
47868  57.154  -43.870  18.044 0.0000000000
47889  59.214  -44.818  18.436 0.0000000000
47890  57.312  -43.702  17.620 0.0000000000
47891  56.497  -43.507  17.476 0.0000000000
47909  60.008  -43.624  17.531 0.0000000000
47910  58.934  -43.626  17.465 0.0000000000
47911  57.739  -43.372  17.212 0.0000000000
47912  57.006  -43.191  16.940 0.0000000000
48993  57.248  -43.658  18.683 0.0000000000
49007  57.537  -44.011  18.560 0.0000000000
49008  55.883  -43.292  18.186 0.0000000000
49009  54.922  -42.864  17.780 0.0000000000
49020  56.577  -43.653  18.078 0.0000000000
49021  55.358  -43.104  17.619 0.0000000000
49022  54.516  -42.550  17.147 0.0000000000
49033  55.977  -43.332  17.497 0.0000000000
49034  54.988  -42.758  16.891 0.0000000000
49035  54.128  -42.232  16.251 0.0000000000
49050  56.636  -43.074  16.866 0.0000000000
49051  55.915  -42.868  16.766 0.0000000000
49052  54.642  -42.369  15.912 0.0000000000
49053  53.807  -42.019  15.315 0.0000000000
49071  60.084  -42.641  16.770 0.0000000000
49072  58.754  -42.657  16.463 0.0000000000
49073  57.631  -42.622  16.224 0.0000000000
49074  56.486  -42.565  16.147 0.0000000000
49075  55.161  -42.354  15.363 0.0000000000
49076  54.210  -42.181  14.847 0.0000000000
49077  53.562  -41.877  14.468 0.0000000000
49091  59.488  -41.861  15.942 0.0000000000
49092  58.580  -41.798  15.269 0.0000000000
49093  57.489  -42.096  14.945 0.0000000000
49094  56.466  -42.253  14.764 0.0000000000
49095  55.472  -42.290  14.532 0.0000000000
49096  54.443  -42.204  14.020 0.0000000000
49097  53.891  -42.073  14.191 0.0000000000
49109  58.149  -41.533  14.154 0.0000000000
49110  57.429  -41.670  13.645 0.0000000000
49111  56.398  -41.914  13.428 0.0000000000
49112  55.516  -42.197  13.631 0.0000000000
49113  54.941  -42.286  13.716 0.0000000000
49123  56.938  -41.604  12.819 0.0000000000
49124  56.714  -41.706  13.001 0.0000000000
50085  55.470  -42.844  18.401 0.0000000000
50086  54.664  -42.418  18.165 0.0000000000
50096  55.033  -42.871  18.077 0.0000000000
50097  54.452  -42.377  17.684 0.0000000000
50104  53.766  -41.922  16.544 0.0000000000
50105  53.307  -41.479  15.837 0.0000000000
50112  53.482  -41.742  15.648 0.0000000000
50113  52.927  -41.319  15.116 0.0000000000
50125  53.180  -41.603  14.830 0.0000000000
50126  52.596  -41.179  14.266 0.0000000000
50127  52.293  -40.855  13.706 0.0000000000
50143  53.000  -41.576  14.154 0.0000000000
50144  52.600  -41.230  13.626 0.0000000000
50145  52.221  -40.620  13.078 0.0000000000
50158  60.192  -41.632  16.090 0.0000000000
50159  59.321  -41.498  15.361 0.0000000000
50160  54.096  -42.129  13.467 0.0000000000
50161  53.499  -41.798  13.555 0.0000000000
50162  52.646  -41.023  12.864 0.0000000000
50163  52.026  -40.460  12.358 0.0000000000
50173  60.637  -40.979  15.784 0.0000000000
50174  59.768  -40.924  15.073 0.0000000000
50175  58.768  -41.287  14.347 0.0000000000
50176  58.046  -41.394  13.536 0.0000000000
50177  56.056  -41.851  12.791 0.0000000000
50178  55.594  -41.930  12.804 0.0000000000
50179  54.451  -42.039  12.989 0.0000000000
50180  53.317  -41.289  12.486 0.0000000000
50181  52.484  -40.659  12.084 0.0000000000
50182  51.819  -40.374  11.744 0.0000000000
50188  59.291  -40.844  14.012 0.0000000000
50189  58.579  -41.003  13.278 0.0000000000
50190  57.485  -41.301  12.572 0.0000000000
50191  56.262  -41.661  12.408 0.0000000000
50192  55.023  -41.616  12.001 0.0000000000
50193  53.992  -41.336  11.941 0.0000000000
50194  53.045  -40.683  11.656 0.0000000000
50195  52.128  -40.416  11.377 0.0000000000
50196  51.665  -40.291  11.334 0.0000000000
50199  56.668  -41.048  11.652 0.0000000000
50200  55.600  -41.180  11.509 0.0000000000
50201  54.940  -41.138  11.506 0.0000000000
50202  52.454  -40.343  11.102 0.0000000000
50203  52.013  -40.332  11.041 0.0000000000
51204  54.500  -42.105  18.126 0.0000000000
51215  53.612  -41.521  16.886 0.0000000000
51216  53.236  -41.138  16.218 0.0000000000
51226  53.408  -41.479  16.231 0.0000000000
51227  53.018  -41.146  15.650 0.0000000000
51235  52.460  -40.766  14.335 0.0000000000
51236  52.184  -40.303  13.702 0.0000000000
51246  52.281  -40.828  13.956 0.0000000000
51247  52.095  -40.335  13.407 0.0000000000
51264  51.548  -40.069  12.457 0.0000000000
51265  51.065  -39.822  12.106 0.0000000000
51278  51.534  -40.231  11.963 0.0000000000
51279  51.178  -40.004  11.894 0.0000000000
51288  60.789  -40.291  15.091 0.0000000000
51289  59.913  -40.476  14.314 0.0000000000
51290  51.399  -40.185  11.567 0.0000000000
51291  51.109  -39.817  11.523 0.0000000000
51295  60.371  -40.031  14.126 0.0000000000
51296  59.529  -40.345  13.343 0.0000000000
51297  58.492  -40.581  12.267 0.0000000000
51298  57.544  -40.780  11.781 0.0000000000
51299  54.477  -41.124  11.530 0.0000000000
51300  53.811  -40.789  11.307 0.0000000000
51301  53.128  -40.447  11.117 0.0000000000
51302  51.774  -40.285  11.094 0.0000000000
51303  51.434  -40.050  11.152 0.0000000000
51304  51.129  -39.496  11.219 0.0000000000
51309  57.979  -40.268  11.558 0.0000000000
51310  57.102  -40.241  11.320 0.0000000000
51311  56.016  -40.442  11.046 0.0000000000
51312  54.751  -40.571  11.080 0.0000000000
51313  53.659  -40.250  10.887 0.0000000000
51314  52.807  -40.094  10.805 0.0000000000
51315  51.974  -40.031  10.847 0.0000000000
51316  51.437  -39.531  10.904 0.0000000000
51317  51.135  -39.070  11.018 0.0000000000
52473  51.429  -39.676  12.809 0.0000000000
52474  50.948  -39.491  12.283 0.0000000000
52482  50.850  -39.485  11.874 0.0000000000
52489  61.029  -39.651  14.440 0.0000000000
52490  50.836  -39.255  11.516 0.0000000000
52496  61.635  -39.114  14.324 0.0000000000
52497  60.597  -39.297  13.558 0.0000000000
52498  59.448  -39.777  12.473 0.0000000000
52499  58.719  -39.959  11.718 0.0000000000
52500  50.831  -38.812  11.213 0.0000000000
52506  60.145  -38.984  12.695 0.0000000000
52507  59.353  -39.167  11.863 0.0000000000
52508  58.061  -39.437  11.130 0.0000000000
52509  56.686  -39.513  10.695 0.0000000000
52510  55.375  -39.638  10.611 0.0000000000
52511  54.299  -39.740  10.633 0.0000000000
52512  53.370  -39.607  10.599 0.0000000000
52513  52.534  -39.463  10.609 0.0000000000
52514  51.857  -39.207  10.663 0.0000000000
52515  51.351  -38.747  10.784 0.0000000000
52516  50.931  -38.486  10.900 0.0000000000
52520  57.515  -38.936  10.628 0.0000000000
52521  56.895  -38.700  10.460 0.0000000000
52522  54.783  -39.083  10.516 0.0000000000
52523  54.023  -38.899  10.510 0.0000000000
52524  53.098  -38.761  10.507 0.0000000000
52525  52.329  -38.597  10.534 0.0000000000
52526  51.744  -38.369  10.599 0.0000000000
52527  51.359  -38.129  10.631 0.0000000000
53574  62.147  -38.158  13.821 0.0000000000
53575  60.865  -38.606  13.153 0.0000000000
53581  61.848  -37.593  13.226 0.0000000000
53582  60.695  -38.079  12.538 0.0000000000
53583  59.051  -38.291  11.165 0.0000000000
53584  58.120  -38.736  10.770 0.0000000000
53585  55.952  -38.832  10.412 0.0000000000
53586  55.276  -38.925  10.470 0.0000000000
53587  51.059  -38.116  10.702 0.0000000000
53596  58.755  -37.768  10.763 0.0000000000
53597  57.887  -38.076  10.532 0.0000000000
53598  56.503  -37.903  10.427 0.0000000000
53599  55.033  -37.983  10.467 0.0000000000
53600  53.702  -37.849  10.542 0.0000000000
53601  52.790  -37.778  10.506 0.0000000000
53602  52.083  -37.684  10.499 0.0000000000
53603  51.541  -37.599  10.551 0.0000000000
53604  51.152  -37.628  10.591 0.0000000000
53605  50.924  -37.709  10.651 0.0000000000
54587  62.438  -37.390  13.485 0.0000000000
54596  62.104  -36.950  12.851 0.0000000000
54597  60.309  -37.089  11.464 0.0000000000
54598  59.225  -37.565  10.970 0.0000000000
54607  59.927  -36.521  10.886 0.0000000000
54608  58.914  -37.016  10.617 0.0000000000
54609  57.368  -36.954  10.292 0.0000000000
54610  56.023  -36.825  10.296 0.0000000000
54611  55.027  -36.609  10.248 0.0000000000
54612  54.148  -36.802  10.396 0.0000000000
54613  53.202  -36.827  10.394 0.0000000000
54614  52.407  -36.795  10.402 0.0000000000
54615  51.737  -36.755  10.449 0.0000000000
54616  51.188  -36.832  10.529 0.0000000000
55672  62.874  -36.063  12.599 0.0000000000
55673  61.705  -36.270  11.998 0.0000000000
55683  63.440  -35.417  12.477 0.0000000000
55684  62.367  -35.477  11.942 0.0000000000
55685  60.909  -35.902  11.153 0.0000000000
55686  59.595  -35.965  10.522 0.0000000000
55687  58.202  -35.970  10.262 0.0000000000
55688  56.839  -35.913  9.966 0.0000000000
55689  55.542  -35.676  9.851 0.0000000000
55690  54.447  -35.789  9.997 0.0000000000
55691  53.533  -35.846  10.125 0.0000000000
55692  52.696  -35.848  10.146 0.0000000000
55693  51.943  -35.799  10.203 0.0000000000
55694  51.237  -35.740  10.197 0.0000000000
55703  54.694  -34.877  9.566 0.0000000000
55704  53.788  -34.962  9.621 0.0000000000
55705  52.935  -35.009  9.623 0.0000000000
55706  52.132  -34.954  9.663 0.0000000000
55707  51.391  -34.960  9.644 0.0000000000
56859  63.260  -34.720  11.999 0.0000000000
56860  61.878  -34.690  11.261 0.0000000000
56861  60.500  -35.105  10.488 0.0000000000
56862  59.093  -35.118  10.075 0.0000000000
56863  57.665  -35.032  9.849 0.0000000000
56864  56.403  -34.919  9.638 0.0000000000
56865  55.484  -34.721  9.489 0.0000000000
56878  61.213  -34.332  10.540 0.0000000000
56879  60.082  -34.287  10.041 0.0000000000
56880  58.570  -34.254  9.529 0.0000000000
56881  57.144  -34.231  9.201 0.0000000000
56882  55.938  -34.160  9.082 0.0000000000
56883  54.945  -34.160  8.991 0.0000000000
56884  54.022  -34.161  9.058 0.0000000000
56885  53.141  -34.232  9.049 0.0000000000
56886  52.321  -34.261  9.009 0.0000000000
56887  51.465  -34.205  8.834 0.0000000000
57956  63.131  -33.718  11.192 0.0000000000
57957  61.926  -34.006  10.884 0.0000000000
57964  62.684  -33.187  10.574 0.0000000000
57965  61.516  -33.471  10.274 0.0000000000
57966  59.630  -33.487  9.341 0.0000000000
57967  57.925  -33.364  8.706 0.0000000000
57968  56.492  -33.526  8.479 0.0000000000
57969  55.313  -33.533  8.346 0.0000000000
57970  54.277  -33.508  8.350 0.0000000000
57971  53.335  -33.568  8.365 0.0000000000
57972  52.502  -33.686  8.340 0.0000000000
57973  51.782  -33.776  8.265 0.0000000000
57974  51.322  -33.828  8.118 0.0000000000
57983  57.694  -32.874  8.194 0.0000000000
57984  57.010  -32.935  7.974 0.0000000000
57985  55.732  -32.873  7.557 0.0000000000
57986  54.564  -32.956  7.516 0.0000000000
57987  53.527  -33.097  7.457 0.0000000000
57988  52.623  -33.330  7.468 0.0000000000
57989  51.886  -33.488  7.517 0.0000000000
58001  55.489  -32.592  6.924 0.0000000000
58002  54.911  -32.640  6.741 0.0000000000
58003  53.726  -32.726  6.264 0.0000000000
58004  52.753  -33.159  6.436 0.0000000000
58014  53.360  -32.934  5.045 0.0000000000
58015  52.806  -33.225  5.389 0.0000000000
58023  53.450  -33.223  4.028 0.0000000000
58031  53.677  -33.475  2.839 0.0000000000
58935  64.047  -32.932  10.769 0.0000000000
58936  63.199  -33.078  10.676 0.0000000000
58943  64.483  -32.155  10.105 0.0000000000
58944  62.740  -32.520  10.054 0.0000000000
58945  60.688  -32.597  9.061 0.0000000000
58946  58.968  -32.903  8.498 0.0000000000
58947  58.085  -32.901  8.274 0.0000000000
58955  60.467  -32.214  8.381 0.0000000000
58956  59.592  -32.363  8.095 0.0000000000
58957  57.904  -32.552  7.565 0.0000000000
58958  56.461  -32.592  7.141 0.0000000000
58959  55.797  -32.585  7.004 0.0000000000
58969  57.652  -32.314  6.748 0.0000000000
58970  56.882  -32.269  6.313 0.0000000000
58971  55.585  -32.399  6.277 0.0000000000
58972  54.461  -32.501  5.783 0.0000000000
58973  53.848  -32.612  5.497 0.0000000000
58983  56.687  -32.051  5.591 0.0000000000
58984  55.980  -32.034  5.163 0.0000000000
58985  54.836  -32.245  4.999 0.0000000000
58986  53.979  -32.601  4.871 0.0000000000
58996  55.815  -31.887  4.339 0.0000000000
58997  55.153  -32.173  3.906 0.0000000000
58998  54.235  -32.729  3.934 0.0000000000
59004  55.009  -32.519  2.683 0.0000000000
59005  54.429  -32.739  3.054 0.0000000000
59011  54.944  -32.803  1.654 0.0000000000
59012  54.382  -33.196  2.091 0.0000000000
59022  54.884  -32.875  1.065 0.0000000000
59023  54.293  -33.333  0.834 0.0000000000
59913  65.008  -31.363  9.353 0.0000000000
59914  63.425  -31.441  9.251 0.0000000000
59915  61.748  -31.860  8.967 0.0000000000
59916  60.905  -32.120  8.553 0.0000000000
59924  62.992  -30.994  8.707 0.0000000000
59925  62.195  -31.286  8.538 0.0000000000
59926  60.702  -31.709  7.812 0.0000000000
59927  58.928  -32.260  7.094 0.0000000000
59928  58.058  -32.309  6.908 0.0000000000
59935  60.575  -31.223  6.507 0.0000000000
59936  59.315  -31.748  6.314 0.0000000000
59937  57.858  -32.082  6.162 0.0000000000
59938  57.063  -32.081  5.780 0.0000000000
59945  60.571  -30.936  5.918 0.0000000000
59946  59.604  -31.161  5.317 0.0000000000
59947  58.188  -31.590  5.160 0.0000000000
59948  56.886  -31.820  5.079 0.0000000000
59949  56.205  -31.859  4.660 0.0000000000
59959  59.204  -30.848  4.569 0.0000000000
59960  58.346  -31.075  4.104 0.0000000000
59961  57.167  -31.439  4.062 0.0000000000
59962  56.212  -31.733  4.059 0.0000000000
59963  55.686  -31.916  3.901 0.0000000000
59978  58.008  -31.012  3.282 0.0000000000
59979  57.320  -31.334  2.825 0.0000000000
59980  56.358  -31.769  3.048 0.0000000000
59981  55.680  -32.090  3.303 0.0000000000
59993  56.977  -31.514  1.511 0.0000000000
59994  56.306  -31.877  1.914 0.0000000000
59995  55.636  -32.304  2.266 0.0000000000
60006  56.863  -31.561  0.567 0.0000000000
60007  56.242  -31.873  0.856 0.0000000000
60008  55.427  -32.439  1.080 0.0000000000
60009  54.866  -32.843  0.760 0.0000000000
60021  56.827  -31.567  -0.069 0.0000000000
60022  56.387  -31.845  0.048 0.0000000000
60023  55.738  -32.213  0.096 0.0000000000
60024  54.860  -32.661  0.110 0.0000000000
60031  56.526  -31.642  -0.440 0.0000000000
60032  56.040  -31.880  -0.550 0.0000000000
60033  55.263  -32.074  -0.768 0.0000000000
60034  54.354  -32.501  -0.861 0.0000000000
60042  54.625  -31.802  -1.429 0.0000000000
60043  53.963  -32.099  -1.496 0.0000000000
60054  54.176  -31.575  -1.851 0.0000000000
60055  53.588  -31.706  -2.050 0.0000000000
60076  53.218  -31.615  -2.375 0.0000000000
60077  52.814  -31.678  -2.596 0.0000000000
60956  64.689  -30.959  8.967 0.0000000000
60957  64.301  -31.141  9.045 0.0000000000
60962  65.210  -30.694  8.681 0.0000000000
60963  63.866  -30.762  8.557 0.0000000000
60964  62.557  -30.799  8.193 0.0000000000
60965  61.808  -31.218  7.993 0.0000000000
60970  64.652  -29.993  7.991 0.0000000000
60971  62.981  -30.114  7.497 0.0000000000
60972  61.723  -30.993  7.375 0.0000000000
60977  62.501  -29.977  6.671 0.0000000000
60978  61.547  -30.499  6.382 0.0000000000
60979  60.608  -30.706  5.515 0.0000000000
60991  62.244  -29.815  6.107 0.0000000000
60992  61.312  -30.119  5.412 0.0000000000
60993  60.045  -30.621  4.630 0.0000000000
60994  59.062  -30.692  4.126 0.0000000000
61011  59.468  -30.456  3.837 0.0000000000
61012  58.568  -30.693  3.397 0.0000000000
61013  57.961  -30.965  2.795 0.0000000000
61028  59.195  -30.359  3.047 0.0000000000
61029  58.398  -30.712  2.476 0.0000000000
61030  57.707  -31.114  2.012 0.0000000000
61042  58.983  -30.374  2.098 0.0000000000
61043  58.185  -30.768  1.539 0.0000000000
61044  57.515  -31.219  1.028 0.0000000000
61057  58.675  -30.361  1.200 0.0000000000
61058  58.040  -30.766  0.520 0.0000000000
61059  57.332  -31.281  0.165 0.0000000000
61069  57.692  -30.915  -0.316 0.0000000000
61070  57.004  -31.281  -0.595 0.0000000000
61071  56.382  -31.501  -0.970 0.0000000000
61072  55.823  -31.677  -1.096 0.0000000000
61078  57.469  -30.836  -1.023 0.0000000000
61079  56.802  -30.972  -1.371 0.0000000000
61080  55.998  -31.189  -1.579 0.0000000000
61081  55.315  -31.498  -1.500 0.0000000000
61090  55.439  -30.993  -1.943 0.0000000000
61091  54.725  -31.124  -2.083 0.0000000000
61092  54.021  -31.248  -2.234 0.0000000000
61101  54.188  -30.837  -2.518 0.0000000000
61102  53.445  -31.077  -2.712 0.0000000000
61103  52.629  -31.305  -3.161 0.0000000000
61125  53.040  -30.797  -3.345 0.0000000000
61126  52.467  -30.924  -3.856 0.0000000000
62110  64.183  -29.555  7.235 0.0000000000
62127  63.205  -29.492  6.622 0.0000000000
62145  62.619  -28.939  5.372 0.0000000000
62146  60.860  -29.956  4.487 0.0000000000
62147  60.113  -30.328  4.130 0.0000000000
62164  61.932  -28.473  3.894 0.0000000000
62165  61.017  -29.401  3.799 0.0000000000
62166  60.100  -30.108  3.655 0.0000000000
62184  61.620  -28.244  3.213 0.0000000000
62185  60.735  -28.852  2.632 0.0000000000
62186  59.875  -29.804  2.814 0.0000000000
62203  59.926  -29.080  1.101 0.0000000000
62204  59.480  -29.780  1.666 0.0000000000
62217  59.574  -29.244  -0.135 0.0000000000
62218  58.879  -30.075  0.267 0.0000000000
62219  58.184  -30.603  -0.097 0.0000000000
62232  59.484  -29.216  -0.761 0.0000000000
62233  58.841  -29.668  -1.013 0.0000000000
62234  58.153  -30.479  -0.735 0.0000000000
62242  58.308  -29.472  -1.625 0.0000000000
62243  57.529  -30.106  -1.855 0.0000000000
62244  56.358  -30.666  -2.045 0.0000000000
62245  55.790  -30.804  -2.026 0.0000000000
62254  56.988  -29.762  -2.637 0.0000000000
62255  56.504  -30.179  -2.616 0.0000000000
62256  55.390  -30.397  -2.574 0.0000000000
62257  54.614  -30.626  -2.553 0.0000000000
62266  54.894  -29.964  -3.115 0.0000000000
62267  54.187  -30.295  -3.175 0.0000000000
62268  53.463  -30.559  -3.233 0.0000000000
62282  53.850  -30.017  -3.719 0.0000000000
62283  53.252  -30.244  -3.839 0.0000000000
62284  52.348  -30.532  -4.709 0.0000000000
62304  52.098  -30.353  -5.247 0.0000000000
63359  62.390  -27.633  3.554 0.0000000000
63360  61.499  -27.934  2.754 0.0000000000
63378  61.309  -27.378  1.549 0.0000000000
63379  60.930  -27.964  1.783 0.0000000000
63396  60.918  -27.654  0.916 0.0000000000
63397  60.306  -28.473  0.486 0.0000000000
63418  60.559  -27.980  0.121 0.0000000000
63419  59.992  -28.577  -0.563 0.0000000000
63420  59.422  -29.053  -1.099 0.0000000000
63430  59.646  -28.518  -1.224 0.0000000000
63431  58.915  -28.823  -1.647 0.0000000000
63432  58.031  -29.159  -2.006 0.0000000000
63440  58.293  -28.517  -2.276 0.0000000000
63441  57.368  -28.863  -2.791 0.0000000000
63442  56.478  -29.590  -3.107 0.0000000000
63443  55.984  -29.977  -2.968 0.0000000000
63448  57.130  -28.336  -3.505 0.0000000000
63449  56.424  -28.681  -3.818 0.0000000000
63450  55.416  -29.572  -3.473 0.0000000000
63451  54.655  -29.839  -3.474 0.0000000000
63458  56.118  -28.394  -4.531 0.0000000000
63459  55.376  -28.751  -4.714 0.0000000000
63460  54.128  -29.591  -4.190 0.0000000000
63461  52.952  -29.966  -4.921 0.0000000000
63462  52.404  -30.177  -5.219 0.0000000000
63475  55.049  -28.633  -5.586 0.0000000000
63476  54.415  -28.988  -5.437 0.0000000000
63477  53.459  -29.429  -5.488 0.0000000000
63478  52.455  -29.752  -5.705 0.0000000000
63496  52.540  -29.297  -6.135 0.0000000000
64671  62.065  -27.376  2.846 0.0000000000
64690  61.923  -26.950  2.237 0.0000000000
64691  61.573  -27.567  2.403 0.0000000000
64703  61.534  -26.853  1.320 0.0000000000
64719  61.071  -27.107  0.361 0.0000000000
64720  60.504  -27.740  -0.337 0.0000000000
64729  60.777  -27.041  -0.355 0.0000000000
64730  60.204  -27.652  -1.015 0.0000000000
64731  59.557  -28.067  -1.557 0.0000000000
64741  59.852  -27.386  -1.580 0.0000000000
64742  59.004  -27.565  -2.068 0.0000000000
64743  58.141  -27.944  -2.686 0.0000000000
64751  58.470  -27.037  -2.791 0.0000000000
64752  57.677  -27.611  -3.401 0.0000000000
64753  57.039  -28.020  -3.901 0.0000000000
64760  57.312  -27.446  -4.118 0.0000000000
64761  56.640  -27.842  -4.560 0.0000000000
64762  55.996  -28.178  -4.983 0.0000000000
64770  56.313  -27.789  -5.327 0.0000000000
64771  55.669  -28.163  -5.892 0.0000000000
64772  54.750  -28.630  -6.232 0.0000000000
64773  53.853  -29.030  -6.267 0.0000000000
64774  53.180  -29.308  -6.104 0.0000000000
64788  55.671  -27.918  -6.621 0.0000000000
64789  55.179  -28.182  -6.751 0.0000000000
64790  54.258  -28.439  -7.093 0.0000000000
64791  53.132  -29.003  -6.599 0.0000000000
64792  52.545  -29.075  -6.332 0.0000000000
64806  54.069  -28.126  -7.614 0.0000000000
64807  53.574  -28.310  -7.368 0.0000000000
64808  52.982  -28.578  -6.947 0.0000000000
65919  62.394  -26.036  1.829 0.0000000000
65930  61.851  -25.978  1.025 0.0000000000
65941  61.425  -26.101  0.140 0.0000000000
65949  60.871  -26.345  -0.751 0.0000000000
65950  60.316  -26.873  -1.315 0.0000000000
65958  60.594  -26.252  -1.274 0.0000000000
65959  60.124  -26.441  -1.792 0.0000000000
65960  59.298  -26.323  -2.429 0.0000000000
65971  58.825  -26.143  -2.947 0.0000000000
65972  58.316  -26.679  -3.376 0.0000000000
65979  58.643  -25.904  -3.502 0.0000000000
65980  57.972  -26.510  -4.064 0.0000000000
65981  57.276  -27.105  -4.597 0.0000000000
65989  57.567  -26.423  -4.866 0.0000000000
65990  56.921  -27.148  -5.319 0.0000000000
65991  56.405  -27.534  -5.917 0.0000000000
66003  57.423  -26.336  -5.616 0.0000000000
66004  56.861  -26.770  -6.275 0.0000000000
66005  56.189  -27.523  -6.668 0.0000000000
66006  55.630  -27.730  -7.108 0.0000000000
66007  55.008  -27.897  -7.279 0.0000000000
66022  56.607  -26.840  -7.029 0.0000000000
66023  56.160  -27.146  -7.494 0.0000000000
66024  55.444  -27.478  -7.666 0.0000000000
66025  54.626  -27.701  -7.698 0.0000000000
66026  53.956  -27.808  -7.838 0.0000000000
66027  53.358  -27.965  -7.616 0.0000000000
66028  52.842  -28.251  -6.903 0.0000000000
66041  55.874  -27.055  -8.003 0.0000000000
66042  55.320  -27.152  -8.186 0.0000000000
66043  54.565  -27.244  -8.185 0.0000000000
66044  53.944  -27.388  -8.028 0.0000000000
66045  53.599  -27.548  -7.815 0.0000000000
67126  61.820  -25.091  -0.116 0.0000000000
67137  61.186  -25.169  -1.148 0.0000000000
67138  60.352  -25.057  -2.278 0.0000000000
67139  59.405  -25.714  -2.694 0.0000000000
67153  60.151  -24.328  -2.975 0.0000000000
67154  59.355  -25.332  -3.084 0.0000000000
67162  60.323  -23.757  -3.449 0.0000000000
67163  59.057  -24.901  -4.035 0.0000000000
67164  58.133  -25.874  -4.530 0.0000000000
67172  58.862  -24.722  -5.373 0.0000000000
67173  58.080  -25.631  -5.135 0.0000000000
67185  58.737  -24.656  -6.085 0.0000000000
67186  57.810  -25.569  -6.428 0.0000000000
67187  56.963  -26.318  -6.845 0.0000000000
67188  52.654  -27.542  -5.368 0.0000000000
67202  57.587  -25.439  -7.290 0.0000000000
67203  56.818  -26.066  -7.604 0.0000000000
67204  56.230  -26.742  -7.936 0.0000000000
67205  53.171  -27.792  -7.480 0.0000000000
67206  52.895  -27.776  -6.622 0.0000000000
67221  56.628  -25.838  -8.329 0.0000000000
67222  56.090  -26.471  -8.418 0.0000000000
67223  55.240  -26.640  -8.588 0.0000000000
67224  54.548  -26.764  -8.410 0.0000000000
67225  54.023  -27.003  -8.074 0.0000000000
67226  53.569  -27.341  -7.671 0.0000000000
67227  53.192  -27.562  -7.372 0.0000000000
68292  62.247  -23.094  -1.494 0.0000000000
68293  60.863  -23.820  -2.272 0.0000000000
68307  62.103  -22.322  -2.462 0.0000000000
68308  61.027  -23.186  -2.633 0.0000000000
68318  62.231  -21.828  -2.974 0.0000000000
68319  61.114  -22.557  -3.604 0.0000000000
68320  60.132  -23.759  -3.930 0.0000000000
68327  60.828  -22.561  -4.874 0.0000000000
68328  59.998  -23.760  -4.645 0.0000000000
68329  52.463  -26.642  -4.295 0.0000000000
68340  60.846  -22.577  -5.664 0.0000000000
68341  59.790  -23.718  -5.953 0.0000000000
68342  58.694  -24.552  -6.537 0.0000000000
68343  52.934  -27.098  -4.935 0.0000000000
68357  59.136  -23.952  -6.893 0.0000000000
68358  58.239  -24.778  -7.240 0.0000000000
68359  57.571  -25.199  -7.738 0.0000000000
68360  53.986  -26.662  -7.058 0.0000000000
68361  53.582  -27.054  -6.310 0.0000000000
68376  58.800  -23.927  -7.542 0.0000000000
68377  58.064  -24.368  -7.931 0.0000000000
68378  57.209  -25.107  -8.366 0.0000000000
68379  56.485  -25.560  -8.696 0.0000000000
68380  55.834  -25.897  -8.903 0.0000000000
68381  55.137  -26.093  -8.880 0.0000000000
68382  54.546  -26.267  -8.530 0.0000000000
68383  54.045  -26.496  -7.750 0.0000000000
68384  53.408  -27.290  -7.249 0.0000000000
68398  56.902  -24.821  -8.806 0.0000000000
68399  56.414  -24.970  -9.032 0.0000000000
68400  55.732  -25.266  -9.129 0.0000000000
68401  55.089  -25.509  -8.989 0.0000000000
68402  54.630  -25.691  -8.593 0.0000000000
68403  54.459  -25.683  -8.295 0.0000000000
69600  62.707  -21.293  -3.624 0.0000000000
69601  61.577  -21.852  -4.289 0.0000000000
69610  63.515  -20.919  -4.687 0.0000000000
69611  61.965  -21.567  -5.189 0.0000000000
69612  53.748  -25.865  -4.394 0.0000000000
69613  52.280  -25.880  -3.912 0.0000000000
69614  50.530  -25.360  -4.193 0.0000000000
69621  60.886  -22.481  -6.589 0.0000000000
69622  59.869  -23.400  -6.703 0.0000000000
69623  54.316  -26.230  -5.614 0.0000000000
69624  53.452  -26.637  -4.892 0.0000000000
69625  49.934  -24.804  -4.620 0.0000000000
69637  60.606  -22.455  -7.831 0.0000000000
69638  59.733  -23.302  -7.330 0.0000000000
69639  54.294  -26.235  -6.939 0.0000000000
69640  53.980  -26.641  -5.917 0.0000000000
69653  60.427  -22.340  -8.783 0.0000000000
69654  59.200  -23.346  -8.316 0.0000000000
69655  57.832  -23.985  -8.517 0.0000000000
69656  57.291  -24.467  -8.724 0.0000000000
69657  54.416  -25.632  -7.981 0.0000000000
69671  60.357  -22.211  -9.338 0.0000000000
69672  59.640  -22.685  -9.215 0.0000000000
69673  58.591  -23.317  -9.142 0.0000000000
69674  57.347  -23.849  -9.143 0.0000000000
69675  56.482  -24.191  -9.294 0.0000000000
69676  55.685  -24.663  -9.210 0.0000000000
69677  55.124  -24.973  -8.954 0.0000000000
69678  54.744  -25.235  -8.583 0.0000000000
69679  54.565  -25.421  -8.336 0.0000000000
69687  57.333  -23.470  -9.476 0.0000000000
69688  57.026  -23.727  -9.397 0.0000000000
70810  54.699  -24.417  -3.876 0.0000000000
70811  54.347  -24.537  -3.841 0.0000000000
70829  63.337  -20.985  -5.583 0.0000000000
70830  54.827  -24.689  -4.112 0.0000000000
70831  54.213  -25.085  -4.084 0.0000000000
70832  52.867  -25.016  -3.696 0.0000000000
70833  51.472  -24.802  -3.847 0.0000000000
70842  62.642  -21.428  -6.443 0.0000000000
70843  55.032  -25.052  -4.596 0.0000000000
70844  54.826  -25.557  -5.224 0.0000000000
70845  50.394  -24.420  -4.478 0.0000000000
70846  49.571  -24.393  -5.039 0.0000000000
70859  62.117  -21.761  -7.526 0.0000000000
70860  54.878  -25.648  -6.577 0.0000000000
70861  49.836  -23.882  -5.030 0.0000000000
70875  63.421  -21.537  -8.335 0.0000000000
70876  61.783  -21.864  -8.541 0.0000000000
70877  55.125  -24.606  -8.234 0.0000000000
70878  54.843  -25.047  -7.832 0.0000000000
70892  63.085  -21.586  -9.339 0.0000000000
70893  61.328  -21.794  -9.553 0.0000000000
70894  60.196  -22.147  -9.843 0.0000000000
70895  59.242  -22.678  -9.821 0.0000000000
70896  58.382  -23.066  -9.669 0.0000000000
70897  56.615  -23.803  -9.422 0.0000000000
70898  56.353  -23.831  -9.381 0.0000000000
70899  55.726  -24.145  -9.170 0.0000000000
70900  55.219  -24.513  -8.645 0.0000000000
70901  54.690  -25.148  -8.333 0.0000000000
70906  64.494  -21.394  -10.057 0.0000000000
70907  62.826  -21.526  -10.577 0.0000000000
70908  61.095  -21.832  -10.604 0.0000000000
70909  59.923  -22.250  -10.591 0.0000000000
70910  58.968  -22.579  -10.377 0.0000000000
70911  57.977  -23.013  -9.917 0.0000000000
70912  57.102  -23.372  -9.580 0.0000000000
70913  56.827  -23.235  -9.576 0.0000000000
70918  64.620  -21.285  -11.197 0.0000000000
70919  63.352  -21.406  -11.745 0.0000000000
70928  64.393  -21.337  -12.019 0.0000000000
70929  63.785  -21.434  -12.504 0.0000000000
71913  55.482  -24.084  -3.989 0.0000000000
71914  55.149  -24.225  -3.924 0.0000000000
71915  54.419  -24.091  -3.701 0.0000000000
71933  55.693  -24.171  -4.177 0.0000000000
71934  55.423  -24.607  -4.479 0.0000000000
71935  53.500  -24.212  -3.607 0.0000000000
71936  51.989  -23.970  -3.584 0.0000000000
71937  51.104  -24.078  -4.188 0.0000000000
71950  56.028  -24.321  -4.841 0.0000000000
71951  55.608  -24.894  -5.389 0.0000000000
71952  55.407  -25.262  -6.254 0.0000000000
71953  51.164  -23.443  -4.311 0.0000000000
71954  50.478  -23.690  -4.725 0.0000000000
71964  56.228  -24.387  -5.721 0.0000000000
71965  55.940  -24.596  -6.692 0.0000000000
71966  55.265  -24.962  -7.266 0.0000000000
71967  50.596  -23.121  -4.924 0.0000000000
71979  55.523  -24.280  -8.031 0.0000000000
71980  55.124  -24.743  -7.786 0.0000000000
71993  56.362  -23.418  -9.399 0.0000000000
71994  55.952  -23.469  -9.179 0.0000000000
71995  55.689  -23.680  -8.794 0.0000000000
72000  61.956  -21.725  -11.617 0.0000000000
72001  60.680  -22.009  -11.484 0.0000000000
72002  59.686  -22.155  -11.217 0.0000000000
72003  58.886  -22.256  -10.908 0.0000000000
72004  58.041  -22.557  -10.311 0.0000000000
72005  57.458  -22.708  -9.934 0.0000000000
72006  56.973  -22.859  -9.668 0.0000000000
72007  56.533  -22.990  -9.490 0.0000000000
72012  65.119  -21.275  -11.896 0.0000000000
72013  62.679  -21.602  -12.526 0.0000000000
72014  61.428  -21.811  -12.514 0.0000000000
72015  60.337  -21.917  -12.051 0.0000000000
72016  59.654  -21.919  -11.694 0.0000000000
72027  65.114  -21.211  -12.681 0.0000000000
72028  63.538  -21.434  -13.286 0.0000000000
72029  62.341  -21.628  -13.206 0.0000000000
72045  64.747  -21.142  -13.549 0.0000000000
72976  55.561  -23.820  -3.854 0.0000000000
72977  54.870  -23.582  -3.536 0.0000000000
72978  53.870  -23.423  -3.490 0.0000000000
72999  56.514  -23.421  -4.224 0.0000000000
73000  56.263  -23.681  -4.179 0.0000000000
73001  52.700  -23.159  -3.596 0.0000000000
73002  51.742  -23.139  -3.893 0.0000000000
73015  56.655  -23.464  -4.534 0.0000000000
73016  56.587  -23.801  -5.265 0.0000000000
73017  51.936  -22.563  -4.054 0.0000000000
73018  51.187  -22.684  -4.623 0.0000000000
73029  56.552  -23.898  -6.440 0.0000000000
73030  56.302  -23.723  -7.497 0.0000000000
73031  50.350  -22.622  -5.412 0.0000000000
73042  56.060  -23.481  -8.160 0.0000000000
73051  56.137  -23.000  -9.067 0.0000000000
73052  55.971  -23.297  -8.639 0.0000000000
73055  58.652  -22.012  -11.019 0.0000000000
73056  58.160  -22.019  -10.689 0.0000000000
73057  57.520  -22.234  -10.133 0.0000000000
73058  57.104  -22.485  -9.651 0.0000000000
73059  56.568  -22.768  -9.363 0.0000000000
73062  60.775  -21.672  -12.775 0.0000000000
73063  60.100  -21.637  -12.411 0.0000000000
73064  59.377  -21.599  -11.873 0.0000000000
73065  58.818  -21.628  -11.365 0.0000000000
73073  62.730  -21.515  -13.761 0.0000000000
73074  61.634  -21.460  -13.566 0.0000000000
73075  60.610  -21.335  -13.226 0.0000000000
73076  60.015  -21.246  -12.804 0.0000000000
73088  65.411  -20.808  -13.879 0.0000000000
73089  63.846  -21.150  -14.077 0.0000000000
73090  62.595  -21.272  -14.157 0.0000000000
73106  65.066  -20.626  -14.143 0.0000000000
74018  46.528  -21.843  -3.189 0.0000000000
74026  46.655  -22.018  -3.314 0.0000000000
74038  56.289  -22.734  -3.607 0.0000000000
74039  55.757  -23.000  -3.567 0.0000000000
74040  54.260  -22.605  -3.320 0.0000000000
74041  53.355  -22.702  -3.510 0.0000000000
74042  46.813  -22.213  -3.466 0.0000000000
74060  56.609  -23.111  -3.980 0.0000000000
74061  56.234  -23.284  -3.875 0.0000000000
74062  53.306  -22.071  -3.564 0.0000000000
74063  52.546  -22.163  -3.919 0.0000000000
74072  57.160  -23.189  -5.116 0.0000000000
74073  56.977  -23.444  -6.077 0.0000000000
74074  51.665  -22.033  -4.526 0.0000000000
74075  50.880  -22.103  -5.082 0.0000000000
74083  57.342  -22.959  -6.249 0.0000000000
74084  56.886  -23.056  -7.291 0.0000000000
74085  56.512  -23.305  -7.598 0.0000000000
74097  56.681  -22.686  -8.265 0.0000000000
74098  56.409  -23.185  -7.903 0.0000000000
74109  56.978  -22.145  -9.282 0.0000000000
74110  56.539  -22.518  -8.905 0.0000000000
74111  56.260  -22.993  -8.416 0.0000000000
74114  58.064  -21.509  -10.639 0.0000000000
74115  57.514  -21.745  -10.092 0.0000000000
74116  57.121  -22.123  -9.553 0.0000000000
74117  56.648  -22.514  -9.231 0.0000000000
74119  59.219  -21.074  -11.976 0.0000000000
74120  58.653  -21.289  -11.279 0.0000000000
74127  61.057  -21.031  -13.943 0.0000000000
74128  60.408  -20.750  -13.622 0.0000000000
74129  59.742  -20.862  -12.782 0.0000000000
74141  63.082  -20.970  -14.462 0.0000000000
74142  62.009  -20.822  -14.440 0.0000000000
74143  61.086  -20.565  -14.297 0.0000000000
74157  64.277  -20.588  -14.427 0.0000000000
74158  63.089  -20.582  -14.636 0.0000000000
75045  46.712  -21.765  -3.144 0.0000000000
75046  46.447  -21.595  -3.012 0.0000000000
75055  46.898  -21.909  -3.244 0.0000000000
75067  56.941  -21.332  -3.346 0.0000000000
75068  56.406  -22.005  -3.376 0.0000000000
75069  54.918  -21.725  -3.166 0.0000000000
75070  53.557  -21.375  -3.396 0.0000000000
75071  52.688  -20.972  -3.838 0.0000000000
75072  47.198  -22.120  -3.396 0.0000000000
75089  57.498  -21.660  -3.845 0.0000000000
75090  57.432  -22.516  -4.334 0.0000000000
75091  52.807  -21.547  -3.827 0.0000000000
75092  52.091  -21.402  -4.264 0.0000000000
75103  58.033  -21.904  -4.767 0.0000000000
75104  57.845  -22.430  -5.702 0.0000000000
75105  51.324  -21.690  -4.722 0.0000000000
75106  50.659  -21.771  -5.074 0.0000000000
75116  57.607  -22.459  -6.993 0.0000000000
75117  57.303  -22.508  -7.557 0.0000000000
75129  57.516  -22.172  -7.721 0.0000000000
75130  57.195  -22.335  -8.105 0.0000000000
75141  57.617  -21.070  -9.522 0.0000000000
75142  57.246  -21.695  -9.236 0.0000000000
75143  57.037  -22.108  -8.717 0.0000000000
75150  58.042  -20.946  -10.489 0.0000000000
75151  57.558  -21.245  -9.847 0.0000000000
75152  57.237  -21.809  -9.496 0.0000000000
75155  59.132  -20.586  -11.814 0.0000000000
75156  58.570  -20.753  -11.119 0.0000000000
75160  60.044  -20.198  -13.509 0.0000000000
75161  59.579  -20.363  -12.660 0.0000000000
75171  61.657  -20.174  -14.611 0.0000000000
75172  60.771  -20.116  -14.256 0.0000000000
75184  63.956  -20.191  -14.570 0.0000000000
75185  62.595  -20.190  -14.682 0.0000000000
76069  46.895  -21.706  -3.108 0.0000000000
76070  46.745  -21.550  -2.986 0.0000000000
76077  47.014  -21.533  -2.974 0.0000000000
76078  46.596  -21.132  -2.798 0.0000000000
76079  46.001  -20.762  -2.823 0.0000000000
76089  57.322  -20.781  -3.496 0.0000000000
76090  56.401  -20.723  -2.977 0.0000000000
76091  55.284  -20.676  -2.828 0.0000000000
76092  54.038  -20.469  -2.993 0.0000000000
76093  52.958  -20.287  -3.444 0.0000000000
76094  49.099  -19.662  -2.437 0.0000000000
76095  48.522  -20.127  -2.466 0.0000000000
76096  47.486  -21.025  -2.676 0.0000000000
76097  46.291  -20.247  -2.745 0.0000000000
76111  58.466  -20.691  -4.655 0.0000000000
76112  58.214  -21.050  -4.427 0.0000000000
76113  52.037  -20.537  -3.716 0.0000000000
76114  51.166  -20.568  -3.593 0.0000000000
76115  50.412  -20.653  -3.365 0.0000000000
76116  49.534  -20.587  -2.939 0.0000000000
76117  48.735  -21.456  -3.323 0.0000000000
76127  58.625  -20.863  -5.073 0.0000000000
76128  58.500  -21.481  -5.784 0.0000000000
76129  58.127  -21.967  -6.644 0.0000000000
76130  51.357  -21.229  -4.352 0.0000000000
76131  50.703  -21.254  -4.338 0.0000000000
76132  50.053  -21.420  -4.068 0.0000000000
76144  58.427  -21.416  -7.103 0.0000000000
76145  57.889  -21.815  -7.497 0.0000000000
76150  58.162  -21.223  -8.071 0.0000000000
76151  57.574  -21.734  -8.289 0.0000000000
76152  57.241  -21.946  -8.579 0.0000000000
76160  57.765  -20.993  -9.006 0.0000000000
76161  57.312  -21.707  -8.807 0.0000000000
76162  57.145  -21.891  -8.790 0.0000000000
76172  58.069  -20.409  -10.293 0.0000000000
76173  57.894  -20.376  -9.804 0.0000000000
76183  59.065  -20.121  -11.544 0.0000000000
76184  58.600  -20.085  -10.906 0.0000000000
76190  59.850  -19.773  -13.225 0.0000000000
76191  59.517  -19.792  -12.378 0.0000000000
76205  62.639  -19.585  -14.446 0.0000000000
76206  61.829  -19.681  -14.434 0.0000000000
76207  60.531  -19.598  -13.833 0.0000000000
76223  65.405  -19.878  -14.348 0.0000000000
76224  63.336  -19.802  -14.480 0.0000000000
76225  62.237  -19.919  -14.707 0.0000000000
77186  55.095  -18.813  -2.230 0.0000000000
77187  54.630  -18.771  -2.287 0.0000000000
77188  53.746  -18.659  -2.389 0.0000000000
77189  51.572  -18.333  -2.405 0.0000000000
77190  51.323  -18.341  -2.420 0.0000000000
77200  58.327  -19.929  -4.116 0.0000000000
77201  57.919  -20.104  -3.827 0.0000000000
77202  56.728  -19.863  -2.947 0.0000000000
77203  55.457  -19.377  -2.556 0.0000000000
77204  54.359  -19.519  -2.623 0.0000000000
77205  53.016  -19.200  -2.685 0.0000000000
77206  51.785  -18.745  -2.529 0.0000000000
77207  50.859  -18.832  -2.462 0.0000000000
77208  49.763  -19.226  -2.299 0.0000000000
77209  48.647  -18.907  -2.332 0.0000000000
77210  47.642  -19.106  -2.428 0.0000000000
77211  46.569  -19.127  -2.846 0.0000000000
77222  58.599  -20.285  -4.638 0.0000000000
77223  58.336  -20.536  -4.401 0.0000000000
77224  52.261  -19.663  -3.069 0.0000000000
77225  51.491  -19.736  -2.915 0.0000000000
77226  50.690  -19.885  -2.746 0.0000000000
77227  50.127  -20.140  -2.661 0.0000000000
77237  58.995  -20.692  -5.865 0.0000000000
77238  58.828  -21.031  -6.699 0.0000000000
77250  59.131  -20.606  -6.948 0.0000000000
77251  58.735  -20.749  -7.665 0.0000000000
77262  58.381  -20.496  -8.552 0.0000000000
77271  58.419  -19.540  -9.797 0.0000000000
77272  58.275  -19.906  -9.457 0.0000000000
77281  59.096  -19.361  -10.825 0.0000000000
77282  58.582  -19.636  -10.308 0.0000000000
77283  58.121  -19.885  -9.897 0.0000000000
77291  61.322  -18.713  -12.634 0.0000000000
77292  60.723  -18.757  -12.450 0.0000000000
77293  59.456  -19.364  -11.544 0.0000000000
77294  58.854  -19.679  -10.923 0.0000000000
77297  62.973  -19.099  -13.441 0.0000000000
77298  61.813  -18.908  -13.100 0.0000000000
77299  60.263  -19.254  -13.052 0.0000000000
77300  59.703  -19.386  -12.393 0.0000000000
77311  65.126  -19.531  -13.897 0.0000000000
77312  63.100  -19.360  -14.023 0.0000000000
77313  61.236  -19.286  -13.809 0.0000000000
77314  60.602  -19.363  -13.616 0.0000000000
77335  65.283  -19.720  -14.172 0.0000000000
77336  64.144  -19.586  -14.278 0.0000000000
78335  59.133  -18.219  -2.740 0.0000000000
78336  58.669  -18.294  -2.651 0.0000000000
78337  57.627  -18.308  -2.297 0.0000000000
78338  56.379  -18.150  -2.119 0.0000000000
78339  55.211  -18.340  -1.994 0.0000000000
78340  53.970  -17.892  -2.133 0.0000000000
78341  52.785  -17.914  -2.258 0.0000000000
78342  51.647  -17.948  -2.320 0.0000000000
78343  50.829  -17.912  -2.441 0.0000000000
78356  60.016  -18.716  -3.863 0.0000000000
78357  59.494  -18.616  -3.454 0.0000000000
78358  58.583  -19.480  -3.677 0.0000000000
78359  57.222  -19.220  -2.734 0.0000000000
78360  56.058  -18.979  -2.424 0.0000000000
78361  55.553  -18.890  -2.320 0.0000000000
78362  52.202  -18.422  -2.406 0.0000000000
78363  51.862  -18.363  -2.390 0.0000000000
78364  50.084  -17.950  -2.461 0.0000000000
78365  49.054  -17.827  -2.523 0.0000000000
78366  47.974  -17.776  -2.949 0.0000000000
78367  47.135  -18.113  -3.393 0.0000000000
78381  62.347  -18.416  -5.187 0.0000000000
78382  60.173  -18.979  -4.585 0.0000000000
78383  59.614  -19.428  -4.876 0.0000000000
78384  59.235  -19.982  -5.363 0.0000000000
78400  62.893  -18.523  -6.310 0.0000000000
78401  60.033  -19.223  -5.731 0.0000000000
78402  59.715  -19.551  -6.530 0.0000000000
78403  59.346  -20.196  -6.524 0.0000000000
78419  59.560  -19.233  -7.993 0.0000000000
78420  59.242  -20.050  -7.752 0.0000000000
78421  58.802  -20.325  -8.235 0.0000000000
78438  64.075  -18.623  -8.903 0.0000000000
78439  63.210  -18.574  -9.178 0.0000000000
78440  59.267  -18.887  -8.938 0.0000000000
78441  58.958  -19.412  -8.729 0.0000000000
78442  58.681  -19.910  -8.699 0.0000000000
78453  64.333  -18.762  -10.034 0.0000000000
78454  63.066  -18.588  -9.749 0.0000000000
78455  60.832  -18.460  -10.243 0.0000000000
78456  59.924  -18.610  -10.021 0.0000000000
78457  59.199  -18.816  -9.742 0.0000000000
78458  58.673  -19.283  -9.541 0.0000000000
78459  58.572  -19.560  -9.123 0.0000000000
78470  64.535  -19.019  -11.106 0.0000000000
78471  62.769  -18.653  -10.847 0.0000000000
78472  61.247  -18.493  -11.039 0.0000000000
78473  60.220  -18.676  -10.812 0.0000000000
78474  59.327  -19.053  -10.583 0.0000000000
78475  58.829  -19.105  -10.081 0.0000000000
78486  64.742  -19.101  -12.095 0.0000000000
78487  63.257  -18.905  -11.959 0.0000000000
78488  61.690  -18.671  -12.093 0.0000000000
78489  60.441  -18.667  -11.588 0.0000000000
78490  59.811  -18.926  -11.169 0.0000000000
78498  64.941  -19.199  -12.891 0.0000000000
78499  63.406  -19.025  -12.843 0.0000000000
78500  62.491  -18.843  -12.562 0.0000000000
78506  65.033  -19.344  -13.468 0.0000000000
78507  63.842  -19.189  -13.435 0.0000000000
79510  61.518  -17.754  -2.737 0.0000000000
79511  60.357  -17.511  -2.543 0.0000000000
79512  59.217  -17.535  -2.419 0.0000000000
79513  57.930  -17.072  -2.228 0.0000000000
79514  56.744  -17.010  -1.981 0.0000000000
79515  55.570  -17.007  -1.761 0.0000000000
79516  54.372  -16.862  -1.942 0.0000000000
79517  53.192  -16.732  -2.398 0.0000000000
79518  51.862  -16.529  -2.639 0.0000000000
79519  50.813  -17.053  -2.624 0.0000000000
79520  50.327  -17.388  -2.616 0.0000000000
79534  61.962  -18.263  -4.124 0.0000000000
79535  60.529  -18.436  -3.563 0.0000000000
79536  59.841  -18.054  -2.970 0.0000000000
79539  49.672  -16.729  -3.049 0.0000000000
79540  48.507  -16.965  -3.408 0.0000000000
79541  47.949  -17.107  -3.680 0.0000000000
79553  62.265  -18.524  -6.055 0.0000000000
79554  61.555  -18.599  -5.484 0.0000000000
79555  60.958  -18.746  -4.726 0.0000000000
79570  63.184  -18.559  -7.563 0.0000000000
79571  62.415  -18.553  -7.026 0.0000000000
79572  61.386  -18.570  -6.673 0.0000000000
79573  60.595  -18.903  -6.066 0.0000000000
79574  60.091  -19.168  -6.421 0.0000000000
79588  63.252  -18.560  -8.390 0.0000000000
79589  62.318  -18.549  -8.126 0.0000000000
79590  61.354  -18.524  -7.785 0.0000000000
79591  60.578  -18.674  -7.468 0.0000000000
79592  60.087  -19.052  -7.192 0.0000000000
79609  63.248  -18.578  -8.902 0.0000000000
79610  62.505  -18.561  -9.093 0.0000000000
79611  61.396  -18.475  -8.780 0.0000000000
79612  60.484  -18.463  -8.502 0.0000000000
79613  59.900  -18.727  -8.273 0.0000000000
79624  62.234  -18.522  -9.831 0.0000000000
79625  61.517  -18.474  -9.642 0.0000000000
79626  60.568  -18.411  -9.403 0.0000000000
79627  59.764  -18.492  -9.150 0.0000000000
79636  62.440  -18.534  -10.216 0.0000000000
79637  61.807  -18.479  -10.336 0.0000000000
80686  58.936  -14.898  -1.038 0.0000000000
80700  59.926  -16.314  -1.831 0.0000000000
80701  58.512  -15.736  -1.583 0.0000000000
80702  57.086  -15.817  -1.747 0.0000000000
80703  55.971  -15.822  -1.921 0.0000000000
80704  54.896  -15.774  -2.155 0.0000000000
81875  58.405  -14.374  -1.024 0.0000000000
81876  57.384  -14.592  -1.524 0.0000000000
81877  56.360  -14.580  -2.267 0.0000000000
81878  55.417  -14.827  -2.636 0.0000000000
81893  55.705  -13.987  -3.091 0.0000000000
83098  57.823  -13.310  -1.530 0.0000000000
83099  56.928  -13.741  -2.077 0.0000000000
83111  57.092  -12.915  -2.412 0.0000000000
83112  56.337  -13.282  -3.008 0.0000000000
