#!ascii label  , from subject subject001 vox2ras=TkReg
1497
52294  3.454  -40.226  29.121 0.0000000000
53326  2.758  -39.648  29.254 0.0000000000
53343  3.852  -39.938  29.186 0.0000000000
53344  3.370  -39.894  29.633 0.0000000000
54342  2.715  -39.230  29.673 0.0000000000
54343  2.349  -38.837  29.424 0.0000000000
54356  4.268  -39.021  28.666 0.0000000000
54357  3.117  -38.969  29.211 0.0000000000
54358  2.740  -38.413  29.845 0.0000000000
55428  2.239  -37.981  29.869 0.0000000000
55443  4.878  -38.053  28.468 0.0000000000
55444  4.091  -37.636  29.111 0.0000000000
55445  3.005  -37.920  29.441 0.0000000000
55446  2.666  -38.005  29.819 0.0000000000
55455  5.227  -37.165  28.430 0.0000000000
55456  4.734  -37.347  28.718 0.0000000000
56478  4.374  -34.677  33.911 0.0000000000
56479  3.543  -34.842  34.086 0.0000000000
56504  5.598  -34.661  33.248 0.0000000000
56505  4.842  -34.767  33.205 0.0000000000
56506  4.005  -35.036  33.289 0.0000000000
56527  5.893  -34.647  32.803 0.0000000000
56528  5.350  -34.745  32.581 0.0000000000
56529  4.496  -35.122  32.445 0.0000000000
56530  3.487  -35.483  32.487 0.0000000000
56551  6.563  -34.488  31.909 0.0000000000
56552  6.141  -34.559  32.132 0.0000000000
56553  5.030  -34.904  31.602 0.0000000000
56554  4.010  -35.495  31.417 0.0000000000
56555  2.934  -36.115  31.445 0.0000000000
56578  6.463  -34.529  31.518 0.0000000000
56579  5.737  -34.644  30.795 0.0000000000
56580  4.610  -35.265  30.370 0.0000000000
56581  3.556  -36.127  30.319 0.0000000000
56582  2.463  -37.042  30.346 0.0000000000
56604  5.951  -34.755  28.946 0.0000000000
56605  5.521  -34.946  29.387 0.0000000000
56606  4.316  -36.109  29.319 0.0000000000
56607  3.301  -37.015  29.640 0.0000000000
56608  2.624  -37.551  29.643 0.0000000000
56623  6.101  -35.305  28.431 0.0000000000
56624  5.213  -36.052  28.561 0.0000000000
56625  4.673  -36.729  28.789 0.0000000000
57595  4.356  -34.164  35.552 0.0000000000
57596  3.794  -34.216  36.096 0.0000000000
57608  5.405  -34.133  34.743 0.0000000000
57609  4.778  -34.198  35.062 0.0000000000
57610  3.780  -34.123  35.254 0.0000000000
57620  6.490  -34.238  34.154 0.0000000000
57621  5.841  -34.231  34.384 0.0000000000
57622  4.801  -34.404  34.413 0.0000000000
57623  3.734  -34.370  34.610 0.0000000000
57641  6.633  -34.380  33.824 0.0000000000
57642  5.782  -34.529  33.832 0.0000000000
57643  5.119  -34.623  33.748 0.0000000000
57659  7.078  -34.447  33.078 0.0000000000
57660  6.326  -34.582  33.127 0.0000000000
57677  7.528  -34.212  31.304 0.0000000000
57678  7.016  -34.396  32.041 0.0000000000
57679  6.702  -34.520  32.642 0.0000000000
57695  7.535  -34.054  30.329 0.0000000000
57696  6.653  -34.457  30.656 0.0000000000
57697  5.989  -34.625  30.112 0.0000000000
57713  8.536  -33.935  28.499 0.0000000000
57714  7.713  -33.962  29.041 0.0000000000
57715  6.457  -34.402  29.223 0.0000000000
57716  6.119  -34.560  29.767 0.0000000000
57724  7.796  -34.420  27.824 0.0000000000
57725  7.105  -34.882  28.241 0.0000000000
58638  4.959  -34.110  35.155 0.0000000000
58639  4.571  -34.084  35.637 0.0000000000
58644  6.312  -34.017  34.498 0.0000000000
58645  5.616  -34.042  34.820 0.0000000000
58646  5.133  -34.125  34.983 0.0000000000
58654  7.605  -33.971  33.734 0.0000000000
58655  6.816  -34.126  34.125 0.0000000000
58656  6.094  -34.127  34.444 0.0000000000
58664  7.939  -33.868  33.180 0.0000000000
58665  7.441  -34.228  33.575 0.0000000000
58674  8.892  -33.319  31.684 0.0000000000
58675  8.291  -33.698  32.315 0.0000000000
58676  7.718  -34.186  32.800 0.0000000000
58688  9.074  -33.371  30.933 0.0000000000
58689  8.285  -33.796  31.299 0.0000000000
58690  7.821  -34.069  32.006 0.0000000000
58701  9.621  -33.018  29.842 0.0000000000
58702  9.167  -33.361  30.070 0.0000000000
58703  8.424  -33.650  30.208 0.0000000000
58714  9.626  -33.124  29.403 0.0000000000
58715  9.287  -33.458  29.169 0.0000000000
58716  8.654  -33.653  29.411 0.0000000000
58724  9.158  -33.867  28.135 0.0000000000
59618  5.220  -34.071  34.961 0.0000000000
59619  4.622  -34.129  35.393 0.0000000000
59620  4.099  -33.967  36.044 0.0000000000
59629  6.722  -33.909  34.184 0.0000000000
59630  5.793  -34.073  34.661 0.0000000000
59631  5.131  -33.991  34.775 0.0000000000
59641  7.856  -33.593  33.343 0.0000000000
59642  7.373  -33.877  33.876 0.0000000000
59649  8.765  -32.930  32.168 0.0000000000
59650  8.296  -33.368  32.676 0.0000000000
59657  9.158  -32.870  31.758 0.0000000000
59658  8.688  -33.209  32.150 0.0000000000
59667  9.982  -32.475  31.030 0.0000000000
59668  9.484  -32.936  31.312 0.0000000000
59678  10.048  -32.520  30.310 0.0000000000
59679  9.650  -32.957  30.647 0.0000000000
59689  9.862  -32.849  29.362 0.0000000000
59690  9.627  -33.194  29.163 0.0000000000
59697  10.272  -32.867  28.383 0.0000000000
59698  10.038  -33.188  28.517 0.0000000000
59699  9.617  -33.353  28.694 0.0000000000
59718  -0.007  -34.627  31.365 0.0000000000
60647  4.151  -34.158  35.758 0.0000000000
60658  6.820  -33.725  34.012 0.0000000000
60659  6.175  -33.870  34.271 0.0000000000
60660  5.049  -34.161  34.832 0.0000000000
60661  4.065  -34.067  35.301 0.0000000000
60671  7.914  -33.348  33.234 0.0000000000
60672  7.406  -33.566  33.626 0.0000000000
60673  6.628  -33.571  33.581 0.0000000000
60674  5.596  -33.714  33.924 0.0000000000
60675  4.677  -33.874  34.440 0.0000000000
60686  8.751  -32.719  32.029 0.0000000000
60687  8.293  -33.026  32.635 0.0000000000
60688  6.051  -33.491  33.130 0.0000000000
60689  5.416  -33.493  33.153 0.0000000000
60700  9.747  -32.017  31.481 0.0000000000
60701  9.308  -32.311  31.632 0.0000000000
60708  9.920  -32.019  31.289 0.0000000000
60709  9.615  -32.525  31.416 0.0000000000
60718  10.516  -31.601  30.426 0.0000000000
60719  10.356  -31.827  30.628 0.0000000000
60726  10.482  -31.716  30.152 0.0000000000
60727  10.286  -32.219  29.870 0.0000000000
60734  10.260  -31.919  29.192 0.0000000000
60735  10.332  -32.082  29.358 0.0000000000
60736  10.063  -32.542  29.073 0.0000000000
60744  10.219  -32.135  28.897 0.0000000000
60745  10.268  -32.574  28.216 0.0000000000
60746  -0.065  -32.951  31.537 0.0000000000
60747  -0.484  -32.968  31.367 0.0000000000
60760  0.427  -33.321  31.496 0.0000000000
60761  -1.270  -33.504  30.923 0.0000000000
60774  -2.119  -33.689  29.326 0.0000000000
61797  7.841  -33.167  33.013 0.0000000000
61798  7.263  -33.196  32.907 0.0000000000
61799  6.570  -33.232  32.814 0.0000000000
61800  4.827  -33.658  33.717 0.0000000000
61801  3.711  -33.791  34.377 0.0000000000
61814  8.614  -32.323  31.838 0.0000000000
61815  7.827  -32.560  32.207 0.0000000000
61816  6.843  -32.670  32.140 0.0000000000
61817  5.879  -32.932  32.474 0.0000000000
61818  4.653  -33.231  32.875 0.0000000000
61819  3.402  -33.181  33.037 0.0000000000
61832  9.749  -31.754  31.356 0.0000000000
61833  9.120  -31.505  31.189 0.0000000000
61834  8.202  -31.648  31.284 0.0000000000
61835  7.248  -31.785  31.327 0.0000000000
61836  6.281  -31.965  31.534 0.0000000000
61837  5.270  -32.135  32.021 0.0000000000
61838  4.156  -32.341  32.360 0.0000000000
61839  3.354  -32.502  32.538 0.0000000000
61852  10.299  -31.060  30.559 0.0000000000
61853  10.071  -31.345  30.917 0.0000000000
61854  9.662  -31.354  31.101 0.0000000000
61864  10.505  -31.319  30.384 0.0000000000
61865  10.366  -31.371  30.652 0.0000000000
61873  10.469  -31.303  29.861 0.0000000000
61874  10.506  -31.477  29.964 0.0000000000
61882  10.297  -31.694  29.432 0.0000000000
61883  10.431  -31.622  29.702 0.0000000000
61891  10.218  -31.935  28.872 0.0000000000
61892  0.595  -32.255  31.617 0.0000000000
61893  -0.114  -32.573  31.514 0.0000000000
61894  -1.195  -32.485  30.985 0.0000000000
61907  1.239  -32.654  31.454 0.0000000000
61908  0.541  -32.695  31.595 0.0000000000
61909  -1.878  -32.533  29.765 0.0000000000
61919  -1.952  -32.631  28.081 0.0000000000
63010  2.688  -31.657  32.474 0.0000000000
63024  8.975  -31.075  30.681 0.0000000000
63025  8.460  -31.007  30.285 0.0000000000
63026  7.554  -31.061  30.224 0.0000000000
63027  6.738  -31.038  30.597 0.0000000000
63028  5.830  -31.042  31.279 0.0000000000
63029  4.720  -31.212  31.769 0.0000000000
63030  3.528  -31.489  32.276 0.0000000000
63046  10.214  -30.856  30.439 0.0000000000
63047  9.926  -30.692  30.383 0.0000000000
63048  9.242  -30.888  30.392 0.0000000000
63049  8.287  -30.500  29.800 0.0000000000
63063  10.186  -30.727  30.226 0.0000000000
63064  9.849  -30.347  29.879 0.0000000000
63075  10.375  -30.917  29.882 0.0000000000
63076  10.410  -30.922  30.089 0.0000000000
63085  10.330  -31.166  29.745 0.0000000000
63094  10.258  -31.423  29.511 0.0000000000
63095  10.085  -31.340  29.395 0.0000000000
63096  0.610  -31.959  31.589 0.0000000000
63097  0.150  -31.949  31.554 0.0000000000
63098  -0.754  -31.947  31.340 0.0000000000
63102  10.277  -31.786  29.073 0.0000000000
63103  10.054  -31.743  29.026 0.0000000000
63104  9.909  -31.577  29.140 0.0000000000
63105  8.840  -30.720  29.939 0.0000000000
63110  2.992  -31.479  30.661 0.0000000000
63111  1.067  -31.680  31.505 0.0000000000
63112  -0.490  -31.296  31.402 0.0000000000
63113  -1.529  -31.461  30.352 0.0000000000
63123  -1.833  -31.509  28.515 0.0000000000
63132  -2.051  -31.664  26.446 0.0000000000
64268  5.176  -29.464  31.642 0.0000000000
64269  4.891  -29.569  31.756 0.0000000000
64270  2.879  -30.801  32.492 0.0000000000
64286  7.860  -30.526  29.795 0.0000000000
64287  7.206  -30.303  29.835 0.0000000000
64288  6.359  -30.191  30.466 0.0000000000
64289  5.328  -29.867  31.293 0.0000000000
64290  4.349  -30.243  31.888 0.0000000000
64291  3.669  -30.259  32.310 0.0000000000
64307  9.267  -30.368  30.072 0.0000000000
64308  8.569  -30.154  29.942 0.0000000000
64309  7.851  -30.003  29.676 0.0000000000
64310  7.364  -29.625  29.783 0.0000000000
64326  9.792  -30.098  29.977 0.0000000000
64327  9.355  -29.937  30.111 0.0000000000
64328  8.697  -29.507  30.020 0.0000000000
64345  10.070  -30.556  29.844 0.0000000000
64346  10.011  -30.217  29.937 0.0000000000
64364  10.115  -30.745  29.817 0.0000000000
64365  9.956  -30.543  29.836 0.0000000000
64383  10.185  -30.951  29.717 0.0000000000
64384  9.990  -30.773  29.747 0.0000000000
64385  9.893  -30.310  29.895 0.0000000000
64386  1.227  -29.811  31.610 0.0000000000
64387  0.600  -29.833  31.736 0.0000000000
64388  -0.527  -29.804  31.445 0.0000000000
64404  9.968  -30.974  29.614 0.0000000000
64405  9.815  -30.640  29.817 0.0000000000
64406  9.471  -30.337  30.014 0.0000000000
64407  9.106  -30.230  29.978 0.0000000000
64408  8.643  -30.067  29.887 0.0000000000
64409  7.897  -30.172  29.624 0.0000000000
64410  6.630  -30.212  29.649 0.0000000000
64411  5.145  -30.308  30.057 0.0000000000
64412  3.532  -30.388  30.422 0.0000000000
64413  1.678  -30.334  31.306 0.0000000000
64414  0.109  -30.560  31.619 0.0000000000
64415  -1.353  -30.246  30.720 0.0000000000
64426  9.748  -31.092  29.516 0.0000000000
64427  9.496  -31.063  29.525 0.0000000000
64428  9.218  -31.065  29.571 0.0000000000
64429  -0.986  -29.809  28.392 0.0000000000
64430  -1.374  -30.328  29.076 0.0000000000
64440  -0.742  -29.864  27.858 0.0000000000
64441  -1.009  -30.404  27.029 0.0000000000
64449  -1.785  -30.373  24.959 0.0000000000
65515  5.240  -28.858  31.920 0.0000000000
65516  4.325  -29.159  32.307 0.0000000000
65517  3.152  -29.397  32.570 0.0000000000
65529  6.893  -29.562  30.136 0.0000000000
65530  6.365  -28.945  31.173 0.0000000000
65531  5.756  -28.914  31.604 0.0000000000
65532  4.086  -29.863  32.237 0.0000000000
65533  3.852  -29.682  32.385 0.0000000000
65540  8.282  -29.446  29.962 0.0000000000
65541  7.813  -28.939  30.073 0.0000000000
65542  7.200  -28.958  30.291 0.0000000000
65543  6.854  -28.932  30.586 0.0000000000
65551  9.455  -29.451  29.956 0.0000000000
65552  9.042  -29.123  30.071 0.0000000000
65553  8.600  -28.886  29.902 0.0000000000
65554  8.307  -28.827  30.077 0.0000000000
65565  10.113  -30.113  29.776 0.0000000000
65566  9.664  -29.641  30.018 0.0000000000
65578  9.901  -30.310  29.898 0.0000000000
65579  9.974  -29.914  29.850 0.0000000000
65595  9.950  -29.715  29.845 0.0000000000
65596  9.727  -29.674  29.911 0.0000000000
65597  2.815  -28.968  30.862 0.0000000000
65598  1.486  -29.273  31.580 0.0000000000
65599  -0.197  -29.081  31.719 0.0000000000
65600  -1.298  -29.197  30.866 0.0000000000
65619  9.457  -29.646  29.893 0.0000000000
65620  9.119  -29.516  29.925 0.0000000000
65621  8.721  -29.412  29.952 0.0000000000
65622  8.147  -29.331  29.952 0.0000000000
65623  7.452  -29.277  29.856 0.0000000000
65624  6.639  -29.367  29.934 0.0000000000
65625  5.726  -29.373  29.686 0.0000000000
65626  4.121  -29.202  30.246 0.0000000000
65627  2.726  -29.636  30.857 0.0000000000
65628  -1.754  -29.238  29.474 0.0000000000
65629  -1.748  -29.330  29.950 0.0000000000
65646  7.858  -29.118  29.971 0.0000000000
65647  7.753  -28.906  29.904 0.0000000000
65648  -1.511  -29.434  29.125 0.0000000000
65649  -1.643  -29.819  29.796 0.0000000000
65667  -0.731  -29.351  28.001 0.0000000000
65668  -0.609  -29.331  26.996 0.0000000000
65686  -1.340  -29.187  25.382 0.0000000000
65699  -0.946  -28.955  22.771 0.0000000000
65700  -1.380  -28.796  23.514 0.0000000000
65708  -0.292  -28.633  22.314 0.0000000000
65709  -0.755  -27.679  22.400 0.0000000000
66678  3.360  -26.956  32.772 0.0000000000
66679  2.881  -27.015  32.839 0.0000000000
66693  5.325  -27.894  32.087 0.0000000000
66694  4.785  -27.875  32.317 0.0000000000
66695  3.690  -27.579  32.597 0.0000000000
66696  2.509  -28.070  32.818 0.0000000000
66709  6.408  -28.033  31.528 0.0000000000
66710  5.848  -27.960  31.802 0.0000000000
66719  7.768  -28.034  30.679 0.0000000000
66720  7.420  -28.063  30.846 0.0000000000
66721  6.865  -28.074  31.197 0.0000000000
66731  9.351  -29.014  29.984 0.0000000000
66732  9.216  -28.674  29.930 0.0000000000
66733  8.788  -28.278  30.136 0.0000000000
66734  8.169  -28.046  30.465 0.0000000000
66744  9.480  -28.805  29.953 0.0000000000
66745  9.288  -28.118  30.038 0.0000000000
66754  9.545  -29.033  29.931 0.0000000000
66755  0.115  -27.602  31.633 0.0000000000
66756  -0.391  -27.608  31.505 0.0000000000
66764  9.780  -29.103  30.042 0.0000000000
66765  9.775  -28.903  29.843 0.0000000000
66766  3.427  -28.439  30.615 0.0000000000
66767  2.393  -28.337  31.366 0.0000000000
66768  0.606  -28.019  31.755 0.0000000000
66769  -1.182  -28.131  31.161 0.0000000000
66779  9.564  -28.850  29.860 0.0000000000
66780  9.262  -28.779  29.903 0.0000000000
66781  8.884  -28.596  30.004 0.0000000000
66782  8.259  -28.560  29.644 0.0000000000
66783  7.569  -28.539  29.446 0.0000000000
66784  6.520  -28.642  29.509 0.0000000000
66785  5.319  -28.470  29.777 0.0000000000
66786  4.310  -28.165  30.192 0.0000000000
66787  -1.722  -28.911  29.293 0.0000000000
66788  -2.105  -28.445  29.974 0.0000000000
66799  7.980  -28.862  29.878 0.0000000000
66800  7.799  -28.770  29.681 0.0000000000
66801  -1.216  -28.789  28.336 0.0000000000
66811  -0.515  -28.666  27.340 0.0000000000
66812  -0.716  -28.298  26.351 0.0000000000
66826  -1.393  -27.525  24.525 0.0000000000
66842  -1.607  -27.041  22.964 0.0000000000
66855  -0.234  -27.432  21.388 0.0000000000
66856  -0.679  -26.621  21.691 0.0000000000
66864  -0.060  -27.144  20.244 0.0000000000
66865  -0.456  -26.294  20.447 0.0000000000
66876  0.023  -26.007  19.445 0.0000000000
66890  0.521  -25.891  18.917 0.0000000000
67827  4.229  -25.948  32.438 0.0000000000
67828  3.386  -26.267  32.660 0.0000000000
67829  2.271  -26.096  32.935 0.0000000000
67842  5.865  -26.218  32.029 0.0000000000
67843  5.339  -26.889  32.237 0.0000000000
67844  4.550  -26.837  32.520 0.0000000000
67845  3.994  -26.644  32.584 0.0000000000
67856  6.225  -27.069  31.525 0.0000000000
67857  5.784  -27.017  31.854 0.0000000000
67865  7.252  -27.183  30.615 0.0000000000
67866  6.821  -27.156  30.974 0.0000000000
67867  6.609  -27.190  31.242 0.0000000000
67875  8.974  -27.789  30.126 0.0000000000
67876  8.253  -27.337  30.269 0.0000000000
67877  7.734  -27.262  30.474 0.0000000000
67887  9.459  -28.217  29.776 0.0000000000
67888  9.073  -27.427  30.036 0.0000000000
67889  8.742  -27.311  30.141 0.0000000000
67898  9.498  -28.415  29.804 0.0000000000
67899  9.319  -27.590  29.854 0.0000000000
67900  1.578  -26.940  31.856 0.0000000000
67901  0.203  -27.171  31.719 0.0000000000
67902  -1.531  -27.094  31.210 0.0000000000
67903  -2.023  -26.740  30.949 0.0000000000
67911  9.660  -28.578  29.948 0.0000000000
67912  9.476  -27.813  29.786 0.0000000000
67913  9.082  -27.156  29.191 0.0000000000
67914  5.541  -27.177  29.924 0.0000000000
67915  4.574  -27.169  30.382 0.0000000000
67916  3.489  -27.591  30.849 0.0000000000
67917  2.012  -27.560  31.549 0.0000000000
67918  1.104  -27.438  31.769 0.0000000000
67919  -2.227  -27.273  30.303 0.0000000000
67920  -2.089  -26.963  30.704 0.0000000000
67928  9.502  -28.286  29.778 0.0000000000
67929  9.106  -27.548  29.305 0.0000000000
67930  8.475  -27.628  29.183 0.0000000000
67931  7.743  -27.777  29.140 0.0000000000
67932  6.914  -27.864  29.314 0.0000000000
67933  5.961  -27.851  29.497 0.0000000000
67934  5.034  -27.733  29.916 0.0000000000
67935  4.391  -27.663  30.287 0.0000000000
67936  -1.688  -28.215  28.731 0.0000000000
67937  -2.035  -27.417  29.075 0.0000000000
67948  -0.878  -28.073  27.624 0.0000000000
67949  -1.370  -27.472  28.009 0.0000000000
67960  -0.421  -28.060  26.909 0.0000000000
67961  -0.596  -27.217  26.452 0.0000000000
67972  -1.485  -26.312  24.689 0.0000000000
67984  -2.003  -25.927  23.410 0.0000000000
67985  -1.877  -25.235  23.142 0.0000000000
67995  -0.988  -25.830  22.018 0.0000000000
67996  -1.277  -25.085  22.346 0.0000000000
68001  -0.749  -25.674  20.807 0.0000000000
68002  -0.848  -24.771  20.780 0.0000000000
68010  -0.491  -25.106  19.763 0.0000000000
68011  -0.662  -24.275  19.850 0.0000000000
68022  0.494  -25.010  18.881 0.0000000000
69040  5.157  -24.820  32.579 0.0000000000
69041  4.738  -25.029  32.571 0.0000000000
69042  3.784  -25.048  32.687 0.0000000000
69043  2.752  -25.065  32.960 0.0000000000
69064  5.943  -25.438  32.124 0.0000000000
69065  5.450  -25.289  32.391 0.0000000000
69066  4.921  -26.012  32.507 0.0000000000
69085  6.554  -25.444  31.542 0.0000000000
69086  6.314  -25.646  31.738 0.0000000000
69106  6.919  -26.282  30.711 0.0000000000
69107  6.734  -25.931  31.182 0.0000000000
69108  6.524  -26.581  31.300 0.0000000000
69124  7.588  -26.721  30.196 0.0000000000
69125  7.172  -26.562  30.374 0.0000000000
69141  8.857  -27.114  29.990 0.0000000000
69142  8.295  -26.942  30.000 0.0000000000
69160  8.976  -27.093  29.816 0.0000000000
69161  8.337  -26.733  29.729 0.0000000000
69162  3.431  -25.680  31.671 0.0000000000
69163  2.446  -26.041  31.950 0.0000000000
69164  0.876  -26.185  32.541 0.0000000000
69165  -0.573  -26.306  31.751 0.0000000000
69166  -1.856  -26.382  31.189 0.0000000000
69183  9.140  -27.142  29.680 0.0000000000
69184  8.595  -26.711  29.507 0.0000000000
69185  8.130  -26.593  29.601 0.0000000000
69186  7.708  -26.592  29.741 0.0000000000
69187  7.064  -26.513  29.796 0.0000000000
69188  6.143  -26.556  30.053 0.0000000000
69189  5.020  -26.476  30.467 0.0000000000
69190  3.883  -26.402  31.231 0.0000000000
69191  2.712  -26.937  31.515 0.0000000000
69192  -2.522  -26.771  30.093 0.0000000000
69193  -2.189  -26.492  30.283 0.0000000000
69208  8.845  -26.930  29.107 0.0000000000
69209  8.506  -26.980  29.016 0.0000000000
69210  7.862  -27.120  29.206 0.0000000000
69211  7.082  -27.209  29.429 0.0000000000
69212  6.368  -27.339  29.572 0.0000000000
69213  -2.330  -26.409  29.499 0.0000000000
69214  -2.588  -26.209  29.895 0.0000000000
69228  -1.540  -26.406  27.791 0.0000000000
69243  -0.774  -25.764  25.830 0.0000000000
69254  -1.754  -25.098  24.054 0.0000000000
69255  -2.198  -24.476  23.797 0.0000000000
69267  -2.094  -25.241  23.444 0.0000000000
69268  -1.793  -24.620  23.156 0.0000000000
69279  -0.990  -24.132  21.521 0.0000000000
69290  -0.770  -23.877  20.251 0.0000000000
69296  0.651  -24.316  19.274 0.0000000000
69297  0.032  -24.210  19.476 0.0000000000
69298  -0.533  -23.933  19.782 0.0000000000
69307  0.556  -24.458  19.007 0.0000000000
70346  5.848  -23.865  32.703 0.0000000000
70347  5.203  -24.176  32.759 0.0000000000
70348  4.292  -24.053  33.032 0.0000000000
70349  3.287  -24.071  33.176 0.0000000000
70350  2.189  -24.006  33.199 0.0000000000
70363  6.072  -24.648  32.275 0.0000000000
70364  5.656  -24.476  32.521 0.0000000000
70374  6.580  -24.844  31.715 0.0000000000
70375  6.370  -24.833  31.983 0.0000000000
70387  6.965  -25.422  31.008 0.0000000000
70388  6.818  -25.056  31.380 0.0000000000
70399  7.058  -26.153  30.201 0.0000000000
70400  6.978  -25.843  30.533 0.0000000000
70412  7.323  -26.305  29.970 0.0000000000
70424  7.526  -26.233  29.848 0.0000000000
70425  7.346  -26.051  29.959 0.0000000000
70426  5.896  -24.748  30.438 0.0000000000
70427  5.376  -24.903  30.570 0.0000000000
70428  4.307  -25.234  31.157 0.0000000000
70429  3.001  -25.038  31.880 0.0000000000
70430  1.620  -25.143  32.454 0.0000000000
70431  0.146  -25.296  32.507 0.0000000000
70432  -1.142  -25.463  31.437 0.0000000000
70443  7.787  -26.397  29.739 0.0000000000
70444  7.655  -26.215  29.816 0.0000000000
70445  7.371  -26.174  29.902 0.0000000000
70446  7.047  -25.951  30.131 0.0000000000
70447  6.290  -25.473  30.351 0.0000000000
70448  5.332  -25.765  30.610 0.0000000000
70449  4.652  -25.961  30.876 0.0000000000
70450  -1.923  -25.741  30.636 0.0000000000
70463  -2.299  -25.861  29.227 0.0000000000
70464  -2.459  -25.589  29.693 0.0000000000
70476  -2.324  -25.587  28.365 0.0000000000
70477  -2.165  -24.718  28.580 0.0000000000
70490  -1.316  -25.175  26.679 0.0000000000
70505  -0.855  -24.674  25.314 0.0000000000
70506  -1.779  -24.278  24.325 0.0000000000
70519  -1.696  -24.010  23.615 0.0000000000
70532  -1.038  -23.531  22.223 0.0000000000
70543  1.136  -23.598  20.138 0.0000000000
70544  0.681  -23.397  19.965 0.0000000000
70545  -0.850  -23.124  20.682 0.0000000000
70551  0.891  -23.927  19.696 0.0000000000
70552  0.456  -23.623  19.811 0.0000000000
70553  -0.189  -23.542  20.128 0.0000000000
71397  2.485  -21.036  44.860 0.0000000000
71406  2.709  -21.432  44.527 0.0000000000
71415  2.820  -21.748  44.195 0.0000000000
71416  2.136  -22.025  44.380 0.0000000000
71426  2.685  -21.858  44.055 0.0000000000
71427  1.996  -22.080  44.034 0.0000000000
71438  2.466  -21.879  44.062 0.0000000000
71439  1.767  -22.085  43.878 0.0000000000
71440  0.935  -22.367  43.722 0.0000000000
71451  1.107  -22.133  43.583 0.0000000000
71452  0.400  -22.443  43.227 0.0000000000
71510  4.708  -22.317  33.801 0.0000000000
71511  4.211  -22.348  33.886 0.0000000000
71512  3.247  -22.315  33.928 0.0000000000
71513  2.128  -22.250  33.904 0.0000000000
71514  0.907  -22.152  33.736 0.0000000000
71530  6.056  -23.311  32.939 0.0000000000
71531  5.620  -23.167  33.140 0.0000000000
71532  4.795  -22.923  33.438 0.0000000000
71533  3.790  -23.122  33.482 0.0000000000
71534  2.731  -23.120  33.506 0.0000000000
71535  1.595  -23.061  33.472 0.0000000000
71549  6.690  -23.404  32.612 0.0000000000
71550  6.405  -23.533  32.657 0.0000000000
71557  6.783  -23.760  32.309 0.0000000000
71558  6.496  -24.314  32.218 0.0000000000
71561  6.905  -24.530  31.308 0.0000000000
71562  6.897  -24.195  31.708 0.0000000000
71565  6.931  -25.696  30.396 0.0000000000
71566  7.052  -25.128  30.907 0.0000000000
71571  7.076  -25.568  30.253 0.0000000000
71572  6.995  -24.994  30.711 0.0000000000
71580  7.037  -25.778  30.189 0.0000000000
71581  6.942  -25.365  30.361 0.0000000000
71582  6.868  -24.985  30.499 0.0000000000
71583  6.656  -24.708  30.536 0.0000000000
71584  6.227  -24.574  30.454 0.0000000000
71585  5.536  -24.189  30.469 0.0000000000
71586  4.742  -24.133  30.741 0.0000000000
71587  3.729  -24.081  31.433 0.0000000000
71588  2.396  -24.044  31.753 0.0000000000
71589  0.960  -24.143  32.146 0.0000000000
71590  -0.602  -24.378  31.931 0.0000000000
71597  7.155  -25.742  30.132 0.0000000000
71598  6.984  -25.498  30.300 0.0000000000
71599  6.635  -25.198  30.342 0.0000000000
71600  6.421  -25.048  30.345 0.0000000000
71601  -2.116  -24.672  30.919 0.0000000000
71612  -2.362  -24.249  29.403 0.0000000000
71625  -2.115  -24.511  27.312 0.0000000000
71626  -2.214  -23.826  28.067 0.0000000000
71637  -1.148  -23.962  25.912 0.0000000000
71638  -1.055  -23.311  25.667 0.0000000000
71652  -1.172  -24.062  25.175 0.0000000000
71653  -1.174  -23.312  24.730 0.0000000000
71664  -1.004  -22.752  22.999 0.0000000000
71674  0.900  -23.010  20.721 0.0000000000
71675  0.225  -22.666  20.778 0.0000000000
71676  -0.811  -22.309  21.292 0.0000000000
71687  0.705  -23.263  20.093 0.0000000000
71688  0.301  -23.199  20.373 0.0000000000
71689  -0.269  -22.732  20.660 0.0000000000
71695  0.264  -23.384  20.086 0.0000000000
71696  0.044  -23.172  20.287 0.0000000000
72519  2.834  -20.337  45.016 0.0000000000
72527  3.822  -20.196  44.500 0.0000000000
72528  3.379  -20.551  44.751 0.0000000000
72532  3.724  -20.522  44.404 0.0000000000
72533  3.411  -21.217  44.285 0.0000000000
72536  3.479  -20.864  44.094 0.0000000000
72537  3.212  -21.574  43.852 0.0000000000
72543  3.333  -21.302  44.198 0.0000000000
72544  2.867  -21.703  44.094 0.0000000000
72545  2.282  -21.928  43.912 0.0000000000
72555  2.388  -21.872  44.142 0.0000000000
72556  1.601  -21.957  43.746 0.0000000000
72557  0.574  -22.114  43.332 0.0000000000
72566  -0.302  -22.306  42.642 0.0000000000
72610  5.185  -21.708  34.098 0.0000000000
72611  4.771  -21.826  34.153 0.0000000000
72612  3.770  -21.632  34.389 0.0000000000
72613  2.669  -21.498  34.341 0.0000000000
72614  1.479  -21.390  34.249 0.0000000000
72615  0.209  -21.370  34.268 0.0000000000
72635  6.547  -22.603  33.142 0.0000000000
72636  6.235  -22.714  33.201 0.0000000000
72637  5.400  -22.105  33.785 0.0000000000
72638  4.954  -22.267  33.783 0.0000000000
72654  6.697  -22.946  32.813 0.0000000000
72655  6.475  -23.045  32.893 0.0000000000
72666  7.368  -23.143  32.161 0.0000000000
72667  7.195  -23.213  32.324 0.0000000000
72671  7.131  -23.651  31.861 0.0000000000
72672  7.112  -23.640  32.083 0.0000000000
72675  6.911  -23.982  31.484 0.0000000000
72678  6.771  -24.120  31.161 0.0000000000
72679  6.798  -23.600  31.193 0.0000000000
72680  6.635  -23.275  31.117 0.0000000000
72681  6.188  -23.145  31.013 0.0000000000
72685  6.775  -24.437  30.802 0.0000000000
72686  6.685  -24.138  30.833 0.0000000000
72687  6.400  -23.870  30.748 0.0000000000
72688  5.769  -23.525  30.653 0.0000000000
72689  5.050  -23.448  30.553 0.0000000000
72690  4.225  -23.271  30.803 0.0000000000
72691  3.134  -23.164  31.192 0.0000000000
72692  1.855  -23.196  31.688 0.0000000000
72693  0.303  -23.383  32.223 0.0000000000
72694  -1.275  -23.512  31.624 0.0000000000
72697  -2.497  -23.473  30.421 0.0000000000
72700  -2.744  -23.131  28.969 0.0000000000
72710  -1.981  -23.578  26.682 0.0000000000
72711  -2.003  -22.748  27.483 0.0000000000
72723  -1.123  -23.344  26.006 0.0000000000
72724  -1.419  -22.674  25.762 0.0000000000
72737  -1.067  -21.989  23.972 0.0000000000
72751  1.716  -21.370  22.066 0.0000000000
72752  0.858  -21.441  22.011 0.0000000000
72753  0.081  -21.345  21.784 0.0000000000
72754  -0.724  -21.514  22.186 0.0000000000
72763  1.284  -22.123  21.576 0.0000000000
72764  0.299  -21.977  21.295 0.0000000000
72765  -0.208  -21.843  21.326 0.0000000000
72778  -0.038  -22.681  20.756 0.0000000000
72779  -0.032  -22.488  20.884 0.0000000000
73582  3.883  -19.887  44.796 0.0000000000
73583  3.366  -19.789  45.045 0.0000000000
73586  4.607  -19.636  44.572 0.0000000000
73587  4.217  -19.936  44.573 0.0000000000
73590  4.422  -19.837  44.396 0.0000000000
73591  3.975  -20.377  44.401 0.0000000000
73593  4.232  -20.248  44.460 0.0000000000
73594  3.567  -20.670  44.234 0.0000000000
73595  3.127  -21.232  44.328 0.0000000000
73601  2.669  -21.575  44.343 0.0000000000
73602  1.940  -21.751  44.151 0.0000000000
73603  0.713  -21.785  43.535 0.0000000000
73604  -0.354  -21.693  42.992 0.0000000000
73613  -0.109  -21.996  42.988 0.0000000000
73660  5.726  -21.040  34.217 0.0000000000
73661  5.298  -21.230  34.316 0.0000000000
73662  4.307  -20.883  34.665 0.0000000000
73663  3.183  -20.731  34.630 0.0000000000
73664  1.997  -20.611  34.464 0.0000000000
73665  0.744  -20.570  34.542 0.0000000000
73683  6.507  -22.174  33.306 0.0000000000
73684  5.888  -21.585  33.831 0.0000000000
73685  5.554  -21.625  33.983 0.0000000000
73701  7.126  -22.319  32.616 0.0000000000
73702  6.968  -22.261  32.844 0.0000000000
73714  7.299  -22.692  32.321 0.0000000000
73715  7.168  -22.701  32.516 0.0000000000
73726  7.356  -22.862  32.044 0.0000000000
73727  7.280  -22.511  32.119 0.0000000000
73730  7.243  -23.095  31.737 0.0000000000
73731  7.206  -22.465  31.888 0.0000000000
73734  7.116  -23.122  31.529 0.0000000000
73735  6.930  -22.599  31.580 0.0000000000
73736  6.363  -22.541  31.452 0.0000000000
73737  5.507  -22.584  31.079 0.0000000000
73738  4.385  -22.166  31.013 0.0000000000
73739  3.338  -21.989  31.163 0.0000000000
73740  2.235  -21.971  31.596 0.0000000000
73741  1.021  -22.017  32.150 0.0000000000
73742  0.141  -21.904  32.357 0.0000000000
73746  5.254  -23.060  30.649 0.0000000000
73747  4.700  -22.793  30.683 0.0000000000
73748  3.769  -22.556  30.906 0.0000000000
73749  2.681  -22.465  31.307 0.0000000000
73750  1.377  -22.542  31.903 0.0000000000
73751  -0.401  -22.505  32.195 0.0000000000
73752  -2.033  -22.651  31.392 0.0000000000
73755  -2.953  -22.336  30.031 0.0000000000
73761  -2.671  -21.930  28.420 0.0000000000
73775  -2.593  -21.611  26.570 0.0000000000
73787  -1.777  -21.235  24.967 0.0000000000
73798  2.114  -19.752  23.029 0.0000000000
73799  1.676  -19.635  22.775 0.0000000000
73800  -0.641  -20.845  23.541 0.0000000000
73815  2.146  -20.665  22.854 0.0000000000
73816  1.365  -20.426  22.764 0.0000000000
73817  0.401  -20.734  22.118 0.0000000000
73818  -0.108  -20.699  22.083 0.0000000000
73830  0.303  -21.201  21.751 0.0000000000
73831  0.097  -21.280  21.635 0.0000000000
74615  3.692  -18.873  45.390 0.0000000000
74619  4.849  -18.953  45.184 0.0000000000
74620  3.937  -19.113  45.047 0.0000000000
74621  3.277  -19.409  45.258 0.0000000000
74624  4.774  -19.336  44.960 0.0000000000
74625  4.276  -19.620  44.860 0.0000000000
74628  4.871  -19.420  44.583 0.0000000000
74631  4.979  -19.927  44.243 0.0000000000
74632  3.876  -20.237  44.293 0.0000000000
74633  3.317  -20.784  44.547 0.0000000000
74634  -0.651  -20.787  43.636 0.0000000000
74635  -1.015  -20.763  43.235 0.0000000000
74637  2.887  -21.167  44.547 0.0000000000
74638  2.366  -21.458  44.628 0.0000000000
74639  1.279  -21.424  44.126 0.0000000000
74640  -0.273  -21.251  43.553 0.0000000000
74643  -1.032  -21.341  42.597 0.0000000000
74674  4.711  -19.120  35.503 0.0000000000
74675  4.129  -19.127  35.287 0.0000000000
74676  3.016  -18.943  34.709 0.0000000000
74677  1.669  -18.767  34.306 0.0000000000
74678  0.460  -18.871  34.490 0.0000000000
74679  -0.494  -19.222  35.322 0.0000000000
74692  5.816  -20.154  34.329 0.0000000000
74693  5.598  -20.354  34.459 0.0000000000
74694  4.818  -19.852  35.075 0.0000000000
74695  3.685  -19.881  34.829 0.0000000000
74696  2.469  -19.735  34.467 0.0000000000
74697  1.250  -19.760  34.560 0.0000000000
74698  0.034  -19.835  34.951 0.0000000000
74710  6.173  -20.993  33.798 0.0000000000
74711  5.929  -20.980  34.092 0.0000000000
74725  7.092  -22.065  32.781 0.0000000000
74726  6.641  -21.458  33.162 0.0000000000
74738  7.011  -22.167  32.564 0.0000000000
74739  6.762  -21.551  32.802 0.0000000000
74752  7.073  -22.220  32.337 0.0000000000
74753  6.955  -21.939  32.389 0.0000000000
74756  6.839  -21.805  32.215 0.0000000000
74759  6.587  -21.819  31.931 0.0000000000
74760  5.952  -21.874  31.782 0.0000000000
74761  5.064  -21.761  31.656 0.0000000000
74762  4.003  -21.643  31.616 0.0000000000
74763  2.938  -21.540  31.819 0.0000000000
74764  1.812  -21.461  32.161 0.0000000000
74765  0.635  -21.454  32.486 0.0000000000
74766  -0.671  -21.534  32.466 0.0000000000
74767  -1.992  -21.274  32.349 0.0000000000
74771  -1.797  -21.973  32.111 0.0000000000
74772  -2.661  -21.442  31.292 0.0000000000
74780  -2.821  -21.107  29.569 0.0000000000
74793  -2.484  -20.650  27.665 0.0000000000
74806  -2.484  -20.318  25.860 0.0000000000
74815  2.188  -18.720  23.324 0.0000000000
74816  1.900  -18.623  23.180 0.0000000000
74817  -1.253  -19.994  24.530 0.0000000000
74828  2.493  -19.322  23.164 0.0000000000
74829  1.747  -19.152  22.984 0.0000000000
74830  0.805  -19.222  22.877 0.0000000000
74831  -0.149  -19.653  23.142 0.0000000000
74843  1.507  -19.651  22.696 0.0000000000
74844  1.099  -19.804  22.563 0.0000000000
74845  0.452  -19.993  22.459 0.0000000000
75606  3.853  -18.392  45.677 0.0000000000
75610  5.380  -17.737  45.142 0.0000000000
75611  4.909  -18.339  45.386 0.0000000000
75612  4.248  -18.642  45.497 0.0000000000
75614  5.602  -18.048  45.155 0.0000000000
75615  5.193  -18.577  45.228 0.0000000000
75617  5.316  -18.012  44.932 0.0000000000
75618  5.160  -18.645  44.994 0.0000000000
75624  4.893  -19.100  44.659 0.0000000000
75625  4.177  -19.490  44.578 0.0000000000
75626  3.261  -20.267  44.864 0.0000000000
75627  2.217  -20.368  44.916 0.0000000000
75628  1.028  -20.577  44.834 0.0000000000
75629  -0.244  -20.672  44.264 0.0000000000
75637  3.016  -20.788  44.644 0.0000000000
75638  2.695  -20.920  44.734 0.0000000000
75639  1.799  -20.966  44.559 0.0000000000
75640  0.740  -21.043  44.300 0.0000000000
75673  4.597  -18.467  35.538 0.0000000000
75674  3.557  -18.249  35.089 0.0000000000
75675  2.189  -17.972  34.588 0.0000000000
75676  0.863  -17.926  34.538 0.0000000000
75677  -0.310  -18.423  35.365 0.0000000000
75691  5.599  -19.471  34.712 0.0000000000
75692  5.330  -19.206  35.183 0.0000000000
75693  5.002  -18.871  35.534 0.0000000000
75710  5.736  -19.864  34.348 0.0000000000
75726  6.016  -20.320  33.959 0.0000000000
75738  6.071  -20.699  33.498 0.0000000000
75753  6.397  -20.930  33.006 0.0000000000
75754  6.112  -20.609  33.182 0.0000000000
75758  6.447  -21.210  32.561 0.0000000000
75759  5.955  -20.850  32.764 0.0000000000
75760  5.230  -20.699  32.966 0.0000000000
75761  4.314  -20.682  33.229 0.0000000000
75762  3.284  -20.559  33.368 0.0000000000
75763  2.197  -20.305  33.306 0.0000000000
75764  1.033  -20.067  33.131 0.0000000000
75765  -0.200  -20.069  33.152 0.0000000000
75766  -1.422  -19.973  33.011 0.0000000000
75770  6.198  -21.370  32.258 0.0000000000
75771  5.578  -21.298  32.317 0.0000000000
75772  4.679  -21.265  32.445 0.0000000000
75773  3.660  -21.187  32.591 0.0000000000
75774  2.570  -21.016  32.686 0.0000000000
75775  1.422  -20.810  32.696 0.0000000000
75776  0.196  -20.776  32.795 0.0000000000
75777  -1.077  -20.673  32.716 0.0000000000
75778  -2.379  -20.318  32.258 0.0000000000
75785  -2.637  -20.126  30.718 0.0000000000
75795  -2.334  -19.677  28.759 0.0000000000
75805  -2.656  -19.311  26.754 0.0000000000
75817  -2.203  -19.103  25.325 0.0000000000
75830  1.902  -18.264  23.511 0.0000000000
75831  1.518  -18.073  23.339 0.0000000000
75832  -0.710  -18.878  24.291 0.0000000000
75846  1.712  -18.454  23.172 0.0000000000
75847  1.196  -18.465  23.257 0.0000000000
75848  0.379  -18.600  23.491 0.0000000000
76712  4.418  -17.464  46.317 0.0000000000
76720  5.467  -17.448  45.676 0.0000000000
76721  4.601  -17.826  45.867 0.0000000000
76725  6.108  -17.258  45.263 0.0000000000
76726  5.474  -17.568  45.297 0.0000000000
76727  4.823  -18.057  45.613 0.0000000000
76730  5.981  -17.471  45.025 0.0000000000
76733  5.697  -17.596  44.831 0.0000000000
76734  5.441  -17.869  44.986 0.0000000000
76735  0.930  -19.390  46.031 0.0000000000
76736  0.140  -19.309  45.753 0.0000000000
76742  5.108  -18.302  44.959 0.0000000000
76743  4.561  -18.761  45.102 0.0000000000
76744  3.680  -19.138  45.124 0.0000000000
76745  2.659  -19.611  45.331 0.0000000000
76746  1.552  -20.034  45.613 0.0000000000
76747  -0.070  -19.957  45.312 0.0000000000
76748  -1.079  -20.016  44.239 0.0000000000
76791  5.340  -17.629  36.001 0.0000000000
76792  5.010  -17.838  35.916 0.0000000000
76793  4.181  -17.476  35.137 0.0000000000
76794  2.886  -17.231  34.918 0.0000000000
76795  1.506  -17.139  34.891 0.0000000000
76796  0.063  -17.323  35.184 0.0000000000
76797  -1.453  -18.105  36.486 0.0000000000
76809  5.608  -18.543  35.304 0.0000000000
76810  5.314  -18.170  35.713 0.0000000000
76811  5.023  -18.362  35.797 0.0000000000
76822  5.708  -18.875  34.939 0.0000000000
76840  5.596  -19.376  34.549 0.0000000000
76857  5.607  -19.503  34.334 0.0000000000
76858  5.470  -19.257  34.407 0.0000000000
76873  5.855  -19.987  33.777 0.0000000000
76874  5.732  -19.714  33.932 0.0000000000
76875  5.191  -19.406  34.069 0.0000000000
76876  4.440  -19.293  34.321 0.0000000000
76877  3.513  -19.217  34.437 0.0000000000
76878  2.622  -19.036  34.252 0.0000000000
76882  5.575  -20.249  33.478 0.0000000000
76883  4.843  -20.023  33.650 0.0000000000
76884  3.914  -19.978  33.915 0.0000000000
76885  2.911  -19.780  33.918 0.0000000000
76886  1.765  -19.401  33.757 0.0000000000
76887  0.630  -19.447  33.576 0.0000000000
76888  -0.561  -19.400  33.490 0.0000000000
76889  -2.063  -19.259  33.010 0.0000000000
76894  -2.566  -19.065  31.767 0.0000000000
76902  -2.294  -18.675  29.832 0.0000000000
76911  -2.689  -18.313  27.730 0.0000000000
76918  -2.640  -18.126  26.112 0.0000000000
76930  -1.044  -18.094  25.239 0.0000000000
76940  1.519  -17.787  23.865 0.0000000000
76941  0.937  -17.708  23.573 0.0000000000
76942  0.016  -17.935  24.068 0.0000000000
76956  0.843  -18.181  23.499 0.0000000000
76957  0.590  -18.085  23.660 0.0000000000
77810  5.942  -16.569  46.600 0.0000000000
77811  5.159  -16.978  46.814 0.0000000000
77824  6.702  -16.438  45.993 0.0000000000
77825  6.136  -16.902  46.075 0.0000000000
77826  5.370  -17.287  46.253 0.0000000000
77839  6.524  -16.555  45.579 0.0000000000
77840  6.182  -17.083  45.623 0.0000000000
77852  6.315  -16.803  45.197 0.0000000000
77853  6.185  -16.833  44.953 0.0000000000
77863  6.119  -17.147  44.891 0.0000000000
77864  5.920  -17.261  44.825 0.0000000000
77865  2.621  -17.961  46.336 0.0000000000
77866  1.661  -18.497  46.500 0.0000000000
77867  0.099  -18.650  46.136 0.0000000000
77868  -0.930  -18.450  45.416 0.0000000000
77879  5.631  -17.711  45.022 0.0000000000
77880  4.960  -18.047  45.291 0.0000000000
77881  4.286  -18.378  45.566 0.0000000000
77882  3.061  -18.478  45.732 0.0000000000
77883  2.015  -19.250  45.899 0.0000000000
77884  -0.467  -19.124  45.464 0.0000000000
77885  -1.601  -19.158  44.753 0.0000000000
77886  -1.783  -19.645  43.939 0.0000000000
77897  -2.101  -19.009  43.495 0.0000000000
77906  -2.456  -18.197  42.246 0.0000000000
77907  -2.711  -17.209  41.393 0.0000000000
77915  -2.434  -17.564  40.385 0.0000000000
77916  -2.599  -16.637  40.482 0.0000000000
77923  0.256  -15.732  35.662 0.0000000000
77924  -0.378  -16.044  36.233 0.0000000000
77925  -1.871  -16.911  37.936 0.0000000000
77932  5.330  -17.328  36.138 0.0000000000
77933  4.801  -17.046  35.887 0.0000000000
77934  3.685  -16.617  35.268 0.0000000000
77935  2.328  -16.352  35.112 0.0000000000
77936  0.713  -16.086  35.328 0.0000000000
77937  -0.792  -16.933  36.310 0.0000000000
77938  -1.746  -17.494  37.155 0.0000000000
77950  5.613  -17.674  35.603 0.0000000000
77951  5.636  -17.296  36.031 0.0000000000
77963  5.689  -17.796  35.359 0.0000000000
77983  5.624  -18.190  35.148 0.0000000000
78008  5.607  -18.262  34.919 0.0000000000
78009  5.464  -18.403  34.767 0.0000000000
78010  5.187  -18.062  34.828 0.0000000000
78024  5.315  -18.818  34.470 0.0000000000
78025  4.819  -18.477  34.617 0.0000000000
78026  4.036  -18.514  34.756 0.0000000000
78027  3.080  -18.397  34.588 0.0000000000
78028  1.639  -18.458  34.360 0.0000000000
78029  0.347  -18.085  34.448 0.0000000000
78030  -0.865  -17.682  34.047 0.0000000000
78031  -1.509  -17.268  33.667 0.0000000000
78036  1.098  -19.105  34.189 0.0000000000
78037  0.376  -19.000  34.364 0.0000000000
78038  -0.863  -18.573  33.778 0.0000000000
78039  -2.466  -17.933  33.011 0.0000000000
78046  -2.291  -17.632  30.893 0.0000000000
78054  -2.531  -17.351  28.892 0.0000000000
78061  -2.820  -17.125  26.987 0.0000000000
78071  -0.483  -16.340  24.874 0.0000000000
78072  -1.620  -16.986  25.646 0.0000000000
78085  1.216  -17.001  24.474 0.0000000000
78086  0.380  -16.807  24.379 0.0000000000
78087  -0.436  -17.190  24.627 0.0000000000
78098  1.127  -17.415  23.895 0.0000000000
78099  0.862  -17.248  24.080 0.0000000000
78100  0.381  -17.381  24.164 0.0000000000
79006  7.176  -15.569  46.970 0.0000000000
79007  6.652  -15.752  47.145 0.0000000000
79008  5.721  -16.412  47.145 0.0000000000
79017  7.065  -15.704  46.560 0.0000000000
79018  6.567  -16.281  46.430 0.0000000000
79027  7.040  -15.847  45.971 0.0000000000
79037  6.799  -16.091  45.563 0.0000000000
79038  6.366  -16.349  45.300 0.0000000000
79039  1.303  -16.588  46.890 0.0000000000
79040  0.640  -16.665  47.010 0.0000000000
79041  -0.657  -16.627  46.694 0.0000000000
79042  -1.650  -16.517  46.044 0.0000000000
79043  -2.081  -16.420  45.591 0.0000000000
79054  6.105  -16.586  44.961 0.0000000000
79055  5.808  -16.617  44.957 0.0000000000
79056  4.298  -17.449  45.951 0.0000000000
79057  3.618  -17.594  46.223 0.0000000000
79058  1.914  -17.056  46.658 0.0000000000
79059  0.413  -17.606  46.741 0.0000000000
79060  -0.938  -17.525  45.906 0.0000000000
79061  -2.053  -16.984  45.513 0.0000000000
79062  -2.221  -16.392  45.144 0.0000000000
79072  5.807  -17.038  44.840 0.0000000000
79073  5.407  -17.208  45.148 0.0000000000
79074  4.689  -17.632  45.858 0.0000000000
79075  4.014  -18.038  45.848 0.0000000000
79076  -2.021  -17.927  45.165 0.0000000000
79077  -2.381  -16.768  44.529 0.0000000000
79078  -2.343  -16.034  44.711 0.0000000000
79088  -2.445  -17.896  43.720 0.0000000000
79089  -2.658  -16.475  43.075 0.0000000000
79096  -2.664  -17.227  42.380 0.0000000000
79097  -2.985  -16.259  41.459 0.0000000000
79106  -2.368  -16.360  39.182 0.0000000000
79107  -2.685  -15.772  39.981 0.0000000000
79115  2.610  -15.441  36.053 0.0000000000
79116  1.909  -15.227  36.041 0.0000000000
79117  0.448  -15.281  35.995 0.0000000000
79118  -0.983  -15.696  36.943 0.0000000000
79119  -1.818  -15.894  37.961 0.0000000000
79132  6.108  -16.423  36.199 0.0000000000
79133  5.528  -16.581  36.223 0.0000000000
79134  4.451  -16.209  36.059 0.0000000000
79135  3.223  -15.831  35.886 0.0000000000
79136  2.032  -15.547  35.389 0.0000000000
79137  1.274  -15.453  35.619 0.0000000000
79150  6.060  -16.851  35.921 0.0000000000
79151  5.957  -16.824  36.162 0.0000000000
79162  6.077  -16.932  35.589 0.0000000000
79177  5.962  -16.990  35.320 0.0000000000
79197  5.741  -17.239  35.158 0.0000000000
79198  5.425  -17.202  35.029 0.0000000000
79199  4.756  -17.337  34.919 0.0000000000
79200  4.288  -17.034  34.934 0.0000000000
79214  4.398  -17.967  34.870 0.0000000000
79215  3.846  -17.558  34.899 0.0000000000
79216  2.558  -17.544  34.771 0.0000000000
79217  1.261  -17.396  34.771 0.0000000000
79218  0.112  -17.252  34.940 0.0000000000
79219  -0.949  -16.825  34.261 0.0000000000
79220  -1.941  -16.622  33.247 0.0000000000
79226  -2.804  -16.603  31.735 0.0000000000
79231  -2.612  -16.391  29.848 0.0000000000
79238  -2.571  -16.164  27.993 0.0000000000
79245  -2.286  -16.013  26.419 0.0000000000
79257  -0.273  -15.574  25.262 0.0000000000
79258  -1.337  -15.930  25.509 0.0000000000
79271  0.569  -16.055  24.599 0.0000000000
80204  7.479  -15.153  47.243 0.0000000000
80205  7.155  -15.414  47.393 0.0000000000
80212  7.499  -15.074  46.534 0.0000000000
80218  7.199  -15.254  46.112 0.0000000000
80226  6.681  -15.623  45.643 0.0000000000
80227  6.335  -16.111  45.256 0.0000000000
80228  2.371  -15.947  46.730 0.0000000000
80229  1.362  -16.039  46.932 0.0000000000
80230  -0.216  -15.742  47.127 0.0000000000
80231  -1.598  -15.433  46.375 0.0000000000
80232  -1.961  -15.952  45.630 0.0000000000
80233  -2.127  -16.165  45.369 0.0000000000
80241  6.479  -15.537  45.543 0.0000000000
80242  6.137  -15.973  45.257 0.0000000000
80243  5.353  -16.393  45.321 0.0000000000
80244  4.373  -16.624  45.821 0.0000000000
80245  3.086  -16.363  46.373 0.0000000000
80246  2.221  -16.287  46.599 0.0000000000
80247  -2.010  -14.759  45.818 0.0000000000
80248  -2.037  -15.235  45.198 0.0000000000
80249  -2.150  -15.902  45.110 0.0000000000
80257  5.119  -16.979  45.316 0.0000000000
80258  4.915  -16.854  45.462 0.0000000000
80259  -2.666  -15.455  44.121 0.0000000000
80260  -2.308  -15.658  44.777 0.0000000000
80269  -2.913  -15.217  42.335 0.0000000000
80276  -3.194  -14.973  40.617 0.0000000000
80286  -2.465  -15.209  38.504 0.0000000000
80287  -2.910  -15.123  39.570 0.0000000000
80300  3.097  -14.958  36.275 0.0000000000
80301  1.688  -14.692  36.245 0.0000000000
80302  0.505  -14.545  36.294 0.0000000000
80303  -0.570  -14.872  36.716 0.0000000000
80304  -1.496  -15.235  37.438 0.0000000000
80318  6.315  -16.082  36.122 0.0000000000
80319  6.072  -15.618  36.319 0.0000000000
80320  5.121  -15.547  36.287 0.0000000000
80321  4.140  -15.442  36.195 0.0000000000
80332  6.439  -15.829  35.951 0.0000000000
80333  6.412  -15.649  36.147 0.0000000000
80344  6.310  -15.979  35.578 0.0000000000
80356  6.185  -15.854  35.269 0.0000000000
80357  6.254  -15.440  35.026 0.0000000000
80372  5.994  -16.518  35.210 0.0000000000
80373  5.910  -16.030  35.040 0.0000000000
80374  5.307  -16.159  34.842 0.0000000000
80375  4.437  -16.284  34.643 0.0000000000
80376  3.923  -15.907  34.549 0.0000000000
80377  0.802  -15.660  34.928 0.0000000000
80378  -0.329  -15.312  34.912 0.0000000000
80379  -1.063  -15.017  34.683 0.0000000000
80391  4.022  -16.889  34.873 0.0000000000
80392  3.397  -16.559  34.734 0.0000000000
80393  2.042  -16.746  34.989 0.0000000000
80394  0.966  -16.647  35.106 0.0000000000
80395  -0.158  -16.269  34.933 0.0000000000
80396  -1.400  -15.606  34.098 0.0000000000
80401  -2.555  -15.495  32.436 0.0000000000
80405  -3.488  -15.374  30.597 0.0000000000
80415  -2.871  -15.190  28.756 0.0000000000
80427  -2.293  -15.155  27.231 0.0000000000
80440  0.045  -14.743  25.618 0.0000000000
80441  -1.233  -15.144  26.129 0.0000000000
81347  7.968  -14.235  47.828 0.0000000000
81358  8.146  -13.817  46.857 0.0000000000
81359  8.052  -14.246  47.072 0.0000000000
81372  7.969  -13.796  46.706 0.0000000000
81373  7.727  -14.394  46.634 0.0000000000
81388  7.788  -13.638  46.678 0.0000000000
81389  7.318  -14.414  46.383 0.0000000000
81390  -0.217  -13.641  47.356 0.0000000000
81391  -0.911  -13.434  46.540 0.0000000000
81392  -1.138  -13.281  46.087 0.0000000000
81401  6.355  -14.952  45.903 0.0000000000
81402  5.345  -14.937  46.184 0.0000000000
81403  4.392  -15.093  46.686 0.0000000000
81404  3.298  -15.245  47.250 0.0000000000
81405  2.013  -15.384  47.454 0.0000000000
81406  0.461  -14.937  47.438 0.0000000000
81407  -0.808  -14.505  46.909 0.0000000000
81408  -1.689  -13.916  45.904 0.0000000000
81409  -1.849  -13.514  45.214 0.0000000000
81420  6.228  -15.501  45.520 0.0000000000
81421  5.751  -15.515  45.553 0.0000000000
81422  4.862  -15.602  45.805 0.0000000000
81423  3.899  -15.762  46.395 0.0000000000
81424  2.976  -15.743  46.759 0.0000000000
81425  -1.877  -14.526  45.432 0.0000000000
81426  -2.026  -14.148  44.620 0.0000000000
81436  -2.863  -14.144  43.201 0.0000000000
81447  -3.158  -14.020  41.661 0.0000000000
81459  -3.325  -13.897  40.231 0.0000000000
81471  -2.608  -13.983  38.127 0.0000000000
81472  -3.136  -14.408  39.247 0.0000000000
81486  3.707  -14.085  36.543 0.0000000000
81487  2.584  -14.120  36.467 0.0000000000
81488  1.236  -14.003  36.389 0.0000000000
81489  -0.280  -14.027  36.631 0.0000000000
81490  -1.568  -14.432  37.358 0.0000000000
81503  6.137  -14.742  36.361 0.0000000000
81504  5.590  -14.785  36.423 0.0000000000
81505  4.537  -14.640  36.408 0.0000000000
81517  6.584  -14.940  35.953 0.0000000000
81518  6.431  -15.035  36.162 0.0000000000
81531  6.587  -15.133  35.688 0.0000000000
81541  6.492  -15.278  35.383 0.0000000000
81542  6.434  -15.033  35.087 0.0000000000
81558  6.257  -15.000  34.874 0.0000000000
81559  5.850  -15.121  34.713 0.0000000000
81560  5.156  -15.170  34.573 0.0000000000
81561  4.203  -15.135  34.502 0.0000000000
81562  3.181  -14.908  34.574 0.0000000000
81563  1.893  -14.988  34.867 0.0000000000
81564  0.570  -14.671  34.916 0.0000000000
81565  -0.661  -14.506  34.892 0.0000000000
81574  3.503  -15.666  34.536 0.0000000000
81575  2.639  -15.830  34.723 0.0000000000
81576  1.673  -16.074  35.104 0.0000000000
81577  -1.598  -14.479  34.325 0.0000000000
81582  -2.148  -14.460  33.026 0.0000000000
81588  -2.931  -14.288  31.372 0.0000000000
81598  -3.634  -14.075  29.504 0.0000000000
81609  -0.221  -13.490  26.574 0.0000000000
81610  -1.868  -13.825  27.597 0.0000000000
81619  0.278  -14.067  25.983 0.0000000000
81620  -0.691  -14.288  26.413 0.0000000000
81621  -1.484  -14.638  26.896 0.0000000000
82516  8.070  -13.298  48.454 0.0000000000
82523  8.328  -12.930  47.636 0.0000000000
82524  8.291  -13.509  47.692 0.0000000000
82529  8.143  -13.192  47.127 0.0000000000
82530  8.250  -13.531  47.226 0.0000000000
82540  7.895  -13.217  46.889 0.0000000000
82541  7.509  -13.130  47.101 0.0000000000
82558  7.817  -13.409  46.771 0.0000000000
82559  7.438  -13.514  46.788 0.0000000000
82560  4.199  -13.949  48.370 0.0000000000
82561  2.873  -13.660  48.592 0.0000000000
82562  1.595  -13.304  48.389 0.0000000000
82563  0.430  -12.763  47.681 0.0000000000
82564  -0.663  -12.299  46.678 0.0000000000
82565  -0.939  -12.970  46.232 0.0000000000
82580  6.687  -14.021  46.628 0.0000000000
82581  5.804  -14.408  46.931 0.0000000000
82582  4.837  -14.558  47.325 0.0000000000
82583  3.719  -14.578  47.822 0.0000000000
82584  2.420  -14.512  48.178 0.0000000000
82585  1.039  -14.120  47.896 0.0000000000
82586  -0.577  -11.543  45.468 0.0000000000
82587  -1.186  -12.759  45.674 0.0000000000
82588  -1.646  -13.277  45.402 0.0000000000
82605  -0.771  -11.974  44.631 0.0000000000
82606  -1.654  -12.939  44.744 0.0000000000
82621  -1.091  -12.189  43.766 0.0000000000
82622  -2.020  -13.131  43.575 0.0000000000
82641  -1.712  -12.170  42.905 0.0000000000
82642  -2.982  -13.044  42.570 0.0000000000
82660  -2.938  -12.288  42.367 0.0000000000
82661  -3.222  -12.853  41.072 0.0000000000
82677  -2.551  -13.438  38.115 0.0000000000
82678  -3.227  -13.076  38.864 0.0000000000
82698  3.959  -13.565  36.595 0.0000000000
82699  3.311  -13.480  36.541 0.0000000000
82700  2.115  -13.344  36.415 0.0000000000
82701  0.520  -13.202  36.456 0.0000000000
82702  -1.588  -13.123  37.355 0.0000000000
82703  -2.363  -12.167  38.167 0.0000000000
82721  5.882  -14.213  36.398 0.0000000000
82722  5.243  -13.965  36.411 0.0000000000
82723  4.480  -13.649  36.507 0.0000000000
82738  6.447  -14.380  36.024 0.0000000000
82739  6.230  -14.081  36.204 0.0000000000
82751  6.493  -14.307  35.761 0.0000000000
82762  6.527  -14.460  35.329 0.0000000000
82763  6.411  -14.293  34.954 0.0000000000
82775  6.174  -14.273  34.708 0.0000000000
82776  5.742  -14.297  34.547 0.0000000000
82777  4.964  -14.117  34.517 0.0000000000
82778  3.904  -13.942  34.580 0.0000000000
82779  2.709  -13.885  34.734 0.0000000000
82780  1.427  -13.822  34.932 0.0000000000
82781  0.084  -13.728  35.065 0.0000000000
82782  -1.270  -13.624  34.766 0.0000000000
82787  -2.533  -13.431  33.841 0.0000000000
82788  -2.887  -12.772  33.196 0.0000000000
82793  -2.950  -13.180  32.278 0.0000000000
82794  -2.970  -12.573  32.681 0.0000000000
82798  -3.183  -13.115  30.435 0.0000000000
82804  -2.869  -12.923  28.915 0.0000000000
82812  0.384  -12.801  26.777 0.0000000000
82813  -0.683  -12.852  27.290 0.0000000000
82814  -1.619  -12.751  28.005 0.0000000000
83709  8.270  -11.774  48.648 0.0000000000
83710  8.223  -12.131  48.828 0.0000000000
83716  8.310  -12.182  48.198 0.0000000000
83717  8.360  -12.787  48.139 0.0000000000
83722  8.154  -12.442  47.660 0.0000000000
83727  7.911  -12.592  47.337 0.0000000000
83728  7.452  -12.738  47.347 0.0000000000
83729  2.677  -12.047  48.810 0.0000000000
83730  2.230  -11.959  48.586 0.0000000000
83731  1.607  -11.738  48.190 0.0000000000
83743  6.868  -12.940  47.396 0.0000000000
83744  5.914  -13.069  47.926 0.0000000000
83745  4.817  -13.293  48.448 0.0000000000
83746  3.259  -12.787  48.804 0.0000000000
83747  2.063  -12.568  48.628 0.0000000000
83748  1.129  -11.986  47.831 0.0000000000
83749  0.208  -11.521  47.092 0.0000000000
83765  6.668  -13.431  47.164 0.0000000000
83766  5.965  -13.771  47.551 0.0000000000
83767  5.191  -14.044  47.807 0.0000000000
83829  -1.002  -11.343  42.881 0.0000000000
83842  -2.122  -11.554  42.190 0.0000000000
83843  -3.281  -11.867  40.466 0.0000000000
83853  -3.231  -11.648  38.965 0.0000000000
83865  4.560  -12.876  36.440 0.0000000000
83866  4.168  -13.008  36.540 0.0000000000
83867  3.024  -12.649  36.498 0.0000000000
83868  1.644  -12.401  36.326 0.0000000000
83869  0.005  -12.096  36.434 0.0000000000
83870  -1.346  -11.720  37.381 0.0000000000
83871  -2.499  -11.194  38.118 0.0000000000
83881  5.760  -13.505  36.303 0.0000000000
83882  4.881  -13.037  36.327 0.0000000000
83883  4.553  -13.227  36.458 0.0000000000
83891  6.333  -13.511  35.964 0.0000000000
83892  6.096  -13.209  36.150 0.0000000000
83895  6.359  -13.448  35.502 0.0000000000
83896  6.254  -12.887  35.368 0.0000000000
83898  6.417  -13.851  35.144 0.0000000000
83899  6.118  -13.278  35.017 0.0000000000
83900  5.419  -12.555  34.883 0.0000000000
83901  4.945  -12.164  34.865 0.0000000000
83903  6.001  -13.817  34.695 0.0000000000
83904  5.578  -13.469  34.693 0.0000000000
83905  4.638  -12.818  34.637 0.0000000000
83906  3.418  -12.852  34.692 0.0000000000
83907  2.188  -12.840  35.083 0.0000000000
83908  0.842  -12.842  35.259 0.0000000000
83909  -0.569  -12.785  35.220 0.0000000000
83910  -1.829  -12.597  34.485 0.0000000000
83913  -2.886  -12.420  33.801 0.0000000000
83914  -2.952  -12.190  33.103 0.0000000000
83917  -2.782  -12.378  31.160 0.0000000000
83918  -2.620  -12.083  32.085 0.0000000000
83921  -3.035  -11.950  29.817 0.0000000000
83922  -2.689  -11.754  31.016 0.0000000000
83929  0.265  -11.472  27.421 0.0000000000
83930  -0.658  -11.582  27.789 0.0000000000
83931  -1.897  -11.880  28.464 0.0000000000
83940  -0.079  -12.180  27.346 0.0000000000
83941  -0.937  -12.273  27.800 0.0000000000
84790  7.766  -11.021  49.473 0.0000000000
84797  8.105  -11.322  49.004 0.0000000000
84798  8.021  -11.471  49.359 0.0000000000
84806  8.128  -11.546  48.525 0.0000000000
84814  8.090  -11.822  48.053 0.0000000000
84821  7.833  -11.948  47.747 0.0000000000
84822  7.339  -12.134  47.693 0.0000000000
84823  3.684  -11.945  49.115 0.0000000000
84824  3.090  -11.979  49.009 0.0000000000
84832  6.733  -12.370  47.795 0.0000000000
84833  5.960  -12.561  48.181 0.0000000000
84834  4.668  -12.475  48.781 0.0000000000
84835  3.975  -12.651  48.901 0.0000000000
84935  -2.614  -10.828  41.710 0.0000000000
84936  -3.280  -10.863  40.202 0.0000000000
84943  -3.250  -10.637  38.917 0.0000000000
84949  4.503  -12.576  36.480 0.0000000000
84950  3.896  -11.995  36.655 0.0000000000
84951  2.693  -11.612  36.464 0.0000000000
84952  1.182  -11.252  36.123 0.0000000000
84953  -0.278  -10.966  36.622 0.0000000000
84954  -1.539  -10.667  37.488 0.0000000000
84955  -2.606  -10.292  38.190 0.0000000000
84962  5.623  -12.599  36.225 0.0000000000
84963  4.788  -11.971  36.370 0.0000000000
84964  4.257  -11.209  36.689 0.0000000000
84971  6.265  -12.826  35.830 0.0000000000
84972  6.069  -12.450  36.032 0.0000000000
84976  6.231  -12.604  35.642 0.0000000000
84977  6.051  -12.343  35.448 0.0000000000
84979  5.625  -12.041  35.242 0.0000000000
84980  5.054  -11.714  35.105 0.0000000000
84981  4.436  -11.620  34.853 0.0000000000
84982  3.689  -11.296  34.794 0.0000000000
84984  3.868  -12.034  34.682 0.0000000000
84985  2.890  -11.731  34.933 0.0000000000
84986  1.517  -11.850  35.497 0.0000000000
84987  0.099  -11.883  35.751 0.0000000000
84988  -1.294  -11.766  35.184 0.0000000000
84989  -2.584  -11.600  34.275 0.0000000000
84990  -2.988  -11.172  33.598 0.0000000000
84993  -3.037  -11.770  33.587 0.0000000000
84994  -2.869  -11.352  32.730 0.0000000000
84997  -2.876  -11.203  31.480 0.0000000000
85002  -2.093  -10.999  29.191 0.0000000000
85003  -2.777  -11.081  30.320 0.0000000000
85011  -0.290  -10.776  27.638 0.0000000000
85012  -1.126  -10.895  28.282 0.0000000000
85902  7.561  -10.827  49.515 0.0000000000
85910  7.619  -10.775  49.261 0.0000000000
85911  7.395  -10.658  49.552 0.0000000000
85917  7.692  -10.922  48.854 0.0000000000
85918  7.265  -10.719  48.903 0.0000000000
85926  7.734  -11.373  48.377 0.0000000000
85927  7.261  -10.997  48.664 0.0000000000
85939  7.771  -11.613  48.047 0.0000000000
85940  7.099  -11.520  48.300 0.0000000000
85941  5.814  -11.796  48.869 0.0000000000
85942  4.323  -11.877  49.151 0.0000000000
85955  6.639  -11.980  48.176 0.0000000000
85956  5.880  -12.200  48.517 0.0000000000
85957  5.260  -12.304  48.704 0.0000000000
86049  -2.831  -10.065  41.371 0.0000000000
86050  -3.249  -9.991  40.052 0.0000000000
86064  -3.292  -9.813  38.879 0.0000000000
86072  3.501  -10.892  36.753 0.0000000000
86073  2.320  -10.453  36.470 0.0000000000
86074  0.739  -10.135  36.317 0.0000000000
86075  -0.607  -9.975  37.070 0.0000000000
86076  -1.759  -9.804  37.820 0.0000000000
86077  -2.710  -9.643  38.349 0.0000000000
86084  5.383  -11.591  36.175 0.0000000000
86085  4.695  -10.857  36.508 0.0000000000
86086  4.053  -10.393  36.756 0.0000000000
86095  6.162  -12.230  35.872 0.0000000000
86096  5.645  -11.494  35.968 0.0000000000
86107  6.040  -11.992  35.798 0.0000000000
86108  5.431  -11.397  35.739 0.0000000000
86115  5.069  -11.059  35.441 0.0000000000
86116  4.606  -10.812  35.140 0.0000000000
86117  3.904  -10.621  34.997 0.0000000000
86118  3.053  -10.621  35.055 0.0000000000
86121  2.029  -10.802  35.374 0.0000000000
86122  0.782  -10.902  35.869 0.0000000000
86123  -0.576  -10.828  35.581 0.0000000000
86124  -1.916  -10.725  34.782 0.0000000000
86125  -3.000  -10.609  34.042 0.0000000000
86126  -3.085  -10.514  32.999 0.0000000000
86130  -2.982  -10.481  31.903 0.0000000000
86135  -3.001  -10.395  30.783 0.0000000000
86140  -1.515  -10.084  28.720 0.0000000000
86141  -2.492  -10.244  29.756 0.0000000000
86148  -0.689  -10.047  27.884 0.0000000000
87040  7.405  -10.627  49.237 0.0000000000
87041  7.020  -10.487  49.627 0.0000000000
87047  7.543  -10.675  49.047 0.0000000000
87048  7.155  -10.589  49.197 0.0000000000
87056  6.594  -10.785  49.115 0.0000000000
87057  5.089  -10.912  49.416 0.0000000000
87068  6.836  -11.073  48.730 0.0000000000
87069  6.086  -11.346  49.161 0.0000000000
87070  4.466  -11.325  49.260 0.0000000000
87121  -3.116  -9.243  41.215 0.0000000000
87138  -3.348  -9.223  39.873 0.0000000000
87154  3.619  -9.260  36.689 0.0000000000
87155  3.277  -9.697  36.803 0.0000000000
87156  1.713  -9.350  36.768 0.0000000000
87157  0.172  -9.145  36.787 0.0000000000
87158  -1.118  -9.084  37.465 0.0000000000
87159  -2.113  -9.092  38.386 0.0000000000
87160  -3.217  -9.128  38.824 0.0000000000
87164  5.010  -10.351  36.242 0.0000000000
87165  4.187  -9.823  36.659 0.0000000000
87166  3.918  -9.975  36.776 0.0000000000
87170  5.143  -10.317  35.982 0.0000000000
87180  4.984  -10.075  35.734 0.0000000000
87181  4.469  -9.602  35.598 0.0000000000
87190  4.726  -10.232  35.420 0.0000000000
87191  4.046  -9.809  35.334 0.0000000000
87192  3.182  -9.704  35.265 0.0000000000
87193  2.151  -9.676  35.442 0.0000000000
87194  1.151  -9.394  35.828 0.0000000000
87197  1.314  -10.119  35.925 0.0000000000
87198  0.210  -9.828  35.802 0.0000000000
87199  -1.316  -9.774  35.160 0.0000000000
87200  -2.722  -9.751  34.432 0.0000000000
87201  -3.208  -9.701  33.355 0.0000000000
87202  -3.598  -9.715  32.172 0.0000000000
87206  -2.887  -9.621  30.784 0.0000000000
87207  -2.924  -9.714  31.083 0.0000000000
87211  -2.830  -9.589  30.554 0.0000000000
87212  -2.994  -9.641  30.249 0.0000000000
87218  -0.700  -9.218  28.184 0.0000000000
87219  -1.892  -9.285  29.466 0.0000000000
88100  6.025  -10.096  50.082 0.0000000000
88111  6.322  -10.424  49.712 0.0000000000
88124  6.541  -10.572  49.422 0.0000000000
88125  5.683  -10.567  49.597 0.0000000000
88183  -3.366  -7.909  39.863 0.0000000000
88184  -3.281  -8.451  40.769 0.0000000000
88197  3.089  -8.583  36.779 0.0000000000
88198  2.235  -8.550  36.932 0.0000000000
88199  0.901  -8.362  37.047 0.0000000000
88200  -0.553  -8.282  37.346 0.0000000000
88201  -1.787  -8.325  38.185 0.0000000000
88202  -3.029  -8.421  38.799 0.0000000000
88203  -3.345  -8.641  39.603 0.0000000000
88216  4.352  -9.293  36.352 0.0000000000
88217  3.678  -8.924  36.486 0.0000000000
88229  4.817  -9.496  36.153 0.0000000000
88246  4.721  -9.333  35.989 0.0000000000
88247  4.297  -9.086  35.845 0.0000000000
88264  3.750  -8.956  35.715 0.0000000000
88265  3.144  -8.829  35.495 0.0000000000
88266  2.337  -8.693  35.445 0.0000000000
88267  1.292  -8.590  35.544 0.0000000000
88268  0.318  -8.329  35.545 0.0000000000
88281  0.506  -8.955  35.684 0.0000000000
88282  -0.640  -8.751  35.366 0.0000000000
88283  -2.275  -8.798  34.790 0.0000000000
88284  -3.352  -8.814  33.782 0.0000000000
88285  -3.578  -8.856  32.472 0.0000000000
88294  -2.913  -9.326  30.853 0.0000000000
88295  -2.745  -8.902  31.145 0.0000000000
88302  -2.690  -9.277  30.542 0.0000000000
88303  -2.855  -8.840  30.051 0.0000000000
88312  -1.136  -8.442  29.083 0.0000000000
88313  -2.207  -8.490  29.609 0.0000000000
89268  2.819  -7.913  36.635 0.0000000000
89269  2.445  -7.827  36.829 0.0000000000
89270  1.432  -7.433  37.026 0.0000000000
89271  -0.084  -7.405  37.252 0.0000000000
89272  -1.436  -7.448  37.992 0.0000000000
89273  -2.838  -7.485  38.875 0.0000000000
89276  3.661  -8.564  36.260 0.0000000000
89277  2.994  -7.866  36.383 0.0000000000
89278  2.546  -7.348  36.558 0.0000000000
89279  2.139  -7.096  36.847 0.0000000000
89287  4.027  -8.822  36.097 0.0000000000
89288  3.135  -7.854  36.097 0.0000000000
89300  4.477  -9.018  36.015 0.0000000000
89301  3.712  -8.493  36.047 0.0000000000
89316  3.431  -8.248  35.924 0.0000000000
89317  2.949  -7.970  35.722 0.0000000000
89318  2.343  -7.785  35.560 0.0000000000
89319  1.488  -7.696  35.388 0.0000000000
89320  0.574  -7.724  35.403 0.0000000000
89336  -0.380  -7.803  35.438 0.0000000000
89337  -1.714  -7.843  35.118 0.0000000000
89338  -2.981  -7.867  34.186 0.0000000000
89339  -3.246  -7.836  32.760 0.0000000000
89350  -3.070  -7.931  31.441 0.0000000000
89361  -3.394  -8.079  30.231 0.0000000000
89373  -1.937  -7.699  29.414 0.0000000000
89374  -3.009  -7.952  29.688 0.0000000000
90395  1.568  -6.241  36.887 0.0000000000
90396  0.227  -6.403  37.133 0.0000000000
90400  2.753  -6.719  36.192 0.0000000000
90401  2.580  -6.642  36.430 0.0000000000
90402  2.312  -6.619  36.725 0.0000000000
90409  2.750  -6.934  36.067 0.0000000000
90416  2.833  -7.182  36.055 0.0000000000
90417  2.870  -6.448  35.945 0.0000000000
90425  3.134  -7.765  36.015 0.0000000000
90426  2.718  -7.021  35.904 0.0000000000
90427  2.344  -6.823  35.508 0.0000000000
90428  1.620  -6.748  35.270 0.0000000000
90429  0.374  -6.796  35.391 0.0000000000
90430  -0.486  -6.488  35.502 0.0000000000
90441  -0.040  -7.290  35.466 0.0000000000
90442  -0.991  -6.948  35.456 0.0000000000
90443  -2.459  -6.950  34.616 0.0000000000
90444  -3.336  -7.013  33.172 0.0000000000
90453  -3.820  -7.166  31.672 0.0000000000
90460  -3.821  -7.328  30.378 0.0000000000
90471  -1.744  -6.695  29.201 0.0000000000
90472  -2.980  -7.064  29.400 0.0000000000
90473  -3.626  -7.475  29.710 0.0000000000
91549  2.906  -5.964  36.181 0.0000000000
91550  2.878  -5.486  36.425 0.0000000000
91558  2.861  -6.255  36.067 0.0000000000
91565  2.784  -6.567  36.026 0.0000000000
91589  -3.451  -6.168  33.782 0.0000000000
91600  -4.072  -6.237  32.069 0.0000000000
91610  -3.702  -5.590  29.563 0.0000000000
91611  -3.992  -6.410  30.594 0.0000000000
91626  -2.876  -5.893  29.065 0.0000000000
91627  -3.729  -6.671  29.591 0.0000000000
92727  -3.607  -4.454  29.632 0.0000000000
92728  -3.844  -5.222  30.882 0.0000000000
92743  -3.263  -4.961  28.912 0.0000000000
