#!ascii label  , from subject subject001 vox2ras=TkReg
1405
11607  29.377  -74.916  -47.159 0.0000000000
12572  29.410  -73.733  -46.435 0.0000000000
12573  29.230  -73.858  -46.333 0.0000000000
12585  30.391  -74.181  -47.146 0.0000000000
12586  29.815  -74.091  -46.848 0.0000000000
12587  28.966  -74.056  -46.314 0.0000000000
12604  31.033  -74.796  -48.118 0.0000000000
12605  30.353  -75.135  -47.696 0.0000000000
13611  29.205  -73.611  -46.397 0.0000000000
13612  29.002  -73.699  -46.325 0.0000000000
13622  30.138  -73.912  -47.136 0.0000000000
13623  29.337  -73.500  -46.593 0.0000000000
13624  28.586  -73.462  -46.409 0.0000000000
13637  32.401  -75.528  -49.479 0.0000000000
13638  31.387  -74.849  -48.753 0.0000000000
13639  30.670  -74.206  -47.904 0.0000000000
13653  32.841  -75.333  -50.266 0.0000000000
13667  32.788  -75.518  -51.060 0.0000000000
14684  29.947  -73.836  -47.717 0.0000000000
14685  29.511  -73.272  -47.155 0.0000000000
14686  28.842  -73.008  -47.062 0.0000000000
14687  28.076  -72.965  -46.794 0.0000000000
14697  31.625  -75.055  -50.305 0.0000000000
14698  31.254  -74.579  -49.627 0.0000000000
14699  30.300  -74.143  -49.002 0.0000000000
14700  29.471  -73.592  -48.033 0.0000000000
14701  29.166  -73.145  -47.422 0.0000000000
14714  31.493  -75.196  -51.164 0.0000000000
14715  30.389  -74.898  -50.932 0.0000000000
14716  30.325  -74.482  -50.108 0.0000000000
14730  31.664  -75.194  -52.463 0.0000000000
14731  30.770  -74.907  -51.656 0.0000000000
15894  28.686  -72.982  -47.428 0.0000000000
15895  28.414  -73.049  -47.473 0.0000000000
15896  27.752  -73.191  -47.609 0.0000000000
15904  29.611  -74.351  -49.756 0.0000000000
15905  29.291  -74.208  -49.440 0.0000000000
15906  28.744  -73.613  -48.273 0.0000000000
15907  28.078  -73.974  -48.902 0.0000000000
15916  29.979  -74.535  -51.185 0.0000000000
15917  29.675  -74.349  -50.585 0.0000000000
15918  28.770  -74.115  -50.536 0.0000000000
15919  28.258  -73.849  -50.511 0.0000000000
15920  27.803  -73.852  -50.320 0.0000000000
15930  30.802  -74.031  -53.174 0.0000000000
15931  30.210  -74.152  -51.914 0.0000000000
15932  29.213  -73.526  -51.626 0.0000000000
15933  28.549  -73.401  -51.696 0.0000000000
15934  28.214  -73.156  -51.628 0.0000000000
15943  31.739  -74.216  -53.784 0.0000000000
17200  28.011  -73.431  -51.235 0.0000000000
17201  27.698  -73.213  -51.268 0.0000000000
17209  30.596  -72.793  -52.864 0.0000000000
17210  29.711  -72.664  -52.448 0.0000000000
17211  29.096  -72.390  -52.043 0.0000000000
17212  28.645  -72.230  -51.724 0.0000000000
17213  28.155  -72.319  -51.526 0.0000000000
17214  27.688  -72.202  -51.374 0.0000000000
17224  32.471  -71.657  -53.497 0.0000000000
17225  31.769  -72.617  -53.498 0.0000000000
17238  38.271  -68.310  -52.608 0.0000000000
17239  37.520  -70.066  -52.607 0.0000000000
17240  35.402  -71.061  -53.647 0.0000000000
17241  33.386  -71.999  -53.893 0.0000000000
17242  32.532  -73.375  -54.039 0.0000000000
17260  37.713  -67.920  -52.987 0.0000000000
17261  36.139  -69.099  -52.943 0.0000000000
17262  35.115  -69.779  -53.293 0.0000000000
18450  30.823  -71.593  -52.274 0.0000000000
18451  30.049  -71.398  -51.722 0.0000000000
18452  29.360  -71.135  -51.322 0.0000000000
18453  28.758  -70.985  -51.140 0.0000000000
18454  28.192  -71.025  -50.893 0.0000000000
18455  27.547  -71.012  -50.816 0.0000000000
18465  32.060  -71.349  -53.203 0.0000000000
18466  31.457  -71.751  -52.802 0.0000000000
18467  27.274  -70.524  -50.614 0.0000000000
18485  38.466  -68.740  -52.292 0.0000000000
18486  34.188  -70.329  -53.417 0.0000000000
18487  32.894  -70.840  -53.278 0.0000000000
18504  36.479  -67.525  -53.259 0.0000000000
18505  34.815  -68.766  -53.014 0.0000000000
19615  35.068  -67.180  -41.995 0.0000000000
19684  31.551  -70.271  -51.053 0.0000000000
19685  30.599  -69.976  -50.422 0.0000000000
19686  29.701  -69.736  -50.165 0.0000000000
19687  28.923  -69.698  -50.107 0.0000000000
19688  28.224  -70.028  -50.477 0.0000000000
19689  27.715  -70.124  -50.470 0.0000000000
19709  32.282  -70.539  -52.312 0.0000000000
19710  28.770  -69.224  -50.068 0.0000000000
19711  28.308  -69.385  -50.404 0.0000000000
19712  27.531  -69.757  -50.607 0.0000000000
19713  26.985  -69.873  -50.677 0.0000000000
19731  33.461  -69.881  -52.475 0.0000000000
19732  27.465  -69.456  -50.915 0.0000000000
20728  37.009  -66.856  -40.950 0.0000000000
20729  36.458  -66.715  -41.228 0.0000000000
20741  36.312  -66.936  -41.266 0.0000000000
20742  35.435  -66.603  -41.613 0.0000000000
20743  35.063  -66.438  -41.820 0.0000000000
20754  35.717  -67.150  -41.579 0.0000000000
20755  35.134  -66.866  -41.836 0.0000000000
20765  34.914  -66.896  -42.126 0.0000000000
20776  34.918  -67.250  -42.549 0.0000000000
20797  35.405  -67.653  -43.921 0.0000000000
20807  36.462  -68.495  -45.893 0.0000000000
20808  35.984  -67.583  -44.584 0.0000000000
20815  37.253  -68.393  -47.934 0.0000000000
20824  39.768  -67.812  -51.140 0.0000000000
20836  33.326  -69.033  -51.554 0.0000000000
20837  31.907  -68.584  -50.473 0.0000000000
20838  30.802  -68.371  -50.217 0.0000000000
20839  29.901  -68.298  -49.914 0.0000000000
20840  29.226  -68.885  -49.967 0.0000000000
20850  30.049  -67.730  -50.018 0.0000000000
20851  29.388  -68.358  -50.295 0.0000000000
20852  28.262  -69.004  -50.564 0.0000000000
20853  27.835  -69.288  -50.719 0.0000000000
20866  29.798  -67.814  -51.142 0.0000000000
20867  28.831  -68.630  -50.792 0.0000000000
20868  28.049  -68.972  -50.778 0.0000000000
20885  30.316  -67.710  -52.208 0.0000000000
20886  29.327  -68.496  -51.495 0.0000000000
20887  28.233  -68.886  -51.124 0.0000000000
21872  37.357  -66.619  -41.029 0.0000000000
21873  36.364  -66.380  -41.313 0.0000000000
21874  35.797  -65.959  -41.492 0.0000000000
21882  36.175  -66.574  -41.351 0.0000000000
21883  35.635  -66.138  -41.542 0.0000000000
21884  35.056  -65.991  -41.774 0.0000000000
21893  34.809  -66.263  -41.949 0.0000000000
21903  34.721  -66.293  -42.228 0.0000000000
21904  34.577  -65.788  -42.227 0.0000000000
21912  34.830  -66.884  -42.701 0.0000000000
21913  34.749  -66.219  -42.537 0.0000000000
21920  34.988  -66.862  -43.097 0.0000000000
21921  34.905  -66.062  -42.875 0.0000000000
21927  35.415  -66.505  -43.519 0.0000000000
21928  35.057  -65.927  -43.090 0.0000000000
21937  37.082  -67.529  -45.461 0.0000000000
21938  36.460  -66.566  -44.190 0.0000000000
21956  39.396  -66.831  -46.406 0.0000000000
21957  38.580  -67.144  -46.321 0.0000000000
21976  41.411  -67.238  -50.095 0.0000000000
21977  40.439  -67.283  -49.765 0.0000000000
21978  39.954  -66.901  -47.238 0.0000000000
21979  38.741  -67.600  -48.414 0.0000000000
21993  41.354  -67.109  -50.700 0.0000000000
21994  40.433  -67.607  -51.361 0.0000000000
21995  34.908  -67.737  -52.121 0.0000000000
21996  33.328  -67.319  -50.414 0.0000000000
21997  32.079  -66.976  -49.848 0.0000000000
21998  31.030  -67.290  -50.016 0.0000000000
22007  40.326  -66.815  -51.978 0.0000000000
22008  36.684  -66.928  -53.407 0.0000000000
22009  31.788  -66.304  -50.059 0.0000000000
22010  30.784  -66.826  -50.273 0.0000000000
22011  30.186  -67.488  -50.245 0.0000000000
22024  30.916  -66.367  -50.840 0.0000000000
22025  30.508  -67.025  -50.839 0.0000000000
22043  31.936  -66.420  -52.798 0.0000000000
22044  30.798  -66.996  -51.879 0.0000000000
22058  34.204  -65.623  -55.576 0.0000000000
22059  32.874  -66.401  -54.223 0.0000000000
22060  31.620  -67.130  -53.055 0.0000000000
23082  37.483  -66.168  -41.363 0.0000000000
23083  36.591  -66.060  -41.389 0.0000000000
23084  36.017  -65.838  -41.462 0.0000000000
23092  36.550  -65.586  -41.632 0.0000000000
23093  35.996  -65.336  -41.580 0.0000000000
23094  35.471  -65.272  -41.543 0.0000000000
23095  34.850  -65.033  -41.573 0.0000000000
23096  34.689  -64.369  -41.689 0.0000000000
23103  34.619  -65.501  -41.789 0.0000000000
23104  34.556  -64.620  -41.736 0.0000000000
23110  34.592  -65.824  -41.968 0.0000000000
23111  34.522  -65.190  -41.970 0.0000000000
23117  34.607  -65.350  -42.405 0.0000000000
23123  34.926  -65.406  -42.867 0.0000000000
23130  35.910  -65.521  -43.664 0.0000000000
23131  35.272  -65.670  -43.219 0.0000000000
23143  37.512  -66.081  -44.881 0.0000000000
23144  36.632  -65.760  -44.125 0.0000000000
23163  39.600  -66.494  -45.930 0.0000000000
23164  38.633  -66.412  -45.469 0.0000000000
23186  41.974  -66.863  -49.706 0.0000000000
23187  41.544  -66.561  -48.044 0.0000000000
23188  40.946  -66.250  -46.442 0.0000000000
23204  43.534  -64.424  -51.463 0.0000000000
23205  42.673  -65.748  -50.935 0.0000000000
23206  37.754  -66.230  -52.917 0.0000000000
23207  37.360  -66.202  -52.929 0.0000000000
23208  36.333  -66.539  -52.430 0.0000000000
23209  34.642  -66.250  -50.687 0.0000000000
23210  33.388  -66.038  -49.804 0.0000000000
23211  32.639  -65.754  -49.915 0.0000000000
23221  43.926  -62.711  -52.014 0.0000000000
23222  43.010  -64.596  -52.144 0.0000000000
23223  41.214  -65.180  -52.830 0.0000000000
23224  38.344  -66.681  -53.067 0.0000000000
23225  37.132  -66.925  -53.394 0.0000000000
23226  36.697  -66.736  -53.261 0.0000000000
23227  32.343  -65.343  -50.278 0.0000000000
23228  31.722  -65.784  -50.499 0.0000000000
23236  42.660  -64.144  -52.932 0.0000000000
23237  41.809  -64.209  -53.404 0.0000000000
23238  32.617  -65.320  -51.404 0.0000000000
23239  31.724  -65.909  -51.343 0.0000000000
23240  31.187  -66.247  -51.308 0.0000000000
23252  33.566  -65.541  -53.692 0.0000000000
23253  32.074  -65.995  -52.363 0.0000000000
23254  31.217  -66.453  -51.737 0.0000000000
23270  34.300  -65.064  -55.652 0.0000000000
23271  33.273  -65.883  -54.004 0.0000000000
23285  34.460  -64.573  -56.833 0.0000000000
23286  32.617  -64.522  -56.390 0.0000000000
24302  38.050  -66.049  -41.600 0.0000000000
24303  37.485  -65.789  -41.742 0.0000000000
24311  38.323  -65.805  -42.077 0.0000000000
24312  37.698  -65.451  -42.136 0.0000000000
24313  36.866  -65.229  -41.969 0.0000000000
24314  36.118  -64.641  -41.747 0.0000000000
24315  35.532  -64.318  -41.603 0.0000000000
24316  35.019  -64.035  -41.589 0.0000000000
24317  34.787  -64.123  -41.664 0.0000000000
24325  34.711  -63.536  -41.536 0.0000000000
24326  34.632  -63.720  -41.676 0.0000000000
24334  34.466  -63.706  -41.850 0.0000000000
24342  34.517  -64.164  -42.129 0.0000000000
24354  35.173  -64.062  -43.295 0.0000000000
24355  34.742  -64.384  -42.702 0.0000000000
24371  35.743  -64.343  -43.855 0.0000000000
24372  35.241  -64.912  -43.244 0.0000000000
24386  37.542  -64.477  -44.767 0.0000000000
24387  36.551  -64.881  -44.334 0.0000000000
24399  40.127  -65.140  -45.824 0.0000000000
24400  38.691  -65.485  -45.296 0.0000000000
24412  43.100  -65.738  -48.645 0.0000000000
24413  42.099  -65.606  -46.895 0.0000000000
24414  41.240  -65.434  -46.187 0.0000000000
24430  43.668  -65.067  -49.724 0.0000000000
24431  37.662  -65.494  -52.259 0.0000000000
24432  36.804  -65.487  -51.709 0.0000000000
24433  35.724  -65.357  -50.960 0.0000000000
24434  34.404  -65.322  -50.294 0.0000000000
24435  33.474  -65.238  -50.080 0.0000000000
24436  32.940  -65.021  -50.141 0.0000000000
24452  38.750  -65.144  -53.218 0.0000000000
24453  36.838  -65.019  -51.951 0.0000000000
24454  35.398  -64.785  -50.978 0.0000000000
24455  34.319  -64.798  -50.587 0.0000000000
24456  33.697  -64.724  -50.684 0.0000000000
24457  33.154  -64.905  -51.021 0.0000000000
24468  42.499  -63.384  -53.589 0.0000000000
24469  41.830  -63.941  -53.662 0.0000000000
24470  34.691  -64.556  -52.498 0.0000000000
24471  34.248  -64.717  -52.047 0.0000000000
24472  33.813  -65.165  -52.771 0.0000000000
24482  35.030  -64.779  -53.477 0.0000000000
24483  34.849  -65.225  -54.173 0.0000000000
24484  34.544  -65.218  -54.667 0.0000000000
24496  35.483  -65.012  -55.123 0.0000000000
24497  35.144  -64.890  -55.763 0.0000000000
24498  34.450  -64.625  -56.023 0.0000000000
24499  33.615  -63.996  -56.308 0.0000000000
24500  32.459  -63.826  -55.806 0.0000000000
24513  34.406  -64.245  -56.622 0.0000000000
24514  33.323  -64.077  -56.374 0.0000000000
24515  31.117  -64.536  -54.873 0.0000000000
25533  38.741  -65.708  -42.089 0.0000000000
25534  36.458  -63.017  -41.811 0.0000000000
25535  36.066  -62.719  -41.220 0.0000000000
25536  35.683  -62.430  -40.811 0.0000000000
25537  35.258  -62.575  -40.806 0.0000000000
25538  34.931  -62.688  -40.821 0.0000000000
25553  38.570  -65.144  -42.829 0.0000000000
25554  37.098  -64.297  -42.435 0.0000000000
25555  36.343  -63.888  -41.816 0.0000000000
25556  35.709  -63.363  -41.422 0.0000000000
25557  35.150  -63.245  -41.314 0.0000000000
25558  34.661  -62.854  -41.077 0.0000000000
25559  34.159  -62.579  -40.878 0.0000000000
25572  39.546  -65.009  -43.360 0.0000000000
25573  39.072  -64.709  -43.332 0.0000000000
25574  34.369  -63.084  -41.290 0.0000000000
25575  34.119  -62.840  -41.230 0.0000000000
25586  33.995  -62.779  -41.442 0.0000000000
25596  34.146  -63.070  -41.814 0.0000000000
25610  35.029  -63.343  -42.871 0.0000000000
25611  34.382  -63.304  -42.313 0.0000000000
25628  35.652  -63.307  -43.669 0.0000000000
25641  37.617  -63.441  -44.800 0.0000000000
25642  36.702  -63.434  -44.376 0.0000000000
25655  40.000  -63.590  -45.820 0.0000000000
25656  38.637  -63.592  -45.339 0.0000000000
25667  43.800  -63.894  -48.855 0.0000000000
25668  42.971  -64.249  -47.223 0.0000000000
25669  41.457  -64.309  -46.175 0.0000000000
25698  38.481  -64.315  -53.561 0.0000000000
25699  36.485  -64.467  -52.386 0.0000000000
25700  35.179  -64.416  -51.477 0.0000000000
25701  34.324  -64.507  -51.094 0.0000000000
25702  34.066  -64.533  -51.157 0.0000000000
25717  38.623  -63.570  -55.169 0.0000000000
25718  37.564  -63.944  -55.150 0.0000000000
25719  36.096  -64.289  -53.296 0.0000000000
25720  34.926  -64.433  -52.291 0.0000000000
25721  34.330  -64.533  -51.477 0.0000000000
25735  37.035  -63.558  -55.973 0.0000000000
25736  36.610  -63.961  -55.799 0.0000000000
25737  35.842  -64.703  -54.665 0.0000000000
25738  34.227  -63.267  -56.205 0.0000000000
25739  33.771  -63.420  -56.147 0.0000000000
25740  32.778  -63.437  -55.316 0.0000000000
25741  31.631  -63.726  -53.933 0.0000000000
25749  36.329  -63.700  -56.579 0.0000000000
25750  35.826  -64.233  -56.345 0.0000000000
25751  34.701  -63.822  -56.651 0.0000000000
25752  33.746  -63.720  -56.306 0.0000000000
25753  32.601  -63.648  -55.677 0.0000000000
25754  31.127  -64.056  -54.060 0.0000000000
25765  30.241  -64.225  -54.103 0.0000000000
26748  36.651  -62.346  -41.471 0.0000000000
26749  36.341  -62.043  -40.918 0.0000000000
26750  35.957  -61.903  -40.386 0.0000000000
26751  35.439  -61.882  -40.218 0.0000000000
26752  34.852  -62.045  -40.345 0.0000000000
26762  37.725  -63.741  -42.851 0.0000000000
26763  36.983  -62.991  -42.180 0.0000000000
26764  34.308  -62.005  -40.453 0.0000000000
26765  33.997  -62.058  -40.681 0.0000000000
26777  39.710  -64.301  -43.677 0.0000000000
26778  38.613  -64.090  -43.290 0.0000000000
26779  33.832  -62.173  -41.008 0.0000000000
26794  33.862  -62.262  -41.393 0.0000000000
26807  34.165  -62.283  -41.920 0.0000000000
26821  35.551  -62.402  -43.177 0.0000000000
26822  34.791  -62.461  -42.494 0.0000000000
26834  37.393  -61.796  -44.244 0.0000000000
26835  36.603  -62.296  -43.787 0.0000000000
26846  38.727  -61.532  -45.448 0.0000000000
26847  37.921  -62.258  -44.811 0.0000000000
26848  37.110  -62.480  -44.303 0.0000000000
26860  40.706  -61.812  -46.488 0.0000000000
26861  39.689  -62.085  -45.647 0.0000000000
26862  38.602  -62.339  -45.365 0.0000000000
26873  43.261  -62.758  -47.753 0.0000000000
26874  41.984  -62.617  -46.834 0.0000000000
26875  40.713  -62.876  -46.135 0.0000000000
26888  40.978  -64.096  -53.793 0.0000000000
26902  41.789  -62.541  -53.930 0.0000000000
26903  39.775  -62.890  -54.974 0.0000000000
26904  38.128  -62.839  -55.192 0.0000000000
26905  37.056  -62.131  -55.382 0.0000000000
26906  35.636  -61.883  -55.033 0.0000000000
26907  34.310  -61.971  -54.396 0.0000000000
26908  33.070  -62.341  -53.429 0.0000000000
26909  32.183  -62.654  -52.805 0.0000000000
26926  37.127  -63.169  -55.666 0.0000000000
26927  36.405  -63.111  -56.121 0.0000000000
26928  35.356  -62.644  -56.111 0.0000000000
26929  34.336  -62.760  -55.745 0.0000000000
26930  33.148  -63.042  -54.718 0.0000000000
26931  31.590  -63.199  -53.061 0.0000000000
26932  30.975  -63.670  -53.185 0.0000000000
26946  35.898  -63.416  -56.548 0.0000000000
26947  35.187  -63.311  -56.627 0.0000000000
26948  34.688  -63.262  -56.551 0.0000000000
26949  30.801  -63.103  -52.944 0.0000000000
26950  30.471  -63.478  -53.616 0.0000000000
27928  36.198  -60.605  -39.656 0.0000000000
27929  35.965  -60.547  -39.596 0.0000000000
27930  35.587  -60.470  -39.519 0.0000000000
27939  37.109  -61.033  -41.104 0.0000000000
27940  36.781  -61.466  -40.836 0.0000000000
27941  36.270  -61.114  -40.065 0.0000000000
27942  35.736  -61.133  -39.912 0.0000000000
27943  35.188  -60.934  -39.870 0.0000000000
27944  34.671  -61.063  -40.098 0.0000000000
27950  38.732  -61.976  -42.477 0.0000000000
27951  37.795  -62.153  -42.001 0.0000000000
27952  36.926  -62.220  -41.715 0.0000000000
27953  34.316  -61.142  -40.343 0.0000000000
27954  34.037  -61.374  -40.617 0.0000000000
27965  40.414  -63.224  -44.101 0.0000000000
27966  39.002  -62.874  -43.219 0.0000000000
27967  38.147  -63.293  -43.049 0.0000000000
27968  33.914  -61.512  -40.977 0.0000000000
27981  34.150  -61.500  -41.402 0.0000000000
27993  35.271  -60.981  -42.093 0.0000000000
27994  34.605  -61.359  -41.780 0.0000000000
28008  36.765  -60.608  -43.029 0.0000000000
28009  35.593  -61.489  -42.653 0.0000000000
28010  34.745  -61.752  -42.184 0.0000000000
28021  38.595  -60.197  -44.306 0.0000000000
28022  37.632  -60.855  -43.696 0.0000000000
28023  36.378  -61.550  -43.260 0.0000000000
28031  40.137  -59.650  -45.797 0.0000000000
28032  38.905  -60.444  -45.137 0.0000000000
28033  38.064  -61.120  -44.426 0.0000000000
28042  41.509  -60.212  -47.495 0.0000000000
28043  40.438  -60.419  -46.638 0.0000000000
28044  39.416  -60.783  -45.803 0.0000000000
28056  43.964  -60.811  -48.724 0.0000000000
28057  42.927  -61.013  -47.801 0.0000000000
28058  41.295  -61.152  -47.131 0.0000000000
28070  43.924  -61.980  -48.769 0.0000000000
28080  33.138  -61.436  -51.237 0.0000000000
28081  32.919  -61.522  -51.264 0.0000000000
28092  42.986  -60.911  -52.411 0.0000000000
28093  42.204  -61.018  -52.709 0.0000000000
28094  40.484  -61.177  -53.628 0.0000000000
28095  38.409  -61.272  -54.534 0.0000000000
28096  36.065  -61.022  -53.457 0.0000000000
28097  34.192  -61.412  -52.365 0.0000000000
28098  32.987  -61.627  -51.872 0.0000000000
28099  32.214  -62.152  -52.011 0.0000000000
28100  31.537  -62.324  -52.062 0.0000000000
28112  43.767  -60.889  -52.823 0.0000000000
28113  43.296  -60.103  -52.714 0.0000000000
28114  31.004  -62.508  -52.393 0.0000000000
28130  30.532  -62.546  -53.385 0.0000000000
28131  30.004  -63.089  -54.049 0.0000000000
28148  30.705  -62.306  -55.715 0.0000000000
29100  37.030  -60.116  -39.648 0.0000000000
29101  36.800  -60.082  -39.569 0.0000000000
29102  36.338  -60.132  -39.438 0.0000000000
29103  35.832  -59.866  -39.205 0.0000000000
29104  35.288  -59.800  -39.317 0.0000000000
29105  34.875  -59.550  -39.355 0.0000000000
29113  37.112  -60.401  -40.048 0.0000000000
29114  36.686  -60.689  -39.816 0.0000000000
29115  36.424  -60.645  -39.732 0.0000000000
29116  34.847  -60.288  -39.615 0.0000000000
29117  34.574  -60.091  -39.746 0.0000000000
29126  39.281  -60.396  -42.757 0.0000000000
29127  38.681  -60.899  -42.314 0.0000000000
29128  37.600  -60.289  -41.191 0.0000000000
29129  34.360  -60.276  -40.201 0.0000000000
29130  34.183  -60.796  -40.646 0.0000000000
29142  41.107  -60.704  -44.136 0.0000000000
29143  40.187  -61.400  -43.357 0.0000000000
29144  39.243  -61.833  -42.674 0.0000000000
29145  34.510  -59.907  -40.625 0.0000000000
29146  34.273  -60.671  -41.067 0.0000000000
29157  41.988  -61.546  -44.904 0.0000000000
29158  41.081  -62.408  -44.316 0.0000000000
29159  34.998  -59.736  -41.200 0.0000000000
29160  34.697  -60.628  -41.545 0.0000000000
29171  37.173  -59.358  -41.807 0.0000000000
29172  35.906  -59.898  -41.835 0.0000000000
29173  35.027  -60.722  -41.816 0.0000000000
29187  38.823  -58.703  -42.778 0.0000000000
29188  37.662  -59.488  -42.490 0.0000000000
29189  36.165  -60.483  -42.436 0.0000000000
29202  40.104  -57.852  -44.263 0.0000000000
29203  39.118  -59.049  -43.617 0.0000000000
29204  37.779  -60.021  -43.203 0.0000000000
29217  40.080  -58.600  -45.059 0.0000000000
29218  39.409  -59.539  -44.437 0.0000000000
29219  35.459  -57.858  -46.624 0.0000000000
29220  34.631  -58.134  -46.498 0.0000000000
29232  41.298  -59.328  -47.304 0.0000000000
29233  40.720  -58.598  -46.634 0.0000000000
29234  36.819  -57.519  -47.502 0.0000000000
29235  35.734  -58.005  -47.214 0.0000000000
29236  34.438  -58.324  -46.980 0.0000000000
29237  33.765  -58.527  -47.264 0.0000000000
29246  43.711  -59.767  -48.774 0.0000000000
29247  42.226  -59.410  -48.118 0.0000000000
29248  41.216  -58.794  -47.871 0.0000000000
29249  37.839  -57.288  -48.200 0.0000000000
29250  36.464  -57.886  -48.037 0.0000000000
29251  35.135  -57.843  -47.678 0.0000000000
29252  34.113  -58.329  -47.610 0.0000000000
29262  44.719  -60.126  -51.753 0.0000000000
29263  44.663  -60.159  -51.176 0.0000000000
29264  44.595  -60.799  -50.097 0.0000000000
29265  38.861  -57.108  -49.193 0.0000000000
29266  37.524  -57.349  -49.233 0.0000000000
29267  36.052  -57.972  -48.658 0.0000000000
29268  34.864  -57.802  -48.137 0.0000000000
29278  44.723  -59.947  -52.192 0.0000000000
29279  39.449  -56.585  -49.934 0.0000000000
29280  38.840  -56.749  -50.105 0.0000000000
29281  33.352  -61.394  -51.422 0.0000000000
29282  32.955  -61.399  -51.085 0.0000000000
29293  44.469  -59.115  -52.696 0.0000000000
29294  44.262  -58.835  -52.916 0.0000000000
29295  42.527  -59.879  -52.044 0.0000000000
29296  41.284  -59.780  -52.632 0.0000000000
29297  39.492  -59.540  -53.259 0.0000000000
29298  37.179  -59.733  -53.043 0.0000000000
29299  34.607  -60.510  -52.174 0.0000000000
29300  33.095  -61.241  -51.471 0.0000000000
29301  32.021  -61.387  -51.901 0.0000000000
29302  31.318  -62.026  -52.022 0.0000000000
29312  44.483  -59.851  -52.630 0.0000000000
29313  44.030  -59.281  -52.894 0.0000000000
29314  43.554  -59.186  -52.676 0.0000000000
29315  31.654  -60.847  -52.869 0.0000000000
29316  31.191  -61.793  -52.563 0.0000000000
29323  31.870  -60.315  -53.778 0.0000000000
29324  31.404  -61.069  -54.597 0.0000000000
29330  31.314  -60.846  -57.110 0.0000000000
29340  30.692  -59.995  -57.775 0.0000000000
30269  35.594  -58.272  -38.739 0.0000000000
30270  35.428  -58.111  -38.750 0.0000000000
30279  37.025  -59.715  -39.610 0.0000000000
30280  36.652  -59.229  -39.341 0.0000000000
30281  36.201  -59.182  -39.024 0.0000000000
30282  35.718  -58.892  -38.846 0.0000000000
30283  35.219  -58.661  -38.942 0.0000000000
30284  34.867  -58.987  -39.313 0.0000000000
30294  37.381  -59.317  -40.032 0.0000000000
30295  37.008  -58.977  -39.527 0.0000000000
30296  34.666  -59.363  -39.712 0.0000000000
30310  38.969  -59.801  -42.273 0.0000000000
30311  38.404  -59.493  -41.449 0.0000000000
30312  37.767  -58.917  -40.696 0.0000000000
30313  34.761  -59.129  -40.074 0.0000000000
30331  40.552  -60.023  -43.768 0.0000000000
30332  39.686  -59.625  -42.912 0.0000000000
30333  35.239  -58.923  -40.600 0.0000000000
30344  41.602  -59.739  -44.663 0.0000000000
30345  37.423  -58.200  -41.311 0.0000000000
30346  36.535  -58.870  -41.091 0.0000000000
30358  38.129  -57.726  -42.546 0.0000000000
30359  37.779  -58.452  -41.977 0.0000000000
30360  36.940  -59.238  -41.531 0.0000000000
30375  39.689  -56.672  -43.832 0.0000000000
30376  39.160  -57.672  -43.056 0.0000000000
30377  38.562  -58.605  -42.447 0.0000000000
30388  40.023  -56.427  -44.752 0.0000000000
30389  40.034  -56.884  -44.256 0.0000000000
30390  39.810  -57.832  -43.751 0.0000000000
30391  37.042  -56.260  -45.801 0.0000000000
30392  36.348  -56.627  -45.736 0.0000000000
30402  40.133  -56.460  -44.995 0.0000000000
30403  40.060  -57.099  -44.993 0.0000000000
30404  38.223  -56.063  -46.564 0.0000000000
30405  37.062  -56.645  -46.322 0.0000000000
30406  35.054  -57.719  -46.034 0.0000000000
30407  33.652  -58.174  -46.352 0.0000000000
30408  32.880  -57.928  -46.515 0.0000000000
30419  39.926  -56.264  -45.348 0.0000000000
30420  39.464  -57.163  -46.274 0.0000000000
30421  38.122  -56.579  -47.171 0.0000000000
30422  36.514  -57.462  -46.952 0.0000000000
30423  34.136  -58.320  -46.508 0.0000000000
30424  33.485  -58.514  -46.998 0.0000000000
30425  32.785  -58.228  -46.956 0.0000000000
30437  43.004  -58.680  -49.083 0.0000000000
30438  41.711  -58.482  -48.973 0.0000000000
30439  40.378  -57.803  -48.221 0.0000000000
30440  39.271  -56.825  -48.100 0.0000000000
30441  33.455  -58.499  -47.592 0.0000000000
30442  32.877  -58.396  -47.608 0.0000000000
30451  44.701  -59.681  -51.543 0.0000000000
30452  44.541  -59.490  -51.046 0.0000000000
30453  43.726  -59.011  -50.193 0.0000000000
30454  42.537  -58.001  -50.001 0.0000000000
30455  41.103  -57.496  -49.791 0.0000000000
30456  39.869  -56.979  -49.408 0.0000000000
30457  36.821  -57.151  -49.873 0.0000000000
30458  35.697  -57.815  -49.047 0.0000000000
30459  33.989  -58.098  -48.182 0.0000000000
30460  33.194  -58.328  -47.951 0.0000000000
30469  44.790  -59.582  -51.943 0.0000000000
30470  44.619  -59.130  -51.824 0.0000000000
30471  44.010  -58.820  -51.528 0.0000000000
30472  43.030  -58.289  -51.070 0.0000000000
30473  41.698  -57.621  -50.949 0.0000000000
30474  39.908  -56.973  -50.832 0.0000000000
30475  37.938  -57.277  -50.963 0.0000000000
30476  37.014  -57.632  -50.666 0.0000000000
30484  44.735  -59.516  -52.341 0.0000000000
30485  44.699  -59.128  -52.261 0.0000000000
30486  44.232  -58.826  -52.513 0.0000000000
30487  43.469  -58.813  -52.111 0.0000000000
30488  42.022  -58.952  -51.662 0.0000000000
30489  40.610  -58.158  -52.143 0.0000000000
30490  38.689  -58.091  -52.408 0.0000000000
30491  36.433  -58.677  -52.491 0.0000000000
30492  33.766  -60.140  -52.129 0.0000000000
30493  32.680  -60.612  -51.660 0.0000000000
30501  44.025  -58.851  -52.873 0.0000000000
30502  43.899  -58.853  -52.687 0.0000000000
30503  35.661  -58.549  -53.345 0.0000000000
30504  34.355  -59.047  -52.692 0.0000000000
30505  32.707  -59.975  -52.946 0.0000000000
30512  32.260  -59.671  -55.583 0.0000000000
30513  31.887  -60.300  -56.402 0.0000000000
30514  28.292  -57.411  -57.207 0.0000000000
30521  32.107  -59.335  -56.674 0.0000000000
30522  31.710  -59.659  -57.244 0.0000000000
30523  29.095  -57.513  -57.328 0.0000000000
30529  30.773  -59.246  -58.105 0.0000000000
31424  36.122  -57.921  -38.656 0.0000000000
31425  35.748  -57.740  -38.725 0.0000000000
31430  37.516  -57.827  -39.256 0.0000000000
31431  37.152  -58.241  -38.973 0.0000000000
31432  36.654  -58.442  -38.831 0.0000000000
31433  36.242  -58.474  -38.766 0.0000000000
31434  35.470  -57.811  -38.805 0.0000000000
31435  35.266  -57.989  -39.045 0.0000000000
31441  37.704  -57.850  -40.623 0.0000000000
31442  37.444  -58.110  -40.279 0.0000000000
31443  37.284  -58.508  -39.497 0.0000000000
31444  35.123  -58.257  -39.502 0.0000000000
31454  39.027  -58.659  -41.867 0.0000000000
31455  38.168  -58.246  -40.907 0.0000000000
31456  37.734  -58.166  -40.588 0.0000000000
31457  35.587  -58.184  -39.947 0.0000000000
31474  40.615  -58.799  -43.429 0.0000000000
31475  39.872  -58.525  -42.473 0.0000000000
31476  36.282  -58.095  -40.439 0.0000000000
31488  41.402  -58.463  -44.381 0.0000000000
31489  37.722  -56.994  -42.241 0.0000000000
31490  37.745  -57.453  -41.739 0.0000000000
31491  37.117  -57.811  -40.969 0.0000000000
31503  38.040  -57.003  -42.699 0.0000000000
31504  37.859  -57.703  -42.298 0.0000000000
31518  39.744  -56.391  -44.183 0.0000000000
31519  39.168  -56.040  -43.786 0.0000000000
31520  38.472  -55.449  -44.243 0.0000000000
31521  37.265  -55.792  -44.433 0.0000000000
31533  40.042  -56.231  -44.974 0.0000000000
31534  39.826  -56.118  -44.739 0.0000000000
31535  39.051  -55.577  -44.899 0.0000000000
31536  37.503  -56.071  -45.182 0.0000000000
31537  35.687  -56.738  -45.216 0.0000000000
31538  34.437  -57.265  -45.568 0.0000000000
31548  40.076  -56.024  -45.237 0.0000000000
31549  39.623  -55.853  -45.406 0.0000000000
31550  38.506  -55.885  -45.871 0.0000000000
31551  37.550  -56.053  -45.876 0.0000000000
31552  34.385  -57.633  -45.833 0.0000000000
31553  33.497  -57.634  -46.101 0.0000000000
31554  32.673  -57.381  -46.593 0.0000000000
31566  39.902  -55.904  -45.409 0.0000000000
31567  39.454  -56.070  -45.686 0.0000000000
31568  38.795  -56.180  -46.327 0.0000000000
31569  32.272  -57.436  -47.013 0.0000000000
31570  31.739  -57.037  -47.435 0.0000000000
31583  32.178  -57.844  -47.597 0.0000000000
31584  31.701  -56.990  -48.064 0.0000000000
31592  35.637  -57.762  -49.275 0.0000000000
31593  34.847  -57.787  -48.912 0.0000000000
31594  32.969  -57.567  -48.469 0.0000000000
31595  31.938  -56.841  -48.609 0.0000000000
31604  36.429  -57.505  -49.897 0.0000000000
31605  34.610  -57.219  -49.231 0.0000000000
31606  33.564  -57.036  -49.025 0.0000000000
31615  37.771  -57.188  -54.005 0.0000000000
31616  37.694  -57.328  -53.725 0.0000000000
31617  37.702  -57.519  -52.941 0.0000000000
31618  37.301  -57.795  -51.806 0.0000000000
31627  37.978  -57.401  -54.057 0.0000000000
31628  37.694  -57.426  -53.916 0.0000000000
31629  37.533  -57.597  -53.910 0.0000000000
31630  36.642  -57.773  -53.654 0.0000000000
31631  34.755  -58.263  -53.781 0.0000000000
31632  33.740  -59.010  -53.673 0.0000000000
31633  31.148  -56.539  -56.353 0.0000000000
31634  30.129  -56.436  -56.346 0.0000000000
31642  38.055  -57.261  -54.024 0.0000000000
31643  37.838  -57.313  -54.074 0.0000000000
31644  37.663  -57.507  -54.159 0.0000000000
31645  36.272  -57.113  -54.202 0.0000000000
31646  35.158  -57.326  -54.375 0.0000000000
31647  33.079  -58.209  -55.129 0.0000000000
31648  31.444  -57.526  -56.630 0.0000000000
31649  29.452  -57.057  -56.697 0.0000000000
31650  27.699  -57.185  -56.728 0.0000000000
31655  32.134  -59.028  -56.133 0.0000000000
31656  31.576  -58.796  -56.915 0.0000000000
31657  30.083  -57.904  -57.593 0.0000000000
31658  29.332  -58.008  -58.027 0.0000000000
31661  31.185  -59.175  -57.633 0.0000000000
31662  30.562  -58.741  -57.907 0.0000000000
31663  29.760  -58.306  -58.143 0.0000000000
32543  37.210  -56.175  -38.704 0.0000000000
32544  37.102  -56.562  -38.688 0.0000000000
32545  36.745  -57.042  -38.667 0.0000000000
32546  36.305  -57.042  -38.726 0.0000000000
32547  36.266  -56.822  -38.848 0.0000000000
32552  38.130  -56.751  -39.829 0.0000000000
32553  37.864  -57.167  -39.582 0.0000000000
32554  37.424  -56.927  -38.856 0.0000000000
32555  36.997  -57.556  -38.704 0.0000000000
32556  36.596  -57.916  -38.610 0.0000000000
32557  35.855  -57.298  -38.777 0.0000000000
32558  35.801  -57.102  -38.922 0.0000000000
32563  38.098  -57.251  -40.445 0.0000000000
32564  37.746  -57.668  -40.396 0.0000000000
32565  35.709  -57.156  -39.253 0.0000000000
32576  39.964  -57.759  -41.532 0.0000000000
32577  38.938  -57.528  -40.956 0.0000000000
32578  35.943  -57.041  -39.744 0.0000000000
32594  41.260  -57.606  -43.097 0.0000000000
32595  40.612  -57.958  -42.311 0.0000000000
32596  37.143  -56.549  -40.498 0.0000000000
32597  36.271  -57.229  -40.177 0.0000000000
32612  37.818  -56.395  -42.049 0.0000000000
32613  37.601  -56.867  -41.084 0.0000000000
32614  36.864  -57.295  -40.581 0.0000000000
32629  38.089  -55.658  -43.059 0.0000000000
32630  37.741  -55.014  -43.325 0.0000000000
32631  37.110  -55.113  -43.494 0.0000000000
32645  38.591  -55.446  -43.703 0.0000000000
32646  38.018  -55.237  -43.776 0.0000000000
32647  36.479  -55.717  -44.165 0.0000000000
32657  35.003  -56.640  -45.164 0.0000000000
32658  33.983  -57.117  -45.800 0.0000000000
32669  32.974  -56.961  -46.425 0.0000000000
32670  31.843  -56.318  -46.786 0.0000000000
32671  30.872  -55.185  -46.575 0.0000000000
32672  30.621  -54.771  -46.426 0.0000000000
32682  31.696  -56.722  -47.124 0.0000000000
32683  31.099  -55.867  -47.301 0.0000000000
32684  30.687  -54.982  -46.712 0.0000000000
32694  31.757  -55.864  -48.261 0.0000000000
32704  33.113  -56.862  -49.036 0.0000000000
32705  32.600  -56.241  -48.912 0.0000000000
32714  37.088  -57.086  -50.072 0.0000000000
32715  36.320  -56.779  -49.835 0.0000000000
32716  34.321  -56.017  -49.419 0.0000000000
32717  33.321  -55.031  -49.310 0.0000000000
32724  37.621  -57.059  -54.104 0.0000000000
32725  37.551  -56.869  -54.008 0.0000000000
32726  38.148  -57.003  -53.010 0.0000000000
32727  37.698  -56.778  -51.103 0.0000000000
32728  36.801  -55.580  -50.055 0.0000000000
32729  35.830  -54.692  -49.817 0.0000000000
32737  37.699  -56.979  -53.795 0.0000000000
32738  37.721  -56.626  -53.869 0.0000000000
32739  37.640  -57.498  -54.090 0.0000000000
32740  37.445  -57.461  -54.089 0.0000000000
32741  33.669  -55.486  -55.685 0.0000000000
32742  32.630  -55.662  -55.818 0.0000000000
32743  30.588  -55.684  -55.853 0.0000000000
32744  28.779  -55.620  -55.793 0.0000000000
32752  38.068  -57.022  -53.933 0.0000000000
32753  37.980  -57.127  -54.149 0.0000000000
32754  37.641  -57.256  -54.163 0.0000000000
32755  36.948  -56.926  -54.360 0.0000000000
32756  35.827  -56.310  -54.432 0.0000000000
32757  34.141  -56.088  -55.134 0.0000000000
32758  32.536  -56.846  -55.940 0.0000000000
32759  29.376  -56.303  -56.198 0.0000000000
32760  28.147  -56.483  -56.353 0.0000000000
33735  37.060  -55.677  -38.378 0.0000000000
33736  36.929  -55.928  -38.653 0.0000000000
33737  36.823  -56.168  -38.804 0.0000000000
33738  36.710  -56.327  -38.948 0.0000000000
33739  36.535  -56.494  -38.981 0.0000000000
33743  38.038  -56.504  -39.601 0.0000000000
33744  37.852  -56.047  -39.142 0.0000000000
33745  37.354  -55.610  -38.539 0.0000000000
33746  36.431  -56.383  -39.159 0.0000000000
33750  39.095  -55.730  -40.347 0.0000000000
33751  38.398  -55.982  -40.156 0.0000000000
33752  38.035  -55.264  -39.292 0.0000000000
33753  36.535  -56.296  -39.447 0.0000000000
33768  40.542  -56.022  -41.324 0.0000000000
33769  39.984  -56.306  -40.735 0.0000000000
33770  38.781  -56.812  -40.424 0.0000000000
33771  36.961  -55.657  -40.123 0.0000000000
33772  36.802  -55.937  -39.888 0.0000000000
33790  40.901  -56.384  -42.129 0.0000000000
33791  40.697  -57.242  -41.777 0.0000000000
33792  37.203  -55.780  -40.354 0.0000000000
33793  36.590  -56.476  -40.127 0.0000000000
33805  37.831  -55.901  -41.876 0.0000000000
33806  37.734  -55.652  -41.455 0.0000000000
33807  37.677  -54.878  -42.120 0.0000000000
33821  37.876  -55.679  -42.156 0.0000000000
33822  37.847  -55.171  -42.479 0.0000000000
33823  37.410  -54.745  -42.971 0.0000000000
33839  36.341  -55.256  -43.760 0.0000000000
33843  35.337  -56.039  -44.771 0.0000000000
33844  34.525  -56.708  -45.522 0.0000000000
33845  30.896  -54.870  -45.702 0.0000000000
33846  30.868  -54.635  -45.650 0.0000000000
33849  34.666  -56.315  -45.864 0.0000000000
33850  33.751  -56.603  -46.370 0.0000000000
33851  32.326  -55.855  -46.533 0.0000000000
33852  31.165  -54.964  -46.084 0.0000000000
33853  30.745  -54.541  -46.029 0.0000000000
33860  30.878  -54.787  -46.979 0.0000000000
33861  30.954  -54.096  -46.608 0.0000000000
33869  31.732  -53.920  -47.549 0.0000000000
33870  31.784  -53.073  -46.907 0.0000000000
33876  32.743  -54.413  -48.696 0.0000000000
33880  34.861  -53.868  -49.603 0.0000000000
33881  33.579  -54.065  -49.198 0.0000000000
33885  37.914  -56.547  -53.591 0.0000000000
33886  37.729  -55.839  -52.766 0.0000000000
33887  37.917  -55.023  -51.258 0.0000000000
33888  36.719  -54.203  -50.533 0.0000000000
33889  36.005  -53.807  -49.968 0.0000000000
33890  29.324  -53.608  -54.019 0.0000000000
33896  37.875  -56.747  -54.025 0.0000000000
33897  37.725  -56.293  -53.657 0.0000000000
33898  38.164  -56.085  -53.461 0.0000000000
33899  33.993  -54.702  -55.206 0.0000000000
33900  32.038  -54.396  -55.084 0.0000000000
33901  30.011  -54.644  -54.713 0.0000000000
33907  37.925  -56.930  -54.059 0.0000000000
33908  37.747  -56.579  -53.908 0.0000000000
33909  37.208  -56.096  -53.947 0.0000000000
33910  36.789  -55.494  -54.823 0.0000000000
33911  35.673  -55.157  -55.036 0.0000000000
33912  34.892  -55.076  -55.299 0.0000000000
34980  36.855  -54.736  -38.213 0.0000000000
34981  36.566  -54.997  -38.203 0.0000000000
34982  36.421  -55.312  -38.307 0.0000000000
34983  36.520  -55.569  -38.705 0.0000000000
34984  36.635  -55.785  -38.983 0.0000000000
34988  37.638  -54.788  -38.742 0.0000000000
34989  37.271  -54.862  -38.336 0.0000000000
34990  36.748  -55.705  -39.201 0.0000000000
34995  39.229  -54.937  -40.234 0.0000000000
34996  38.291  -54.751  -39.717 0.0000000000
34997  37.908  -54.688  -39.243 0.0000000000
34998  36.836  -55.527  -39.542 0.0000000000
35015  40.565  -55.265  -41.573 0.0000000000
35016  39.940  -55.162  -40.800 0.0000000000
35017  37.003  -55.265  -40.130 0.0000000000
35018  36.896  -55.369  -39.825 0.0000000000
35036  41.443  -55.444  -43.040 0.0000000000
35037  37.221  -54.896  -40.950 0.0000000000
35038  36.901  -54.398  -41.353 0.0000000000
35050  37.566  -54.877  -41.653 0.0000000000
35051  37.254  -54.402  -42.140 0.0000000000
35063  36.698  -54.678  -43.384 0.0000000000
35077  35.780  -55.369  -44.290 0.0000000000
35084  35.003  -55.717  -46.233 0.0000000000
35085  35.106  -55.805  -45.307 0.0000000000
35086  31.719  -53.762  -45.634 0.0000000000
35087  31.257  -54.162  -45.666 0.0000000000
35088  31.051  -54.099  -45.808 0.0000000000
35092  34.744  -55.669  -46.598 0.0000000000
35093  34.576  -55.978  -46.652 0.0000000000
35094  33.142  -55.442  -46.615 0.0000000000
35095  31.769  -54.537  -45.924 0.0000000000
35096  31.045  -54.719  -45.648 0.0000000000
35097  31.385  -53.523  -46.074 0.0000000000
35102  31.952  -52.602  -46.512 0.0000000000
35109  32.697  -52.192  -47.606 0.0000000000
35110  32.436  -52.019  -47.111 0.0000000000
35119  33.039  -52.360  -48.271 0.0000000000
35124  35.017  -52.567  -49.933 0.0000000000
35125  34.185  -52.461  -49.158 0.0000000000
35129  37.752  -55.331  -53.049 0.0000000000
35130  38.179  -54.629  -52.659 0.0000000000
35131  37.440  -53.527  -51.648 0.0000000000
35132  36.230  -52.647  -50.526 0.0000000000
35133  30.131  -52.679  -53.428 0.0000000000
35140  37.840  -56.008  -53.464 0.0000000000
35141  38.323  -55.533  -53.432 0.0000000000
35142  38.106  -54.356  -53.656 0.0000000000
35143  36.359  -53.141  -54.346 0.0000000000
35144  35.398  -53.397  -54.351 0.0000000000
35145  33.483  -53.112  -54.297 0.0000000000
35146  31.393  -52.743  -54.052 0.0000000000
35150  37.625  -56.055  -53.580 0.0000000000
35151  37.588  -55.580  -53.705 0.0000000000
35152  37.423  -54.491  -54.297 0.0000000000
35153  36.609  -53.843  -54.674 0.0000000000
35154  35.405  -54.410  -55.133 0.0000000000
36216  36.799  -53.461  -38.365 0.0000000000
36217  36.464  -53.623  -38.124 0.0000000000
36218  36.201  -53.865  -38.023 0.0000000000
36219  35.991  -54.288  -38.021 0.0000000000
36220  35.916  -54.672  -38.214 0.0000000000
36221  35.995  -54.860  -38.567 0.0000000000
36225  37.256  -53.675  -38.745 0.0000000000
36226  36.963  -54.192  -38.477 0.0000000000
36227  36.036  -55.006  -38.941 0.0000000000
36236  38.905  -53.850  -40.546 0.0000000000
36237  38.405  -53.854  -40.098 0.0000000000
36238  37.807  -53.828  -39.353 0.0000000000
36239  36.520  -55.079  -39.337 0.0000000000
36257  40.482  -54.216  -41.804 0.0000000000
36258  39.736  -53.999  -41.111 0.0000000000
36259  36.994  -54.930  -40.020 0.0000000000
36260  36.778  -54.798  -39.825 0.0000000000
36274  40.957  -54.332  -42.721 0.0000000000
36275  36.957  -54.850  -40.279 0.0000000000
36276  36.730  -54.376  -40.715 0.0000000000
36288  36.682  -54.131  -41.735 0.0000000000
36300  36.750  -54.309  -42.849 0.0000000000
36301  32.461  -51.976  -45.464 0.0000000000
36302  32.311  -51.813  -45.476 0.0000000000
36315  35.758  -55.076  -44.664 0.0000000000
36316  36.022  -54.904  -44.083 0.0000000000
36317  32.539  -52.619  -45.641 0.0000000000
36318  32.447  -52.364  -45.525 0.0000000000
36319  32.253  -52.125  -45.747 0.0000000000
36326  35.557  -55.413  -45.410 0.0000000000
36327  35.581  -55.431  -44.734 0.0000000000
36328  32.542  -53.030  -45.817 0.0000000000
36329  32.144  -53.401  -45.662 0.0000000000
36330  31.984  -52.767  -45.746 0.0000000000
36331  31.851  -52.875  -45.927 0.0000000000
36339  35.000  -55.509  -46.641 0.0000000000
36340  34.015  -55.022  -46.783 0.0000000000
36341  32.722  -54.075  -46.344 0.0000000000
36342  32.086  -54.045  -45.862 0.0000000000
36343  32.145  -51.999  -46.177 0.0000000000
36353  32.011  -51.210  -46.739 0.0000000000
36364  32.654  -50.766  -48.125 0.0000000000
36365  31.958  -50.570  -47.430 0.0000000000
36376  33.626  -50.926  -48.990 0.0000000000
36385  34.975  -51.372  -50.474 0.0000000000
36386  34.271  -51.053  -49.649 0.0000000000
36394  37.492  -53.371  -53.076 0.0000000000
36395  36.500  -52.050  -52.257 0.0000000000
36396  35.943  -51.541  -51.250 0.0000000000
36397  32.846  -50.831  -52.797 0.0000000000
36398  30.890  -51.596  -52.754 0.0000000000
36405  37.455  -53.526  -54.095 0.0000000000
36406  36.638  -52.459  -53.917 0.0000000000
36407  34.918  -51.982  -53.705 0.0000000000
36408  33.197  -51.807  -53.455 0.0000000000
36409  32.090  -51.492  -53.435 0.0000000000
36410  37.368  -53.640  -54.557 0.0000000000
36411  37.134  -53.369  -54.342 0.0000000000
37469  36.086  -52.482  -36.742 0.0000000000
37470  35.939  -52.561  -36.862 0.0000000000
37480  37.067  -52.977  -38.384 0.0000000000
37481  36.644  -52.865  -37.860 0.0000000000
37482  36.151  -52.740  -37.211 0.0000000000
37483  35.805  -53.024  -37.598 0.0000000000
37484  35.545  -53.627  -37.949 0.0000000000
37485  35.525  -54.208  -38.222 0.0000000000
37488  38.078  -52.568  -39.055 0.0000000000
37489  37.709  -52.809  -38.856 0.0000000000
37490  35.335  -53.732  -38.142 0.0000000000
37491  35.447  -54.134  -38.451 0.0000000000
37503  38.594  -53.028  -40.815 0.0000000000
37504  38.301  -52.861  -39.454 0.0000000000
37505  37.956  -53.186  -39.193 0.0000000000
37506  35.920  -54.210  -39.101 0.0000000000
37520  40.086  -53.170  -42.513 0.0000000000
37521  39.247  -52.773  -41.723 0.0000000000
37522  36.607  -53.825  -39.839 0.0000000000
37533  41.103  -53.346  -43.673 0.0000000000
37534  36.492  -53.748  -41.057 0.0000000000
37547  36.497  -54.017  -42.267 0.0000000000
37563  36.606  -54.513  -43.561 0.0000000000
37564  36.661  -54.463  -43.239 0.0000000000
37565  32.707  -51.776  -45.204 0.0000000000
37566  32.412  -51.594  -45.311 0.0000000000
37567  32.169  -51.249  -45.444 0.0000000000
37582  36.377  -54.866  -45.553 0.0000000000
37583  36.013  -54.921  -44.640 0.0000000000
37584  36.183  -54.663  -43.836 0.0000000000
37585  32.741  -52.478  -45.582 0.0000000000
37586  32.575  -52.090  -45.332 0.0000000000
37587  31.997  -51.316  -45.612 0.0000000000
37588  28.006  -51.280  -44.970 0.0000000000
37599  35.957  -54.859  -46.849 0.0000000000
37600  35.676  -55.170  -46.188 0.0000000000
37601  33.386  -53.338  -46.491 0.0000000000
37602  32.912  -53.230  -46.122 0.0000000000
37603  31.882  -51.221  -45.817 0.0000000000
37604  31.971  -51.647  -45.952 0.0000000000
37605  28.422  -51.058  -45.686 0.0000000000
37614  35.426  -54.398  -47.423 0.0000000000
37615  34.812  -54.656  -47.177 0.0000000000
37616  33.675  -54.099  -46.730 0.0000000000
37617  33.152  -53.703  -46.442 0.0000000000
37618  31.359  -50.485  -45.922 0.0000000000
37619  31.468  -50.657  -46.272 0.0000000000
37620  28.805  -50.834  -46.399 0.0000000000
37627  30.743  -49.930  -47.160 0.0000000000
37628  29.185  -50.535  -47.206 0.0000000000
37635  31.958  -49.829  -48.916 0.0000000000
37636  31.168  -49.644  -48.413 0.0000000000
37637  29.479  -49.849  -48.247 0.0000000000
37639  32.483  -50.016  -49.518 0.0000000000
37640  31.223  -49.388  -49.677 0.0000000000
37641  29.741  -49.742  -49.479 0.0000000000
37643  34.446  -50.692  -51.248 0.0000000000
37644  33.536  -50.330  -50.532 0.0000000000
37645  31.701  -49.593  -50.743 0.0000000000
37646  30.000  -49.667  -50.672 0.0000000000
37648  36.097  -51.303  -52.585 0.0000000000
37649  35.391  -50.955  -51.979 0.0000000000
37650  33.884  -50.427  -51.935 0.0000000000
37651  32.262  -50.180  -51.830 0.0000000000
37652  30.393  -50.267  -51.702 0.0000000000
37653  36.279  -51.645  -52.964 0.0000000000
37654  35.737  -51.377  -53.034 0.0000000000
37655  34.407  -50.983  -52.895 0.0000000000
38771  36.484  -51.938  -36.629 0.0000000000
38772  36.046  -52.259  -36.604 0.0000000000
38773  35.590  -52.365  -36.840 0.0000000000
38783  37.219  -52.104  -37.966 0.0000000000
38784  36.643  -52.344  -37.039 0.0000000000
38785  36.307  -52.347  -36.736 0.0000000000
38786  35.262  -52.652  -37.341 0.0000000000
38787  35.260  -52.949  -37.926 0.0000000000
38788  35.000  -52.722  -38.062 0.0000000000
38798  38.199  -52.003  -38.895 0.0000000000
38799  37.663  -52.017  -38.604 0.0000000000
38800  35.276  -53.492  -38.203 0.0000000000
38801  35.349  -53.165  -38.445 0.0000000000
38814  38.970  -52.013  -39.913 0.0000000000
38815  38.689  -52.188  -39.231 0.0000000000
38816  35.898  -53.239  -39.186 0.0000000000
38827  39.845  -51.912  -42.334 0.0000000000
38828  39.173  -52.197  -41.212 0.0000000000
38829  36.444  -53.221  -40.020 0.0000000000
38838  40.571  -52.399  -43.513 0.0000000000
38839  36.404  -53.114  -41.020 0.0000000000
38840  36.375  -53.294  -40.829 0.0000000000
38853  36.519  -53.282  -41.627 0.0000000000
38854  36.496  -53.655  -41.775 0.0000000000
38871  37.111  -53.978  -43.376 0.0000000000
38872  36.948  -54.047  -42.843 0.0000000000
38873  36.534  -54.160  -42.745 0.0000000000
38874  32.795  -51.415  -45.029 0.0000000000
38875  32.428  -50.935  -45.172 0.0000000000
38876  31.868  -50.457  -44.938 0.0000000000
38877  30.955  -49.690  -44.852 0.0000000000
38890  36.958  -54.269  -44.384 0.0000000000
38891  36.524  -54.496  -44.202 0.0000000000
38892  33.274  -52.024  -45.580 0.0000000000
38893  33.087  -51.897  -45.322 0.0000000000
38894  31.578  -50.352  -45.247 0.0000000000
38895  30.259  -49.693  -44.971 0.0000000000
38896  28.946  -50.402  -44.684 0.0000000000
38897  27.661  -51.237  -44.530 0.0000000000
38905  37.210  -54.670  -46.729 0.0000000000
38906  36.914  -54.678  -46.410 0.0000000000
38907  34.241  -52.941  -47.271 0.0000000000
38908  33.665  -52.603  -46.539 0.0000000000
38909  33.118  -52.719  -46.046 0.0000000000
38910  31.330  -50.316  -45.454 0.0000000000
38911  30.258  -49.866  -45.406 0.0000000000
38912  29.328  -50.294  -45.462 0.0000000000
38918  36.995  -54.382  -46.882 0.0000000000
38919  36.120  -54.226  -47.333 0.0000000000
38920  34.766  -53.565  -47.578 0.0000000000
38921  34.019  -53.664  -46.935 0.0000000000
38922  31.184  -50.241  -45.700 0.0000000000
38923  30.557  -49.909  -45.929 0.0000000000
38924  29.630  -50.170  -46.105 0.0000000000
38929  30.471  -49.951  -46.435 0.0000000000
38930  29.854  -50.121  -46.652 0.0000000000
40045  37.278  -50.966  -36.970 0.0000000000
40046  36.776  -51.236  -36.669 0.0000000000
40047  36.227  -51.476  -36.460 0.0000000000
40048  35.668  -51.656  -36.527 0.0000000000
40057  38.517  -50.534  -37.676 0.0000000000
40058  37.792  -50.963  -37.606 0.0000000000
40059  37.017  -51.637  -37.012 0.0000000000
40060  35.149  -51.878  -36.874 0.0000000000
40061  34.868  -52.197  -37.484 0.0000000000
40062  34.903  -52.525  -37.853 0.0000000000
40076  39.340  -50.743  -38.558 0.0000000000
40077  38.909  -50.957  -38.203 0.0000000000
40078  37.912  -51.573  -38.285 0.0000000000
40079  34.715  -51.744  -37.766 0.0000000000
40080  34.840  -52.363  -38.102 0.0000000000
40093  39.375  -50.979  -39.144 0.0000000000
40094  38.961  -51.701  -38.941 0.0000000000
40095  34.862  -51.836  -38.407 0.0000000000
40096  35.184  -52.538  -38.790 0.0000000000
40109  40.738  -50.624  -42.331 0.0000000000
40110  39.984  -51.035  -40.643 0.0000000000
40111  35.507  -52.068  -39.097 0.0000000000
40112  36.089  -52.714  -39.472 0.0000000000
40124  40.856  -51.513  -43.378 0.0000000000
40125  36.687  -52.293  -40.771 0.0000000000
40126  36.494  -52.526  -40.399 0.0000000000
40127  36.391  -52.944  -40.315 0.0000000000
40139  41.108  -52.067  -43.967 0.0000000000
40140  36.865  -52.603  -41.399 0.0000000000
40141  36.751  -53.213  -42.010 0.0000000000
40154  37.926  -53.397  -43.509 0.0000000000
40155  37.421  -53.498  -43.022 0.0000000000
40156  37.112  -53.722  -42.548 0.0000000000
40157  32.945  -50.703  -45.043 0.0000000000
40158  32.690  -50.774  -45.040 0.0000000000
40159  31.937  -50.013  -44.532 0.0000000000
40160  31.029  -49.479  -44.474 0.0000000000
40161  29.847  -49.509  -44.235 0.0000000000
40162  28.722  -49.931  -43.912 0.0000000000
40163  27.900  -50.320  -44.045 0.0000000000
40164  27.257  -50.665  -44.298 0.0000000000
40175  38.611  -53.476  -44.765 0.0000000000
40176  38.026  -53.645  -44.480 0.0000000000
40177  37.310  -54.113  -45.208 0.0000000000
40178  33.230  -51.372  -45.359 0.0000000000
40179  33.029  -51.434  -45.069 0.0000000000
40180  29.143  -50.013  -44.243 0.0000000000
40181  28.285  -50.544  -44.142 0.0000000000
40182  27.392  -51.025  -44.342 0.0000000000
40189  38.464  -53.752  -45.716 0.0000000000
40190  37.561  -54.416  -46.508 0.0000000000
40191  37.255  -54.466  -46.322 0.0000000000
40192  34.400  -52.570  -47.222 0.0000000000
40193  33.816  -51.832  -46.402 0.0000000000
40199  38.237  -54.031  -47.204 0.0000000000
40200  37.164  -53.727  -47.518 0.0000000000
40201  35.783  -53.207  -47.866 0.0000000000
40202  34.967  -52.991  -47.791 0.0000000000
41394  37.668  -50.466  -37.117 0.0000000000
41395  37.173  -50.540  -36.881 0.0000000000
41396  36.581  -50.721  -36.649 0.0000000000
41397  35.982  -50.857  -36.520 0.0000000000
41407  38.882  -50.286  -37.662 0.0000000000
41408  38.343  -50.168  -37.333 0.0000000000
41409  35.403  -51.006  -36.729 0.0000000000
41410  34.924  -51.261  -37.223 0.0000000000
41428  39.939  -49.488  -39.542 0.0000000000
41429  39.532  -50.187  -38.697 0.0000000000
41430  39.244  -50.151  -37.971 0.0000000000
41431  34.895  -51.101  -37.876 0.0000000000
41443  41.321  -48.962  -41.152 0.0000000000
41444  40.523  -49.419  -40.306 0.0000000000
41445  39.999  -50.249  -39.715 0.0000000000
41446  35.186  -51.295  -38.662 0.0000000000
41458  40.856  -50.033  -41.062 0.0000000000
41459  40.403  -50.223  -40.359 0.0000000000
41460  36.283  -51.185  -39.557 0.0000000000
41461  35.847  -51.605  -39.341 0.0000000000
41475  36.820  -51.860  -40.505 0.0000000000
41476  36.444  -51.821  -39.822 0.0000000000
41488  38.238  -52.176  -41.699 0.0000000000
41489  37.376  -52.354  -41.625 0.0000000000
41500  39.127  -52.541  -43.429 0.0000000000
41501  38.229  -52.881  -43.104 0.0000000000
41502  37.740  -52.714  -42.377 0.0000000000
41503  33.349  -49.736  -45.269 0.0000000000
41504  32.755  -50.030  -44.957 0.0000000000
41505  32.035  -49.549  -44.295 0.0000000000
41506  31.180  -49.174  -44.053 0.0000000000
41507  30.120  -49.082  -44.003 0.0000000000
41508  29.089  -49.313  -43.913 0.0000000000
41509  28.244  -49.664  -43.928 0.0000000000
41510  27.542  -50.064  -44.154 0.0000000000
41519  39.223  -53.253  -44.824 0.0000000000
41520  38.695  -53.214  -44.083 0.0000000000
41521  33.725  -50.459  -46.083 0.0000000000
41522  33.324  -50.538  -45.490 0.0000000000
41527  41.006  -52.974  -47.493 0.0000000000
41528  40.079  -53.316  -47.201 0.0000000000
41529  39.171  -53.616  -46.498 0.0000000000
41530  35.987  -51.181  -47.714 0.0000000000
41531  35.113  -51.242  -47.242 0.0000000000
41532  34.262  -51.418  -46.800 0.0000000000
41533  33.558  -51.101  -46.117 0.0000000000
41538  41.380  -52.528  -48.285 0.0000000000
41539  40.308  -52.946  -48.271 0.0000000000
41540  38.625  -53.069  -48.380 0.0000000000
41541  36.738  -52.638  -48.234 0.0000000000
41542  35.763  -52.153  -47.804 0.0000000000
41543  35.040  -52.317  -47.572 0.0000000000
41550  42.699  -51.546  -49.235 0.0000000000
41551  41.876  -52.139  -48.992 0.0000000000
41552  40.758  -52.221  -49.056 0.0000000000
41553  39.786  -52.578  -48.774 0.0000000000
41554  42.597  -51.317  -49.594 0.0000000000
41555  42.053  -51.588  -49.409 0.0000000000
41556  41.503  -51.902  -49.226 0.0000000000
42677  37.799  -49.902  -37.095 0.0000000000
42678  37.113  -50.017  -36.949 0.0000000000
42679  36.484  -50.177  -36.825 0.0000000000
42680  35.958  -50.253  -36.860 0.0000000000
42693  39.292  -48.966  -38.443 0.0000000000
42694  38.890  -49.511  -37.834 0.0000000000
42695  38.327  -49.545  -37.392 0.0000000000
42696  35.468  -50.325  -37.275 0.0000000000
42697  35.006  -50.757  -37.419 0.0000000000
42716  40.278  -48.601  -39.908 0.0000000000
42717  39.671  -48.969  -39.068 0.0000000000
42718  39.314  -49.614  -38.318 0.0000000000
42719  35.564  -49.986  -37.900 0.0000000000
42720  35.161  -50.511  -37.670 0.0000000000
42736  40.858  -48.302  -40.617 0.0000000000
42737  35.789  -49.971  -38.576 0.0000000000
42738  35.254  -50.549  -38.247 0.0000000000
42750  36.300  -50.317  -39.212 0.0000000000
42751  35.670  -50.777  -38.921 0.0000000000
42764  36.946  -50.907  -39.869 0.0000000000
42778  38.323  -51.269  -41.268 0.0000000000
42779  37.739  -51.410  -40.623 0.0000000000
42793  39.495  -51.413  -42.680 0.0000000000
42794  38.818  -51.870  -42.203 0.0000000000
42795  33.372  -49.042  -45.124 0.0000000000
42796  32.917  -49.067  -44.589 0.0000000000
42797  32.222  -48.917  -44.209 0.0000000000
42798  31.387  -48.718  -43.993 0.0000000000
42799  30.396  -48.669  -44.023 0.0000000000
42800  29.398  -48.795  -44.046 0.0000000000
42801  28.574  -49.058  -44.032 0.0000000000
42802  27.898  -49.464  -44.213 0.0000000000
42809  40.444  -51.610  -44.827 0.0000000000
42810  39.712  -52.099  -44.131 0.0000000000
42811  34.296  -49.247  -46.347 0.0000000000
42812  33.904  -49.613  -46.006 0.0000000000
42818  41.215  -52.717  -47.125 0.0000000000
42819  40.892  -52.456  -46.458 0.0000000000
42820  40.065  -52.993  -45.618 0.0000000000
42821  36.028  -50.325  -47.850 0.0000000000
42822  35.082  -50.018  -46.960 0.0000000000
42823  34.393  -50.502  -46.628 0.0000000000
42831  41.698  -52.265  -47.240 0.0000000000
42832  41.450  -51.860  -46.363 0.0000000000
42833  38.255  -51.437  -49.076 0.0000000000
42834  37.036  -51.209  -48.477 0.0000000000
42842  44.251  -50.652  -49.290 0.0000000000
42843  43.629  -51.094  -49.159 0.0000000000
42844  42.599  -51.847  -48.373 0.0000000000
42845  40.350  -51.250  -49.516 0.0000000000
42846  39.429  -51.789  -49.297 0.0000000000
42847  44.074  -50.627  -49.568 0.0000000000
42848  43.349  -50.952  -49.883 0.0000000000
42849  42.384  -50.981  -49.994 0.0000000000
42850  41.326  -51.270  -49.581 0.0000000000
43832  36.517  -49.762  -37.109 0.0000000000
43850  36.380  -49.551  -37.383 0.0000000000
43866  36.103  -49.485  -37.728 0.0000000000
43882  36.173  -49.349  -38.258 0.0000000000
43896  36.945  -48.816  -39.017 0.0000000000
43897  36.564  -49.322  -38.918 0.0000000000
43911  37.308  -49.117  -39.429 0.0000000000
43912  37.131  -50.063  -39.553 0.0000000000
43926  37.822  -50.026  -40.470 0.0000000000
43927  37.452  -50.624  -40.072 0.0000000000
43937  39.195  -50.095  -42.443 0.0000000000
43938  38.667  -50.434  -41.721 0.0000000000
43939  33.412  -48.790  -45.083 0.0000000000
43940  33.005  -48.638  -44.947 0.0000000000
43941  32.381  -48.432  -44.388 0.0000000000
43942  31.670  -48.265  -44.204 0.0000000000
43943  30.722  -48.244  -44.280 0.0000000000
43944  29.704  -48.339  -44.391 0.0000000000
43945  28.885  -48.526  -44.407 0.0000000000
43946  28.295  -48.976  -44.668 0.0000000000
43949  40.537  -50.292  -44.192 0.0000000000
43950  40.030  -50.601  -43.289 0.0000000000
43951  34.190  -48.814  -46.477 0.0000000000
43952  33.648  -48.797  -45.615 0.0000000000
43953  33.208  -48.460  -45.391 0.0000000000
43957  41.273  -50.877  -45.352 0.0000000000
43958  35.696  -49.444  -47.809 0.0000000000
43959  34.852  -49.071  -47.031 0.0000000000
43968  43.922  -49.996  -47.815 0.0000000000
43969  42.913  -51.078  -47.168 0.0000000000
43970  42.035  -51.451  -46.338 0.0000000000
43971  37.541  -49.908  -49.102 0.0000000000
43972  36.628  -49.881  -48.264 0.0000000000
43980  44.550  -49.789  -49.213 0.0000000000
43981  44.269  -50.476  -48.826 0.0000000000
43982  43.583  -51.081  -48.312 0.0000000000
43983  39.692  -50.237  -49.762 0.0000000000
43984  38.661  -50.540  -49.443 0.0000000000
43985  43.929  -49.858  -49.838 0.0000000000
43986  42.950  -50.009  -50.194 0.0000000000
43987  41.780  -50.246  -50.252 0.0000000000
43988  40.759  -50.525  -49.851 0.0000000000
44922  36.684  -48.851  -38.086 0.0000000000
44940  36.796  -48.781  -38.529 0.0000000000
44955  37.418  -48.344  -38.944 0.0000000000
44956  36.868  -48.765  -38.786 0.0000000000
44969  38.019  -48.376  -39.906 0.0000000000
44983  38.358  -48.979  -41.075 0.0000000000
44994  39.388  -48.928  -42.495 0.0000000000
44995  38.774  -49.294  -41.932 0.0000000000
44996  32.417  -48.204  -44.816 0.0000000000
44997  31.964  -47.941  -44.707 0.0000000000
44998  31.191  -48.086  -44.864 0.0000000000
44999  30.023  -48.177  -45.499 0.0000000000
45000  29.172  -48.266  -45.259 0.0000000000
45004  40.907  -49.285  -44.167 0.0000000000
45005  40.162  -49.118  -43.369 0.0000000000
45006  33.790  -48.396  -46.618 0.0000000000
45007  33.308  -48.257  -46.014 0.0000000000
45008  32.758  -48.186  -45.467 0.0000000000
45009  32.262  -47.955  -45.135 0.0000000000
45010  29.617  -47.933  -46.535 0.0000000000
45011  29.288  -47.998  -46.275 0.0000000000
45017  42.620  -49.087  -45.485 0.0000000000
45018  41.840  -49.357  -44.851 0.0000000000
45019  35.166  -48.559  -48.218 0.0000000000
45020  34.415  -48.390  -47.321 0.0000000000
45030  45.698  -48.204  -48.004 0.0000000000
45031  44.841  -48.682  -47.335 0.0000000000
45032  43.532  -49.403  -46.441 0.0000000000
45033  42.439  -50.329  -45.860 0.0000000000
45034  37.226  -48.439  -49.664 0.0000000000
45035  36.315  -48.770  -49.072 0.0000000000
45042  45.431  -48.291  -48.757 0.0000000000
45043  45.014  -49.383  -48.412 0.0000000000
45044  40.967  -48.106  -49.936 0.0000000000
45045  39.747  -48.470  -49.688 0.0000000000
45046  38.374  -48.935  -49.735 0.0000000000
45047  44.677  -48.361  -49.563 0.0000000000
45048  43.567  -48.629  -50.111 0.0000000000
45049  42.210  -48.777  -50.163 0.0000000000
45050  40.856  -49.460  -50.045 0.0000000000
46096  38.794  -46.968  -41.345 0.0000000000
46097  38.572  -47.733  -40.664 0.0000000000
46106  39.916  -47.094  -42.656 0.0000000000
46107  39.329  -47.324  -42.102 0.0000000000
46108  38.921  -48.201  -41.535 0.0000000000
46109  32.043  -47.897  -45.329 0.0000000000
46110  31.665  -47.977  -45.506 0.0000000000
46111  30.906  -48.304  -46.203 0.0000000000
46114  41.274  -47.305  -44.068 0.0000000000
46115  40.522  -47.709  -43.449 0.0000000000
46116  39.885  -48.028  -42.718 0.0000000000
46117  34.050  -47.831  -47.494 0.0000000000
46118  33.493  -47.868  -47.125 0.0000000000
46119  32.901  -47.851  -46.584 0.0000000000
46120  32.323  -47.930  -46.044 0.0000000000
46121  31.956  -47.933  -46.039 0.0000000000
46122  29.978  -47.638  -47.380 0.0000000000
46131  43.206  -47.300  -45.374 0.0000000000
46132  42.214  -47.840  -44.787 0.0000000000
46133  41.352  -48.320  -44.168 0.0000000000
46134  35.513  -47.717  -49.347 0.0000000000
46135  34.542  -47.602  -48.630 0.0000000000
46136  33.816  -47.212  -48.440 0.0000000000
46137  33.019  -47.493  -48.073 0.0000000000
46138  32.392  -47.565  -47.463 0.0000000000
46139  32.043  -47.716  -46.902 0.0000000000
46149  46.406  -46.032  -47.876 0.0000000000
46150  46.002  -47.122  -47.125 0.0000000000
46151  44.483  -47.760  -46.052 0.0000000000
46152  43.126  -48.259  -45.661 0.0000000000
46153  37.432  -47.617  -50.136 0.0000000000
46154  36.319  -47.373  -50.300 0.0000000000
46164  46.407  -45.982  -48.539 0.0000000000
46165  46.228  -47.119  -48.255 0.0000000000
46167  41.948  -46.678  -49.957 0.0000000000
46168  40.240  -47.081  -49.942 0.0000000000
46169  38.679  -46.932  -49.937 0.0000000000
46172  46.697  -45.658  -48.816 0.0000000000
46173  45.869  -46.535  -49.075 0.0000000000
46174  44.085  -46.551  -49.921 0.0000000000
46175  42.964  -47.690  -50.017 0.0000000000
47271  39.201  -45.502  -41.597 0.0000000000
47274  40.462  -45.773  -42.913 0.0000000000
47275  39.724  -45.909  -42.309 0.0000000000
47276  39.079  -46.443  -41.748 0.0000000000
47277  31.733  -48.047  -46.155 0.0000000000
47278  31.433  -48.115  -46.415 0.0000000000
47280  42.121  -45.764  -43.807 0.0000000000
47281  41.020  -46.198  -43.551 0.0000000000
47282  40.213  -46.658  -42.996 0.0000000000
47283  31.683  -47.866  -46.877 0.0000000000
47284  31.021  -47.807  -47.420 0.0000000000
47293  44.503  -45.448  -45.024 0.0000000000
47294  42.962  -46.176  -44.691 0.0000000000
47295  41.703  -46.775  -44.351 0.0000000000
47299  31.629  -47.182  -48.497 0.0000000000
47307  46.777  -45.239  -47.138 0.0000000000
47308  45.264  -46.019  -45.760 0.0000000000
47309  43.955  -46.801  -45.419 0.0000000000
48461  42.104  -44.804  -42.830 0.0000000000
48462  41.058  -45.304  -42.740 0.0000000000
48463  40.107  -44.968  -41.991 0.0000000000
48475  44.373  -44.604  -44.426 0.0000000000
48476  42.988  -45.073  -43.887 0.0000000000
48477  41.713  -45.558  -43.464 0.0000000000
48496  45.235  -44.556  -45.355 0.0000000000
48497  43.969  -45.212  -44.677 0.0000000000
48511  46.214  -45.002  -46.133 0.0000000000
49608  40.636  -44.722  -42.077 0.0000000000
49628  43.895  -44.562  -43.930 0.0000000000
145709  39.122  -67.788  -52.305 0.0000000000
145710  38.561  -67.937  -52.982 0.0000000000
145711  37.468  -67.170  -53.488 0.0000000000
145712  38.531  -67.661  -52.959 0.0000000000
145713  37.381  -66.877  -53.552 0.0000000000
145714  38.182  -69.129  -51.830 0.0000000000
145715  38.989  -67.201  -52.394 0.0000000000
145716  38.638  -67.453  -52.761 0.0000000000
145717  35.460  -68.035  -53.069 0.0000000000
145718  37.426  -69.349  -50.445 0.0000000000
145719  37.634  -66.835  -53.583 0.0000000000
145720  34.396  -68.478  -52.392 0.0000000000
145721  32.971  -69.705  -52.018 0.0000000000
145722  38.567  -68.216  -50.653 0.0000000000
145723  43.033  -62.054  -53.318 0.0000000000
145724  43.828  -64.195  -50.515 0.0000000000
145725  44.463  -60.684  -52.217 0.0000000000
145726  44.596  -60.857  -51.484 0.0000000000
145727  42.524  -62.659  -53.742 0.0000000000
145728  44.155  -62.744  -50.019 0.0000000000
145729  41.391  -64.538  -53.362 0.0000000000
145730  43.530  -61.492  -53.211 0.0000000000
145731  43.015  -61.376  -52.518 0.0000000000
145746  29.884  -64.641  -54.832 0.0000000000
145748  30.350  -62.779  -56.762 0.0000000000
145749  29.783  -63.751  -54.880 0.0000000000
