#!ascii label  , from subject subject001 vox2ras=TkReg
758
95149  36.024  -3.573  6.221 0.0000000000
95150  36.170  -3.423  5.622 0.0000000000
95162  35.813  -3.740  5.283 0.0000000000
95163  36.124  -3.433  5.363 0.0000000000
95174  35.387  -3.741  4.450 0.0000000000
95181  34.863  -3.510  3.722 0.0000000000
96231  37.660  -1.735  8.370 0.0000000000
96238  36.510  -2.695  6.672 0.0000000000
96239  36.423  -3.009  5.876 0.0000000000
96240  36.300  -3.235  5.447 0.0000000000
96248  36.002  -3.274  4.816 0.0000000000
96249  36.172  -3.308  5.157 0.0000000000
96259  35.630  -3.005  4.218 0.0000000000
96266  34.971  -2.684  3.432 0.0000000000
97269  38.528  0.025  9.090 0.0000000000
97280  38.725  -0.173  8.281 0.0000000000
97281  38.268  -0.894  8.710 0.0000000000
97290  38.833  -0.193  7.262 0.0000000000
97291  37.938  -1.376  7.431 0.0000000000
97292  37.056  -2.132  6.958 0.0000000000
97298  38.912  -0.156  6.658 0.0000000000
97299  38.330  -0.894  6.188 0.0000000000
97300  36.951  -2.090  6.073 0.0000000000
97301  36.426  -2.881  5.404 0.0000000000
97302  36.330  -3.131  5.234 0.0000000000
97309  37.836  -0.745  4.948 0.0000000000
97310  37.077  -1.610  5.032 0.0000000000
97311  36.395  -2.611  4.927 0.0000000000
97312  36.302  -3.057  5.022 0.0000000000
97321  37.622  -0.645  4.325 0.0000000000
97322  36.935  -1.244  3.912 0.0000000000
97323  36.053  -2.141  4.094 0.0000000000
97332  36.164  -1.082  3.286 0.0000000000
97333  35.430  -1.713  3.133 0.0000000000
97336  35.573  -0.963  2.764 0.0000000000
98351  38.812  0.741  8.988 0.0000000000
98366  39.298  0.868  8.145 0.0000000000
98367  38.779  1.538  8.885 0.0000000000
98372  39.406  0.568  6.798 0.0000000000
98373  38.913  -0.149  6.348 0.0000000000
98379  39.326  0.697  5.567 0.0000000000
98380  38.845  -0.173  5.704 0.0000000000
98386  39.214  0.577  4.806 0.0000000000
98387  38.299  -0.080  4.393 0.0000000000
98388  37.477  -0.628  3.960 0.0000000000
98396  37.816  -0.009  3.622 0.0000000000
98397  37.023  -0.551  3.226 0.0000000000
98401  35.405  -0.308  2.035 0.0000000000
99433  39.038  1.916  8.477 0.0000000000
99441  39.509  1.885  7.746 0.0000000000
99442  38.568  2.773  8.254 0.0000000000
99449  39.813  2.051  6.650 0.0000000000
99450  39.236  2.955  7.576 0.0000000000
99457  39.637  1.492  4.959 0.0000000000
99458  38.964  0.583  4.384 0.0000000000
99466  39.459  1.595  3.640 0.0000000000
99467  38.431  0.544  3.609 0.0000000000
99468  37.594  0.055  3.263 0.0000000000
99472  39.242  1.708  2.969 0.0000000000
99473  38.189  1.181  2.501 0.0000000000
99474  37.155  0.224  2.610 0.0000000000
99476  37.485  1.264  1.677 0.0000000000
99477  36.144  0.747  1.371 0.0000000000
100503  39.491  3.154  7.028 0.0000000000
100504  38.483  3.799  7.189 0.0000000000
100511  39.491  3.589  6.328 0.0000000000
100512  37.738  4.572  6.761 0.0000000000
100520  40.175  3.711  4.536 0.0000000000
100521  40.000  3.059  4.760 0.0000000000
100526  40.223  3.410  4.050 0.0000000000
100527  39.802  2.498  3.258 0.0000000000
100528  39.098  1.832  2.521 0.0000000000
100533  39.351  2.347  2.322 0.0000000000
100534  38.448  1.761  1.644 0.0000000000
100535  37.197  1.485  1.214 0.0000000000
100539  37.710  1.812  0.773 0.0000000000
100540  36.556  1.604  0.347 0.0000000000
101530  39.445  4.247  5.677 0.0000000000
101531  38.275  4.759  6.167 0.0000000000
101540  40.292  4.101  4.276 0.0000000000
101541  39.837  4.277  4.970 0.0000000000
101542  38.721  4.976  5.539 0.0000000000
101543  37.486  5.337  5.808 0.0000000000
101549  40.301  3.575  3.101 0.0000000000
101550  39.800  2.808  2.571 0.0000000000
101553  40.354  3.654  2.230 0.0000000000
101554  39.487  2.859  1.509 0.0000000000
101555  38.451  2.103  0.895 0.0000000000
101559  39.168  2.960  0.326 0.0000000000
101560  37.767  2.464  -0.149 0.0000000000
101561  36.413  2.080  -0.369 0.0000000000
101563  36.654  3.259  -1.532 0.0000000000
102530  39.870  4.589  4.529 0.0000000000
102531  39.191  5.140  4.896 0.0000000000
102532  37.850  5.744  5.330 0.0000000000
102540  40.023  5.060  4.010 0.0000000000
102541  38.552  6.033  4.662 0.0000000000
102542  36.864  6.305  4.726 0.0000000000
102547  40.521  4.585  2.561 0.0000000000
102548  40.391  3.866  1.655 0.0000000000
102552  40.611  4.670  1.423 0.0000000000
102553  39.885  3.856  0.470 0.0000000000
102554  39.011  3.216  -0.344 0.0000000000
102557  39.380  3.878  -0.659 0.0000000000
102558  38.232  3.569  -1.297 0.0000000000
102561  36.832  4.135  -2.064 0.0000000000
103572  40.175  5.710  3.214 0.0000000000
103573  39.148  6.306  3.892 0.0000000000
103574  37.604  6.750  4.155 0.0000000000
103579  40.724  5.862  2.102 0.0000000000
103580  39.713  6.693  3.121 0.0000000000
103581  38.297  7.202  3.557 0.0000000000
103582  36.754  7.414  3.582 0.0000000000
103585  40.511  6.033  -0.541 0.0000000000
103586  40.533  5.350  0.183 0.0000000000
103587  39.916  4.395  -0.411 0.0000000000
103590  40.474  6.045  -0.984 0.0000000000
103591  40.321  5.561  -0.981 0.0000000000
103592  39.332  4.789  -1.437 0.0000000000
103593  37.982  4.312  -1.940 0.0000000000
103596  38.861  5.302  -2.306 0.0000000000
103597  37.637  4.998  -2.672 0.0000000000
104656  40.041  7.047  2.349 0.0000000000
104657  38.907  7.608  2.836 0.0000000000
104658  37.418  8.018  3.086 0.0000000000
104659  35.885  8.091  2.990 0.0000000000
104663  40.572  6.685  0.100 0.0000000000
104664  40.556  6.946  1.274 0.0000000000
104665  39.495  7.838  1.984 0.0000000000
104666  38.093  8.378  2.313 0.0000000000
104667  36.490  8.679  2.391 0.0000000000
104668  35.081  8.473  2.143 0.0000000000
104671  40.566  6.684  -0.956 0.0000000000
104672  40.309  5.987  -1.429 0.0000000000
104673  39.975  5.520  -1.482 0.0000000000
104675  40.545  7.040  -1.634 0.0000000000
104676  40.339  6.520  -1.835 0.0000000000
104677  39.661  5.854  -2.055 0.0000000000
104678  38.728  5.821  -2.826 0.0000000000
104684  40.534  7.170  -1.938 0.0000000000
104685  40.468  6.939  -1.977 0.0000000000
104686  37.724  6.028  -3.692 0.0000000000
105743  40.489  7.361  0.638 0.0000000000
105744  40.097  7.997  1.120 0.0000000000
105745  38.877  8.683  1.549 0.0000000000
105746  37.279  9.145  1.698 0.0000000000
105747  35.412  9.331  1.522 0.0000000000
105750  40.541  7.820  -0.016 0.0000000000
105751  39.709  8.884  0.744 0.0000000000
105752  38.281  9.476  0.981 0.0000000000
105753  36.641  9.665  0.942 0.0000000000
105754  35.673  9.811  1.018 0.0000000000
105757  40.667  7.531  -1.157 0.0000000000
105758  40.347  6.800  -2.144 0.0000000000
105759  40.115  6.610  -2.361 0.0000000000
105760  39.543  6.340  -2.750 0.0000000000
105766  40.606  7.448  -1.800 0.0000000000
105767  40.474  7.225  -2.257 0.0000000000
105768  40.075  7.004  -2.974 0.0000000000
105769  39.137  6.462  -3.471 0.0000000000
105776  39.727  7.153  -3.691 0.0000000000
105777  38.690  6.936  -4.454 0.0000000000
105783  37.534  7.402  -5.404 0.0000000000
106799  35.036  9.855  0.915 0.0000000000
106800  34.124  9.461  0.821 0.0000000000
106803  40.655  8.267  -0.819 0.0000000000
106804  40.348  8.965  -0.151 0.0000000000
106805  39.284  9.629  0.226 0.0000000000
106806  37.629  10.111  0.193 0.0000000000
106807  35.956  10.196  0.584 0.0000000000
106808  34.835  10.202  0.624 0.0000000000
106811  40.726  8.025  -1.601 0.0000000000
106812  40.707  8.981  -1.144 0.0000000000
106813  40.120  9.730  -0.456 0.0000000000
106814  39.056  10.176  -0.266 0.0000000000
106817  40.663  7.712  -2.074 0.0000000000
106818  40.761  8.162  -2.538 0.0000000000
106819  40.308  7.501  -3.353 0.0000000000
106823  40.807  8.701  -3.287 0.0000000000
106824  40.362  7.908  -4.056 0.0000000000
106825  39.236  7.962  -5.209 0.0000000000
106830  37.980  8.342  -6.009 0.0000000000
107846  33.844  9.926  1.108 0.0000000000
107849  36.684  10.440  -0.081 0.0000000000
107850  35.754  10.688  0.082 0.0000000000
107851  34.350  10.339  0.585 0.0000000000
107854  40.445  9.701  -1.011 0.0000000000
107855  39.862  10.225  -0.886 0.0000000000
107856  37.922  10.809  -0.608 0.0000000000
107857  36.488  10.960  -0.440 0.0000000000
107860  40.640  9.607  -1.644 0.0000000000
107861  40.128  10.516  -1.786 0.0000000000
107862  39.098  11.055  -1.205 0.0000000000
107864  40.830  9.380  -2.596 0.0000000000
107865  40.826  9.551  -3.565 0.0000000000
107866  40.306  8.734  -4.855 0.0000000000
107869  40.682  9.715  -4.755 0.0000000000
107870  39.784  9.168  -5.794 0.0000000000
107871  38.457  9.299  -6.611 0.0000000000
107875  37.805  9.551  -7.103 0.0000000000
108774  35.251  10.563  5.980 0.0000000000
108780  35.264  10.489  4.933 0.0000000000
108793  35.018  10.388  3.716 0.0000000000
108814  33.833  10.661  1.488 0.0000000000
108818  34.118  10.838  0.820 0.0000000000
108821  35.902  11.114  -0.192 0.0000000000
108822  34.968  10.939  0.424 0.0000000000
108824  38.435  11.335  -1.003 0.0000000000
108825  37.028  11.187  -0.549 0.0000000000
108827  40.492  10.667  -2.705 0.0000000000
108828  39.760  11.193  -1.818 0.0000000000
108830  40.825  10.792  -3.738 0.0000000000
108831  40.445  11.166  -2.628 0.0000000000
108833  40.736  10.636  -5.233 0.0000000000
108834  39.910  10.453  -6.637 0.0000000000
108835  38.715  9.944  -7.042 0.0000000000
108840  39.854  11.202  -7.093 0.0000000000
108841  38.813  10.650  -7.503 0.0000000000
109733  35.492  11.310  6.781 0.0000000000
109745  35.737  11.423  5.912 0.0000000000
109752  35.744  11.314  4.770 0.0000000000
109759  35.370  11.122  3.443 0.0000000000
109768  34.729  11.239  2.179 0.0000000000
109776  34.451  11.406  1.284 0.0000000000
109779  35.541  11.400  0.227 0.0000000000
109780  34.908  11.449  0.732 0.0000000000
109782  37.760  11.521  -0.726 0.0000000000
109783  36.550  11.608  -0.207 0.0000000000
109785  40.184  12.056  -2.038 0.0000000000
109786  39.439  11.787  -1.480 0.0000000000
109788  41.344  12.435  -2.972 0.0000000000
109789  40.844  11.969  -2.679 0.0000000000
109790  40.105  11.497  -2.175 0.0000000000
109794  41.407  12.521  -3.299 0.0000000000
109795  41.316  12.035  -4.191 0.0000000000
109796  41.055  11.995  -5.764 0.0000000000
109797  40.765  12.592  -6.497 0.0000000000
109804  40.396  11.657  -6.714 0.0000000000
109805  40.084  12.141  -7.336 0.0000000000
109812  39.070  12.056  -8.164 0.0000000000
110604  35.498  11.895  7.612 0.0000000000
110613  35.963  12.274  6.934 0.0000000000
110623  36.649  13.087  5.635 0.0000000000
110624  36.418  12.652  5.889 0.0000000000
110633  36.767  12.923  5.229 0.0000000000
110634  36.344  11.982  4.519 0.0000000000
110640  36.820  12.681  4.272 0.0000000000
110641  36.061  11.737  3.243 0.0000000000
110650  36.828  12.429  3.196 0.0000000000
110651  35.508  11.803  2.057 0.0000000000
110660  37.682  12.684  2.087 0.0000000000
110661  36.823  12.205  2.018 0.0000000000
110662  35.244  11.818  1.140 0.0000000000
110665  37.670  12.573  1.377 0.0000000000
110666  36.092  11.931  0.543 0.0000000000
110667  35.246  11.727  0.756 0.0000000000
110669  38.014  12.131  -0.092 0.0000000000
110670  36.704  11.933  -0.010 0.0000000000
110672  40.382  12.451  -1.739 0.0000000000
110673  39.612  12.449  -0.943 0.0000000000
110675  41.508  12.893  -2.856 0.0000000000
110676  41.095  12.814  -2.265 0.0000000000
110682  41.717  13.222  -3.635 0.0000000000
110683  41.583  13.343  -4.672 0.0000000000
110684  41.248  13.587  -5.701 0.0000000000
110685  40.647  13.691  -6.656 0.0000000000
110691  40.089  13.522  -7.751 0.0000000000
111503  35.455  12.856  7.609 0.0000000000
111508  35.718  13.812  7.091 0.0000000000
111513  36.652  13.637  5.690 0.0000000000
111514  36.246  13.946  6.294 0.0000000000
111522  37.083  13.607  5.054 0.0000000000
111531  37.425  13.500  4.233 0.0000000000
111539  38.553  13.995  3.072 0.0000000000
111540  37.851  13.365  3.218 0.0000000000
111550  38.396  13.373  2.328 0.0000000000
111551  37.701  12.855  2.459 0.0000000000
111556  39.053  13.069  1.209 0.0000000000
111558  40.795  14.663  -0.662 0.0000000000
111559  40.738  14.107  -0.549 0.0000000000
111560  40.075  13.104  -0.085 0.0000000000
111562  41.074  14.525  -1.325 0.0000000000
111563  40.942  13.419  -1.508 0.0000000000
111564  40.297  12.856  -1.080 0.0000000000
111566  41.660  14.150  -2.706 0.0000000000
111567  41.385  13.321  -2.365 0.0000000000
111572  42.075  14.325  -3.895 0.0000000000
111573  41.890  14.688  -4.778 0.0000000000
111574  41.388  15.114  -5.766 0.0000000000
111575  40.490  15.171  -6.848 0.0000000000
111581  39.844  14.971  -7.930 0.0000000000
112449  35.662  14.610  6.466 0.0000000000
112453  36.754  14.352  5.424 0.0000000000
112454  36.106  14.769  5.850 0.0000000000
112455  35.373  15.172  6.196 0.0000000000
112458  37.068  14.600  4.883 0.0000000000
112459  36.503  14.975  5.318 0.0000000000
112463  37.718  14.675  4.134 0.0000000000
112467  39.264  14.744  2.233 0.0000000000
112468  38.988  14.503  2.773 0.0000000000
112469  38.443  14.717  3.439 0.0000000000
112478  39.659  14.794  1.578 0.0000000000
112479  39.349  14.015  1.973 0.0000000000
112485  40.399  15.179  0.147 0.0000000000
112486  40.267  14.914  0.742 0.0000000000
112487  39.920  13.963  1.033 0.0000000000
112491  40.710  15.156  -0.628 0.0000000000
112492  40.549  14.727  -0.122 0.0000000000
112493  40.412  14.153  0.250 0.0000000000
112497  41.049  15.480  -1.906 0.0000000000
112498  40.596  16.190  -2.228 0.0000000000
112503  41.759  15.155  -3.152 0.0000000000
112504  41.055  16.146  -3.231 0.0000000000
112505  40.483  16.973  -4.312 0.0000000000
112506  40.178  17.570  -4.848 0.0000000000
112511  42.085  14.781  -3.501 0.0000000000
112512  42.089  15.242  -3.910 0.0000000000
112513  41.579  15.933  -4.677 0.0000000000
112514  40.782  16.893  -5.705 0.0000000000
112521  40.032  16.662  -7.058 0.0000000000
112528  39.371  16.292  -8.089 0.0000000000
113424  35.520  15.363  5.815 0.0000000000
113429  36.593  15.244  5.017 0.0000000000
113430  35.950  15.723  5.283 0.0000000000
113431  34.658  16.710  4.889 0.0000000000
113435  36.826  15.487  4.494 0.0000000000
113436  36.117  16.438  4.238 0.0000000000
113437  34.837  17.097  3.705 0.0000000000
113440  39.159  15.038  2.596 0.0000000000
113441  38.815  15.357  2.858 0.0000000000
113442  37.693  15.942  3.438 0.0000000000
113443  36.133  16.933  2.948 0.0000000000
113444  34.678  17.511  2.519 0.0000000000
113450  39.227  15.331  2.129 0.0000000000
113451  38.743  15.995  2.211 0.0000000000
113452  37.403  16.669  1.936 0.0000000000
113453  35.878  17.650  1.507 0.0000000000
113454  34.401  17.709  1.523 0.0000000000
113460  40.215  15.395  0.578 0.0000000000
113461  39.742  15.703  1.139 0.0000000000
113462  38.621  16.420  0.912 0.0000000000
113463  37.342  17.298  0.509 0.0000000000
113464  35.887  17.586  -0.090 0.0000000000
113468  40.234  15.588  0.106 0.0000000000
113469  39.669  16.171  -0.026 0.0000000000
113470  38.671  16.899  -0.456 0.0000000000
113471  37.187  17.313  -1.172 0.0000000000
113472  35.901  17.543  -1.242 0.0000000000
113476  40.367  15.749  -0.749 0.0000000000
113477  39.918  16.344  -1.375 0.0000000000
113478  38.917  17.128  -1.833 0.0000000000
113479  37.717  17.370  -2.724 0.0000000000
113480  37.406  17.747  -3.411 0.0000000000
113483  40.018  16.615  -2.373 0.0000000000
113484  39.586  17.117  -3.088 0.0000000000
113485  38.977  17.739  -4.057 0.0000000000
113486  37.765  18.100  -4.055 0.0000000000
113488  39.702  18.032  -5.190 0.0000000000
113492  39.691  18.055  -6.288 0.0000000000
113493  39.217  18.661  -6.782 0.0000000000
113498  39.348  17.989  -7.475 0.0000000000
113499  39.001  18.795  -7.207 0.0000000000
113505  39.008  17.338  -8.450 0.0000000000
113513  38.676  17.122  -9.458 0.0000000000
114353  34.822  17.749  0.645 0.0000000000
114354  33.814  18.006  1.100 0.0000000000
114361  34.984  17.918  -0.409 0.0000000000
114362  34.353  18.074  0.287 0.0000000000
114367  36.484  17.428  -2.079 0.0000000000
114368  35.909  17.825  -1.979 0.0000000000
114372  36.657  17.580  -2.789 0.0000000000
114373  36.718  18.069  -3.363 0.0000000000
114376  38.561  18.270  -4.712 0.0000000000
114377  37.581  18.605  -4.658 0.0000000000
114379  38.956  18.661  -5.473 0.0000000000
114380  38.102  19.168  -5.698 0.0000000000
114384  39.049  18.878  -6.214 0.0000000000
114385  38.518  19.226  -6.728 0.0000000000
114390  38.904  18.168  -8.109 0.0000000000
114391  38.492  18.989  -7.828 0.0000000000
114398  38.565  18.214  -8.754 0.0000000000
114399  37.804  19.111  -8.894 0.0000000000
114407  37.889  18.241  -9.763 0.0000000000
114408  37.391  19.452  -9.840 0.0000000000
114416  37.210  19.004  -10.586 0.0000000000
114533  30.880  20.468  -17.399 0.0000000000
115302  34.032  18.226  0.667 0.0000000000
115309  35.329  18.045  -1.318 0.0000000000
115310  34.801  18.211  -0.347 0.0000000000
115314  36.046  18.374  -2.452 0.0000000000
115315  35.393  18.348  -1.382 0.0000000000
115318  36.856  18.884  -3.914 0.0000000000
115321  37.279  19.443  -5.112 0.0000000000
115322  37.201  19.652  -5.321 0.0000000000
115325  37.383  19.712  -6.098 0.0000000000
115326  37.178  19.731  -5.547 0.0000000000
115328  37.478  19.824  -7.221 0.0000000000
115330  37.403  19.889  -8.263 0.0000000000
115336  37.184  20.026  -9.230 0.0000000000
115343  36.856  20.156  -9.942 0.0000000000
115357  36.710  19.871  -10.553 0.0000000000
115385  36.526  19.550  -11.145 0.0000000000
115393  35.920  19.594  -11.919 0.0000000000
115428  28.796  20.225  -16.705 0.0000000000
115429  28.424  19.973  -16.612 0.0000000000
115430  27.842  19.494  -16.448 0.0000000000
115440  28.586  20.034  -16.882 0.0000000000
115441  28.090  19.651  -16.927 0.0000000000
115454  29.812  20.351  -17.529 0.0000000000
115456  27.725  19.523  -17.305 0.0000000000
116261  34.445  18.570  0.151 0.0000000000
116265  35.970  18.813  -2.002 0.0000000000
116266  35.281  18.594  -0.830 0.0000000000
116269  36.690  19.267  -3.351 0.0000000000
116273  37.091  19.853  -4.756 0.0000000000
116274  37.113  19.820  -5.158 0.0000000000
116277  37.104  20.220  -5.747 0.0000000000
116278  37.100  19.903  -5.391 0.0000000000
116280  36.831  20.557  -6.779 0.0000000000
116282  36.679  20.684  -7.760 0.0000000000
116288  36.599  20.671  -8.739 0.0000000000
116295  36.481  20.719  -9.654 0.0000000000
116305  36.391  20.723  -10.552 0.0000000000
116331  36.103  20.489  -11.553 0.0000000000
116343  35.320  20.534  -12.743 0.0000000000
116368  28.160  20.113  -15.618 0.0000000000
116381  29.090  20.469  -16.305 0.0000000000
116382  28.276  19.966  -16.137 0.0000000000
116383  27.443  19.107  -15.846 0.0000000000
116390  29.179  20.326  -16.821 0.0000000000
116391  28.528  19.970  -17.105 0.0000000000
116399  28.968  20.222  -17.217 0.0000000000
116400  28.387  19.891  -17.258 0.0000000000
117213  36.696  19.412  -1.381 0.0000000000
117214  35.308  19.047  -0.286 0.0000000000
117218  37.119  19.692  -2.613 0.0000000000
117219  36.033  18.999  -1.399 0.0000000000
117221  37.589  20.559  -4.278 0.0000000000
117225  37.393  21.146  -5.664 0.0000000000
117229  36.852  21.406  -6.621 0.0000000000
117231  36.110  21.701  -7.516 0.0000000000
117232  35.661  22.376  -7.924 0.0000000000
117236  35.940  21.441  -8.352 0.0000000000
117237  35.535  22.154  -8.273 0.0000000000
117243  36.037  21.440  -9.313 0.0000000000
117244  35.532  22.090  -9.029 0.0000000000
117250  36.135  21.560  -10.338 0.0000000000
117251  35.776  22.287  -10.031 0.0000000000
117257  35.875  21.543  -11.416 0.0000000000
117258  35.543  22.346  -11.085 0.0000000000
117279  35.331  21.322  -12.357 0.0000000000
117280  34.583  22.207  -12.183 0.0000000000
117281  33.450  22.526  -12.674 0.0000000000
117293  34.939  21.141  -12.904 0.0000000000
117294  34.345  21.522  -12.955 0.0000000000
117295  33.271  22.012  -13.129 0.0000000000
117303  34.325  20.937  -13.373 0.0000000000
117304  33.147  21.307  -13.680 0.0000000000
117305  31.792  21.782  -14.192 0.0000000000
117306  30.263  21.696  -14.841 0.0000000000
117308  28.121  21.160  -14.886 0.0000000000
117309  27.166  20.647  -14.437 0.0000000000
117312  33.300  20.772  -14.176 0.0000000000
117316  28.147  20.555  -15.199 0.0000000000
117318  26.963  19.643  -14.207 0.0000000000
118034  32.744  19.810  4.447 0.0000000000
118040  34.356  19.678  3.439 0.0000000000
118041  33.046  19.595  3.593 0.0000000000
118049  36.544  19.491  1.899 0.0000000000
118050  35.151  19.415  2.482 0.0000000000
118058  38.396  20.233  0.052 0.0000000000
118059  37.182  19.510  0.902 0.0000000000
118060  35.274  19.327  1.349 0.0000000000
118066  38.900  20.754  -1.030 0.0000000000
118067  37.161  19.619  -0.522 0.0000000000
118068  35.447  19.205  0.491 0.0000000000
118072  39.093  21.780  -2.192 0.0000000000
118073  38.176  20.323  -1.972 0.0000000000
118075  39.173  22.520  -2.901 0.0000000000
118076  38.631  21.766  -3.517 0.0000000000
118079  38.280  22.403  -5.288 0.0000000000
118083  37.410  22.935  -6.794 0.0000000000
118084  36.732  23.985  -7.500 0.0000000000
118086  36.485  22.199  -7.156 0.0000000000
118087  36.061  23.065  -7.772 0.0000000000
118090  35.579  22.926  -8.453 0.0000000000
118093  35.470  22.794  -9.045 0.0000000000
118094  35.167  23.429  -9.678 0.0000000000
118098  35.366  22.866  -9.797 0.0000000000
118099  34.909  23.626  -10.478 0.0000000000
118104  35.143  22.949  -10.710 0.0000000000
118105  34.476  23.617  -11.440 0.0000000000
118125  34.710  22.875  -11.541 0.0000000000
118126  33.646  23.157  -12.253 0.0000000000
118136  32.266  22.695  -13.238 0.0000000000
118137  31.037  22.873  -13.928 0.0000000000
118138  30.202  22.964  -14.306 0.0000000000
118142  31.137  22.288  -14.201 0.0000000000
118143  30.160  22.270  -14.519 0.0000000000
118145  28.025  21.924  -14.770 0.0000000000
118146  27.105  21.758  -14.631 0.0000000000
118780  31.550  20.464  6.837 0.0000000000
118783  35.685  20.894  5.831 0.0000000000
118784  34.288  20.312  6.046 0.0000000000
118785  32.958  20.304  5.990 0.0000000000
118786  32.039  20.177  6.071 0.0000000000
118788  38.269  22.357  3.677 0.0000000000
118789  37.546  21.459  4.421 0.0000000000
118790  36.219  20.794  4.833 0.0000000000
118791  34.773  20.349  5.025 0.0000000000
118792  33.452  20.153  5.136 0.0000000000
118793  32.464  19.905  5.300 0.0000000000
118797  38.620  22.018  2.622 0.0000000000
118798  38.023  21.000  3.437 0.0000000000
118799  36.699  20.480  3.901 0.0000000000
118800  35.242  20.180  4.153 0.0000000000
118801  33.859  20.005  4.271 0.0000000000
118807  39.140  22.630  0.733 0.0000000000
118808  39.140  22.388  1.021 0.0000000000
118809  38.978  21.694  1.590 0.0000000000
118810  38.317  20.724  2.292 0.0000000000
118811  36.979  19.983  2.806 0.0000000000
118812  35.677  19.923  3.370 0.0000000000
118819  39.234  22.561  0.495 0.0000000000
118820  39.256  22.386  0.488 0.0000000000
118821  39.254  21.759  0.674 0.0000000000
118822  38.653  20.574  1.064 0.0000000000
118823  37.639  19.911  1.824 0.0000000000
118826  39.216  22.769  0.366 0.0000000000
118827  39.239  22.777  0.120 0.0000000000
118828  39.255  22.476  -0.135 0.0000000000
118829  39.191  21.262  -0.097 0.0000000000
118832  39.179  22.919  -0.688 0.0000000000
118833  39.267  22.391  -1.183 0.0000000000
118836  39.173  23.025  -2.366 0.0000000000
118837  38.852  23.479  -3.388 0.0000000000
118842  38.548  23.747  -4.660 0.0000000000
118847  37.873  24.241  -5.970 0.0000000000
118848  37.080  24.790  -7.122 0.0000000000
118852  35.929  24.976  -8.191 0.0000000000
118853  35.286  25.801  -8.917 0.0000000000
118857  35.447  24.009  -8.793 0.0000000000
118858  35.029  25.232  -9.268 0.0000000000
118863  35.335  23.507  -9.187 0.0000000000
118864  34.767  24.443  -10.053 0.0000000000
118869  34.255  24.331  -11.151 0.0000000000
118878  33.276  24.227  -11.929 0.0000000000
118879  32.338  24.486  -12.598 0.0000000000
118904  32.401  23.693  -12.699 0.0000000000
118905  31.519  24.265  -13.275 0.0000000000
118906  30.738  24.398  -13.959 0.0000000000
118926  31.588  23.418  -13.364 0.0000000000
118927  30.850  23.629  -13.939 0.0000000000
118928  29.776  23.732  -14.353 0.0000000000
118936  27.931  22.827  -14.745 0.0000000000
118937  27.077  22.906  -14.928 0.0000000000
119518  31.999  21.524  8.232 0.0000000000
119519  30.878  21.631  7.900 0.0000000000
119523  36.670  23.317  7.124 0.0000000000
119524  35.386  22.045  7.519 0.0000000000
119525  34.034  21.284  7.604 0.0000000000
119526  32.725  21.052  7.492 0.0000000000
119527  31.619  20.994  7.414 0.0000000000
119530  37.454  23.228  5.770 0.0000000000
119531  36.354  21.915  6.524 0.0000000000
119532  34.972  20.965  6.845 0.0000000000
119533  33.536  20.642  6.832 0.0000000000
119534  32.337  20.586  6.748 0.0000000000
119537  38.048  23.480  3.709 0.0000000000
119538  37.861  22.773  4.630 0.0000000000
119539  37.052  21.750  5.443 0.0000000000
119542  38.320  23.452  2.781 0.0000000000
119543  37.802  24.018  2.355 0.0000000000
119547  39.046  22.855  0.703 0.0000000000
119548  38.899  22.853  0.898 0.0000000000
119549  38.707  23.044  1.556 0.0000000000
119550  37.898  23.880  1.801 0.0000000000
119556  39.057  22.842  0.464 0.0000000000
119557  38.961  23.057  0.551 0.0000000000
119558  38.559  23.324  0.611 0.0000000000
119559  37.635  24.100  0.788 0.0000000000
119560  36.195  24.624  0.306 0.0000000000
119564  39.158  22.773  0.604 0.0000000000
119565  39.146  23.008  0.351 0.0000000000
119566  38.974  23.167  0.005 0.0000000000
119567  38.042  23.864  -0.192 0.0000000000
119568  36.905  24.496  -0.244 0.0000000000
119572  39.113  23.066  -0.450 0.0000000000
119573  38.715  23.512  -1.020 0.0000000000
119574  37.201  24.713  -1.296 0.0000000000
119575  36.314  24.759  -0.757 0.0000000000
119579  38.928  23.359  -1.796 0.0000000000
119580  38.219  24.267  -2.588 0.0000000000
119585  38.121  24.747  -4.087 0.0000000000
119589  37.632  25.220  -5.189 0.0000000000
119590  37.043  25.848  -6.343 0.0000000000
119592  36.162  26.176  -7.490 0.0000000000
119593  35.265  26.440  -8.585 0.0000000000
119595  34.638  26.332  -9.492 0.0000000000
119599  34.253  25.807  -10.343 0.0000000000
119606  33.285  25.407  -11.513 0.0000000000
119607  31.979  26.393  -12.457 0.0000000000
119608  31.267  26.741  -12.862 0.0000000000
119617  32.703  24.878  -12.262 0.0000000000
119618  31.801  25.261  -12.927 0.0000000000
119619  31.100  26.172  -13.322 0.0000000000
119634  31.108  24.859  -13.670 0.0000000000
119635  30.283  25.235  -14.110 0.0000000000
119661  29.391  24.387  -14.363 0.0000000000
119663  27.362  24.120  -14.821 0.0000000000
119674  26.644  23.287  -15.028 0.0000000000
120266  29.791  23.459  10.061 0.0000000000
120269  33.905  23.487  9.531 0.0000000000
120270  33.416  23.080  9.484 0.0000000000
120271  30.741  23.002  9.335 0.0000000000
120272  30.122  22.812  9.370 0.0000000000
120275  35.807  24.590  8.370 0.0000000000
120276  35.470  23.997  8.524 0.0000000000
120277  34.462  23.193  9.049 0.0000000000
120278  32.864  22.378  8.934 0.0000000000
120279  31.162  22.443  8.848 0.0000000000
120280  30.334  22.065  8.468 0.0000000000
120282  36.314  24.629  7.698 0.0000000000
120283  35.538  23.183  8.121 0.0000000000
120284  34.266  22.206  8.288 0.0000000000
120285  33.155  21.624  8.132 0.0000000000
120287  37.048  25.168  5.892 0.0000000000
120288  36.318  26.045  5.082 0.0000000000
120290  37.808  23.996  3.537 0.0000000000
120291  37.505  24.387  4.218 0.0000000000
120292  35.891  25.900  4.026 0.0000000000
120293  33.831  26.069  3.349 0.0000000000
120298  37.976  23.826  3.246 0.0000000000
120299  37.534  24.353  2.874 0.0000000000
120300  36.214  25.281  2.843 0.0000000000
120301  34.374  25.629  2.658 0.0000000000
120307  37.336  24.412  1.911 0.0000000000
120308  36.293  24.893  1.849 0.0000000000
120309  34.673  25.296  1.712 0.0000000000
120317  37.421  24.292  1.403 0.0000000000
120318  36.688  24.644  1.127 0.0000000000
120329  36.218  25.399  -1.839 0.0000000000
120335  36.684  25.434  -2.638 0.0000000000
120341  37.063  25.482  -3.912 0.0000000000
120342  35.709  26.535  -3.738 0.0000000000
120343  35.204  27.272  -4.287 0.0000000000
120347  37.328  25.556  -4.663 0.0000000000
120348  36.376  26.727  -5.274 0.0000000000
120349  35.674  27.216  -4.623 0.0000000000
120351  35.937  27.103  -6.704 0.0000000000
120352  35.097  27.340  -7.897 0.0000000000
120354  33.994  27.535  -9.284 0.0000000000
120355  32.388  28.344  -9.868 0.0000000000
120356  31.516  28.618  -10.079 0.0000000000
120358  33.706  26.803  -10.421 0.0000000000
120359  32.613  27.615  -10.744 0.0000000000
120360  31.169  28.387  -10.939 0.0000000000
120361  30.184  28.457  -11.226 0.0000000000
120370  33.573  26.269  -10.973 0.0000000000
120371  32.836  26.773  -11.480 0.0000000000
120373  29.861  28.114  -12.102 0.0000000000
120392  29.808  27.256  -13.268 0.0000000000
120407  30.414  26.155  -13.782 0.0000000000
120410  27.287  26.305  -14.171 0.0000000000
120430  29.069  25.552  -14.409 0.0000000000
120431  28.314  25.456  -14.427 0.0000000000
120432  26.760  25.208  -14.658 0.0000000000
121025  34.896  25.200  9.345 0.0000000000
121026  34.615  25.003  9.565 0.0000000000
121027  33.979  24.569  10.045 0.0000000000
121028  31.101  23.713  10.270 0.0000000000
121029  30.500  23.704  10.190 0.0000000000
121030  29.663  24.270  10.612 0.0000000000
121034  35.530  25.309  8.677 0.0000000000
121035  35.191  25.137  9.053 0.0000000000
121036  34.512  24.148  9.452 0.0000000000
121037  33.196  23.630  10.071 0.0000000000
121038  31.499  23.316  9.927 0.0000000000
121039  30.612  23.238  9.613 0.0000000000
121043  35.785  25.183  8.382 0.0000000000
121044  35.321  24.505  8.788 0.0000000000
121045  34.981  23.940  8.975 0.0000000000
121046  32.579  22.968  9.601 0.0000000000
121047  31.980  22.683  9.387 0.0000000000
121049  36.154  25.586  7.662 0.0000000000
121051  36.346  25.756  6.797 0.0000000000
121052  36.107  26.332  5.725 0.0000000000
121053  35.054  26.842  5.091 0.0000000000
121054  33.815  26.833  4.685 0.0000000000
121057  35.658  26.406  4.794 0.0000000000
121058  34.581  26.504  4.237 0.0000000000
121059  33.171  26.433  3.900 0.0000000000
121099  35.450  27.667  -5.871 0.0000000000
121100  34.889  27.759  -5.072 0.0000000000
121106  35.625  27.503  -6.182 0.0000000000
121107  34.379  28.159  -6.835 0.0000000000
121108  32.354  29.001  -7.642 0.0000000000
121118  34.282  28.001  -8.219 0.0000000000
121119  33.201  28.416  -8.560 0.0000000000
121120  31.404  28.859  -9.246 0.0000000000
121132  31.029  28.696  -10.198 0.0000000000
121133  29.994  28.726  -10.478 0.0000000000
121147  29.672  28.467  -11.375 0.0000000000
121179  28.180  27.265  -13.387 0.0000000000
121805  33.954  25.674  10.344 0.0000000000
121806  33.700  25.534  10.505 0.0000000000
121807  30.177  25.392  11.152 0.0000000000
121808  29.610  25.381  11.190 0.0000000000
121811  34.844  25.445  9.422 0.0000000000
121812  34.222  25.490  10.084 0.0000000000
121813  33.084  24.713  10.632 0.0000000000
121814  31.511  24.181  10.683 0.0000000000
121815  30.366  24.922  10.913 0.0000000000
121816  29.787  24.873  10.858 0.0000000000
121819  35.537  25.598  8.625 0.0000000000
121820  35.216  25.809  9.017 0.0000000000
121821  32.191  23.817  10.479 0.0000000000
121822  31.705  23.725  10.420 0.0000000000
121826  35.808  26.010  8.068 0.0000000000
121827  35.623  26.708  7.633 0.0000000000
121828  35.263  27.382  7.287 0.0000000000
121829  34.615  27.782  6.944 0.0000000000
121831  35.964  26.241  7.241 0.0000000000
121832  35.637  26.925  6.831 0.0000000000
121833  34.904  27.378  6.412 0.0000000000
121834  33.861  27.667  6.104 0.0000000000
121837  35.990  26.475  6.515 0.0000000000
121838  35.379  26.894  5.990 0.0000000000
121839  34.373  27.196  5.519 0.0000000000
121840  33.215  27.200  5.091 0.0000000000
121893  33.562  28.512  -5.539 0.0000000000
121894  32.554  29.061  -6.273 0.0000000000
122648  33.990  25.949  10.447 0.0000000000
122649  33.275  25.799  10.953 0.0000000000
122650  32.255  25.919  11.406 0.0000000000
122651  30.817  25.842  11.500 0.0000000000
122657  34.857  25.974  9.485 0.0000000000
122658  34.593  26.527  9.863 0.0000000000
122659  32.298  25.127  11.089 0.0000000000
122660  31.310  25.199  11.194 0.0000000000
122661  30.762  25.318  11.206 0.0000000000
122666  35.466  26.096  8.559 0.0000000000
122667  35.149  26.517  8.903 0.0000000000
122668  34.840  27.436  8.944 0.0000000000
122669  34.525  28.173  8.392 0.0000000000
122673  35.493  26.498  8.251 0.0000000000
122674  35.283  27.109  8.149 0.0000000000
122675  34.851  27.816  7.815 0.0000000000
122676  33.980  28.266  7.235 0.0000000000
122679  33.164  27.941  6.202 0.0000000000
123469  34.020  26.666  10.685 0.0000000000
123470  33.296  26.738  11.255 0.0000000000
123485  34.377  27.488  10.063 0.0000000000
123486  34.218  28.180  9.840 0.0000000000
123491  34.496  28.072  9.241 0.0000000000
123492  33.933  28.570  8.694 0.0000000000
124221  33.952  27.336  10.865 0.0000000000
124238  34.056  27.894  10.550 0.0000000000
