#!ascii label  , from subject subject001 vox2ras=TkReg
577
70794  43.108  -24.060  -3.461 0.0000000000
70795  42.624  -24.213  -3.411 0.0000000000
70796  41.814  -24.661  -3.142 0.0000000000
70797  40.573  -24.567  -2.686 0.0000000000
70812  43.202  -24.377  -3.676 0.0000000000
70813  42.756  -24.882  -4.079 0.0000000000
70815  39.701  -23.959  -2.850 0.0000000000
71905  44.156  -23.783  -3.640 0.0000000000
71906  43.689  -23.926  -3.536 0.0000000000
71907  42.898  -23.699  -3.336 0.0000000000
71908  42.051  -23.732  -3.098 0.0000000000
71909  41.259  -23.937  -2.817 0.0000000000
71916  44.323  -24.088  -3.914 0.0000000000
71917  43.771  -24.672  -4.262 0.0000000000
71919  41.330  -23.315  -2.955 0.0000000000
71920  40.444  -23.375  -2.814 0.0000000000
71921  39.276  -23.141  -3.162 0.0000000000
71922  38.165  -23.091  -3.636 0.0000000000
72960  45.957  -22.417  -3.535 0.0000000000
72961  45.727  -22.482  -3.471 0.0000000000
72965  45.934  -22.646  -3.618 0.0000000000
72966  45.434  -22.861  -3.555 0.0000000000
72967  44.473  -23.362  -3.524 0.0000000000
72968  43.386  -23.051  -3.290 0.0000000000
72969  42.509  -23.098  -3.261 0.0000000000
72970  41.801  -23.022  -3.215 0.0000000000
72979  46.500  -23.011  -4.074 0.0000000000
72980  46.154  -23.069  -3.961 0.0000000000
72981  45.358  -23.551  -4.070 0.0000000000
72982  44.855  -23.951  -4.221 0.0000000000
72983  42.769  -22.511  -3.378 0.0000000000
72984  42.073  -22.385  -3.403 0.0000000000
72985  41.079  -22.465  -3.235 0.0000000000
72986  39.858  -22.262  -3.093 0.0000000000
72987  38.658  -22.167  -3.423 0.0000000000
72988  37.472  -22.113  -3.745 0.0000000000
74019  46.331  -21.970  -3.247 0.0000000000
74020  45.982  -22.228  -3.376 0.0000000000
74021  45.403  -22.242  -3.270 0.0000000000
74027  46.486  -22.307  -3.487 0.0000000000
74028  46.301  -22.639  -3.685 0.0000000000
74029  44.827  -22.473  -3.286 0.0000000000
74030  43.993  -22.271  -3.242 0.0000000000
74031  43.232  -22.261  -3.387 0.0000000000
74044  46.408  -22.811  -3.839 0.0000000000
74045  43.356  -21.673  -3.473 0.0000000000
74046  42.640  -21.680  -3.660 0.0000000000
74047  41.650  -21.487  -3.798 0.0000000000
74048  40.511  -21.307  -3.566 0.0000000000
74049  39.221  -21.215  -3.407 0.0000000000
74050  37.998  -21.145  -3.591 0.0000000000
74051  36.825  -21.065  -3.863 0.0000000000
75047  46.007  -21.648  -3.067 0.0000000000
75048  45.550  -21.750  -3.127 0.0000000000
75056  46.129  -21.231  -2.890 0.0000000000
75057  45.531  -21.089  -2.976 0.0000000000
75058  44.763  -21.563  -3.144 0.0000000000
75059  43.856  -21.370  -3.360 0.0000000000
75060  39.502  -19.398  -3.405 0.0000000000
75061  38.916  -19.512  -3.365 0.0000000000
75062  38.128  -19.560  -3.510 0.0000000000
75074  44.854  -20.648  -3.238 0.0000000000
75075  44.120  -20.688  -3.566 0.0000000000
75076  43.196  -20.773  -4.047 0.0000000000
75077  42.333  -20.773  -4.327 0.0000000000
75078  41.517  -20.250  -4.213 0.0000000000
75079  39.910  -20.074  -3.496 0.0000000000
75080  38.572  -20.270  -3.474 0.0000000000
75081  37.354  -19.996  -3.582 0.0000000000
75082  36.320  -20.033  -4.134 0.0000000000
75096  42.754  -20.356  -4.721 0.0000000000
75097  42.481  -20.030  -4.900 0.0000000000
75098  42.262  -19.583  -4.940 0.0000000000
76080  40.051  -19.113  -3.480 0.0000000000
76081  39.191  -18.856  -3.340 0.0000000000
76082  38.262  -18.832  -3.495 0.0000000000
76083  37.513  -18.575  -3.717 0.0000000000
76098  45.419  -20.156  -3.130 0.0000000000
76099  44.533  -19.874  -3.876 0.0000000000
76100  43.767  -20.098  -4.322 0.0000000000
76101  41.755  -19.352  -4.617 0.0000000000
76102  40.942  -19.435  -3.942 0.0000000000
76103  37.589  -19.175  -3.617 0.0000000000
76104  36.768  -18.931  -3.911 0.0000000000
76105  35.891  -19.116  -4.714 0.0000000000
76119  44.028  -19.466  -5.002 0.0000000000
76120  43.234  -19.793  -5.084 0.0000000000
76121  42.846  -19.376  -5.424 0.0000000000
76122  42.507  -19.008  -5.329 0.0000000000
76135  43.735  -19.221  -5.537 0.0000000000
76136  43.512  -19.016  -5.787 0.0000000000
76137  43.195  -18.778  -5.793 0.0000000000
76138  42.982  -18.649  -5.667 0.0000000000
77191  41.567  -18.467  -4.048 0.0000000000
77192  41.027  -18.631  -3.740 0.0000000000
77193  39.802  -18.270  -3.293 0.0000000000
77194  38.653  -17.972  -3.468 0.0000000000
77195  37.896  -18.154  -3.705 0.0000000000
77212  45.792  -19.350  -3.394 0.0000000000
77213  45.188  -19.449  -3.879 0.0000000000
77214  41.923  -18.686  -4.543 0.0000000000
77215  41.391  -19.052  -4.267 0.0000000000
77216  37.878  -17.545  -3.743 0.0000000000
77217  37.230  -17.873  -4.100 0.0000000000
77218  36.385  -18.063  -4.634 0.0000000000
77230  44.776  -19.102  -4.794 0.0000000000
77231  43.049  -18.214  -5.609 0.0000000000
77232  42.816  -18.429  -5.388 0.0000000000
77233  35.840  -18.170  -5.555 0.0000000000
77241  44.345  -18.598  -5.853 0.0000000000
77242  43.925  -18.218  -6.250 0.0000000000
77243  43.322  -18.253  -5.888 0.0000000000
77244  43.091  -18.430  -5.694 0.0000000000
78344  42.239  -17.600  -3.871 0.0000000000
78345  41.797  -17.959  -3.850 0.0000000000
78346  40.572  -17.718  -3.215 0.0000000000
78347  39.376  -17.281  -3.204 0.0000000000
78348  38.357  -16.944  -3.568 0.0000000000
78369  42.514  -17.698  -4.322 0.0000000000
78370  42.507  -18.190  -4.788 0.0000000000
78371  37.549  -16.893  -4.124 0.0000000000
78372  36.784  -17.025  -4.778 0.0000000000
78373  36.281  -17.438  -5.294 0.0000000000
78388  43.050  -17.886  -5.356 0.0000000000
78389  42.772  -18.184  -5.228 0.0000000000
78390  36.471  -16.829  -5.578 0.0000000000
78391  36.146  -17.204  -6.148 0.0000000000
78407  44.118  -17.622  -6.445 0.0000000000
78408  43.620  -17.705  -6.073 0.0000000000
78409  35.971  -17.067  -6.948 0.0000000000
78428  36.239  -16.259  -8.091 0.0000000000
79499  41.782  -16.525  -2.711 0.0000000000
79500  40.906  -16.217  -2.627 0.0000000000
79501  39.970  -15.849  -2.830 0.0000000000
79502  39.491  -15.568  -3.085 0.0000000000
79521  43.279  -16.774  -4.089 0.0000000000
79522  42.433  -17.088  -3.543 0.0000000000
79523  41.283  -17.122  -3.007 0.0000000000
79524  40.151  -16.719  -2.979 0.0000000000
79525  39.069  -16.091  -3.280 0.0000000000
79526  38.085  -16.077  -4.034 0.0000000000
79542  43.641  -16.865  -4.836 0.0000000000
79543  43.062  -17.302  -4.571 0.0000000000
79544  37.377  -16.092  -4.828 0.0000000000
79545  36.894  -16.299  -5.490 0.0000000000
79561  43.915  -16.973  -5.619 0.0000000000
79562  43.450  -17.312  -5.274 0.0000000000
79563  36.566  -16.340  -6.370 0.0000000000
79564  36.239  -16.780  -6.648 0.0000000000
79580  44.164  -17.199  -6.276 0.0000000000
79581  43.636  -17.448  -5.782 0.0000000000
79582  36.659  -15.983  -7.242 0.0000000000
79583  36.292  -16.523  -7.090 0.0000000000
79602  36.623  -15.829  -7.925 0.0000000000
79603  36.354  -16.257  -7.606 0.0000000000
80687  42.870  -15.530  -2.615 0.0000000000
80688  41.730  -15.624  -2.358 0.0000000000
80689  40.626  -15.316  -2.572 0.0000000000
80690  39.799  -15.186  -2.916 0.0000000000
80691  39.183  -15.168  -3.354 0.0000000000
80708  43.303  -16.159  -3.389 0.0000000000
80709  42.458  -16.239  -2.807 0.0000000000
80710  38.525  -15.262  -3.931 0.0000000000
80711  37.915  -15.331  -4.647 0.0000000000
80721  44.542  -15.743  -4.578 0.0000000000
80722  43.901  -16.327  -4.258 0.0000000000
80723  37.502  -15.318  -5.491 0.0000000000
80724  37.222  -15.865  -5.460 0.0000000000
80734  44.887  -15.938  -5.569 0.0000000000
80735  44.206  -16.386  -5.183 0.0000000000
80736  37.435  -15.116  -6.358 0.0000000000
80737  37.116  -15.754  -6.004 0.0000000000
80746  44.522  -16.585  -6.022 0.0000000000
80747  38.135  -13.856  -7.310 0.0000000000
80748  37.840  -14.317  -7.247 0.0000000000
80749  37.500  -14.959  -7.130 0.0000000000
80750  37.071  -15.591  -6.801 0.0000000000
80761  38.224  -13.831  -7.684 0.0000000000
80762  38.053  -14.130  -7.766 0.0000000000
80763  37.724  -14.721  -7.999 0.0000000000
80764  37.117  -15.404  -7.607 0.0000000000
81852  42.168  -14.207  -1.748 0.0000000000
81853  41.705  -13.941  -1.743 0.0000000000
81863  43.907  -14.633  -2.661 0.0000000000
81864  43.262  -14.826  -2.473 0.0000000000
81865  42.344  -14.851  -2.153 0.0000000000
81866  41.200  -14.424  -2.081 0.0000000000
81867  40.199  -14.599  -2.774 0.0000000000
81868  39.528  -14.651  -3.213 0.0000000000
81880  44.435  -14.638  -2.977 0.0000000000
81881  43.864  -15.225  -3.062 0.0000000000
81882  40.347  -13.986  -2.702 0.0000000000
81883  39.711  -14.045  -3.251 0.0000000000
81884  38.895  -14.330  -3.887 0.0000000000
81885  38.319  -14.728  -4.516 0.0000000000
81896  45.418  -14.546  -3.658 0.0000000000
81897  44.922  -14.982  -3.683 0.0000000000
81898  44.135  -15.710  -3.758 0.0000000000
81899  38.381  -14.102  -4.922 0.0000000000
81900  37.965  -14.673  -5.201 0.0000000000
81911  45.690  -14.626  -4.182 0.0000000000
81912  45.312  -15.267  -4.902 0.0000000000
81913  38.164  -14.157  -5.692 0.0000000000
81914  37.775  -14.585  -5.990 0.0000000000
81928  46.120  -14.731  -5.274 0.0000000000
81930  38.330  -13.609  -7.025 0.0000000000
81931  38.144  -13.901  -6.529 0.0000000000
81932  37.714  -14.554  -6.662 0.0000000000
81944  38.474  -13.556  -7.539 0.0000000000
83071  44.197  -13.912  -2.254 0.0000000000
83072  43.853  -13.875  -2.161 0.0000000000
83073  42.986  -13.835  -1.968 0.0000000000
83074  42.127  -13.625  -1.638 0.0000000000
83086  44.312  -14.161  -2.481 0.0000000000
83087  43.543  -14.282  -2.338 0.0000000000
83088  42.869  -14.385  -2.146 0.0000000000
83089  41.369  -13.460  -1.901 0.0000000000
83090  40.726  -13.037  -2.385 0.0000000000
83100  45.383  -13.996  -2.969 0.0000000000
83101  45.072  -14.213  -2.951 0.0000000000
83102  40.710  -13.629  -2.374 0.0000000000
83103  40.033  -13.226  -3.112 0.0000000000
83104  39.359  -13.564  -3.805 0.0000000000
83114  45.650  -14.103  -3.380 0.0000000000
83115  45.291  -14.457  -3.414 0.0000000000
83116  39.436  -12.859  -4.183 0.0000000000
83117  38.854  -13.438  -4.617 0.0000000000
83127  46.462  -14.042  -4.211 0.0000000000
83128  39.646  -11.633  -5.919 0.0000000000
83129  39.494  -11.896  -5.823 0.0000000000
83130  39.128  -12.582  -5.374 0.0000000000
83131  38.476  -13.515  -5.736 0.0000000000
83144  39.680  -11.724  -6.338 0.0000000000
83145  39.287  -12.340  -6.529 0.0000000000
83146  38.677  -13.201  -6.683 0.0000000000
83147  38.417  -13.523  -6.323 0.0000000000
83157  39.841  -12.055  -7.417 0.0000000000
83158  39.214  -12.787  -7.425 0.0000000000
83159  38.862  -13.199  -7.593 0.0000000000
84203  44.615  -13.597  -2.218 0.0000000000
84204  44.370  -13.667  -2.166 0.0000000000
84205  43.601  -13.358  -1.808 0.0000000000
84206  42.706  -13.209  -1.647 0.0000000000
84207  41.957  -13.044  -1.684 0.0000000000
84216  44.844  -13.549  -2.275 0.0000000000
84217  44.872  -13.873  -2.509 0.0000000000
84218  43.151  -12.829  -1.568 0.0000000000
84219  42.404  -12.551  -1.654 0.0000000000
84220  41.309  -12.427  -2.133 0.0000000000
84221  40.433  -12.521  -2.779 0.0000000000
84230  45.329  -13.650  -2.609 0.0000000000
84231  45.118  -13.916  -2.686 0.0000000000
84232  40.542  -11.782  -3.010 0.0000000000
84233  39.978  -12.321  -3.663 0.0000000000
84244  46.339  -13.328  -3.042 0.0000000000
84245  40.093  -11.256  -4.965 0.0000000000
84246  40.115  -11.470  -4.380 0.0000000000
84247  39.598  -12.228  -4.639 0.0000000000
84259  47.226  -13.018  -4.175 0.0000000000
84260  39.911  -11.392  -5.568 0.0000000000
84261  39.602  -11.959  -5.152 0.0000000000
84262  39.433  -12.251  -5.063 0.0000000000
84273  40.288  -11.339  -6.687 0.0000000000
85294  44.599  -13.395  -2.085 0.0000000000
85295  44.263  -13.175  -1.858 0.0000000000
85296  43.735  -12.831  -1.618 0.0000000000
85309  44.826  -13.154  -2.029 0.0000000000
85310  44.300  -12.572  -1.692 0.0000000000
85311  43.255  -12.159  -1.564 0.0000000000
85312  42.129  -11.730  -1.879 0.0000000000
85313  41.333  -11.529  -2.536 0.0000000000
85323  45.431  -12.510  -2.002 0.0000000000
85324  44.159  -11.578  -1.614 0.0000000000
85325  42.907  -11.109  -1.875 0.0000000000
85326  41.883  -10.908  -2.549 0.0000000000
85327  40.944  -10.946  -3.418 0.0000000000
85337  47.309  -11.490  -2.788 0.0000000000
85338  47.035  -11.957  -2.601 0.0000000000
85339  40.300  -10.943  -4.949 0.0000000000
85340  40.586  -10.716  -4.266 0.0000000000
85354  47.532  -11.474  -3.212 0.0000000000
85355  47.548  -12.057  -3.808 0.0000000000
85356  40.408  -10.684  -5.846 0.0000000000
85364  47.705  -11.436  -4.289 0.0000000000
85366  40.837  -10.703  -7.053 0.0000000000
86429  43.422  -9.938  -2.491 0.0000000000
86430  43.063  -9.904  -2.651 0.0000000000
86431  42.506  -9.816  -3.096 0.0000000000
86440  45.299  -10.887  -1.815 0.0000000000
86441  43.634  -10.340  -2.138 0.0000000000
86442  42.581  -10.317  -2.595 0.0000000000
86443  41.605  -10.053  -3.538 0.0000000000
86444  40.868  -10.426  -3.999 0.0000000000
86453  47.250  -10.966  -2.713 0.0000000000
86454  46.421  -10.745  -2.304 0.0000000000
86455  40.795  -10.221  -4.695 0.0000000000
86456  40.741  -10.444  -4.302 0.0000000000
86468  47.697  -10.771  -3.486 0.0000000000
86469  40.771  -9.781  -6.050 0.0000000000
86479  47.962  -10.653  -4.540 0.0000000000
87504  43.641  -9.860  -2.425 0.0000000000
87505  43.387  -9.665  -2.699 0.0000000000
87506  42.905  -9.575  -3.054 0.0000000000
87518  45.572  -9.824  -2.159 0.0000000000
87519  44.065  -9.589  -2.361 0.0000000000
87520  43.142  -9.242  -3.115 0.0000000000
87521  42.292  -9.253  -3.557 0.0000000000
87532  47.394  -10.064  -2.747 0.0000000000
87533  46.670  -10.024  -2.331 0.0000000000
87534  41.845  -8.307  -5.178 0.0000000000
87535  41.470  -8.981  -4.805 0.0000000000
87545  47.958  -9.971  -3.553 0.0000000000
87546  41.607  -8.383  -5.743 0.0000000000
87547  41.265  -8.842  -6.501 0.0000000000
87559  48.256  -9.887  -4.591 0.0000000000
87572  48.353  -9.767  -5.260 0.0000000000
88606  46.601  -8.341  -2.001 0.0000000000
88607  46.100  -8.894  -2.041 0.0000000000
88608  44.644  -8.763  -2.341 0.0000000000
88609  43.392  -8.555  -3.184 0.0000000000
88610  42.633  -8.751  -3.628 0.0000000000
88621  47.379  -9.038  -2.501 0.0000000000
88622  46.959  -9.515  -2.273 0.0000000000
88623  42.368  -8.191  -4.424 0.0000000000
88624  42.170  -8.775  -4.108 0.0000000000
88633  48.251  -9.255  -3.718 0.0000000000
88634  42.047  -7.788  -5.797 0.0000000000
88635  41.690  -8.174  -6.491 0.0000000000
88644  48.599  -8.918  -5.250 0.0000000000
88645  48.499  -9.238  -4.921 0.0000000000
88646  42.016  -7.667  -7.055 0.0000000000
88659  48.445  -9.485  -5.453 0.0000000000
89708  47.049  -7.727  -2.054 0.0000000000
89709  45.888  -7.709  -2.090 0.0000000000
89710  44.926  -7.870  -2.326 0.0000000000
89711  43.959  -7.816  -2.804 0.0000000000
89722  48.726  -8.119  -3.324 0.0000000000
89723  48.119  -8.473  -2.825 0.0000000000
89724  43.174  -7.560  -3.828 0.0000000000
89734  48.877  -8.381  -4.479 0.0000000000
89735  48.591  -8.744  -4.048 0.0000000000
89736  42.542  -7.173  -5.054 0.0000000000
89750  48.768  -8.603  -5.261 0.0000000000
89751  48.666  -8.774  -4.865 0.0000000000
89752  42.930  -6.296  -7.368 0.0000000000
89753  42.496  -6.849  -6.656 0.0000000000
90807  48.077  -5.969  -2.466 0.0000000000
90808  47.500  -6.001  -2.496 0.0000000000
90809  47.073  -5.800  -2.510 0.0000000000
90814  48.812  -6.540  -2.646 0.0000000000
90815  48.092  -6.626  -2.379 0.0000000000
90816  47.016  -6.389  -2.365 0.0000000000
90817  45.934  -6.736  -2.301 0.0000000000
90818  44.758  -6.793  -2.642 0.0000000000
90819  44.345  -7.357  -2.713 0.0000000000
90830  49.449  -7.158  -3.458 0.0000000000
90831  48.818  -7.331  -2.882 0.0000000000
90832  48.056  -7.465  -2.376 0.0000000000
90833  43.777  -6.091  -3.681 0.0000000000
90834  43.827  -7.024  -3.281 0.0000000000
90846  49.618  -7.425  -4.637 0.0000000000
90847  49.210  -7.817  -3.939 0.0000000000
90848  43.212  -5.747  -5.085 0.0000000000
90849  43.170  -6.647  -4.369 0.0000000000
90864  49.617  -7.536  -5.483 0.0000000000
90865  49.178  -8.027  -5.107 0.0000000000
90866  42.968  -5.797  -6.604 0.0000000000
90867  42.808  -6.413  -5.542 0.0000000000
91967  47.925  -5.532  -2.526 0.0000000000
91968  47.480  -5.542  -2.542 0.0000000000
91969  47.181  -5.584  -2.542 0.0000000000
91974  49.799  -5.752  -2.620 0.0000000000
91975  48.559  -5.536  -2.497 0.0000000000
91976  47.546  -5.055  -2.586 0.0000000000
91977  46.591  -5.059  -2.649 0.0000000000
91978  45.701  -5.720  -2.683 0.0000000000
91979  45.231  -6.214  -2.643 0.0000000000
91985  50.378  -6.443  -3.531 0.0000000000
91986  49.576  -6.494  -2.943 0.0000000000
91987  45.793  -4.129  -3.200 0.0000000000
91988  44.925  -4.432  -3.563 0.0000000000
91989  44.658  -5.683  -3.183 0.0000000000
91999  50.544  -6.642  -4.757 0.0000000000
92000  49.999  -6.928  -4.140 0.0000000000
92001  43.985  -4.004  -5.207 0.0000000000
92002  43.826  -5.031  -4.370 0.0000000000
92013  50.543  -6.643  -5.518 0.0000000000
92014  50.111  -7.001  -5.323 0.0000000000
92015  43.857  -3.877  -6.500 0.0000000000
92016  43.403  -4.733  -6.136 0.0000000000
92029  51.227  -6.313  -6.540 0.0000000000
92030  50.593  -6.695  -6.220 0.0000000000
92031  49.964  -7.204  -5.888 0.0000000000
92033  44.092  -4.244  -7.810 0.0000000000
92034  43.503  -5.132  -7.388 0.0000000000
93074  50.097  -5.084  -2.500 0.0000000000
93075  49.040  -4.688  -2.344 0.0000000000
93076  47.642  -4.171  -2.668 0.0000000000
93077  47.031  -4.480  -2.678 0.0000000000
93084  51.564  -5.813  -3.780 0.0000000000
93085  50.863  -5.809  -2.985 0.0000000000
93086  46.973  -3.431  -2.952 0.0000000000
93087  46.426  -3.725  -3.060 0.0000000000
93088  45.384  -3.404  -3.807 0.0000000000
93094  51.639  -5.837  -4.813 0.0000000000
93095  51.099  -6.262  -4.192 0.0000000000
93096  44.622  -3.183  -4.888 0.0000000000
93104  51.647  -5.762  -5.866 0.0000000000
93105  51.063  -6.321  -5.433 0.0000000000
93106  44.509  -2.736  -6.973 0.0000000000
93107  44.217  -3.249  -6.125 0.0000000000
93118  52.457  -5.381  -6.916 0.0000000000
93119  51.707  -5.855  -6.643 0.0000000000
93120  51.224  -6.177  -6.216 0.0000000000
93121  45.422  -2.566  -8.340 0.0000000000
93122  44.782  -3.151  -8.119 0.0000000000
93123  44.218  -3.420  -7.129 0.0000000000
94112  52.145  -4.687  -2.605 0.0000000000
94113  51.208  -4.384  -2.250 0.0000000000
94114  49.780  -4.005  -2.275 0.0000000000
94115  48.299  -3.422  -2.577 0.0000000000
94116  47.322  -3.107  -2.946 0.0000000000
94124  52.489  -4.950  -3.523 0.0000000000
94125  51.739  -5.342  -2.921 0.0000000000
94126  50.802  -5.015  -2.445 0.0000000000
94127  46.639  -2.845  -3.305 0.0000000000
94128  45.837  -2.647  -3.887 0.0000000000
94129  45.173  -2.619  -4.661 0.0000000000
94137  52.642  -4.855  -4.696 0.0000000000
94138  52.126  -5.429  -4.160 0.0000000000
94139  44.823  -2.481  -5.237 0.0000000000
94146  52.756  -4.706  -5.846 0.0000000000
94147  52.192  -5.316  -5.319 0.0000000000
94148  44.783  -2.178  -6.761 0.0000000000
94149  44.570  -2.481  -5.958 0.0000000000
94155  53.786  -3.811  -7.585 0.0000000000
94156  53.140  -4.560  -6.925 0.0000000000
94157  52.302  -5.273  -6.322 0.0000000000
94158  46.037  -1.868  -8.545 0.0000000000
94159  45.645  -2.064  -8.156 0.0000000000
94160  45.108  -2.296  -7.576 0.0000000000
94168  54.064  -3.631  -8.085 0.0000000000
94169  53.594  -4.345  -7.543 0.0000000000
94184  55.014  -2.891  -9.188 0.0000000000
94185  54.525  -3.180  -8.678 0.0000000000
95222  53.068  -3.493  -2.022 0.0000000000
95223  52.112  -3.737  -1.994 0.0000000000
95224  50.319  -3.043  -1.983 0.0000000000
95225  48.572  -2.228  -2.593 0.0000000000
95226  47.517  -2.417  -3.129 0.0000000000
95227  46.994  -2.533  -3.320 0.0000000000
95233  53.468  -4.044  -2.988 0.0000000000
95234  52.785  -4.526  -2.922 0.0000000000
95235  47.954  -1.291  -3.208 0.0000000000
95236  47.426  -1.470  -3.499 0.0000000000
95237  46.510  -1.857  -3.959 0.0000000000
95238  45.398  -1.813  -4.983 0.0000000000
95239  45.055  -2.225  -5.121 0.0000000000
95247  53.664  -3.846  -4.571 0.0000000000
95248  53.108  -4.485  -3.990 0.0000000000
95249  45.184  -1.596  -6.050 0.0000000000
95250  44.933  -2.054  -5.592 0.0000000000
95255  53.688  -3.588  -5.893 0.0000000000
95256  53.206  -4.285  -5.232 0.0000000000
95257  45.592  -1.437  -7.429 0.0000000000
95258  45.194  -1.665  -6.967 0.0000000000
95259  44.882  -1.953  -6.272 0.0000000000
95264  53.777  -3.446  -7.118 0.0000000000
95265  53.350  -4.155  -6.248 0.0000000000
95268  45.861  -1.502  -7.990 0.0000000000
95269  45.491  -1.791  -7.632 0.0000000000
95273  54.084  -3.031  -8.056 0.0000000000
95283  55.446  -2.219  -9.645 0.0000000000
95284  54.843  -2.416  -9.260 0.0000000000
95285  54.421  -2.737  -8.637 0.0000000000
95298  56.132  -1.946  -9.783 0.0000000000
96297  52.799  -1.410  -0.949 0.0000000000
96298  52.394  -1.571  -1.108 0.0000000000
96299  51.675  -1.613  -1.319 0.0000000000
96303  53.126  -1.864  -1.056 0.0000000000
96304  52.629  -2.614  -1.369 0.0000000000
96305  50.924  -2.062  -1.616 0.0000000000
96306  49.458  -1.525  -2.377 0.0000000000
96307  48.367  -0.951  -3.100 0.0000000000
96313  53.701  -2.426  -1.472 0.0000000000
96314  53.919  -3.208  -2.293 0.0000000000
96315  47.536  -0.617  -3.751 0.0000000000
96316  46.653  -0.544  -4.545 0.0000000000
96317  45.805  -0.883  -5.156 0.0000000000
96318  45.502  -1.211  -5.837 0.0000000000
96327  54.223  -3.407  -3.856 0.0000000000
96328  46.218  -0.145  -5.837 0.0000000000
96329  45.829  -0.697  -6.352 0.0000000000
96330  45.507  -1.217  -6.639 0.0000000000
96334  54.212  -3.129  -5.311 0.0000000000
96335  46.987  0.153  -7.448 0.0000000000
96336  46.485  -0.116  -7.123 0.0000000000
96337  45.890  -0.980  -7.369 0.0000000000
96338  45.541  -1.312  -7.115 0.0000000000
96342  54.100  -2.742  -6.670 0.0000000000
96344  46.476  -0.755  -8.049 0.0000000000
96345  46.133  -1.136  -8.017 0.0000000000
96347  54.488  -1.841  -8.481 0.0000000000
96348  54.321  -2.264  -7.983 0.0000000000
96354  55.977  -1.386  -9.714 0.0000000000
96355  55.494  -1.672  -9.580 0.0000000000
96356  54.616  -1.887  -8.865 0.0000000000
96357  54.370  -2.463  -8.449 0.0000000000
96366  56.483  -1.408  -9.725 0.0000000000
96367  55.812  -1.833  -9.783 0.0000000000
97367  53.160  -1.151  -0.841 0.0000000000
97368  52.408  -0.893  -1.003 0.0000000000
97369  51.613  -0.801  -1.323 0.0000000000
97375  53.930  -1.671  -1.151 0.0000000000
97376  50.813  -0.833  -1.752 0.0000000000
97377  49.798  -0.563  -2.358 0.0000000000
97378  48.850  -0.437  -2.958 0.0000000000
97382  54.702  -2.355  -2.207 0.0000000000
97383  54.693  -2.902  -3.322 0.0000000000
97384  48.791  0.498  -3.211 0.0000000000
97385  47.870  0.245  -3.734 0.0000000000
97386  47.137  0.156  -4.512 0.0000000000
97388  55.203  -2.237  -3.805 0.0000000000
97389  54.679  -2.645  -4.621 0.0000000000
97390  48.127  1.356  -4.426 0.0000000000
97391  47.294  0.976  -5.144 0.0000000000
97392  46.706  0.379  -5.528 0.0000000000
97395  54.916  -1.681  -5.331 0.0000000000
97396  54.448  -2.205  -6.052 0.0000000000
97397  48.076  1.550  -6.051 0.0000000000
97398  47.324  0.623  -6.930 0.0000000000
97399  46.624  0.250  -6.373 0.0000000000
97401  54.703  -1.399  -6.757 0.0000000000
97402  54.332  -1.907  -7.336 0.0000000000
97408  55.228  -1.113  -8.511 0.0000000000
97409  54.702  -1.495  -8.218 0.0000000000
97410  54.411  -1.849  -7.920 0.0000000000
97419  56.285  -1.122  -9.549 0.0000000000
97420  55.252  -1.223  -9.013 0.0000000000
97421  54.772  -1.502  -8.822 0.0000000000
97429  56.704  -1.151  -9.692 0.0000000000
98429  53.873  -0.507  -0.506 0.0000000000
98430  52.618  -0.248  -0.727 0.0000000000
98431  51.733  -0.111  -1.061 0.0000000000
98436  54.936  -1.381  -1.389 0.0000000000
98437  50.582  0.305  -1.752 0.0000000000
98438  50.213  -0.159  -2.153 0.0000000000
98441  56.016  -0.933  -3.615 0.0000000000
98442  55.514  -1.634  -2.882 0.0000000000
98443  49.671  1.525  -2.797 0.0000000000
98444  49.615  0.535  -2.610 0.0000000000
98446  55.768  -0.711  -4.956 0.0000000000
98447  55.433  -1.262  -4.478 0.0000000000
98448  49.456  2.276  -4.235 0.0000000000
98449  48.935  1.523  -3.652 0.0000000000
98451  55.680  -0.699  -5.557 0.0000000000
98452  55.325  -0.880  -5.881 0.0000000000
98453  49.695  2.530  -5.610 0.0000000000
98454  48.869  2.069  -5.376 0.0000000000
98456  55.907  -0.773  -7.397 0.0000000000
98457  55.301  -0.898  -7.326 0.0000000000
98459  48.842  1.840  -6.568 0.0000000000
98464  56.038  -0.808  -8.265 0.0000000000
98465  55.234  -1.045  -8.168 0.0000000000
98473  56.828  -0.764  -9.100 0.0000000000
98474  55.974  -0.882  -9.129 0.0000000000
99506  52.479  0.943  -0.303 0.0000000000
99507  52.008  0.331  -0.728 0.0000000000
99512  51.183  1.902  -1.234 0.0000000000
99513  51.316  0.819  -1.062 0.0000000000
99519  50.369  1.646  -1.959 0.0000000000
99527  50.000  2.427  -3.334 0.0000000000
99533  56.202  -0.583  -5.667 0.0000000000
99534  55.578  -0.744  -6.486 0.0000000000
99543  56.720  -0.675  -6.911 0.0000000000
99544  55.852  -0.700  -6.817 0.0000000000
99555  57.368  -0.608  -7.635 0.0000000000
