#!ascii label  , from subject subject001 vox2ras=TkReg
383
38555  -0.419  -51.486  -14.387 0.0000000000
38571  -1.291  -51.195  -15.296 0.0000000000
38572  -1.944  -51.693  -15.699 0.0000000000
39801  1.778  -50.924  -11.810 0.0000000000
39802  1.125  -51.014  -12.477 0.0000000000
39815  1.796  -50.485  -12.795 0.0000000000
39816  0.668  -50.736  -13.564 0.0000000000
39831  -0.435  -50.606  -14.918 0.0000000000
39832  -1.751  -50.730  -16.021 0.0000000000
39844  -1.791  -51.013  -17.201 0.0000000000
39854  3.219  -52.272  -20.644 0.0000000000
39855  1.267  -52.033  -20.209 0.0000000000
39856  -0.839  -51.298  -19.283 0.0000000000
39861  1.965  -51.331  -20.970 0.0000000000
39862  0.568  -50.897  -20.631 0.0000000000
39863  0.020  -50.579  -20.125 0.0000000000
41104  1.903  -50.753  -11.076 0.0000000000
41118  1.995  -50.153  -12.382 0.0000000000
41128  1.701  -49.832  -13.687 0.0000000000
41129  0.675  -49.951  -14.608 0.0000000000
41143  0.954  -49.331  -14.839 0.0000000000
41144  -1.167  -49.583  -16.096 0.0000000000
41145  -2.207  -50.339  -16.801 0.0000000000
41156  5.660  -51.119  -19.181 0.0000000000
41157  -0.513  -49.371  -18.172 0.0000000000
41158  -1.550  -50.332  -17.822 0.0000000000
41166  4.432  -51.289  -20.596 0.0000000000
41167  3.177  -50.954  -21.277 0.0000000000
41168  -0.024  -49.637  -19.955 0.0000000000
41169  -0.049  -50.368  -19.227 0.0000000000
41173  1.648  -50.119  -21.510 0.0000000000
41174  0.394  -49.778  -20.951 0.0000000000
41175  0.084  -50.152  -20.191 0.0000000000
41180  1.197  -49.381  -21.846 0.0000000000
41181  0.919  -49.638  -21.655 0.0000000000
42396  2.006  -49.955  -11.914 0.0000000000
42409  1.783  -49.505  -13.151 0.0000000000
42421  1.309  -49.007  -14.298 0.0000000000
42437  0.412  -48.624  -15.655 0.0000000000
42438  -0.330  -48.814  -16.782 0.0000000000
42450  5.952  -49.793  -18.811 0.0000000000
42451  -0.240  -48.293  -16.226 0.0000000000
42452  -0.239  -48.558  -17.298 0.0000000000
42459  4.835  -49.952  -20.691 0.0000000000
42460  4.055  -50.541  -21.245 0.0000000000
42461  -0.260  -48.716  -19.298 0.0000000000
42465  4.131  -49.368  -21.524 0.0000000000
42466  3.315  -49.719  -21.740 0.0000000000
42467  -0.485  -48.838  -21.531 0.0000000000
42468  -0.645  -48.413  -22.575 0.0000000000
42473  1.572  -48.816  -22.103 0.0000000000
42474  0.556  -48.870  -22.046 0.0000000000
42475  -0.047  -48.148  -22.415 0.0000000000
42481  1.006  -48.594  -23.200 0.0000000000
42482  0.775  -48.413  -22.745 0.0000000000
42483  0.390  -47.954  -22.546 0.0000000000
43568  -0.710  -48.529  -10.702 0.0000000000
43571  1.295  -49.780  -11.451 0.0000000000
43572  -0.226  -48.675  -11.790 0.0000000000
43573  -0.897  -47.790  -11.237 0.0000000000
43578  1.204  -49.213  -12.603 0.0000000000
43579  -0.017  -48.370  -13.043 0.0000000000
43586  1.090  -48.494  -13.834 0.0000000000
43587  0.129  -48.143  -13.705 0.0000000000
43601  0.790  -48.182  -14.877 0.0000000000
43619  -0.074  -47.746  -15.791 0.0000000000
43620  -0.581  -47.183  -16.858 0.0000000000
43633  6.231  -48.991  -18.168 0.0000000000
43634  -0.537  -47.909  -16.833 0.0000000000
43635  -0.902  -47.571  -18.295 0.0000000000
43642  6.198  -48.382  -18.390 0.0000000000
43643  5.568  -48.705  -19.656 0.0000000000
43644  -0.373  -47.697  -20.492 0.0000000000
43649  4.354  -48.709  -21.405 0.0000000000
43650  3.630  -48.964  -21.824 0.0000000000
43651  -0.535  -48.229  -22.336 0.0000000000
43652  -0.494  -48.396  -22.986 0.0000000000
43656  3.322  -48.361  -21.970 0.0000000000
43657  2.414  -48.495  -22.125 0.0000000000
43658  -0.088  -48.260  -23.179 0.0000000000
43659  -0.111  -48.408  -23.245 0.0000000000
43664  1.065  -48.391  -23.105 0.0000000000
43665  0.582  -48.409  -23.519 0.0000000000
43666  0.456  -47.989  -22.979 0.0000000000
44618  -0.994  -47.285  -10.467 0.0000000000
44619  -0.867  -46.018  -10.166 0.0000000000
44621  -0.709  -47.566  -11.672 0.0000000000
44622  -0.673  -46.345  -11.191 0.0000000000
44623  -0.607  -45.587  -10.535 0.0000000000
44626  -0.557  -47.369  -12.277 0.0000000000
44627  -0.529  -45.851  -12.339 0.0000000000
44631  0.205  -47.982  -13.968 0.0000000000
44632  -0.313  -47.231  -13.472 0.0000000000
44633  -0.234  -45.505  -13.332 0.0000000000
44640  0.126  -47.683  -14.364 0.0000000000
44641  -0.024  -46.250  -14.377 0.0000000000
44642  0.013  -45.268  -13.855 0.0000000000
44655  0.124  -47.264  -15.078 0.0000000000
44656  -0.553  -46.429  -15.823 0.0000000000
44670  6.489  -48.075  -18.099 0.0000000000
44671  -1.212  -46.256  -17.542 0.0000000000
44678  6.423  -47.662  -18.746 0.0000000000
44679  5.790  -47.731  -19.460 0.0000000000
44680  4.706  -47.785  -20.867 0.0000000000
44681  -1.149  -46.439  -19.596 0.0000000000
44686  3.066  -47.556  -21.938 0.0000000000
44687  1.417  -46.697  -22.926 0.0000000000
44688  -0.951  -46.974  -21.634 0.0000000000
44693  2.528  -47.988  -22.138 0.0000000000
44694  1.205  -47.620  -23.100 0.0000000000
44695  0.074  -47.728  -22.595 0.0000000000
44701  0.809  -48.205  -23.534 0.0000000000
44702  0.547  -48.105  -23.267 0.0000000000
45757  -0.396  -45.133  -10.726 0.0000000000
45758  -0.505  -44.826  -10.059 0.0000000000
45764  -0.159  -44.584  -11.310 0.0000000000
45765  -0.145  -44.311  -10.540 0.0000000000
45770  -0.138  -44.265  -12.396 0.0000000000
45773  0.122  -45.041  -14.231 0.0000000000
45774  -0.120  -44.265  -13.486 0.0000000000
45782  0.002  -45.192  -15.069 0.0000000000
45783  -0.095  -44.145  -14.434 0.0000000000
45795  -0.566  -44.935  -16.286 0.0000000000
45796  -0.187  -44.316  -15.282 0.0000000000
45801  6.269  -47.165  -19.480 0.0000000000
45802  5.575  -47.069  -20.071 0.0000000000
45803  4.669  -47.058  -21.012 0.0000000000
45804  3.944  -47.178  -21.625 0.0000000000
45805  -1.151  -44.975  -18.277 0.0000000000
45812  6.419  -47.000  -19.940 0.0000000000
45813  5.452  -46.625  -20.605 0.0000000000
45814  4.264  -46.399  -21.639 0.0000000000
45815  2.723  -46.310  -22.323 0.0000000000
45816  0.440  -45.651  -22.616 0.0000000000
45817  -0.776  -45.432  -20.735 0.0000000000
45825  0.634  -46.567  -23.241 0.0000000000
45826  0.039  -46.616  -22.485 0.0000000000
46936  0.836  -43.458  -10.157 0.0000000000
46937  0.161  -43.821  -9.965 0.0000000000
46947  0.671  -43.272  -11.394 0.0000000000
46948  0.278  -43.694  -10.665 0.0000000000
46957  0.376  -43.372  -12.691 0.0000000000
46963  0.296  -43.409  -13.783 0.0000000000
46969  -0.058  -42.968  -15.313 0.0000000000
46970  0.144  -43.535  -15.036 0.0000000000
46983  -0.544  -43.499  -16.438 0.0000000000
46984  -0.636  -43.949  -15.663 0.0000000000
46994  -0.972  -43.615  -18.838 0.0000000000
47001  5.989  -46.664  -20.612 0.0000000000
47002  5.392  -46.436  -20.997 0.0000000000
47003  4.258  -45.647  -21.925 0.0000000000
47004  2.526  -45.194  -22.913 0.0000000000
47005  1.087  -44.512  -22.708 0.0000000000
47006  0.013  -43.979  -20.870 0.0000000000
47011  5.461  -46.574  -21.317 0.0000000000
47012  4.688  -45.661  -22.010 0.0000000000
47013  4.284  -45.215  -22.131 0.0000000000
47014  1.654  -44.362  -23.450 0.0000000000
47015  1.610  -44.136  -23.055 0.0000000000
47021  5.148  -46.306  -22.555 0.0000000000
47022  4.917  -45.174  -23.024 0.0000000000
47035  5.458  -44.957  -23.856 0.0000000000
48123  1.010  -43.286  -11.840 0.0000000000
48124  0.842  -43.168  -12.265 0.0000000000
48129  0.814  -42.990  -13.130 0.0000000000
48135  1.273  -42.692  -13.702 0.0000000000
48136  0.649  -42.859  -14.230 0.0000000000
48144  1.900  -42.295  -14.267 0.0000000000
48145  0.678  -42.401  -15.176 0.0000000000
48146  0.435  -42.947  -14.921 0.0000000000
48153  0.047  -42.397  -17.185 0.0000000000
48163  -0.426  -42.340  -19.057 0.0000000000
48175  3.172  -44.968  -22.657 0.0000000000
48176  2.281  -44.527  -23.273 0.0000000000
48177  0.690  -43.692  -21.575 0.0000000000
48178  0.760  -42.710  -20.204 0.0000000000
48186  4.262  -45.006  -22.279 0.0000000000
48187  3.451  -44.616  -22.884 0.0000000000
48188  2.088  -43.522  -23.388 0.0000000000
48189  1.350  -43.209  -21.801 0.0000000000
48190  1.091  -42.285  -20.493 0.0000000000
48198  4.191  -44.596  -22.733 0.0000000000
48199  3.158  -43.307  -23.727 0.0000000000
48200  2.497  -43.000  -23.887 0.0000000000
48211  4.395  -43.803  -23.477 0.0000000000
48212  3.517  -43.087  -24.045 0.0000000000
48226  5.409  -44.064  -23.893 0.0000000000
49297  1.854  -41.990  -15.225 0.0000000000
49307  2.501  -41.872  -15.928 0.0000000000
49308  1.243  -41.364  -16.121 0.0000000000
49318  3.511  -41.063  -16.508 0.0000000000
49319  0.575  -41.493  -17.700 0.0000000000
49331  0.285  -41.249  -19.001 0.0000000000
49342  2.100  -42.167  -21.860 0.0000000000
49343  1.384  -41.696  -20.565 0.0000000000
49344  0.685  -41.362  -19.746 0.0000000000
49355  2.737  -42.786  -24.119 0.0000000000
49356  2.771  -42.323  -23.475 0.0000000000
49370  3.814  -42.935  -23.791 0.0000000000
49371  3.236  -42.429  -23.990 0.0000000000
49372  3.236  -41.618  -23.807 0.0000000000
49393  5.706  -42.360  -23.763 0.0000000000
49394  4.412  -42.692  -23.824 0.0000000000
49395  3.561  -42.257  -23.142 0.0000000000
49416  5.837  -43.582  -24.088 0.0000000000
50403  3.048  -41.163  -16.357 0.0000000000
50404  2.263  -40.971  -16.536 0.0000000000
50405  1.314  -40.839  -17.046 0.0000000000
50416  4.065  -40.455  -17.240 0.0000000000
50417  3.024  -40.525  -17.035 0.0000000000
50418  1.927  -40.452  -17.534 0.0000000000
50419  0.708  -40.591  -18.050 0.0000000000
50430  4.848  -39.674  -17.415 0.0000000000
50431  4.346  -39.686  -17.895 0.0000000000
50432  0.949  -40.017  -18.445 0.0000000000
50433  0.425  -40.416  -18.860 0.0000000000
50446  1.648  -40.735  -20.639 0.0000000000
50447  0.961  -40.231  -19.464 0.0000000000
50448  0.447  -40.715  -19.233 0.0000000000
50461  2.468  -40.861  -21.638 0.0000000000
50472  3.773  -40.485  -23.517 0.0000000000
50473  3.500  -40.840  -23.562 0.0000000000
50474  3.173  -40.630  -22.646 0.0000000000
50489  5.693  -41.391  -23.620 0.0000000000
50490  4.472  -40.981  -23.454 0.0000000000
50491  3.641  -41.803  -23.207 0.0000000000
51562  3.343  -39.722  -17.778 0.0000000000
51563  2.432  -39.973  -17.932 0.0000000000
51564  1.567  -39.831  -18.068 0.0000000000
51576  5.213  -39.213  -18.041 0.0000000000
51577  4.674  -38.940  -18.000 0.0000000000
51578  3.718  -39.031  -18.392 0.0000000000
51579  2.271  -38.902  -18.676 0.0000000000
51580  1.310  -39.433  -18.853 0.0000000000
51591  5.723  -38.550  -18.228 0.0000000000
51592  5.231  -38.435  -18.367 0.0000000000
51593  4.336  -38.509  -18.969 0.0000000000
51594  2.812  -38.272  -19.781 0.0000000000
51595  1.726  -39.265  -20.101 0.0000000000
51596  1.046  -39.411  -19.491 0.0000000000
51603  2.624  -38.422  -21.134 0.0000000000
51604  2.516  -39.414  -21.749 0.0000000000
51607  3.982  -39.802  -23.742 0.0000000000
51608  3.380  -39.198  -22.563 0.0000000000
51609  2.968  -39.665  -22.293 0.0000000000
51612  5.658  -40.325  -23.848 0.0000000000
51613  4.702  -39.438  -23.838 0.0000000000
51621  6.927  -40.152  -23.613 0.0000000000
52770  6.628  -38.164  -18.300 0.0000000000
52780  6.679  -37.897  -18.499 0.0000000000
52781  6.293  -38.446  -18.312 0.0000000000
52785  6.744  -37.691  -18.802 0.0000000000
52786  6.103  -37.950  -18.676 0.0000000000
52787  5.215  -38.041  -19.211 0.0000000000
52788  4.202  -38.171  -20.475 0.0000000000
52789  2.936  -37.950  -20.850 0.0000000000
52792  4.088  -37.970  -22.218 0.0000000000
52793  3.219  -37.982  -21.757 0.0000000000
52796  5.408  -38.228  -23.045 0.0000000000
52797  4.385  -38.530  -23.425 0.0000000000
52798  3.740  -38.321  -22.535 0.0000000000
52800  5.569  -38.974  -23.595 0.0000000000
52801  4.742  -38.897  -23.783 0.0000000000
52809  8.002  -39.560  -23.705 0.0000000000
52810  7.016  -38.913  -23.296 0.0000000000
53824  6.849  -38.034  -18.346 0.0000000000
53836  7.077  -37.821  -18.458 0.0000000000
53837  7.317  -37.755  -18.332 0.0000000000
53841  7.225  -37.472  -18.880 0.0000000000
53842  6.852  -37.425  -19.340 0.0000000000
53843  6.021  -37.619  -19.607 0.0000000000
53844  5.327  -37.924  -20.150 0.0000000000
53848  6.547  -37.131  -19.959 0.0000000000
53849  6.049  -37.534  -20.600 0.0000000000
53850  5.118  -38.130  -21.262 0.0000000000
53854  5.941  -38.054  -21.814 0.0000000000
53855  4.871  -38.134  -22.575 0.0000000000
53859  7.328  -37.880  -22.946 0.0000000000
53860  6.745  -38.073  -22.838 0.0000000000
53865  8.772  -38.879  -23.909 0.0000000000
53866  7.701  -38.212  -23.299 0.0000000000
53867  7.150  -38.370  -23.161 0.0000000000
53874  9.369  -38.536  -24.025 0.0000000000
54875  8.192  -36.176  -19.044 0.0000000000
54876  7.808  -37.047  -18.636 0.0000000000
54877  7.652  -37.512  -18.161 0.0000000000
54884  8.121  -36.047  -19.306 0.0000000000
54885  7.632  -36.564  -19.475 0.0000000000
54886  7.028  -36.919  -19.810 0.0000000000
54890  7.598  -36.192  -20.063 0.0000000000
54891  7.075  -36.778  -20.582 0.0000000000
54892  6.421  -37.402  -21.128 0.0000000000
54896  7.356  -36.912  -21.700 0.0000000000
54897  6.778  -37.490  -21.686 0.0000000000
54902  7.599  -37.394  -22.645 0.0000000000
54903  7.162  -37.527  -22.188 0.0000000000
54909  8.849  -37.757  -23.496 0.0000000000
54910  8.105  -37.515  -23.108 0.0000000000
54918  9.712  -38.096  -23.908 0.0000000000
55956  7.098  -37.911  -17.814 0.0000000000
55982  8.341  -35.620  -18.930 0.0000000000
55983  8.286  -35.975  -18.656 0.0000000000
55984  8.052  -36.600  -18.216 0.0000000000
56004  8.282  -35.448  -19.193 0.0000000000
56005  8.100  -35.803  -19.484 0.0000000000
56018  8.238  -35.181  -19.506 0.0000000000
56019  8.000  -35.620  -19.833 0.0000000000
56020  7.854  -35.922  -20.375 0.0000000000
56030  7.791  -36.208  -21.063 0.0000000000
56040  8.036  -36.400  -21.916 0.0000000000
56047  8.960  -36.755  -23.250 0.0000000000
56048  8.363  -36.817  -22.819 0.0000000000
56057  10.827  -37.380  -24.227 0.0000000000
56058  9.766  -37.201  -23.722 0.0000000000
57127  8.412  -34.710  -18.812 0.0000000000
57130  7.740  -36.288  -17.778 0.0000000000
57143  8.387  -34.388  -19.293 0.0000000000
57157  8.301  -34.581  -19.718 0.0000000000
57158  8.177  -35.038  -20.183 0.0000000000
57159  8.119  -35.423  -20.723 0.0000000000
57172  8.194  -35.683  -21.330 0.0000000000
57185  8.374  -35.779  -21.802 0.0000000000
57196  8.746  -36.087  -22.823 0.0000000000
57197  8.490  -35.952  -22.287 0.0000000000
57203  11.279  -36.684  -24.402 0.0000000000
57204  10.243  -36.284  -23.893 0.0000000000
57205  9.226  -35.921  -23.301 0.0000000000
58205  8.634  -32.441  -19.017 0.0000000000
58215  8.633  -32.540  -19.234 0.0000000000
58216  8.487  -33.273  -19.462 0.0000000000
58217  8.378  -33.922  -20.060 0.0000000000
58218  8.282  -34.689  -20.513 0.0000000000
58230  8.366  -34.059  -20.680 0.0000000000
58231  8.250  -34.905  -21.049 0.0000000000
58245  8.261  -34.286  -21.504 0.0000000000
58246  8.294  -35.196  -21.724 0.0000000000
58258  8.907  -34.576  -23.163 0.0000000000
58259  8.531  -34.872  -22.732 0.0000000000
58260  8.422  -35.488  -22.092 0.0000000000
58265  11.807  -36.257  -24.626 0.0000000000
58266  10.872  -35.515  -24.306 0.0000000000
58267  9.450  -34.938  -23.512 0.0000000000
58268  9.005  -35.240  -23.204 0.0000000000
58276  11.923  -35.338  -24.823 0.0000000000
58277  11.181  -34.828  -24.459 0.0000000000
59207  8.953  -31.883  -18.841 0.0000000000
59211  9.380  -31.174  -18.940 0.0000000000
59212  8.899  -31.872  -19.169 0.0000000000
59213  8.647  -32.627  -19.714 0.0000000000
59214  8.572  -33.157  -20.268 0.0000000000
59222  8.599  -33.344  -20.864 0.0000000000
59234  8.603  -33.502  -21.763 0.0000000000
59248  8.975  -34.051  -23.186 0.0000000000
59249  8.771  -33.632  -22.551 0.0000000000
59252  10.513  -34.238  -23.973 0.0000000000
59253  9.562  -33.964  -23.522 0.0000000000
59260  12.428  -34.344  -25.009 0.0000000000
59261  11.485  -34.210  -24.539 0.0000000000
60213  9.886  -30.719  -18.471 0.0000000000
60219  9.134  -31.424  -19.365 0.0000000000
60220  8.810  -32.204  -20.023 0.0000000000
60221  8.721  -32.737  -20.439 0.0000000000
60227  9.819  -30.376  -18.981 0.0000000000
60228  9.206  -31.142  -19.756 0.0000000000
60229  8.971  -32.224  -20.744 0.0000000000
60239  9.132  -32.697  -21.883 0.0000000000
60255  9.360  -33.475  -23.287 0.0000000000
60256  9.230  -33.123  -22.813 0.0000000000
60258  10.945  -33.065  -24.101 0.0000000000
60259  10.004  -33.201  -23.393 0.0000000000
60260  9.496  -33.105  -23.171 0.0000000000
60267  11.862  -33.476  -24.740 0.0000000000
61258  10.527  -31.100  -17.444 0.0000000000
61296  10.588  -29.549  -18.635 0.0000000000
61298  9.413  -30.805  -20.234 0.0000000000
61307  9.715  -30.884  -21.472 0.0000000000
61308  9.442  -31.351  -21.280 0.0000000000
61326  9.775  -31.220  -22.063 0.0000000000
61327  9.492  -32.147  -22.398 0.0000000000
61330  10.050  -31.881  -23.302 0.0000000000
61331  9.618  -32.681  -23.028 0.0000000000
62491  9.707  -30.386  -20.591 0.0000000000
62502  9.718  -30.601  -21.125 0.0000000000
