#!ascii label  , from subject subject001 vox2ras=TkReg
1661
82603  0.349  -10.446  44.225 0.0000000000
82604  -0.145  -10.883  44.543 0.0000000000
82618  0.894  -10.048  43.545 0.0000000000
82619  0.442  -10.448  43.835 0.0000000000
82620  -0.330  -11.224  43.934 0.0000000000
82638  0.716  -10.171  43.556 0.0000000000
82639  0.142  -10.540  43.658 0.0000000000
82640  -0.641  -11.339  43.401 0.0000000000
83768  0.484  -10.311  45.530 0.0000000000
83769  -0.052  -10.820  46.006 0.0000000000
83788  2.073  -9.705  43.480 0.0000000000
83789  1.580  -9.849  43.894 0.0000000000
83790  0.502  -10.222  44.699 0.0000000000
83791  -0.158  -10.792  45.187 0.0000000000
83809  1.875  -9.864  43.348 0.0000000000
83810  1.123  -10.042  43.665 0.0000000000
83811  0.638  -10.319  44.044 0.0000000000
83825  1.616  -9.883  43.351 0.0000000000
83826  1.316  -10.063  43.415 0.0000000000
83827  0.934  -10.125  43.482 0.0000000000
83828  -0.091  -10.621  43.357 0.0000000000
83841  -0.774  -10.914  42.813 0.0000000000
84825  2.176  -11.490  48.533 0.0000000000
84826  1.626  -11.259  48.091 0.0000000000
84836  1.188  -11.036  47.362 0.0000000000
84837  0.798  -11.105  47.029 0.0000000000
84847  1.159  -9.757  45.611 0.0000000000
84848  0.824  -10.312  46.132 0.0000000000
84849  0.490  -10.917  46.567 0.0000000000
84863  2.870  -8.719  43.306 0.0000000000
84864  2.280  -9.260  43.733 0.0000000000
84865  1.270  -9.679  44.907 0.0000000000
84866  0.754  -10.072  45.301 0.0000000000
84888  2.748  -8.913  43.149 0.0000000000
84889  2.244  -9.431  43.210 0.0000000000
84912  2.537  -9.167  43.063 0.0000000000
84913  2.104  -9.750  43.128 0.0000000000
84914  1.529  -9.967  43.298 0.0000000000
84915  0.717  -10.132  43.539 0.0000000000
84916  -0.065  -10.455  43.174 0.0000000000
84931  1.834  -9.817  43.197 0.0000000000
84932  1.420  -9.875  43.490 0.0000000000
84933  0.525  -10.132  43.129 0.0000000000
84934  -0.871  -10.544  42.593 0.0000000000
85943  2.808  -11.346  48.839 0.0000000000
85944  1.927  -10.951  48.333 0.0000000000
85945  1.618  -10.896  48.015 0.0000000000
85958  1.366  -10.309  47.377 0.0000000000
85959  1.310  -10.599  47.315 0.0000000000
85970  1.699  -9.168  45.468 0.0000000000
85971  1.241  -9.693  46.167 0.0000000000
85972  1.112  -10.383  46.761 0.0000000000
85982  3.821  -7.787  43.317 0.0000000000
85983  3.114  -8.382  43.618 0.0000000000
85984  1.994  -9.094  44.831 0.0000000000
85985  1.411  -9.517  45.373 0.0000000000
85998  3.858  -7.872  43.097 0.0000000000
85999  3.340  -8.440  43.120 0.0000000000
86019  3.761  -8.054  42.966 0.0000000000
86020  3.214  -8.530  42.933 0.0000000000
86021  2.686  -8.994  42.996 0.0000000000
86044  2.990  -8.726  42.880 0.0000000000
86045  2.209  -9.316  43.156 0.0000000000
86046  1.259  -9.584  43.438 0.0000000000
86047  0.120  -9.861  42.815 0.0000000000
86048  -1.362  -9.999  42.196 0.0000000000
87058  3.370  -10.841  49.178 0.0000000000
87059  2.201  -10.679  48.697 0.0000000000
87071  2.330  -10.842  48.531 0.0000000000
87072  1.754  -10.644  48.238 0.0000000000
87077  1.335  -9.825  47.240 0.0000000000
87078  1.385  -10.061  47.368 0.0000000000
87085  2.455  -8.249  44.913 0.0000000000
87086  1.622  -9.037  45.799 0.0000000000
87087  1.318  -9.733  46.726 0.0000000000
87093  3.765  -7.659  43.605 0.0000000000
87094  2.678  -8.239  44.455 0.0000000000
87095  2.053  -8.905  45.143 0.0000000000
87099  4.923  -6.788  43.075 0.0000000000
87100  4.358  -7.203  43.138 0.0000000000
87104  4.781  -6.965  43.068 0.0000000000
87105  4.380  -7.510  43.070 0.0000000000
87106  4.015  -7.738  43.054 0.0000000000
87115  3.595  -8.021  42.892 0.0000000000
87116  2.945  -8.427  42.798 0.0000000000
87117  2.024  -8.808  42.985 0.0000000000
87118  0.884  -9.095  43.380 0.0000000000
87119  -0.376  -9.227  42.772 0.0000000000
87120  -1.765  -9.226  41.949 0.0000000000
88101  5.373  -9.560  50.421 0.0000000000
88112  5.050  -9.974  49.931 0.0000000000
88113  3.604  -10.046  49.733 0.0000000000
88114  2.393  -10.089  49.516 0.0000000000
88115  1.662  -10.052  49.413 0.0000000000
88126  4.192  -10.481  49.550 0.0000000000
88127  2.349  -10.437  49.015 0.0000000000
88128  1.398  -10.113  48.959 0.0000000000
88136  1.378  -10.067  47.850 0.0000000000
88137  1.110  -9.973  48.230 0.0000000000
88143  1.366  -9.557  46.923 0.0000000000
88150  3.404  -7.368  44.262 0.0000000000
88151  2.517  -8.006  44.947 0.0000000000
88152  1.548  -8.773  45.857 0.0000000000
88158  4.713  -6.640  43.462 0.0000000000
88159  3.907  -7.245  43.896 0.0000000000
88160  2.974  -7.785  44.440 0.0000000000
88163  5.170  -6.545  43.199 0.0000000000
88164  4.371  -7.003  43.391 0.0000000000
88166  5.273  -6.544  42.975 0.0000000000
88167  5.001  -6.737  43.041 0.0000000000
88168  4.494  -7.293  43.055 0.0000000000
88169  0.034  -7.677  43.305 0.0000000000
88170  -1.089  -7.580  42.669 0.0000000000
88171  -1.819  -7.425  42.386 0.0000000000
88173  5.166  -6.487  43.027 0.0000000000
88174  4.513  -7.048  43.050 0.0000000000
88175  3.738  -7.475  42.897 0.0000000000
88176  2.819  -7.857  42.837 0.0000000000
88177  1.693  -8.195  43.187 0.0000000000
88178  0.436  -8.422  43.324 0.0000000000
88179  -0.843  -8.416  42.672 0.0000000000
88180  -2.467  -8.145  42.167 0.0000000000
89159  5.038  -8.846  50.791 0.0000000000
89160  4.474  -8.740  50.684 0.0000000000
89168  4.546  -9.256  50.352 0.0000000000
89169  3.932  -8.926  50.502 0.0000000000
89181  4.179  -9.683  50.040 0.0000000000
89182  3.336  -9.516  50.100 0.0000000000
89183  2.041  -9.930  49.850 0.0000000000
89184  0.845  -9.747  49.327 0.0000000000
89185  -0.072  -8.941  49.288 0.0000000000
89197  0.454  -9.508  48.231 0.0000000000
89198  -0.365  -8.749  48.342 0.0000000000
89210  1.065  -8.799  46.389 0.0000000000
89211  0.498  -9.014  47.196 0.0000000000
89212  -0.183  -8.688  47.481 0.0000000000
89222  2.690  -7.268  44.628 0.0000000000
89223  1.851  -8.105  45.515 0.0000000000
89232  5.138  -6.260  43.836 0.0000000000
89233  4.278  -6.699  43.994 0.0000000000
89234  3.271  -7.132  44.338 0.0000000000
89235  2.393  -7.839  45.085 0.0000000000
89243  5.511  -6.196  43.520 0.0000000000
89244  4.694  -6.523  43.682 0.0000000000
89247  6.062  -5.942  43.204 0.0000000000
89249  6.003  -5.999  42.980 0.0000000000
89250  5.545  -6.319  42.985 0.0000000000
89251  1.753  -6.796  43.202 0.0000000000
89252  0.803  -6.912  43.499 0.0000000000
89253  -0.277  -6.921  43.189 0.0000000000
89254  -1.320  -6.897  42.609 0.0000000000
89256  6.272  -5.721  42.841 0.0000000000
89257  5.780  -6.039  42.875 0.0000000000
89258  5.307  -6.166  42.868 0.0000000000
89259  4.604  -6.478  42.921 0.0000000000
89260  3.705  -6.812  42.936 0.0000000000
89261  2.515  -7.090  43.024 0.0000000000
89262  1.227  -7.556  43.342 0.0000000000
89263  -2.568  -7.084  42.411 0.0000000000
89265  -3.384  -7.147  40.119 0.0000000000
89266  -3.280  -7.380  41.419 0.0000000000
90269  4.588  -8.564  50.947 0.0000000000
90270  3.836  -8.621  50.935 0.0000000000
90271  2.767  -8.707  51.108 0.0000000000
90272  1.766  -8.780  51.173 0.0000000000
90283  3.061  -9.001  50.582 0.0000000000
90284  2.247  -8.958  50.779 0.0000000000
90285  1.235  -9.176  50.803 0.0000000000
90286  0.268  -8.695  50.481 0.0000000000
90296  2.439  -9.491  50.246 0.0000000000
90297  1.600  -9.746  50.116 0.0000000000
90298  0.803  -9.411  50.180 0.0000000000
90299  -0.163  -8.493  49.780 0.0000000000
90308  -0.594  -7.956  47.446 0.0000000000
90317  1.577  -7.351  45.347 0.0000000000
90318  0.434  -7.797  45.873 0.0000000000
90319  -0.331  -7.806  46.548 0.0000000000
90334  5.495  -5.698  44.158 0.0000000000
90335  4.797  -5.872  44.280 0.0000000000
90336  3.646  -6.404  44.375 0.0000000000
90337  2.546  -6.845  44.673 0.0000000000
90352  5.814  -5.789  43.866 0.0000000000
90353  5.041  -6.122  44.060 0.0000000000
90354  4.252  -6.417  44.161 0.0000000000
90368  6.962  -5.014  43.067 0.0000000000
90369  6.433  -5.471  43.349 0.0000000000
90375  7.109  -4.867  42.964 0.0000000000
90376  6.753  -5.299  43.026 0.0000000000
90378  6.609  -5.402  42.863 0.0000000000
90379  1.526  -6.165  43.351 0.0000000000
90380  0.448  -6.173  43.472 0.0000000000
90381  -0.674  -6.177  43.078 0.0000000000
90382  -1.856  -6.220  42.565 0.0000000000
90384  6.453  -5.333  42.717 0.0000000000
90385  6.076  -5.399  42.626 0.0000000000
90386  5.469  -5.556  42.629 0.0000000000
90387  4.635  -5.760  42.738 0.0000000000
90388  3.580  -5.998  42.989 0.0000000000
90389  2.511  -6.146  43.157 0.0000000000
90390  -3.070  -6.327  42.153 0.0000000000
90392  -3.291  -6.571  39.501 0.0000000000
90393  -3.401  -6.385  40.898 0.0000000000
90397  -1.126  -6.513  37.850 0.0000000000
90398  -2.424  -6.606  38.611 0.0000000000
91424  2.368  -9.213  50.505 0.0000000000
91425  1.823  -9.271  50.559 0.0000000000
91426  1.340  -9.407  50.513 0.0000000000
91438  1.990  -9.472  50.372 0.0000000000
91439  1.492  -9.530  50.357 0.0000000000
91440  1.194  -9.501  50.346 0.0000000000
91451  0.278  -5.822  45.458 0.0000000000
91463  3.588  -5.317  44.719 0.0000000000
91464  2.446  -5.970  44.757 0.0000000000
91465  1.135  -6.304  45.309 0.0000000000
91466  -0.070  -6.767  45.681 0.0000000000
91476  5.923  -5.354  44.061 0.0000000000
91477  5.483  -5.208  44.370 0.0000000000
91478  4.413  -5.414  44.563 0.0000000000
91479  3.349  -5.969  44.508 0.0000000000
91486  6.392  -4.972  43.654 0.0000000000
91487  6.065  -4.858  44.043 0.0000000000
91501  7.252  -4.567  43.011 0.0000000000
91502  6.961  -4.740  43.236 0.0000000000
91513  7.149  -4.622  42.798 0.0000000000
91514  6.882  -5.042  42.887 0.0000000000
91523  7.129  -4.243  42.650 0.0000000000
91524  6.873  -4.834  42.752 0.0000000000
91525  1.250  -5.390  43.401 0.0000000000
91526  0.047  -5.402  43.397 0.0000000000
91527  -1.163  -5.425  42.970 0.0000000000
91528  -2.343  -5.467  42.489 0.0000000000
91531  7.078  -4.002  42.520 0.0000000000
91532  6.768  -4.482  42.556 0.0000000000
91533  6.244  -4.628  42.484 0.0000000000
91534  5.542  -4.743  42.494 0.0000000000
91535  4.511  -4.798  42.668 0.0000000000
91536  3.203  -5.197  43.093 0.0000000000
91537  2.195  -5.493  43.249 0.0000000000
91538  -3.244  -5.352  41.613 0.0000000000
91540  -3.327  -5.970  38.926 0.0000000000
91541  -3.514  -5.567  39.953 0.0000000000
91543  1.635  -5.041  37.045 0.0000000000
91544  0.471  -5.321  37.091 0.0000000000
91545  -0.914  -5.486  37.611 0.0000000000
91546  -2.574  -5.631  38.402 0.0000000000
91547  -3.450  -5.476  38.990 0.0000000000
91551  2.325  -5.763  36.798 0.0000000000
91559  3.161  -5.435  36.122 0.0000000000
91566  3.040  -5.843  35.964 0.0000000000
91573  2.929  -5.739  35.757 0.0000000000
91574  2.540  -5.773  35.496 0.0000000000
91575  1.899  -5.771  35.204 0.0000000000
91576  0.837  -5.852  35.515 0.0000000000
91577  -0.605  -5.928  35.768 0.0000000000
91578  -1.609  -5.506  35.733 0.0000000000
91587  -0.984  -6.350  35.578 0.0000000000
91588  -2.089  -6.067  35.277 0.0000000000
92573  2.303  -4.642  45.194 0.0000000000
92574  1.285  -5.027  45.382 0.0000000000
92584  4.280  -4.590  44.842 0.0000000000
92585  3.113  -4.788  44.982 0.0000000000
92586  2.063  -5.318  45.081 0.0000000000
92595  5.864  -4.409  44.264 0.0000000000
92596  5.195  -4.565  44.632 0.0000000000
92604  6.908  -4.197  43.446 0.0000000000
92605  6.367  -4.276  43.819 0.0000000000
92616  7.409  -3.927  42.951 0.0000000000
92617  7.329  -4.037  43.138 0.0000000000
92626  7.363  -3.768  42.764 0.0000000000
92635  7.170  -3.573  42.611 0.0000000000
92636  0.822  -4.568  43.483 0.0000000000
92637  -0.401  -4.675  43.234 0.0000000000
92638  -1.533  -4.655  42.645 0.0000000000
92639  -2.529  -4.923  42.305 0.0000000000
92642  6.991  -3.554  42.462 0.0000000000
92643  6.777  -3.680  42.393 0.0000000000
92644  6.340  -3.728  42.366 0.0000000000
92645  5.616  -3.768  42.434 0.0000000000
92646  4.825  -3.739  42.581 0.0000000000
92647  3.779  -4.131  42.875 0.0000000000
92648  2.303  -4.515  43.290 0.0000000000
92649  -1.585  -4.194  42.376 0.0000000000
92650  -2.430  -4.376  41.924 0.0000000000
92653  -3.513  -4.524  40.650 0.0000000000
92656  1.694  -4.122  37.144 0.0000000000
92657  0.709  -4.283  37.039 0.0000000000
92658  -0.619  -4.434  37.328 0.0000000000
92659  -1.919  -4.557  38.320 0.0000000000
92660  -3.477  -4.712  39.183 0.0000000000
92663  2.956  -4.358  36.535 0.0000000000
92664  2.394  -4.537  36.892 0.0000000000
92673  3.249  -4.539  36.233 0.0000000000
92680  3.328  -4.577  35.950 0.0000000000
92687  3.219  -4.790  35.746 0.0000000000
92688  2.895  -4.751  35.480 0.0000000000
92689  2.244  -4.770  35.299 0.0000000000
92690  1.223  -4.870  35.765 0.0000000000
92691  -0.092  -5.017  36.287 0.0000000000
92692  -1.260  -5.004  36.240 0.0000000000
92700  -2.716  -5.033  35.800 0.0000000000
92701  -3.861  -5.119  34.542 0.0000000000
92712  -4.055  -5.057  32.625 0.0000000000
93651  2.854  -4.094  45.146 0.0000000000
93652  1.989  -4.074  45.311 0.0000000000
93653  0.868  -4.111  45.439 0.0000000000
93666  5.629  -3.493  44.426 0.0000000000
93667  5.052  -3.704  44.744 0.0000000000
93668  3.849  -3.707  44.967 0.0000000000
93674  6.712  -3.088  43.645 0.0000000000
93675  6.141  -3.524  44.081 0.0000000000
93676  5.624  -3.940  44.455 0.0000000000
93682  7.195  -3.332  43.339 0.0000000000
93683  6.689  -3.686  43.622 0.0000000000
93692  7.489  -3.056  42.856 0.0000000000
93693  7.506  -3.217  43.047 0.0000000000
93703  7.382  -2.933  42.649 0.0000000000
93714  7.302  -2.832  42.422 0.0000000000
93715  0.203  -3.991  43.367 0.0000000000
93716  -0.805  -4.023  43.045 0.0000000000
93717  -1.332  -4.106  42.695 0.0000000000
93723  7.133  -2.788  42.253 0.0000000000
93724  6.902  -2.777  42.149 0.0000000000
93725  6.517  -2.689  42.142 0.0000000000
93726  5.540  -2.835  42.261 0.0000000000
93727  4.375  -3.115  42.564 0.0000000000
93728  3.133  -3.315  43.130 0.0000000000
93729  1.439  -3.462  43.416 0.0000000000
93730  -0.081  -3.267  43.211 0.0000000000
93731  -1.482  -3.561  42.391 0.0000000000
93732  -3.155  -3.528  41.315 0.0000000000
93735  6.704  -2.243  41.783 0.0000000000
93736  6.363  -2.287  42.042 0.0000000000
93737  -3.719  -3.592  40.003 0.0000000000
93740  2.055  -3.434  37.152 0.0000000000
93741  1.102  -3.347  37.131 0.0000000000
93742  -0.287  -3.421  37.185 0.0000000000
93743  -1.512  -3.525  38.121 0.0000000000
93744  -3.070  -3.599  38.898 0.0000000000
93747  3.147  -3.664  36.357 0.0000000000
93748  2.649  -3.553  36.705 0.0000000000
93757  3.373  -3.740  36.093 0.0000000000
93767  3.376  -3.640  35.865 0.0000000000
93768  3.346  -3.343  35.764 0.0000000000
93774  3.370  -4.184  35.783 0.0000000000
93775  3.196  -3.784  35.611 0.0000000000
93776  2.592  -3.787  35.337 0.0000000000
93777  1.624  -3.772  35.639 0.0000000000
93778  -0.102  -3.868  36.484 0.0000000000
93779  -0.787  -4.500  36.544 0.0000000000
93787  -1.206  -3.360  36.414 0.0000000000
93788  -1.826  -3.913  36.062 0.0000000000
93789  -3.870  -3.954  35.235 0.0000000000
93798  -4.019  -3.873  33.411 0.0000000000
93809  -3.341  -3.197  29.576 0.0000000000
93810  -3.948  -3.787  31.175 0.0000000000
94735  2.705  -3.263  44.939 0.0000000000
94736  1.606  -3.347  45.190 0.0000000000
94754  5.580  -2.812  44.440 0.0000000000
94755  4.706  -2.797  44.752 0.0000000000
94756  3.713  -2.704  44.720 0.0000000000
94767  7.115  -2.426  43.520 0.0000000000
94768  6.385  -2.474  43.967 0.0000000000
94780  7.562  -2.579  43.195 0.0000000000
94793  7.750  -2.387  42.602 0.0000000000
94794  7.770  -2.244  42.858 0.0000000000
94805  7.824  -2.196  42.257 0.0000000000
94815  7.702  -2.086  41.965 0.0000000000
94822  7.435  -2.020  41.752 0.0000000000
94823  7.062  -1.905  41.627 0.0000000000
94824  6.884  -2.142  41.653 0.0000000000
94825  4.913  -2.206  42.387 0.0000000000
94826  3.896  -2.355  42.685 0.0000000000
94827  2.565  -2.343  43.089 0.0000000000
94828  0.933  -2.321  43.286 0.0000000000
94829  -0.660  -2.401  42.734 0.0000000000
94830  -2.280  -2.518  41.850 0.0000000000
94831  -3.606  -2.572  40.718 0.0000000000
94834  7.011  -1.439  41.515 0.0000000000
94835  6.717  -1.766  41.723 0.0000000000
94836  5.882  -1.889  42.171 0.0000000000
94837  -3.649  -2.588  39.510 0.0000000000
94840  2.345  -2.608  36.999 0.0000000000
94841  1.515  -2.445  37.132 0.0000000000
94842  0.213  -2.418  37.245 0.0000000000
94843  -1.216  -2.484  37.740 0.0000000000
94844  -2.742  -2.564  38.528 0.0000000000
94847  3.272  -3.101  36.210 0.0000000000
94848  2.835  -2.723  36.510 0.0000000000
94852  3.370  -2.969  36.027 0.0000000000
94853  3.059  -2.485  36.206 0.0000000000
94863  3.382  -3.062  35.849 0.0000000000
94864  3.213  -2.981  35.682 0.0000000000
94875  2.816  -2.947  35.431 0.0000000000
94876  2.072  -2.817  35.398 0.0000000000
94877  0.820  -2.631  35.924 0.0000000000
94878  -1.148  -2.520  36.232 0.0000000000
94879  -2.283  -1.971  36.015 0.0000000000
94888  -1.795  -3.098  36.144 0.0000000000
94889  -2.928  -2.635  35.664 0.0000000000
94890  -4.212  -2.701  34.183 0.0000000000
94898  -3.952  -2.582  32.338 0.0000000000
94910  -2.276  -2.119  29.859 0.0000000000
94911  -3.312  -2.319  30.739 0.0000000000
95827  2.079  -2.794  44.901 0.0000000000
95828  1.348  -2.560  45.076 0.0000000000
95841  5.180  -2.194  44.635 0.0000000000
95842  4.468  -1.676  44.632 0.0000000000
95843  2.597  -1.995  44.664 0.0000000000
95854  6.762  -1.464  43.722 0.0000000000
95855  5.715  -1.539  44.345 0.0000000000
95856  5.090  -1.079  44.389 0.0000000000
95867  7.492  -1.580  43.164 0.0000000000
95878  7.934  -1.474  42.363 0.0000000000
95879  7.780  -1.258  42.680 0.0000000000
95888  7.925  -1.270  42.018 0.0000000000
95897  7.751  -1.164  41.774 0.0000000000
95905  7.419  -1.115  41.651 0.0000000000
95906  7.168  -1.000  41.565 0.0000000000
95907  4.433  -1.782  42.460 0.0000000000
95908  3.696  -1.321  42.617 0.0000000000
95909  1.992  -1.335  42.998 0.0000000000
95910  0.305  -1.356  42.872 0.0000000000
95911  -1.423  -1.435  42.254 0.0000000000
95912  -3.113  -1.537  41.274 0.0000000000
95913  -3.944  -1.605  40.130 0.0000000000
95916  6.853  -0.930  41.601 0.0000000000
95917  6.211  -1.031  41.970 0.0000000000
95918  5.082  -1.197  42.302 0.0000000000
95919  4.456  -0.781  42.387 0.0000000000
95920  -3.587  -1.565  39.064 0.0000000000
95923  2.503  -2.085  36.795 0.0000000000
95924  1.957  -1.456  37.016 0.0000000000
95925  0.725  -1.414  37.234 0.0000000000
95926  -0.676  -1.434  37.622 0.0000000000
95927  -2.143  -1.468  38.365 0.0000000000
95931  2.563  -1.589  36.524 0.0000000000
95932  2.172  -0.941  36.801 0.0000000000
95937  3.323  -2.733  35.988 0.0000000000
95938  2.899  -2.052  36.039 0.0000000000
95944  3.191  -2.621  35.863 0.0000000000
95945  2.769  -2.193  35.696 0.0000000000
95946  2.226  -1.501  35.543 0.0000000000
95954  2.376  -2.215  35.437 0.0000000000
95955  1.504  -1.663  35.513 0.0000000000
95956  -0.067  -1.480  35.900 0.0000000000
95957  -1.773  -1.360  36.003 0.0000000000
95958  -3.041  -1.393  35.601 0.0000000000
95965  -4.049  -1.511  34.671 0.0000000000
95966  -3.950  -1.473  33.062 0.0000000000
95973  -3.859  -1.291  31.379 0.0000000000
95986  -1.674  -1.018  29.569 0.0000000000
95987  -2.897  -0.919  30.010 0.0000000000
96904  3.563  -0.507  44.502 0.0000000000
96905  1.911  -0.686  44.580 0.0000000000
96915  6.243  -0.290  43.816 0.0000000000
96916  5.382  -0.426  44.329 0.0000000000
96917  4.678  -0.659  44.492 0.0000000000
96926  7.073  -0.452  43.298 0.0000000000
96935  7.870  -0.388  42.384 0.0000000000
96936  7.563  -0.435  42.795 0.0000000000
96945  8.011  -0.331  42.076 0.0000000000
96953  7.939  -0.195  41.856 0.0000000000
96962  7.609  -0.039  41.703 0.0000000000
96963  7.360  -0.386  41.605 0.0000000000
96964  3.994  -0.301  42.452 0.0000000000
96965  2.813  -0.388  42.723 0.0000000000
96966  1.304  -0.395  42.746 0.0000000000
96967  -0.376  -0.406  42.441 0.0000000000
96968  -2.037  -0.440  41.611 0.0000000000
96969  -3.641  -0.517  40.560 0.0000000000
96970  -4.145  -0.036  39.886 0.0000000000
96974  7.424  0.367  41.546 0.0000000000
96975  7.094  -0.040  41.531 0.0000000000
96976  6.470  -0.139  41.607 0.0000000000
96977  5.687  -0.267  41.917 0.0000000000
96978  4.881  -0.268  42.271 0.0000000000
96979  -4.057  -0.667  39.564 0.0000000000
96980  -4.242  0.091  39.186 0.0000000000
96985  1.024  -0.400  37.159 0.0000000000
96986  -0.232  -0.394  37.418 0.0000000000
96987  -1.633  -0.400  38.049 0.0000000000
96988  -3.497  -0.283  38.745 0.0000000000
96989  -4.142  0.255  38.700 0.0000000000
96995  1.997  -0.464  36.601 0.0000000000
96996  1.705  -0.378  36.925 0.0000000000
97001  2.240  -0.738  36.242 0.0000000000
97005  2.231  -0.940  35.872 0.0000000000
97006  1.614  -0.645  35.662 0.0000000000
97010  0.522  -0.550  35.710 0.0000000000
97011  -1.059  -0.434  35.799 0.0000000000
97012  -2.686  -0.427  35.657 0.0000000000
97013  -3.641  -0.448  34.909 0.0000000000
97022  -3.978  -0.386  33.594 0.0000000000
97023  -4.132  -0.294  32.067 0.0000000000
97033  -3.688  -0.089  30.682 0.0000000000
97046  -2.067  0.061  29.901 0.0000000000
97047  -2.938  0.223  29.841 0.0000000000
97948  3.714  0.609  44.393 0.0000000000
97949  2.608  0.440  44.357 0.0000000000
97958  6.233  0.740  43.686 0.0000000000
97959  5.615  0.586  44.059 0.0000000000
97960  4.643  0.346  44.391 0.0000000000
97966  6.763  0.569  43.390 0.0000000000
97976  7.800  0.613  42.552 0.0000000000
97977  7.361  0.580  43.000 0.0000000000
97988  8.029  0.684  42.158 0.0000000000
98001  8.048  0.798  41.867 0.0000000000
98013  7.931  0.959  41.616 0.0000000000
98014  4.458  0.510  42.304 0.0000000000
98015  3.416  0.503  42.542 0.0000000000
98016  2.141  0.516  42.569 0.0000000000
98017  0.637  0.537  42.437 0.0000000000
98018  -1.089  0.615  42.131 0.0000000000
98019  -2.736  0.684  40.949 0.0000000000
98020  -3.792  0.197  40.310 0.0000000000
98028  7.681  1.271  41.449 0.0000000000
98029  7.305  1.086  41.398 0.0000000000
98030  6.720  0.875  41.458 0.0000000000
98031  5.920  0.681  41.659 0.0000000000
98032  5.246  0.433  42.054 0.0000000000
98033  -3.123  1.447  40.385 0.0000000000
98034  -3.978  0.784  39.798 0.0000000000
98041  0.168  0.744  37.304 0.0000000000
98042  -1.190  0.622  37.648 0.0000000000
98043  -2.439  0.632  38.366 0.0000000000
98044  -3.788  0.681  38.523 0.0000000000
98045  -4.044  0.557  38.935 0.0000000000
98051  1.066  0.476  36.679 0.0000000000
98052  1.034  0.383  37.049 0.0000000000
98055  1.407  0.217  36.409 0.0000000000
98060  1.668  0.161  36.170 0.0000000000
98061  1.481  0.224  35.958 0.0000000000
98068  0.736  0.336  35.908 0.0000000000
98069  -0.488  0.486  35.760 0.0000000000
98070  -2.125  0.571  35.512 0.0000000000
98071  -3.436  0.525  35.186 0.0000000000
98078  -3.705  0.619  34.052 0.0000000000
98079  -4.267  0.753  32.726 0.0000000000
98083  -4.292  0.788  31.302 0.0000000000
98091  -1.395  1.035  29.852 0.0000000000
98092  -2.382  1.067  29.791 0.0000000000
98093  -3.380  0.959  30.292 0.0000000000
99017  4.198  1.183  44.254 0.0000000000
99018  3.257  1.514  44.096 0.0000000000
99033  6.526  1.282  43.500 0.0000000000
99034  5.936  1.584  43.691 0.0000000000
99035  4.961  1.516  43.963 0.0000000000
99036  4.144  1.877  43.967 0.0000000000
99046  7.009  1.604  43.196 0.0000000000
99047  6.496  1.931  43.427 0.0000000000
99056  7.916  1.686  42.286 0.0000000000
99057  7.550  1.617  42.722 0.0000000000
99063  8.083  1.825  41.931 0.0000000000
99072  8.048  1.925  41.593 0.0000000000
99081  7.938  2.035  41.306 0.0000000000
99082  3.924  1.179  42.310 0.0000000000
99083  2.825  1.474  42.473 0.0000000000
99084  1.523  1.432  42.445 0.0000000000
99085  0.060  1.520  42.143 0.0000000000
99086  -1.474  1.628  41.633 0.0000000000
99087  -2.591  1.859  40.979 0.0000000000
99092  7.826  2.301  41.170 0.0000000000
99093  7.549  2.126  41.170 0.0000000000
99094  6.990  1.968  41.300 0.0000000000
99095  6.149  1.786  41.486 0.0000000000
99096  4.929  1.500  41.906 0.0000000000
99097  3.730  1.912  42.158 0.0000000000
99098  -3.037  2.050  40.333 0.0000000000
99099  -3.337  1.793  39.709 0.0000000000
99104  0.099  1.785  37.368 0.0000000000
99105  -0.800  1.700  37.564 0.0000000000
99106  -2.164  1.610  37.895 0.0000000000
99107  -3.375  1.541  38.204 0.0000000000
99108  -3.650  1.426  38.900 0.0000000000
99114  0.723  1.629  36.808 0.0000000000
99115  0.615  1.414  37.085 0.0000000000
99122  0.777  1.208  36.541 0.0000000000
99131  0.882  0.974  36.496 0.0000000000
99132  0.903  0.975  36.268 0.0000000000
99139  0.545  1.112  36.302 0.0000000000
99140  -0.146  1.356  35.949 0.0000000000
99141  -1.442  1.584  35.522 0.0000000000
99142  -3.389  1.690  35.129 0.0000000000
99143  -4.258  2.349  34.814 0.0000000000
99148  -3.633  1.207  34.473 0.0000000000
99149  -4.650  1.887  33.768 0.0000000000
99150  -4.903  2.596  33.115 0.0000000000
99154  -1.159  2.437  29.968 0.0000000000
99155  -1.562  2.475  30.036 0.0000000000
99156  -4.853  1.808  31.914 0.0000000000
99157  -4.825  2.441  32.584 0.0000000000
99163  -0.988  1.796  29.738 0.0000000000
99164  -1.761  2.052  29.927 0.0000000000
99165  -2.815  1.991  29.947 0.0000000000
99166  -3.996  1.768  30.703 0.0000000000
100093  3.554  2.609  43.744 0.0000000000
100094  2.384  2.512  43.788 0.0000000000
100108  6.105  2.568  43.444 0.0000000000
100109  5.398  2.512  43.654 0.0000000000
100110  4.534  2.616  43.751 0.0000000000
100123  7.256  2.620  42.891 0.0000000000
100124  6.712  2.645  43.229 0.0000000000
100138  8.015  2.798  42.058 0.0000000000
100139  7.699  2.663  42.450 0.0000000000
100150  7.995  3.873  41.590 0.0000000000
100151  8.116  3.117  41.685 0.0000000000
100159  7.938  3.710  41.434 0.0000000000
100160  8.051  2.876  41.328 0.0000000000
100167  7.842  3.679  41.248 0.0000000000
100168  7.899  2.934  41.124 0.0000000000
100169  2.069  1.995  42.323 0.0000000000
100170  1.159  2.452  42.160 0.0000000000
100171  -0.482  2.485  41.831 0.0000000000
100172  -1.845  2.613  41.319 0.0000000000
100173  -2.948  2.742  40.576 0.0000000000
100174  -3.639  3.033  39.942 0.0000000000
100179  7.659  3.706  41.088 0.0000000000
100180  7.640  3.199  41.070 0.0000000000
100181  7.218  3.051  41.152 0.0000000000
100182  6.505  2.928  41.225 0.0000000000
100183  5.425  2.795  41.430 0.0000000000
100184  4.122  2.733  41.795 0.0000000000
100185  2.579  2.637  42.137 0.0000000000
100186  1.664  2.953  41.943 0.0000000000
100187  -3.374  2.438  39.982 0.0000000000
100188  -3.523  2.672  39.212 0.0000000000
100196  0.266  2.149  37.270 0.0000000000
100197  -0.477  2.715  37.308 0.0000000000
100198  -1.890  2.623  37.605 0.0000000000
100199  -3.148  2.500  38.013 0.0000000000
100200  -3.495  2.341  38.526 0.0000000000
100208  0.494  2.328  36.666 0.0000000000
100209  0.217  2.527  37.061 0.0000000000
100210  -0.181  2.940  37.131 0.0000000000
100217  0.628  2.076  36.510 0.0000000000
100223  0.641  1.829  36.468 0.0000000000
100224  0.489  2.099  36.356 0.0000000000
100228  0.044  2.256  36.064 0.0000000000
100229  -0.841  2.454  35.670 0.0000000000
100230  -2.293  2.690  35.389 0.0000000000
100231  -3.903  2.898  35.333 0.0000000000
100232  -4.519  2.982  34.530 0.0000000000
100235  -4.803  3.037  33.484 0.0000000000
100236  -4.878  3.046  32.610 0.0000000000
100240  -0.934  3.121  30.057 0.0000000000
100241  -1.632  3.032  30.159 0.0000000000
100242  -2.026  3.402  30.059 0.0000000000
100243  -4.512  2.400  31.122 0.0000000000
100244  -5.048  2.822  31.701 0.0000000000
100248  -1.900  2.609  30.021 0.0000000000
100249  -2.342  2.960  30.019 0.0000000000
100250  -3.531  2.721  30.512 0.0000000000
100251  -4.220  2.939  31.103 0.0000000000
101127  2.822  3.561  43.373 0.0000000000
101138  5.680  3.218  43.416 0.0000000000
101139  4.964  3.589  43.473 0.0000000000
101140  3.933  3.599  43.473 0.0000000000
101149  6.869  3.591  42.949 0.0000000000
101150  6.201  3.569  43.200 0.0000000000
101151  5.576  3.903  43.262 0.0000000000
101160  7.830  3.696  42.234 0.0000000000
101161  7.398  3.620  42.601 0.0000000000
101175  7.985  4.185  41.650 0.0000000000
101176  8.033  3.849  41.900 0.0000000000
101189  7.940  4.437  41.484 0.0000000000
101195  7.852  4.459  41.257 0.0000000000
101196  1.214  3.054  41.764 0.0000000000
101197  0.341  3.283  41.666 0.0000000000
101198  -1.171  3.409  41.670 0.0000000000
101199  -2.457  3.549  41.006 0.0000000000
101200  -3.543  3.659  40.313 0.0000000000
101207  7.786  4.502  41.004 0.0000000000
101208  7.602  4.233  40.942 0.0000000000
101209  7.363  4.139  40.876 0.0000000000
101210  6.871  3.913  40.929 0.0000000000
101211  5.962  4.081  41.059 0.0000000000
101212  4.607  3.855  41.531 0.0000000000
101213  3.153  3.762  41.771 0.0000000000
101214  1.513  3.600  41.520 0.0000000000
101215  0.446  3.901  41.466 0.0000000000
101216  -3.878  3.734  39.446 0.0000000000
101217  -3.939  3.954  38.933 0.0000000000
101225  7.105  4.651  40.700 0.0000000000
101226  6.654  4.658  40.718 0.0000000000
101227  6.275  4.730  40.804 0.0000000000
101228  -0.837  3.327  37.264 0.0000000000
101229  -1.788  3.653  37.251 0.0000000000
101230  -2.635  3.611  38.383 0.0000000000
101231  -3.798  3.459  38.593 0.0000000000
101232  -4.016  3.942  38.694 0.0000000000
101237  0.026  2.991  36.501 0.0000000000
101238  -0.195  3.284  36.541 0.0000000000
101239  -0.675  3.530  37.088 0.0000000000
101240  -1.556  4.170  37.082 0.0000000000
101245  0.213  2.773  36.487 0.0000000000
101250  0.059  2.913  36.472 0.0000000000
101251  -0.234  3.189  36.601 0.0000000000
101252  -0.841  3.750  36.533 0.0000000000
101256  -0.542  3.069  36.060 0.0000000000
101257  -1.565  3.596  35.728 0.0000000000
101258  -3.312  3.807  35.605 0.0000000000
101259  -4.412  3.882  35.217 0.0000000000
101260  -4.672  3.892  33.879 0.0000000000
101263  -4.881  3.750  32.839 0.0000000000
101264  -4.926  3.594  32.115 0.0000000000
101269  -1.187  3.912  30.307 0.0000000000
101270  -2.002  3.766  30.311 0.0000000000
101271  -3.442  4.026  30.882 0.0000000000
101272  -4.077  3.601  31.356 0.0000000000
101275  -2.568  3.726  30.268 0.0000000000
101276  -3.151  3.641  30.426 0.0000000000
101277  -3.729  3.240  30.819 0.0000000000
102158  3.218  4.553  43.051 0.0000000000
102159  2.268  4.396  43.153 0.0000000000
102170  5.096  4.600  43.085 0.0000000000
102171  4.248  4.626  43.189 0.0000000000
102181  6.983  4.575  42.655 0.0000000000
102182  6.388  4.548  42.876 0.0000000000
102183  5.766  4.556  42.993 0.0000000000
102190  7.815  4.679  41.993 0.0000000000
102191  7.477  4.618  42.330 0.0000000000
102201  7.982  5.219  41.476 0.0000000000
102202  7.935  4.704  41.728 0.0000000000
102216  8.055  5.244  41.219 0.0000000000
102222  8.017  5.198  40.987 0.0000000000
102223  -0.545  4.107  41.722 0.0000000000
102224  -1.932  4.288  41.376 0.0000000000
102225  -3.318  4.556  40.587 0.0000000000
102226  -4.019  4.315  40.004 0.0000000000
102235  7.862  5.165  40.825 0.0000000000
102236  7.636  5.182  40.750 0.0000000000
102237  7.502  4.693  40.781 0.0000000000
102238  5.888  4.904  40.919 0.0000000000
102239  4.975  4.970  41.331 0.0000000000
102240  3.700  4.772  41.434 0.0000000000
102241  2.104  4.726  41.210 0.0000000000
102242  0.340  4.685  41.502 0.0000000000
102243  -1.348  4.968  41.616 0.0000000000
102244  -2.642  5.048  41.181 0.0000000000
102245  -4.068  4.260  39.534 0.0000000000
102246  -4.029  4.230  39.221 0.0000000000
102253  7.588  5.678  40.650 0.0000000000
102254  7.390  5.240  40.638 0.0000000000
102255  6.969  5.333  40.565 0.0000000000
102256  6.344  5.322  40.701 0.0000000000
102257  5.605  5.484  40.964 0.0000000000
102258  -3.128  4.605  37.759 0.0000000000
102259  -3.818  4.288  38.337 0.0000000000
102260  -3.981  4.167  38.672 0.0000000000
102261  -4.019  4.188  38.935 0.0000000000
102265  -0.562  3.840  36.581 0.0000000000
102266  -0.861  4.269  36.795 0.0000000000
102267  -1.475  4.635  37.091 0.0000000000
102268  -2.466  4.735  37.094 0.0000000000
102272  -0.405  3.650  36.524 0.0000000000
102276  -0.354  3.853  36.498 0.0000000000
102277  -0.607  3.977  36.502 0.0000000000
102278  -0.901  4.270  36.784 0.0000000000
102281  -1.504  4.548  36.412 0.0000000000
102282  -2.615  4.769  35.808 0.0000000000
102283  -3.962  4.874  35.451 0.0000000000
102284  -4.495  4.903  34.331 0.0000000000
102286  -4.727  4.698  32.833 0.0000000000
102287  -4.990  4.097  32.388 0.0000000000
102292  -1.676  4.834  30.697 0.0000000000
102293  -2.639  4.643  30.501 0.0000000000
102294  -3.656  4.609  31.460 0.0000000000
102295  -4.694  4.129  32.046 0.0000000000
102299  -2.856  4.133  30.265 0.0000000000
102300  -3.058  4.228  30.495 0.0000000000
103156  2.808  5.143  43.044 0.0000000000
103167  5.188  5.934  42.731 0.0000000000
103168  4.558  5.661  42.759 0.0000000000
103169  3.543  5.590  42.863 0.0000000000
103170  2.957  5.713  43.232 0.0000000000
103176  6.515  5.552  42.677 0.0000000000
103177  5.849  5.545  42.855 0.0000000000
103178  5.307  5.263  42.828 0.0000000000
103187  7.549  5.629  42.104 0.0000000000
103188  7.088  5.586  42.420 0.0000000000
103202  8.084  6.150  41.467 0.0000000000
103203  7.861  5.679  41.727 0.0000000000
103217  8.202  6.192  41.218 0.0000000000
103221  8.183  6.003  40.959 0.0000000000
103222  -3.786  4.974  40.364 0.0000000000
103223  -3.952  4.844  40.229 0.0000000000
103231  8.021  5.866  40.736 0.0000000000
103232  7.796  6.093  40.604 0.0000000000
103233  4.098  5.398  41.262 0.0000000000
103234  2.925  5.851  41.043 0.0000000000
103235  0.956  5.743  41.493 0.0000000000
103236  -0.853  5.799  41.916 0.0000000000
103237  -2.379  5.841  41.313 0.0000000000
103238  -3.632  5.417  40.227 0.0000000000
103239  -4.089  4.713  39.496 0.0000000000
103240  -4.073  4.443  39.073 0.0000000000
103246  7.571  6.165  40.548 0.0000000000
103247  7.257  6.114  40.509 0.0000000000
103248  6.707  6.114  40.559 0.0000000000
103249  5.871  6.132  40.766 0.0000000000
103250  4.596  6.040  40.986 0.0000000000
103251  3.652  6.454  40.903 0.0000000000
103252  -3.457  5.653  37.531 0.0000000000
103253  -4.023  5.347  38.666 0.0000000000
103254  -4.060  4.622  38.835 0.0000000000
103255  -4.078  4.374  38.806 0.0000000000
103258  -0.675  4.253  36.690 0.0000000000
103259  -1.011  4.988  36.830 0.0000000000
103260  -1.440  5.379  37.234 0.0000000000
103261  -2.340  5.623  37.370 0.0000000000
103265  -0.806  4.670  36.681 0.0000000000
103266  -1.087  5.296  36.901 0.0000000000
103269  -0.905  4.891  36.715 0.0000000000
103270  -1.055  5.016  36.871 0.0000000000
103271  -1.400  5.345  36.633 0.0000000000
103274  -2.144  5.697  35.773 0.0000000000
103275  -3.404  5.911  35.375 0.0000000000
103276  -4.204  5.984  34.626 0.0000000000
103277  -4.517  5.931  33.572 0.0000000000
103280  -3.933  5.812  32.311 0.0000000000
103286  -2.322  5.879  30.818 0.0000000000
103287  -3.117  5.841  30.915 0.0000000000
104200  2.819  6.283  44.049 0.0000000000
104212  5.421  6.451  42.694 0.0000000000
104213  4.809  6.642  42.767 0.0000000000
104214  4.112  6.539  43.041 0.0000000000
104215  3.459  6.356  43.451 0.0000000000
104222  6.688  6.581  42.535 0.0000000000
104223  6.009  6.536  42.680 0.0000000000
104236  7.730  6.650  41.957 0.0000000000
104237  7.274  6.608  42.279 0.0000000000
104256  8.287  6.881  41.390 0.0000000000
104257  8.071  6.765  41.654 0.0000000000
104263  8.382  7.008  41.174 0.0000000000
104266  8.373  6.816  40.977 0.0000000000
104272  8.268  6.718  40.733 0.0000000000
104273  8.071  6.765  40.522 0.0000000000
104274  2.976  6.864  41.297 0.0000000000
104275  1.436  6.750  41.726 0.0000000000
104276  -0.311  6.764  41.997 0.0000000000
104277  -1.917  6.816  41.478 0.0000000000
104278  -2.992  6.600  40.345 0.0000000000
104284  7.846  6.873  40.400 0.0000000000
104285  7.532  6.924  40.395 0.0000000000
104286  7.057  6.937  40.441 0.0000000000
104287  6.331  6.966  40.740 0.0000000000
104288  5.281  6.965  40.823 0.0000000000
104289  4.071  7.009  40.788 0.0000000000
104290  -3.638  6.474  38.440 0.0000000000
104291  -3.811  6.413  39.348 0.0000000000
104295  -1.534  6.328  37.329 0.0000000000
104296  -2.259  6.518  37.592 0.0000000000
104297  -3.224  6.658  37.756 0.0000000000
104301  -0.956  5.777  36.930 0.0000000000
104302  -1.193  6.068  37.150 0.0000000000
104305  -1.078  5.492  36.917 0.0000000000
104306  -1.138  5.781  36.887 0.0000000000
104307  -1.393  6.202  36.585 0.0000000000
104310  -1.942  6.578  35.981 0.0000000000
104311  -3.044  6.893  35.447 0.0000000000
104312  -4.107  7.070  34.851 0.0000000000
104313  -4.451  7.057  34.036 0.0000000000
104316  -4.259  6.919  33.095 0.0000000000
104320  -2.061  6.950  30.846 0.0000000000
104321  -2.721  6.890  30.809 0.0000000000
104322  -3.236  6.824  31.948 0.0000000000
105269  2.675  8.208  44.884 0.0000000000
105281  3.727  7.822  44.624 0.0000000000
105282  2.897  7.491  44.614 0.0000000000
105295  5.316  7.474  42.786 0.0000000000
105296  4.646  7.436  43.290 0.0000000000
105297  3.926  7.277  44.047 0.0000000000
105298  3.342  6.800  44.146 0.0000000000
105307  6.921  7.608  42.392 0.0000000000
105308  6.155  7.621  42.566 0.0000000000
105326  7.955  7.619  41.845 0.0000000000
105327  7.511  7.596  42.129 0.0000000000
105343  8.376  7.592  41.268 0.0000000000
105344  8.231  7.599  41.535 0.0000000000
105347  8.417  7.570  41.027 0.0000000000
105352  8.363  7.448  40.826 0.0000000000
105359  8.205  7.478  40.633 0.0000000000
105360  8.006  7.642  40.485 0.0000000000
105361  1.941  7.746  42.113 0.0000000000
105362  0.192  7.800  42.352 0.0000000000
105363  -1.457  7.854  41.907 0.0000000000
105364  -2.733  7.838  40.527 0.0000000000
105365  -3.360  7.123  39.514 0.0000000000
105371  7.745  7.748  40.447 0.0000000000
105372  7.357  7.797  40.409 0.0000000000
105373  6.713  7.826  40.446 0.0000000000
105374  5.764  7.844  40.582 0.0000000000
105375  4.604  7.869  40.771 0.0000000000
105376  3.436  7.779  41.409 0.0000000000
105377  -2.878  8.502  38.525 0.0000000000
105378  -3.145  7.736  38.804 0.0000000000
105379  -3.566  6.927  38.988 0.0000000000
105383  -1.575  7.339  37.367 0.0000000000
105384  -2.272  7.704  37.943 0.0000000000
105385  -3.003  7.285  37.846 0.0000000000
105388  -1.093  6.048  37.000 0.0000000000
105389  -1.401  6.874  37.070 0.0000000000
105392  -1.206  6.234  36.950 0.0000000000
105393  -1.475  7.045  36.803 0.0000000000
105394  -1.828  7.485  36.286 0.0000000000
105397  -2.744  7.846  35.742 0.0000000000
105398  -4.037  8.151  35.089 0.0000000000
105399  -4.559  8.067  34.318 0.0000000000
105400  -4.509  7.946  33.574 0.0000000000
105403  -3.546  7.804  32.580 0.0000000000
105408  -2.641  7.874  30.692 0.0000000000
105409  -3.025  7.837  31.151 0.0000000000
106340  4.817  8.880  44.274 0.0000000000
106341  4.394  8.740  44.759 0.0000000000
106342  3.802  8.412  44.960 0.0000000000
106343  3.233  8.558  45.036 0.0000000000
106356  5.047  8.533  43.481 0.0000000000
106357  4.525  8.143  44.114 0.0000000000
106358  4.124  8.055  44.602 0.0000000000
106368  6.513  8.685  42.529 0.0000000000
106369  5.651  8.688  42.814 0.0000000000
106386  7.746  8.536  42.033 0.0000000000
106387  7.252  8.557  42.272 0.0000000000
106398  8.319  8.180  41.372 0.0000000000
106399  8.099  8.590  41.642 0.0000000000
106402  8.370  8.352  41.118 0.0000000000
106403  8.282  8.831  41.299 0.0000000000
106408  8.343  8.261  40.879 0.0000000000
106409  8.265  8.750  40.763 0.0000000000
106415  8.262  7.905  40.749 0.0000000000
106416  8.161  8.460  40.643 0.0000000000
106417  2.620  8.780  42.208 0.0000000000
106418  0.881  8.946  42.530 0.0000000000
106419  -0.909  9.017  42.509 0.0000000000
106420  -2.168  9.121  41.500 0.0000000000
106425  7.931  8.625  40.454 0.0000000000
106426  7.634  8.696  40.362 0.0000000000
106427  7.086  8.736  40.295 0.0000000000
106428  6.215  8.780  40.400 0.0000000000
106429  5.126  8.808  40.728 0.0000000000
106430  4.022  8.733  41.476 0.0000000000
106431  -2.770  9.178  39.144 0.0000000000
106432  -2.718  9.132  40.148 0.0000000000
106436  -1.697  8.656  37.800 0.0000000000
106437  -2.283  9.007  38.458 0.0000000000
106441  -1.442  8.433  37.324 0.0000000000
106445  -1.427  8.379  36.961 0.0000000000
106446  -1.627  8.534  36.522 0.0000000000
106449  -2.295  8.790  35.939 0.0000000000
106450  -3.682  9.163  35.317 0.0000000000
106451  -4.528  9.238  34.258 0.0000000000
106452  -4.599  8.563  33.851 0.0000000000
106455  -4.188  9.587  33.463 0.0000000000
106456  -4.106  8.888  33.138 0.0000000000
106460  -2.754  8.718  30.749 0.0000000000
106461  -2.981  8.698  30.958 0.0000000000
106462  -3.173  8.569  31.970 0.0000000000
107393  4.680  10.448  45.357 0.0000000000
107394  4.308  10.075  45.536 0.0000000000
107395  3.363  9.536  45.300 0.0000000000
107406  5.136  9.198  44.105 0.0000000000
107407  4.889  9.808  44.790 0.0000000000
107408  4.162  9.183  45.317 0.0000000000
107409  3.743  8.903  45.267 0.0000000000
107419  5.479  9.686  43.677 0.0000000000
107420  5.430  10.234  44.380 0.0000000000
107431  7.596  10.317  42.435 0.0000000000
107432  7.149  9.736  42.531 0.0000000000
107433  6.100  9.731  42.846 0.0000000000
107448  7.837  9.745  42.042 0.0000000000
107449  7.547  9.139  42.231 0.0000000000
107458  8.197  9.723  41.445 0.0000000000
107463  8.367  8.720  40.984 0.0000000000
107464  8.325  9.405  41.036 0.0000000000
107469  8.319  8.937  40.881 0.0000000000
107470  8.238  9.467  40.739 0.0000000000
107475  8.085  9.576  40.513 0.0000000000
107476  1.821  10.140  42.668 0.0000000000
107477  -0.099  10.252  42.765 0.0000000000
107478  -1.623  10.325  42.309 0.0000000000
107479  -2.534  10.409  41.051 0.0000000000
107480  -2.634  10.864  40.720 0.0000000000
107484  7.876  9.648  40.396 0.0000000000
107485  7.463  9.682  40.357 0.0000000000
107486  6.697  9.736  40.418 0.0000000000
107487  5.630  9.804  40.665 0.0000000000
107488  4.496  9.791  41.443 0.0000000000
107489  3.335  9.650  42.143 0.0000000000
107490  -2.438  10.214  39.045 0.0000000000
107491  -2.792  10.300  39.980 0.0000000000
107492  -2.724  10.678  40.520 0.0000000000
107496  -1.410  9.685  37.756 0.0000000000
107497  -1.741  9.697  38.299 0.0000000000
107501  -1.318  9.672  37.231 0.0000000000
107504  -1.407  9.741  36.780 0.0000000000
107505  -2.028  9.859  36.250 0.0000000000
107507  -2.707  10.003  35.419 0.0000000000
107508  -3.749  10.210  34.629 0.0000000000
107509  -3.972  10.167  33.693 0.0000000000
107512  -3.184  9.649  32.565 0.0000000000
107513  -3.303  9.054  32.276 0.0000000000
107517  -2.817  9.687  30.996 0.0000000000
107518  -3.060  9.589  31.324 0.0000000000
107519  -3.131  9.172  31.562 0.0000000000
108417  4.533  10.963  45.634 0.0000000000
108418  3.852  10.773  45.668 0.0000000000
108432  5.006  10.898  45.324 0.0000000000
108445  6.122  11.122  43.694 0.0000000000
108446  5.750  10.742  44.126 0.0000000000
108447  5.359  10.774  44.750 0.0000000000
108460  7.371  10.881  42.745 0.0000000000
108461  6.595  10.799  43.121 0.0000000000
108462  5.947  10.447  43.371 0.0000000000
108478  7.827  10.929  42.303 0.0000000000
108491  8.445  11.422  41.478 0.0000000000
108492  8.265  11.064  41.677 0.0000000000
108496  8.492  11.323  41.260 0.0000000000
108497  8.403  10.756  41.141 0.0000000000
108501  8.363  10.548  40.817 0.0000000000
108502  -1.217  12.175  42.850 0.0000000000
108503  -1.382  12.115  42.513 0.0000000000
108507  8.245  10.574  40.580 0.0000000000
108508  1.905  11.166  42.989 0.0000000000
108509  0.689  11.338  43.177 0.0000000000
108510  -0.954  11.744  42.983 0.0000000000
108511  -1.936  11.496  41.883 0.0000000000
108512  -2.545  11.258  40.965 0.0000000000
108516  8.084  10.634  40.410 0.0000000000
108517  7.795  10.662  40.354 0.0000000000
108518  7.157  10.705  40.430 0.0000000000
108519  6.184  10.794  40.679 0.0000000000
108520  5.002  10.877  41.302 0.0000000000
108521  3.339  11.017  42.363 0.0000000000
108522  -2.117  11.095  39.194 0.0000000000
108523  -2.587  11.115  39.731 0.0000000000
108524  -2.725  11.128  40.375 0.0000000000
108528  -1.323  10.708  37.620 0.0000000000
108529  -1.699  10.964  38.444 0.0000000000
108533  -1.249  11.096  37.109 0.0000000000
108536  -1.558  10.973  36.491 0.0000000000
108537  -2.246  11.037  35.715 0.0000000000
108539  -2.998  11.137  34.847 0.0000000000
108540  -3.403  11.038  34.036 0.0000000000
108541  -2.839  10.685  33.054 0.0000000000
108544  -2.939  10.637  32.221 0.0000000000
108550  -3.022  10.633  31.598 0.0000000000
109391  4.895  11.745  45.728 0.0000000000
109392  4.330  11.788  45.943 0.0000000000
109393  3.351  11.764  45.670 0.0000000000
109405  5.653  12.236  44.788 0.0000000000
109406  5.417  11.724  45.131 0.0000000000
109417  6.409  11.830  43.604 0.0000000000
109418  5.745  11.846  44.184 0.0000000000
109419  5.593  11.264  44.562 0.0000000000
109432  7.631  11.820  42.653 0.0000000000
109433  7.131  11.761  43.193 0.0000000000
109448  8.072  11.832  42.183 0.0000000000
109466  8.503  11.846  41.450 0.0000000000
109467  8.348  12.022  41.833 0.0000000000
109476  8.606  11.665  41.094 0.0000000000
109477  8.535  11.469  40.877 0.0000000000
109481  8.455  11.511  40.646 0.0000000000
109482  -1.214  12.676  42.755 0.0000000000
109483  -1.734  12.521  41.968 0.0000000000
109486  8.310  11.586  40.460 0.0000000000
109487  1.814  12.262  43.098 0.0000000000
109488  0.164  12.556  43.268 0.0000000000
109489  -0.682  12.863  43.133 0.0000000000
109490  -2.402  12.110  41.085 0.0000000000
109491  -2.611  11.544  40.609 0.0000000000
109495  8.074  11.615  40.323 0.0000000000
109496  7.576  11.667  40.373 0.0000000000
109497  6.730  11.762  40.708 0.0000000000
109498  5.659  11.865  41.312 0.0000000000
109499  4.396  12.041  41.901 0.0000000000
109500  3.268  12.412  42.671 0.0000000000
109501  -2.384  12.114  39.416 0.0000000000
109502  -2.696  11.779  40.271 0.0000000000
109503  -2.698  11.472  40.394 0.0000000000
109507  -1.373  12.160  37.868 0.0000000000
109508  -1.865  12.092  38.596 0.0000000000
109512  -1.114  12.381  37.160 0.0000000000
109515  -1.273  12.109  36.755 0.0000000000
109516  -1.758  12.067  36.075 0.0000000000
109519  -2.510  12.135  35.251 0.0000000000
109520  -2.869  12.060  34.198 0.0000000000
109521  -2.778  11.319  33.411 0.0000000000
109523  -2.264  12.415  33.374 0.0000000000
109524  -2.514  11.719  32.917 0.0000000000
109529  -2.987  11.436  31.880 0.0000000000
109530  -3.124  11.727  32.032 0.0000000000
109535  -2.816  12.157  32.277 0.0000000000
109536  -3.170  11.989  31.825 0.0000000000
110292  3.807  13.592  46.295 0.0000000000
110305  4.790  12.624  46.111 0.0000000000
110306  4.005  12.922  46.164 0.0000000000
110318  5.607  12.751  45.277 0.0000000000
110319  5.202  12.407  45.760 0.0000000000
110331  6.223  12.825  43.977 0.0000000000
110332  5.797  12.625  44.530 0.0000000000
110345  7.501  12.843  43.122 0.0000000000
110346  6.876  12.535  43.526 0.0000000000
110358  7.966  12.675  42.510 0.0000000000
110377  8.491  12.861  41.802 0.0000000000
110378  8.285  12.536  42.129 0.0000000000
110390  8.594  12.574  41.193 0.0000000000
110391  8.663  11.977  40.936 0.0000000000
110398  8.550  12.931  40.996 0.0000000000
110399  8.608  12.196  40.835 0.0000000000
110400  -0.137  14.411  43.195 0.0000000000
110401  -0.947  13.782  43.046 0.0000000000
110402  -1.525  13.472  42.244 0.0000000000
110406  8.461  13.187  40.972 0.0000000000
110407  8.455  12.601  40.745 0.0000000000
110408  4.027  14.103  42.625 0.0000000000
110409  2.553  13.738  43.119 0.0000000000
110410  0.816  13.633  43.149 0.0000000000
110411  -0.231  13.481  43.229 0.0000000000
110412  -2.156  13.240  41.412 0.0000000000
110416  8.246  12.495  40.531 0.0000000000
110417  7.897  12.547  40.478 0.0000000000
110418  7.210  12.657  40.897 0.0000000000
110419  6.154  12.873  41.402 0.0000000000
110420  4.947  13.025  41.891 0.0000000000
110421  3.935  13.049  42.473 0.0000000000
110422  -2.418  13.630  39.918 0.0000000000
110423  -2.533  12.868  40.490 0.0000000000
110427  -1.420  13.687  38.209 0.0000000000
110428  -1.827  13.049  38.898 0.0000000000
110432  -0.980  13.257  37.403 0.0000000000
110435  -0.900  13.119  36.943 0.0000000000
110436  -1.358  12.959  36.470 0.0000000000
110439  -1.739  13.150  35.723 0.0000000000
110440  -2.104  13.025  34.803 0.0000000000
110443  -2.037  12.981  33.835 0.0000000000
110444  -2.131  12.817  33.051 0.0000000000
110447  -2.924  12.705  32.303 0.0000000000
110452  -2.845  12.821  31.453 0.0000000000
110453  -2.960  12.700  31.942 0.0000000000
111190  4.704  13.691  46.384 0.0000000000
111191  4.158  13.754  46.412 0.0000000000
111200  6.105  14.250  44.848 0.0000000000
111201  5.559  13.823  45.290 0.0000000000
111202  5.191  13.254  45.945 0.0000000000
111212  6.592  13.866  44.351 0.0000000000
111213  5.930  13.378  44.662 0.0000000000
111224  7.751  14.004  43.467 0.0000000000
111225  7.057  13.431  43.748 0.0000000000
111238  8.426  14.302  42.686 0.0000000000
111239  8.086  13.643  42.893 0.0000000000
111256  8.518  14.021  42.177 0.0000000000
111257  8.331  13.339  42.347 0.0000000000
111271  8.505  13.715  41.687 0.0000000000
111279  8.468  13.470  41.322 0.0000000000
111280  -0.134  15.100  43.101 0.0000000000
111281  -0.817  14.924  42.787 0.0000000000
111282  -1.375  14.350  42.402 0.0000000000
111286  8.391  13.703  41.251 0.0000000000
111287  8.320  13.657  41.026 0.0000000000
111288  4.193  15.210  42.775 0.0000000000
111289  2.913  15.362  43.154 0.0000000000
111290  0.959  15.198  42.910 0.0000000000
111291  -0.271  15.610  42.773 0.0000000000
111292  -1.866  14.150  41.797 0.0000000000
111297  8.283  13.414  40.883 0.0000000000
111298  8.066  13.324  40.783 0.0000000000
111299  7.554  13.494  41.136 0.0000000000
111300  6.607  13.819  41.649 0.0000000000
111301  5.299  14.238  42.269 0.0000000000
111302  -2.337  14.720  40.384 0.0000000000
111303  -2.384  14.158  40.950 0.0000000000
111308  -1.468  14.689  38.429 0.0000000000
111309  -1.877  14.515  39.312 0.0000000000
111314  -1.095  14.354  37.692 0.0000000000
111315  -1.083  14.940  37.514 0.0000000000
111320  -0.838  13.723  37.145 0.0000000000
111321  -1.045  14.246  36.780 0.0000000000
111325  -1.815  14.394  35.265 0.0000000000
111326  -2.000  13.621  34.354 0.0000000000
111329  -1.827  14.927  34.684 0.0000000000
111330  -1.808  14.107  33.544 0.0000000000
111331  -2.630  13.393  32.498 0.0000000000
111334  -1.967  14.613  32.542 0.0000000000
111335  -2.808  13.868  32.075 0.0000000000
111342  -2.498  13.646  30.745 0.0000000000
111343  -2.654  13.706  31.232 0.0000000000
112048  3.333  15.113  46.275 0.0000000000
112060  4.725  14.633  46.321 0.0000000000
112061  4.208  14.440  46.417 0.0000000000
112071  6.244  14.757  44.985 0.0000000000
112072  5.839  14.753  45.334 0.0000000000
112073  5.253  14.387  45.990 0.0000000000
112083  6.696  14.817  44.681 0.0000000000
112084  6.325  15.147  45.075 0.0000000000
112097  7.851  14.853  43.644 0.0000000000
112098  7.325  14.557  44.052 0.0000000000
112112  8.380  15.091  42.902 0.0000000000
112113  8.216  14.718  43.224 0.0000000000
112128  8.432  14.996  42.555 0.0000000000
112139  8.439  14.876  42.126 0.0000000000
112149  8.365  14.525  41.759 0.0000000000
112150  -1.383  14.958  42.211 0.0000000000
112151  -1.594  14.609  42.019 0.0000000000
112158  8.197  14.635  41.611 0.0000000000
112159  7.960  14.627  41.537 0.0000000000
112160  7.267  15.423  42.279 0.0000000000
112161  6.284  16.069  42.758 0.0000000000
112162  5.155  16.567  43.204 0.0000000000
112163  3.858  16.609  43.010 0.0000000000
112164  2.025  16.891  42.498 0.0000000000
112165  0.149  16.591  42.358 0.0000000000
112166  -1.299  15.872  42.039 0.0000000000
112167  -1.782  14.853  41.687 0.0000000000
112177  8.112  13.881  41.029 0.0000000000
112178  7.790  14.222  41.353 0.0000000000
112179  7.015  14.646  42.012 0.0000000000
112180  5.924  15.151  42.510 0.0000000000
112181  4.898  15.579  42.882 0.0000000000
112182  1.679  17.703  42.036 0.0000000000
112183  1.046  17.429  41.923 0.0000000000
112184  -1.977  15.828  40.510 0.0000000000
112185  -2.071  15.153  41.134 0.0000000000
112195  -1.360  15.023  38.191 0.0000000000
112196  -1.703  15.759  38.886 0.0000000000
112207  -1.245  15.202  37.951 0.0000000000
112208  -1.283  15.868  37.757 0.0000000000
112220  -1.210  15.820  36.544 0.0000000000
112231  -1.594  15.852  35.366 0.0000000000
112232  -1.850  16.191  34.684 0.0000000000
112246  -1.715  15.328  34.326 0.0000000000
112247  -1.661  15.602  33.368 0.0000000000
112258  -2.468  15.048  32.071 0.0000000000
112259  -2.500  14.692  31.313 0.0000000000
112271  -2.584  14.706  30.525 0.0000000000
112278  -2.487  15.305  30.582 0.0000000000
112279  -2.520  15.562  30.552 0.0000000000
112971  3.262  15.841  46.250 0.0000000000
112984  5.555  15.770  45.738 0.0000000000
112985  5.040  15.448  46.035 0.0000000000
112986  4.175  15.419  46.273 0.0000000000
112994  5.998  15.623  45.402 0.0000000000
112995  5.527  15.191  45.716 0.0000000000
113002  7.178  15.429  44.332 0.0000000000
113003  6.600  15.820  44.753 0.0000000000
113016  7.944  15.461  43.491 0.0000000000
113017  7.616  15.601  43.884 0.0000000000
113033  8.193  15.698  42.843 0.0000000000
113034  8.074  15.801  43.168 0.0000000000
113051  8.029  16.021  42.637 0.0000000000
113066  8.028  15.875  42.261 0.0000000000
113085  7.987  15.692  42.102 0.0000000000
113086  4.281  18.635  42.661 0.0000000000
113087  4.032  18.515  42.591 0.0000000000
113103  7.751  15.754  42.184 0.0000000000
113104  7.296  16.290  42.460 0.0000000000
113105  6.482  17.006  42.611 0.0000000000
113106  5.474  17.591  43.067 0.0000000000
113107  4.430  18.051  42.997 0.0000000000
113108  3.326  18.111  42.455 0.0000000000
113109  2.212  18.005  42.108 0.0000000000
113110  -0.694  16.792  41.866 0.0000000000
113111  -1.207  16.726  41.236 0.0000000000
113125  2.685  18.603  41.555 0.0000000000
113126  1.551  18.138  41.382 0.0000000000
113127  -0.113  17.543  41.222 0.0000000000
113128  -1.550  17.098  40.167 0.0000000000
113141  3.253  18.962  39.540 0.0000000000
113142  2.561  18.650  40.221 0.0000000000
113143  0.977  18.463  40.194 0.0000000000
113144  -0.501  17.982  39.724 0.0000000000
113145  -1.556  17.224  38.846 0.0000000000
113160  3.126  18.713  38.990 0.0000000000
113161  2.089  18.657  39.209 0.0000000000
113162  0.630  18.730  39.008 0.0000000000
113163  -0.823  18.181  38.660 0.0000000000
113164  -1.285  17.374  37.701 0.0000000000
113182  2.912  18.707  38.517 0.0000000000
113183  1.985  18.778  38.588 0.0000000000
113184  1.274  18.904  38.575 0.0000000000
113185  -1.482  17.100  36.505 0.0000000000
113203  -1.728  17.027  35.591 0.0000000000
113204  -1.857  16.969  34.632 0.0000000000
113215  -1.720  16.803  33.514 0.0000000000
113221  -2.274  16.103  32.128 0.0000000000
113222  -2.462  15.340  31.555 0.0000000000
113231  -2.297  16.130  31.299 0.0000000000
113232  -2.364  15.540  30.978 0.0000000000
113241  -2.655  15.769  30.221 0.0000000000
113242  -2.639  15.518  30.305 0.0000000000
113946  3.604  16.396  46.204 0.0000000000
113947  2.630  16.489  46.502 0.0000000000
113957  5.779  16.122  45.588 0.0000000000
113958  5.363  16.519  45.814 0.0000000000
113959  4.467  16.364  46.009 0.0000000000
113964  6.065  16.604  45.269 0.0000000000
113965  5.677  17.030  45.590 0.0000000000
113971  7.491  16.872  43.827 0.0000000000
113972  7.285  16.406  44.126 0.0000000000
113973  6.623  16.747  44.588 0.0000000000
113978  7.678  16.403  43.583 0.0000000000
113979  7.574  16.135  43.860 0.0000000000
113992  7.841  16.759  42.996 0.0000000000
113993  7.823  16.571  43.227 0.0000000000
114009  7.714  17.133  42.892 0.0000000000
114022  7.593  17.020  42.733 0.0000000000
114040  7.405  17.095  42.585 0.0000000000
114041  7.038  17.960  42.502 0.0000000000
114042  4.434  18.921  42.583 0.0000000000
114043  4.157  18.891  42.372 0.0000000000
114056  7.561  16.369  42.505 0.0000000000
114057  7.161  17.194  42.489 0.0000000000
114058  6.531  17.969  42.554 0.0000000000
114059  5.688  18.572  42.751 0.0000000000
114060  4.909  18.824  42.836 0.0000000000
114061  3.834  18.764  42.224 0.0000000000
114070  4.081  19.597  40.505 0.0000000000
114071  3.718  19.349  41.002 0.0000000000
114072  3.511  18.978  41.704 0.0000000000
114081  4.265  19.631  39.512 0.0000000000
114082  3.557  19.277  40.096 0.0000000000
114083  3.225  19.007  40.925 0.0000000000
114091  4.686  19.159  38.261 0.0000000000
114092  3.781  19.148  38.983 0.0000000000
114093  0.726  18.995  38.440 0.0000000000
114094  -0.314  18.791  38.304 0.0000000000
114095  -1.099  18.334  38.058 0.0000000000
114102  5.177  18.842  37.389 0.0000000000
114103  4.025  18.828  38.019 0.0000000000
114104  2.938  18.939  38.013 0.0000000000
114105  1.635  19.128  38.226 0.0000000000
114106  0.368  19.254  38.039 0.0000000000
114107  -1.171  18.593  37.286 0.0000000000
114108  -1.272  18.815  36.607 0.0000000000
114116  5.521  18.776  37.009 0.0000000000
114117  4.975  18.835  37.200 0.0000000000
114118  4.036  19.041  37.489 0.0000000000
114119  -1.533  17.758  36.357 0.0000000000
114120  -1.565  18.168  35.874 0.0000000000
114133  -1.729  17.895  34.509 0.0000000000
114137  -1.676  17.462  33.065 0.0000000000
114143  -2.216  16.845  31.419 0.0000000000
114144  -2.308  16.090  30.945 0.0000000000
114153  -2.498  16.669  30.332 0.0000000000
114154  -2.615  15.992  30.404 0.0000000000
114830  3.038  17.122  46.445 0.0000000000
114831  1.965  17.273  46.516 0.0000000000
114839  4.619  17.330  46.099 0.0000000000
114840  3.823  17.148  46.210 0.0000000000
114847  5.832  17.514  45.379 0.0000000000
114848  5.307  17.479  45.797 0.0000000000
114859  7.350  17.206  43.969 0.0000000000
114860  6.943  17.474  44.282 0.0000000000
114861  6.351  17.481  44.844 0.0000000000
114873  7.522  17.476  43.671 0.0000000000
114874  7.315  17.791  43.975 0.0000000000
114890  7.706  17.772  43.111 0.0000000000
114891  7.707  17.385  43.279 0.0000000000
114910  7.666  17.873  42.916 0.0000000000
114926  7.496  18.059  42.782 0.0000000000
114942  7.244  18.281  42.634 0.0000000000
114943  6.961  18.617  42.510 0.0000000000
114944  4.458  19.220  42.389 0.0000000000
114945  4.271  19.127  42.261 0.0000000000
114954  6.578  18.866  42.551 0.0000000000
114955  5.849  19.701  42.344 0.0000000000
114956  5.082  19.750  42.260 0.0000000000
114957  4.478  19.411  42.136 0.0000000000
114958  4.053  19.164  41.931 0.0000000000
114964  5.376  20.363  41.092 0.0000000000
114965  4.690  19.993  40.680 0.0000000000
114966  4.162  19.492  41.293 0.0000000000
114967  3.874  19.275  41.487 0.0000000000
114971  6.044  20.563  38.894 0.0000000000
114972  5.630  20.452  39.351 0.0000000000
114973  5.097  19.760  38.798 0.0000000000
114980  6.309  20.301  38.334 0.0000000000
114981  5.977  19.847  37.977 0.0000000000
114982  5.572  19.274  37.626 0.0000000000
114990  6.840  19.761  37.323 0.0000000000
114991  6.436  19.304  37.081 0.0000000000
114992  5.896  18.949  36.972 0.0000000000
114993  2.321  19.243  37.838 0.0000000000
114994  1.475  19.533  37.764 0.0000000000
114995  0.095  19.644  37.520 0.0000000000
114996  -0.817  19.353  36.869 0.0000000000
114997  -1.277  19.055  36.273 0.0000000000
115002  7.208  19.500  36.438 0.0000000000
115003  6.556  19.255  36.443 0.0000000000
115004  5.722  19.024  36.644 0.0000000000
115005  4.663  19.136  36.879 0.0000000000
115006  3.021  19.463  37.346 0.0000000000
115007  1.306  20.068  37.248 0.0000000000
115008  -0.099  20.134  36.933 0.0000000000
115009  -0.926  19.678  36.323 0.0000000000
115010  -1.374  19.064  35.507 0.0000000000
115023  -1.551  18.788  34.226 0.0000000000
115029  -1.749  18.484  32.804 0.0000000000
115034  -2.013  18.131  31.375 0.0000000000
115042  -2.263  17.958  30.321 0.0000000000
115049  -2.342  18.425  29.849 0.0000000000
115774  3.337  17.567  46.464 0.0000000000
115775  2.630  17.820  46.544 0.0000000000
115787  4.651  18.179  45.982 0.0000000000
115788  3.611  18.108  46.369 0.0000000000
115789  2.210  18.574  46.473 0.0000000000
115799  5.899  18.221  44.978 0.0000000000
115800  5.325  18.205  45.504 0.0000000000
115810  7.023  18.391  44.091 0.0000000000
115811  6.509  18.323  44.533 0.0000000000
115819  7.570  18.303  43.389 0.0000000000
115820  7.347  18.364  43.709 0.0000000000
115829  7.577  18.610  42.958 0.0000000000
115830  7.634  18.405  43.124 0.0000000000
115844  7.377  18.852  42.789 0.0000000000
115861  7.106  19.200  42.641 0.0000000000
115881  6.823  19.699  42.448 0.0000000000
115882  6.568  19.639  42.409 0.0000000000
115893  6.533  20.281  41.978 0.0000000000
115894  6.174  20.374  41.873 0.0000000000
115895  5.748  20.550  41.275 0.0000000000
115901  6.011  20.898  40.545 0.0000000000
115902  5.754  20.719  40.146 0.0000000000
115906  7.146  20.646  38.047 0.0000000000
115907  6.248  20.798  39.090 0.0000000000
115908  5.863  20.697  39.526 0.0000000000
115912  7.603  20.369  37.051 0.0000000000
115913  7.012  20.257  37.710 0.0000000000
115922  8.031  20.173  36.083 0.0000000000
115923  7.550  19.899  36.661 0.0000000000
115929  8.248  20.130  35.557 0.0000000000
115930  7.951  19.927  35.605 0.0000000000
115931  7.241  19.574  35.800 0.0000000000
115932  6.431  19.374  35.976 0.0000000000
115933  5.472  19.464  36.229 0.0000000000
115934  4.234  19.853  36.583 0.0000000000
115935  2.624  20.355  36.804 0.0000000000
115936  0.887  20.597  36.556 0.0000000000
115937  -0.487  20.303  36.164 0.0000000000
115938  -1.073  19.809  35.873 0.0000000000
115948  8.088  19.975  35.082 0.0000000000
115949  7.746  19.911  35.228 0.0000000000
115950  6.969  19.752  35.408 0.0000000000
115951  6.130  19.711  35.663 0.0000000000
115952  5.196  20.071  35.804 0.0000000000
115953  3.858  20.673  36.145 0.0000000000
115954  2.110  21.266  36.321 0.0000000000
115955  -0.034  21.020  35.539 0.0000000000
115956  -1.087  19.876  35.257 0.0000000000
115966  -0.766  20.942  34.215 0.0000000000
115967  -1.226  19.840  34.113 0.0000000000
115973  -0.927  20.979  33.507 0.0000000000
115974  -1.505  19.883  32.692 0.0000000000
115979  -2.078  19.158  30.977 0.0000000000
115985  -2.394  18.802  29.507 0.0000000000
115986  -2.399  18.935  29.947 0.0000000000
116734  3.993  18.755  46.013 0.0000000000
116735  2.971  19.169  46.019 0.0000000000
116748  5.317  18.731  44.984 0.0000000000
116750  3.808  19.216  45.809 0.0000000000
116779  7.406  19.243  42.951 0.0000000000
116780  7.444  19.083  43.139 0.0000000000
116790  7.148  19.475  42.760 0.0000000000
116800  6.959  19.876  42.510 0.0000000000
116822  7.001  20.350  42.111 0.0000000000
116837  6.722  20.934  41.446 0.0000000000
116838  6.412  20.672  41.567 0.0000000000
116843  6.715  21.350  40.120 0.0000000000
116844  6.312  21.027  40.943 0.0000000000
116848  6.961  21.123  38.860 0.0000000000
116849  6.379  21.140  39.902 0.0000000000
116854  7.549  20.833  37.564 0.0000000000
116863  7.966  20.626  36.434 0.0000000000
116876  8.293  20.459  35.550 0.0000000000
116877  8.352  20.197  35.322 0.0000000000
116883  8.332  20.566  35.133 0.0000000000
116884  8.180  20.331  35.029 0.0000000000
116885  7.960  20.235  34.848 0.0000000000
116886  7.370  20.241  34.918 0.0000000000
116887  6.268  20.387  35.228 0.0000000000
116888  4.933  20.851  35.373 0.0000000000
116889  3.492  21.448  35.632 0.0000000000
116890  1.716  21.860  35.486 0.0000000000
116891  0.196  21.692  34.961 0.0000000000
116902  0.958  22.184  34.886 0.0000000000
116903  -0.205  21.802  34.141 0.0000000000
116911  -0.944  21.198  32.899 0.0000000000
116912  -1.521  20.236  31.735 0.0000000000
116918  -1.358  21.062  31.825 0.0000000000
116919  -1.879  20.151  30.588 0.0000000000
116926  -2.331  19.230  29.105 0.0000000000
116927  -2.454  19.730  29.225 0.0000000000
116933  -2.354  20.073  28.907 0.0000000000
116934  -2.459  20.220  28.553 0.0000000000
117665  6.997  19.910  42.665 0.0000000000
117678  7.072  20.328  42.353 0.0000000000
117691  7.246  20.859  41.850 0.0000000000
117713  7.266  21.317  41.206 0.0000000000
117727  7.201  21.495  40.310 0.0000000000
117734  7.222  21.458  39.249 0.0000000000
117739  7.448  21.257  38.110 0.0000000000
117765  8.308  21.001  35.096 0.0000000000
117778  8.042  21.228  34.760 0.0000000000
117779  7.924  20.916  34.676 0.0000000000
117780  7.582  20.883  34.592 0.0000000000
117781  6.891  20.948  34.580 0.0000000000
117782  5.881  21.217  34.749 0.0000000000
117783  4.663  21.663  34.994 0.0000000000
117784  3.276  22.146  35.177 0.0000000000
117785  2.053  22.400  35.026 0.0000000000
117794  7.669  21.778  34.519 0.0000000000
117795  7.492  21.699  34.433 0.0000000000
117796  7.266  21.681  34.297 0.0000000000
117797  6.610  21.709  34.191 0.0000000000
117798  5.636  21.974  34.358 0.0000000000
117799  4.428  22.383  34.614 0.0000000000
117800  3.009  22.718  34.728 0.0000000000
117801  1.260  22.652  34.388 0.0000000000
117802  -0.070  22.188  33.618 0.0000000000
117808  0.543  22.739  33.652 0.0000000000
117809  -0.440  22.116  32.696 0.0000000000
117815  -1.199  21.582  31.255 0.0000000000
117816  -1.755  20.842  29.812 0.0000000000
117821  -2.403  20.711  28.707 0.0000000000
117826  -2.383  20.301  28.036 0.0000000000
117827  -2.510  20.644  28.051 0.0000000000
118457  7.109  20.565  42.414 0.0000000000
118471  7.553  21.285  41.802 0.0000000000
118486  8.046  21.900  40.442 0.0000000000
118487  7.810  21.797  40.805 0.0000000000
118504  8.016  21.895  40.200 0.0000000000
118505  7.684  21.719  40.285 0.0000000000
118520  7.593  21.671  39.540 0.0000000000
118567  7.697  22.324  34.337 0.0000000000
118576  7.699  22.501  34.168 0.0000000000
118577  7.606  22.459  33.952 0.0000000000
118578  7.240  22.388  33.847 0.0000000000
118579  6.477  22.415  33.821 0.0000000000
118580  5.460  22.687  34.024 0.0000000000
118581  4.183  23.080  34.239 0.0000000000
118582  2.671  23.184  34.322 0.0000000000
118583  1.518  23.146  33.964 0.0000000000
118590  3.551  23.543  34.110 0.0000000000
118591  2.438  23.589  33.887 0.0000000000
118592  0.818  23.281  33.251 0.0000000000
118593  -0.301  22.576  32.209 0.0000000000
118598  0.240  23.219  32.351 0.0000000000
118599  -0.571  22.596  31.363 0.0000000000
118600  -1.284  21.814  30.424 0.0000000000
118605  -0.971  22.419  30.433 0.0000000000
118606  -1.547  21.799  29.394 0.0000000000
118611  -2.222  20.791  27.381 0.0000000000
118612  -2.432  21.582  27.740 0.0000000000
118613  -2.405  22.443  27.331 0.0000000000
118618  -2.088  21.395  26.605 0.0000000000
118619  -2.344  22.148  26.722 0.0000000000
118620  -2.486  22.764  26.929 0.0000000000
119260  8.153  22.077  40.302 0.0000000000
119333  7.910  22.930  33.991 0.0000000000
119341  8.093  23.244  33.713 0.0000000000
119342  7.882  23.230  33.518 0.0000000000
119343  7.255  23.006  33.478 0.0000000000
119344  6.399  23.123  33.575 0.0000000000
119345  5.366  23.324  33.680 0.0000000000
119346  4.463  23.566  33.822 0.0000000000
119354  7.855  23.520  33.191 0.0000000000
119355  7.247  23.660  33.286 0.0000000000
119356  6.310  23.797  33.341 0.0000000000
119357  5.211  23.931  33.441 0.0000000000
119358  3.807  24.034  33.758 0.0000000000
119359  2.306  24.027  33.484 0.0000000000
119360  1.172  23.884  32.859 0.0000000000
119366  0.411  23.575  31.862 0.0000000000
119367  -0.406  23.017  30.953 0.0000000000
119372  0.192  23.539  31.010 0.0000000000
119373  -0.780  23.019  30.092 0.0000000000
119374  -1.441  22.565  28.769 0.0000000000
119377  -2.117  22.649  27.817 0.0000000000
119378  -2.303  23.056  27.375 0.0000000000
119382  -1.692  22.170  26.088 0.0000000000
119383  -2.186  22.721  26.298 0.0000000000
119384  -2.131  23.343  26.901 0.0000000000
119389  -1.671  22.693  26.035 0.0000000000
119390  -1.770  23.288  26.450 0.0000000000
119391  -1.541  23.945  27.168 0.0000000000
120092  8.293  23.761  33.063 0.0000000000
120100  7.155  24.307  32.974 0.0000000000
120101  6.152  24.449  33.018 0.0000000000
120102  4.937  24.574  33.266 0.0000000000
120103  3.465  24.665  33.508 0.0000000000
120104  2.237  24.500  33.183 0.0000000000
120105  1.392  24.287  32.562 0.0000000000
120111  5.861  24.860  32.900 0.0000000000
120112  5.348  25.108  33.026 0.0000000000
120113  2.981  25.003  33.352 0.0000000000
120114  2.187  24.891  32.811 0.0000000000
120115  1.050  24.410  31.837 0.0000000000
120121  0.308  23.979  30.570 0.0000000000
120122  -0.656  23.642  29.393 0.0000000000
120123  -1.362  23.153  28.421 0.0000000000
120128  -0.923  23.771  28.588 0.0000000000
120129  -1.599  23.510  27.778 0.0000000000
120130  -2.095  23.598  27.255 0.0000000000
120135  -1.094  22.516  26.361 0.0000000000
120136  -1.803  23.971  27.295 0.0000000000
120137  -1.828  24.129  26.942 0.0000000000
120141  -0.490  22.845  26.179 0.0000000000
120142  -0.704  23.355  26.801 0.0000000000
120143  -1.104  24.282  27.008 0.0000000000
120144  -1.851  24.689  26.567 0.0000000000
120845  6.926  24.884  32.648 0.0000000000
120846  6.355  24.883  32.768 0.0000000000
120847  4.353  25.106  33.267 0.0000000000
120848  3.593  25.083  33.336 0.0000000000
120859  6.308  25.438  32.708 0.0000000000
120860  5.039  25.654  33.036 0.0000000000
120861  3.473  25.519  33.133 0.0000000000
120862  2.049  25.330  32.392 0.0000000000
120863  1.140  24.892  31.284 0.0000000000
120867  0.433  24.578  30.132 0.0000000000
120868  -0.277  24.421  29.203 0.0000000000
120873  -0.789  24.404  28.384 0.0000000000
120874  -1.320  24.209  27.637 0.0000000000
120880  -0.962  24.814  27.881 0.0000000000
120881  -1.418  24.658  27.111 0.0000000000
120882  -1.892  24.975  26.469 0.0000000000
120887  -0.835  24.397  25.611 0.0000000000
120888  -1.656  25.088  25.890 0.0000000000
120889  -2.049  25.699  26.043 0.0000000000
120894  -2.351  25.169  25.513 0.0000000000
120895  -2.501  25.543  25.398 0.0000000000
121641  4.488  26.288  32.872 0.0000000000
121642  3.017  26.088  32.677 0.0000000000
121643  1.762  25.730  31.954 0.0000000000
121644  1.004  25.356  30.915 0.0000000000
121652  0.464  25.275  29.791 0.0000000000
121653  -0.133  24.876  28.987 0.0000000000
121656  0.316  25.737  29.605 0.0000000000
121657  -0.249  25.383  28.744 0.0000000000
121660  -0.964  25.482  27.619 0.0000000000
121661  -1.442  25.467  26.524 0.0000000000
121662  -2.289  25.594  25.963 0.0000000000
121665  -0.677  24.854  24.863 0.0000000000
121666  -1.460  25.137  24.750 0.0000000000
121667  -2.009  25.453  25.284 0.0000000000
121668  -2.633  25.657  25.425 0.0000000000
121672  -1.963  25.253  24.397 0.0000000000
121673  -2.314  25.271  24.821 0.0000000000
121674  -2.649  25.451  24.997 0.0000000000
122446  2.444  26.471  32.366 0.0000000000
122447  1.363  26.021  31.483 0.0000000000
122448  0.834  25.685  30.756 0.0000000000
122464  0.567  26.162  30.665 0.0000000000
122472  0.081  26.117  29.437 0.0000000000
122473  -0.496  26.269  28.450 0.0000000000
122482  -1.117  24.962  24.312 0.0000000000
122483  -2.713  25.674  25.116 0.0000000000
122487  -1.534  25.466  24.133 0.0000000000
122488  -2.180  25.487  24.425 0.0000000000
122489  -2.523  25.539  24.766 0.0000000000
123268  -2.096  26.252  24.435 0.0000000000
123269  -2.414  25.993  24.696 0.0000000000
