#!ascii label  , from subject subject001 vox2ras=TkReg
1832
52491  50.610  -38.681  11.474 0.0000000000
52501  50.504  -38.303  11.269 0.0000000000
53553  50.214  -38.133  12.132 0.0000000000
53560  50.449  -38.704  12.012 0.0000000000
53561  49.938  -37.764  11.892 0.0000000000
53568  50.573  -38.877  11.719 0.0000000000
53569  50.223  -38.054  11.524 0.0000000000
53576  50.586  -38.143  10.994 0.0000000000
53577  50.261  -37.720  11.078 0.0000000000
53588  50.712  -37.765  10.769 0.0000000000
53589  50.406  -37.558  10.862 0.0000000000
53643  46.720  -36.900  3.714 0.0000000000
53644  46.555  -36.757  3.603 0.0000000000
53650  46.632  -36.866  3.482 0.0000000000
53651  46.452  -36.747  3.494 0.0000000000
54572  49.813  -37.429  12.080 0.0000000000
54575  49.564  -36.997  11.802 0.0000000000
54576  49.542  -36.582  11.633 0.0000000000
54582  49.731  -37.235  11.510 0.0000000000
54583  49.632  -36.640  11.441 0.0000000000
54588  49.913  -36.957  11.072 0.0000000000
54589  49.713  -36.754  11.228 0.0000000000
54599  50.445  -36.887  10.717 0.0000000000
54600  50.188  -37.081  10.882 0.0000000000
54617  50.839  -37.166  10.636 0.0000000000
54638  47.558  -36.400  5.428 0.0000000000
54639  47.086  -36.566  5.169 0.0000000000
54640  46.849  -36.532  4.803 0.0000000000
54648  48.744  -36.238  5.092 0.0000000000
54649  48.522  -36.371  5.127 0.0000000000
54650  47.956  -36.604  5.154 0.0000000000
54651  47.340  -36.794  4.879 0.0000000000
54652  46.892  -36.714  4.537 0.0000000000
54659  48.880  -36.384  4.884 0.0000000000
54660  48.439  -36.689  4.650 0.0000000000
54661  47.765  -36.926  4.455 0.0000000000
54662  47.062  -37.001  4.138 0.0000000000
54663  46.570  -36.712  3.841 0.0000000000
54664  46.145  -36.555  3.297 0.0000000000
54671  49.636  -36.646  3.979 0.0000000000
54672  49.242  -36.665  4.230 0.0000000000
54673  48.357  -36.955  3.975 0.0000000000
54674  47.595  -37.071  3.729 0.0000000000
54675  46.912  -37.017  3.452 0.0000000000
54676  46.423  -36.766  3.237 0.0000000000
54677  45.768  -36.546  2.778 0.0000000000
54684  49.569  -36.704  3.655 0.0000000000
54685  48.942  -36.897  3.487 0.0000000000
54686  48.173  -37.047  3.264 0.0000000000
54687  47.397  -37.072  3.031 0.0000000000
54688  46.698  -36.918  2.771 0.0000000000
54689  45.979  -36.719  2.422 0.0000000000
54690  45.388  -36.529  2.283 0.0000000000
54696  49.442  -36.821  3.066 0.0000000000
54697  48.811  -36.839  2.802 0.0000000000
54698  47.944  -36.855  2.598 0.0000000000
54699  47.123  -36.858  2.366 0.0000000000
54700  46.395  -36.802  2.124 0.0000000000
54701  45.838  -36.716  1.911 0.0000000000
55653  49.556  -36.718  11.999 0.0000000000
55654  49.563  -36.352  11.674 0.0000000000
55658  49.611  -36.095  11.299 0.0000000000
55664  49.857  -36.397  10.885 0.0000000000
55665  49.786  -35.993  10.868 0.0000000000
55674  50.369  -36.344  10.631 0.0000000000
55675  50.107  -36.081  10.638 0.0000000000
55676  49.816  -35.160  10.119 0.0000000000
55695  50.612  -35.960  10.424 0.0000000000
55696  50.100  -35.209  9.877 0.0000000000
55708  50.987  -35.032  9.649 0.0000000000
55709  47.933  -35.282  6.126 0.0000000000
55710  47.755  -35.443  5.993 0.0000000000
55711  47.379  -35.735  5.776 0.0000000000
55721  49.608  -34.376  5.942 0.0000000000
55722  49.162  -34.664  5.839 0.0000000000
55723  48.518  -35.187  5.796 0.0000000000
55724  47.928  -35.683  5.856 0.0000000000
55725  47.380  -36.093  5.634 0.0000000000
55726  46.886  -36.212  5.166 0.0000000000
55727  46.477  -36.164  4.429 0.0000000000
55736  50.334  -35.010  4.870 0.0000000000
55737  49.728  -34.992  5.349 0.0000000000
55738  48.904  -35.846  5.320 0.0000000000
55739  48.265  -36.080  5.511 0.0000000000
55740  47.904  -36.261  5.540 0.0000000000
55741  46.461  -36.425  4.137 0.0000000000
55742  45.874  -36.168  3.583 0.0000000000
55743  45.328  -36.103  3.133 0.0000000000
55751  50.609  -35.749  4.238 0.0000000000
55752  49.981  -35.862  4.582 0.0000000000
55753  49.415  -36.085  4.796 0.0000000000
55754  46.229  -36.483  3.584 0.0000000000
55755  45.603  -36.327  3.088 0.0000000000
55756  44.792  -35.997  2.629 0.0000000000
55757  44.088  -35.776  2.218 0.0000000000
55764  50.790  -36.262  3.558 0.0000000000
55765  50.024  -36.489  4.030 0.0000000000
55766  49.692  -36.345  4.410 0.0000000000
55767  45.052  -36.343  2.372 0.0000000000
55768  44.501  -36.101  2.278 0.0000000000
55769  43.725  -35.745  1.985 0.0000000000
55770  43.075  -35.506  1.666 0.0000000000
55777  50.740  -36.480  2.695 0.0000000000
55778  50.078  -36.656  3.204 0.0000000000
55779  45.364  -36.586  1.935 0.0000000000
55780  44.821  -36.397  1.921 0.0000000000
55781  44.287  -36.163  1.866 0.0000000000
55782  43.724  -35.841  1.670 0.0000000000
55783  43.089  -35.605  1.415 0.0000000000
55790  50.609  -36.360  1.887 0.0000000000
55791  49.733  -36.627  2.319 0.0000000000
55792  48.590  -36.525  2.096 0.0000000000
55793  47.614  -36.582  1.886 0.0000000000
55794  46.770  -36.657  1.728 0.0000000000
55795  46.079  -36.645  1.570 0.0000000000
55796  45.459  -36.485  1.524 0.0000000000
55797  44.822  -36.326  1.517 0.0000000000
55798  44.212  -36.098  1.454 0.0000000000
55799  43.668  -35.878  1.327 0.0000000000
55800  43.096  -35.683  1.061 0.0000000000
55806  50.557  -36.225  1.429 0.0000000000
55807  50.100  -36.351  1.485 0.0000000000
55808  49.257  -36.198  1.564 0.0000000000
55809  48.160  -36.111  1.210 0.0000000000
55810  47.146  -36.358  1.237 0.0000000000
55811  46.403  -36.433  1.185 0.0000000000
55812  45.711  -36.271  1.015 0.0000000000
55813  44.964  -36.153  1.100 0.0000000000
55814  44.216  -35.998  1.022 0.0000000000
55815  43.559  -35.799  0.882 0.0000000000
55816  43.218  -35.730  0.856 0.0000000000
55822  47.891  -35.790  0.680 0.0000000000
55823  47.381  -35.998  0.714 0.0000000000
55824  46.628  -36.136  0.766 0.0000000000
55825  46.147  -36.198  0.863 0.0000000000
56828  49.620  -35.976  11.708 0.0000000000
56829  49.654  -35.587  11.236 0.0000000000
56834  49.693  -35.198  10.651 0.0000000000
56840  49.452  -34.575  9.740 0.0000000000
56841  49.013  -33.986  8.948 0.0000000000
56849  49.882  -35.041  9.766 0.0000000000
56850  49.538  -34.482  9.182 0.0000000000
56851  49.008  -34.139  8.508 0.0000000000
56866  50.728  -35.149  9.750 0.0000000000
56867  50.226  -34.811  9.375 0.0000000000
56868  49.679  -34.470  8.827 0.0000000000
56869  49.001  -34.268  7.888 0.0000000000
56870  48.316  -34.322  7.198 0.0000000000
56871  47.836  -34.710  6.368 0.0000000000
56888  50.608  -34.391  8.847 0.0000000000
56889  49.702  -34.287  8.018 0.0000000000
56890  48.982  -34.393  7.340 0.0000000000
56891  48.248  -34.661  6.537 0.0000000000
56892  47.806  -35.026  6.182 0.0000000000
56893  47.246  -35.481  5.648 0.0000000000
56894  46.750  -35.706  5.019 0.0000000000
56902  50.812  -33.873  7.760 0.0000000000
56903  49.884  -34.134  6.898 0.0000000000
56904  49.054  -34.472  6.653 0.0000000000
56905  48.399  -34.768  6.285 0.0000000000
56906  48.074  -35.102  6.226 0.0000000000
56907  46.671  -35.953  4.976 0.0000000000
56908  46.311  -35.929  4.176 0.0000000000
56909  45.853  -35.853  3.564 0.0000000000
56918  51.304  -33.672  5.991 0.0000000000
56919  50.684  -33.822  6.084 0.0000000000
56920  49.909  -34.185  5.996 0.0000000000
56921  45.713  -36.032  3.478 0.0000000000
56922  45.353  -35.873  3.069 0.0000000000
56923  44.838  -35.755  2.628 0.0000000000
56930  51.432  -33.813  5.466 0.0000000000
56931  50.958  -34.621  4.694 0.0000000000
56932  44.983  -35.917  2.749 0.0000000000
56933  44.238  -35.659  2.361 0.0000000000
56934  43.446  -35.379  2.143 0.0000000000
56940  52.176  -33.904  4.048 0.0000000000
56941  51.819  -34.108  4.337 0.0000000000
56942  51.281  -35.412  3.850 0.0000000000
56943  43.692  -35.565  2.142 0.0000000000
56944  43.057  -35.367  1.879 0.0000000000
56950  52.258  -34.192  3.668 0.0000000000
56951  51.901  -35.056  3.391 0.0000000000
56952  51.408  -35.901  3.056 0.0000000000
56953  42.613  -35.271  1.207 0.0000000000
56954  42.266  -35.041  0.374 0.0000000000
56961  52.398  -34.711  2.980 0.0000000000
56962  51.923  -35.343  2.487 0.0000000000
56963  51.282  -36.030  2.211 0.0000000000
56964  42.589  -35.363  0.666 0.0000000000
56965  42.142  -34.882  -0.337 0.0000000000
56971  51.647  -35.572  1.821 0.0000000000
56972  51.047  -35.875  1.396 0.0000000000
56973  50.440  -36.101  1.047 0.0000000000
56974  49.791  -36.032  0.987 0.0000000000
56975  49.009  -35.705  1.059 0.0000000000
56976  45.597  -36.020  0.754 0.0000000000
56977  45.220  -35.910  0.728 0.0000000000
56978  44.396  -35.703  0.631 0.0000000000
56979  43.538  -35.580  0.383 0.0000000000
56980  42.677  -35.420  0.054 0.0000000000
56981  41.735  -34.408  -1.394 0.0000000000
56982  41.062  -33.601  -2.205 0.0000000000
56988  50.775  -35.697  0.835 0.0000000000
56989  50.222  -35.688  0.560 0.0000000000
56990  49.378  -35.509  0.499 0.0000000000
56991  48.418  -35.472  0.482 0.0000000000
56992  47.637  -35.582  0.310 0.0000000000
56993  46.860  -35.712  0.274 0.0000000000
56994  45.855  -35.769  0.497 0.0000000000
56995  44.785  -35.380  0.234 0.0000000000
56996  43.777  -35.275  -0.061 0.0000000000
56997  42.838  -35.303  -0.516 0.0000000000
56998  42.082  -34.959  -1.216 0.0000000000
56999  41.434  -34.296  -1.987 0.0000000000
57000  40.800  -33.410  -2.500 0.0000000000
57004  47.961  -35.268  -0.022 0.0000000000
57005  47.307  -35.229  -0.165 0.0000000000
57006  46.371  -35.182  -0.156 0.0000000000
57007  45.333  -34.999  -0.178 0.0000000000
57008  44.226  -34.820  -0.548 0.0000000000
57009  43.169  -35.067  -0.923 0.0000000000
57010  42.328  -34.975  -1.413 0.0000000000
57011  41.712  -34.635  -1.951 0.0000000000
57012  41.215  -34.107  -2.346 0.0000000000
57013  40.861  -33.668  -2.593 0.0000000000
57017  44.140  -34.611  -1.034 0.0000000000
57018  43.615  -34.673  -1.296 0.0000000000
57019  42.688  -34.753  -1.724 0.0000000000
57020  41.815  -34.686  -2.182 0.0000000000
57021  41.354  -34.287  -2.426 0.0000000000
57022  41.023  -33.992  -2.522 0.0000000000
57928  49.697  -35.155  11.178 0.0000000000
57932  49.594  -34.613  10.521 0.0000000000
57933  49.088  -34.016  9.925 0.0000000000
57938  49.355  -34.420  10.064 0.0000000000
57939  48.919  -33.864  9.312 0.0000000000
57948  48.446  -33.870  8.199 0.0000000000
57958  47.887  -34.223  7.064 0.0000000000
57959  47.620  -34.787  6.097 0.0000000000
57975  47.120  -35.328  5.364 0.0000000000
57976  46.654  -35.597  4.531 0.0000000000
57990  51.285  -33.636  7.473 0.0000000000
57991  46.160  -35.706  3.779 0.0000000000
57992  45.639  -35.693  3.224 0.0000000000
58005  51.789  -33.501  6.429 0.0000000000
58006  51.398  -33.531  6.892 0.0000000000
58007  45.107  -35.645  2.714 0.0000000000
58008  44.418  -35.476  2.459 0.0000000000
58016  52.136  -33.504  5.463 0.0000000000
58017  43.624  -35.233  2.248 0.0000000000
58018  42.987  -35.084  2.034 0.0000000000
58024  52.588  -33.589  4.285 0.0000000000
58025  52.319  -33.589  4.839 0.0000000000
58026  42.598  -34.966  1.404 0.0000000000
58032  52.817  -33.921  3.280 0.0000000000
58033  42.260  -34.839  0.533 0.0000000000
58034  42.022  -34.584  -0.414 0.0000000000
58040  53.637  -33.791  1.567 0.0000000000
58041  52.739  -34.561  2.102 0.0000000000
58042  52.058  -35.199  1.884 0.0000000000
58043  41.613  -34.089  -1.393 0.0000000000
58048  53.630  -33.768  0.929 0.0000000000
58049  53.026  -34.215  0.759 0.0000000000
58050  51.859  -35.101  1.152 0.0000000000
58051  51.185  -35.502  0.900 0.0000000000
58052  40.932  -33.401  -2.149 0.0000000000
58053  40.020  -32.707  -2.453 0.0000000000
58054  39.203  -32.263  -2.362 0.0000000000
58059  52.788  -33.947  -0.251 0.0000000000
58060  52.048  -34.525  0.105 0.0000000000
58061  50.956  -35.073  0.303 0.0000000000
58062  49.868  -35.104  -0.042 0.0000000000
58063  48.913  -35.127  -0.113 0.0000000000
58064  48.349  -35.196  -0.081 0.0000000000
58065  40.058  -32.810  -2.677 0.0000000000
58066  39.267  -32.427  -2.527 0.0000000000
58067  38.862  -32.422  -2.464 0.0000000000
58072  52.597  -33.666  -0.729 0.0000000000
58073  52.099  -33.980  -0.614 0.0000000000
58074  51.287  -34.359  -0.507 0.0000000000
58075  50.363  -34.554  -0.521 0.0000000000
58076  49.347  -34.515  -0.821 0.0000000000
58077  48.105  -34.837  -0.574 0.0000000000
58078  46.945  -34.697  -0.651 0.0000000000
58079  45.906  -34.522  -0.595 0.0000000000
58080  44.919  -34.465  -0.718 0.0000000000
58081  44.397  -34.545  -0.902 0.0000000000
58082  40.386  -33.152  -2.720 0.0000000000
58083  39.569  -32.713  -2.764 0.0000000000
58084  39.060  -32.536  -2.609 0.0000000000
58090  49.142  -34.099  -1.363 0.0000000000
58091  48.511  -34.263  -1.303 0.0000000000
58092  47.528  -34.275  -1.206 0.0000000000
58093  46.492  -34.101  -1.075 0.0000000000
58094  45.438  -34.032  -1.095 0.0000000000
58095  44.367  -34.321  -1.398 0.0000000000
58096  43.256  -34.342  -2.190 0.0000000000
58097  42.199  -34.585  -2.428 0.0000000000
58098  41.583  -34.498  -2.618 0.0000000000
58099  41.221  -34.275  -2.643 0.0000000000
58100  40.656  -33.589  -2.796 0.0000000000
58101  40.082  -33.031  -2.833 0.0000000000
58106  43.022  -34.087  -2.760 0.0000000000
58107  42.465  -34.282  -2.798 0.0000000000
58108  41.702  -34.380  -2.917 0.0000000000
58109  41.111  -34.140  -2.876 0.0000000000
58110  40.836  -33.918  -2.892 0.0000000000
58919  49.091  -33.833  10.081 0.0000000000
58920  48.642  -33.538  9.468 0.0000000000
58923  48.193  -33.502  8.729 0.0000000000
58928  47.862  -33.754  7.652 0.0000000000
58929  47.687  -33.807  7.224 0.0000000000
58937  47.758  -34.047  7.173 0.0000000000
58938  47.724  -34.237  6.689 0.0000000000
58948  47.447  -34.919  5.700 0.0000000000
58949  46.992  -35.288  4.937 0.0000000000
58960  46.371  -35.472  3.821 0.0000000000
58961  45.903  -35.566  3.412 0.0000000000
58974  45.945  -35.356  3.271 0.0000000000
58975  45.383  -35.398  2.819 0.0000000000
58976  44.740  -35.411  2.536 0.0000000000
58987  44.685  -35.077  2.464 0.0000000000
58988  43.929  -34.964  2.307 0.0000000000
58989  43.201  -34.966  2.170 0.0000000000
58999  43.259  -34.452  1.936 0.0000000000
59000  42.874  -34.628  1.581 0.0000000000
59006  42.334  -34.513  0.582 0.0000000000
59007  42.082  -34.357  -0.302 0.0000000000
59013  41.665  -33.860  -1.291 0.0000000000
59014  37.916  -32.194  -0.806 0.0000000000
59015  37.277  -32.385  -0.055 0.0000000000
59016  36.823  -32.309  0.455 0.0000000000
59017  36.582  -32.094  0.671 0.0000000000
59024  53.598  -33.727  0.644 0.0000000000
59025  40.816  -33.198  -2.126 0.0000000000
59026  39.797  -32.502  -2.467 0.0000000000
59027  38.788  -32.206  -2.001 0.0000000000
59028  37.762  -32.305  -1.102 0.0000000000
59029  37.105  -32.466  -0.380 0.0000000000
59030  36.685  -32.292  0.147 0.0000000000
59037  54.056  -33.118  -0.301 0.0000000000
59038  53.508  -33.627  0.106 0.0000000000
59039  38.886  -32.274  -2.266 0.0000000000
59040  38.391  -32.372  -2.064 0.0000000000
59041  37.433  -32.408  -1.280 0.0000000000
59042  36.859  -32.421  -0.640 0.0000000000
59049  53.835  -32.876  -0.810 0.0000000000
59050  53.184  -33.203  -0.919 0.0000000000
59051  52.287  -33.479  -1.126 0.0000000000
59052  51.491  -33.739  -1.104 0.0000000000
59053  50.652  -34.015  -1.030 0.0000000000
59054  50.045  -34.184  -0.936 0.0000000000
59055  39.257  -32.760  -2.779 0.0000000000
59056  38.781  -32.602  -2.612 0.0000000000
59057  37.811  -32.493  -1.999 0.0000000000
59058  37.106  -32.445  -1.393 0.0000000000
59063  52.944  -32.786  -1.486 0.0000000000
59064  52.524  -32.972  -1.529 0.0000000000
59065  51.722  -33.065  -1.663 0.0000000000
59066  50.846  -33.417  -1.573 0.0000000000
59067  49.829  -33.724  -1.416 0.0000000000
59068  48.914  -33.706  -1.676 0.0000000000
59069  48.040  -33.729  -1.629 0.0000000000
59070  47.066  -33.626  -1.473 0.0000000000
59071  46.035  -33.579  -1.504 0.0000000000
59072  44.984  -33.587  -1.611 0.0000000000
59073  44.169  -33.860  -2.069 0.0000000000
59074  40.176  -33.247  -2.886 0.0000000000
59075  39.535  -32.945  -2.920 0.0000000000
59076  38.316  -32.600  -2.577 0.0000000000
59077  37.329  -32.447  -2.000 0.0000000000
59078  36.935  -32.417  -1.467 0.0000000000
59082  51.060  -32.874  -2.051 0.0000000000
59083  50.313  -33.064  -2.104 0.0000000000
59084  49.434  -33.165  -2.124 0.0000000000
59085  48.567  -33.127  -2.002 0.0000000000
59086  47.643  -33.022  -1.755 0.0000000000
59087  46.622  -33.000  -1.745 0.0000000000
59088  45.600  -33.083  -1.962 0.0000000000
59089  44.630  -33.238  -2.254 0.0000000000
59090  43.605  -33.544  -2.763 0.0000000000
59091  42.770  -33.861  -3.138 0.0000000000
59092  41.978  -33.959  -3.235 0.0000000000
59093  41.166  -33.879  -3.202 0.0000000000
59094  40.258  -33.326  -3.090 0.0000000000
59095  38.889  -32.786  -3.003 0.0000000000
59096  37.868  -32.532  -2.628 0.0000000000
59097  37.357  -32.384  -2.299 0.0000000000
59101  43.099  -33.389  -3.469 0.0000000000
59102  42.363  -33.470  -3.587 0.0000000000
59103  41.528  -33.421  -3.584 0.0000000000
59104  40.707  -33.242  -3.497 0.0000000000
59105  40.245  -33.021  -3.394 0.0000000000
59900  48.059  -33.197  9.114 0.0000000000
59903  47.754  -33.271  8.372 0.0000000000
59904  47.681  -33.494  7.601 0.0000000000
59908  47.624  -33.895  6.839 0.0000000000
59917  47.571  -34.699  5.719 0.0000000000
59918  47.252  -35.043  5.305 0.0000000000
59929  47.174  -35.134  4.517 0.0000000000
59930  46.997  -35.239  4.667 0.0000000000
59939  46.686  -35.124  3.390 0.0000000000
59940  46.274  -35.262  3.445 0.0000000000
59941  45.729  -35.282  2.943 0.0000000000
59950  46.286  -34.652  2.432 0.0000000000
59951  45.776  -34.828  2.597 0.0000000000
59952  45.127  -34.965  2.508 0.0000000000
59953  44.344  -34.849  2.329 0.0000000000
59964  46.010  -34.204  1.915 0.0000000000
59965  45.517  -34.250  1.994 0.0000000000
59966  44.826  -34.313  2.004 0.0000000000
59967  43.882  -34.379  1.932 0.0000000000
59968  42.981  -34.074  1.305 0.0000000000
59969  37.124  -31.568  1.980 0.0000000000
59970  36.486  -31.855  2.298 0.0000000000
59971  35.953  -31.996  2.584 0.0000000000
59972  35.462  -31.890  2.763 0.0000000000
59973  35.136  -31.764  2.814 0.0000000000
59982  42.350  -33.915  0.080 0.0000000000
59983  42.187  -34.183  -0.147 0.0000000000
59984  37.497  -31.641  0.857 0.0000000000
59985  36.909  -31.987  1.398 0.0000000000
59986  36.347  -31.977  1.795 0.0000000000
59987  35.826  -31.996  2.164 0.0000000000
59988  35.299  -31.800  2.418 0.0000000000
59996  41.778  -33.321  -1.492 0.0000000000
59997  41.902  -33.820  -0.935 0.0000000000
59998  38.004  -31.869  -0.417 0.0000000000
59999  37.380  -32.170  0.350 0.0000000000
60000  36.844  -32.214  0.897 0.0000000000
60001  36.325  -31.967  1.259 0.0000000000
60002  35.635  -31.833  1.768 0.0000000000
60010  41.187  -32.789  -2.061 0.0000000000
60011  40.939  -32.994  -2.039 0.0000000000
60012  39.690  -32.275  -2.342 0.0000000000
60013  38.697  -31.976  -1.743 0.0000000000
60014  36.299  -31.894  0.739 0.0000000000
60015  35.937  -31.854  1.260 0.0000000000
60025  36.494  -32.090  -0.051 0.0000000000
60035  53.734  -32.632  -1.143 0.0000000000
60036  36.694  -32.195  -0.917 0.0000000000
60044  53.313  -32.426  -1.594 0.0000000000
60045  52.733  -32.493  -1.827 0.0000000000
60046  52.202  -32.606  -1.920 0.0000000000
60047  36.991  -32.228  -2.023 0.0000000000
60048  36.797  -32.230  -1.552 0.0000000000
60056  53.015  -32.014  -2.129 0.0000000000
60057  52.436  -32.200  -2.305 0.0000000000
60058  51.666  -32.433  -2.353 0.0000000000
60059  50.794  -32.481  -2.566 0.0000000000
60060  49.959  -32.601  -2.660 0.0000000000
60061  49.110  -32.641  -2.594 0.0000000000
60062  48.232  -32.506  -2.250 0.0000000000
60063  47.229  -32.347  -1.951 0.0000000000
60064  46.176  -32.420  -2.125 0.0000000000
60065  45.187  -32.571  -2.424 0.0000000000
60066  44.355  -32.803  -2.765 0.0000000000
60067  39.960  -32.929  -3.371 0.0000000000
60068  39.322  -32.851  -3.419 0.0000000000
60069  38.240  -32.486  -3.265 0.0000000000
60070  37.401  -32.242  -2.540 0.0000000000
60078  52.144  -31.887  -2.878 0.0000000000
60079  51.335  -31.993  -3.067 0.0000000000
60080  50.509  -32.088  -3.199 0.0000000000
60081  49.700  -32.145  -3.157 0.0000000000
60082  48.871  -32.061  -2.850 0.0000000000
60083  47.868  -31.838  -2.416 0.0000000000
60084  46.766  -31.745  -2.312 0.0000000000
60085  45.731  -31.874  -2.606 0.0000000000
60086  44.796  -32.199  -3.085 0.0000000000
60087  43.736  -32.645  -3.530 0.0000000000
60088  42.861  -33.002  -4.001 0.0000000000
60089  41.994  -33.010  -4.097 0.0000000000
60090  41.091  -32.848  -3.992 0.0000000000
60091  40.037  -32.650  -3.819 0.0000000000
60092  38.988  -32.514  -3.867 0.0000000000
60093  38.495  -32.198  -3.736 0.0000000000
60101  43.263  -32.457  -4.305 0.0000000000
60102  42.554  -32.475  -4.532 0.0000000000
60103  41.616  -32.402  -4.542 0.0000000000
60104  40.692  -32.258  -4.445 0.0000000000
60105  39.985  -32.104  -4.433 0.0000000000
60946  47.599  -33.139  8.047 0.0000000000
60951  47.646  -33.445  7.261 0.0000000000
60959  47.642  -33.942  6.366 0.0000000000
60967  47.679  -34.610  5.342 0.0000000000
60974  47.465  -35.045  4.206 0.0000000000
60983  37.448  -31.088  3.098 0.0000000000
60984  37.175  -31.224  3.190 0.0000000000
60985  36.588  -31.454  3.353 0.0000000000
60986  36.024  -31.556  3.509 0.0000000000
60987  35.527  -31.419  3.458 0.0000000000
60998  45.561  -33.648  1.461 0.0000000000
60999  44.811  -33.644  1.565 0.0000000000
61000  44.024  -33.681  1.446 0.0000000000
61001  43.332  -33.720  1.223 0.0000000000
61002  37.460  -31.165  2.698 0.0000000000
61003  36.816  -31.600  2.816 0.0000000000
61004  36.212  -31.850  3.021 0.0000000000
61005  35.661  -31.834  3.154 0.0000000000
61006  35.070  -31.573  3.154 0.0000000000
61007  34.680  -31.304  2.945 0.0000000000
61017  44.904  -33.180  1.029 0.0000000000
61018  44.252  -33.161  0.784 0.0000000000
61019  43.448  -33.243  0.447 0.0000000000
61020  42.861  -33.555  0.322 0.0000000000
61021  38.117  -30.566  1.273 0.0000000000
61022  37.828  -30.850  1.539 0.0000000000
61023  34.890  -31.591  2.702 0.0000000000
61024  34.513  -31.262  2.493 0.0000000000
61031  42.904  -32.999  -0.570 0.0000000000
61032  42.357  -33.219  -1.011 0.0000000000
61033  38.148  -30.578  0.891 0.0000000000
61034  38.121  -31.106  0.132 0.0000000000
61035  34.939  -31.533  2.060 0.0000000000
61036  34.401  -31.185  2.037 0.0000000000
61045  42.381  -32.457  -1.677 0.0000000000
61046  41.561  -32.508  -2.128 0.0000000000
61047  40.633  -32.208  -2.406 0.0000000000
61048  39.744  -31.972  -2.293 0.0000000000
61049  38.782  -31.505  -1.405 0.0000000000
61050  36.160  -31.651  0.498 0.0000000000
61051  35.561  -31.488  1.213 0.0000000000
61060  41.701  -31.689  -2.444 0.0000000000
61061  40.829  -31.455  -2.629 0.0000000000
61062  39.946  -31.403  -2.471 0.0000000000
61063  39.339  -31.351  -1.886 0.0000000000
61064  39.018  -31.277  -1.519 0.0000000000
61065  36.352  -31.635  -0.127 0.0000000000
61073  36.644  -31.529  -1.425 0.0000000000
61074  36.581  -31.646  -1.062 0.0000000000
61082  36.845  -31.753  -1.916 0.0000000000
61083  36.731  -32.027  -1.683 0.0000000000
61093  38.105  -32.048  -3.460 0.0000000000
61094  37.516  -31.711  -2.981 0.0000000000
61104  51.888  -31.497  -3.553 0.0000000000
61105  51.078  -31.624  -3.773 0.0000000000
61106  50.306  -31.700  -3.739 0.0000000000
61107  49.552  -31.642  -3.456 0.0000000000
61108  48.617  -31.309  -2.912 0.0000000000
61109  47.394  -31.182  -2.582 0.0000000000
61110  46.330  -31.223  -2.868 0.0000000000
61111  45.346  -31.451  -3.319 0.0000000000
61112  44.418  -31.835  -3.847 0.0000000000
61113  43.766  -32.099  -4.230 0.0000000000
61114  39.425  -32.228  -4.261 0.0000000000
61115  38.890  -32.002  -4.195 0.0000000000
61116  38.289  -31.591  -3.762 0.0000000000
61117  37.781  -31.142  -3.364 0.0000000000
61127  51.664  -31.066  -4.343 0.0000000000
61128  50.886  -31.224  -4.317 0.0000000000
61129  50.200  -31.289  -4.048 0.0000000000
61130  49.515  -31.092  -3.636 0.0000000000
61131  48.823  -30.685  -3.147 0.0000000000
61132  45.943  -30.984  -3.322 0.0000000000
61133  45.455  -30.915  -3.623 0.0000000000
61134  44.057  -31.684  -4.426 0.0000000000
61135  43.333  -31.741  -4.890 0.0000000000
61136  42.200  -31.843  -4.994 0.0000000000
61137  41.193  -31.631  -4.915 0.0000000000
61138  40.322  -31.672  -4.775 0.0000000000
61139  39.571  -31.531  -4.707 0.0000000000
61140  38.834  -31.387  -4.396 0.0000000000
61141  38.480  -31.180  -4.122 0.0000000000
61150  51.332  -30.839  -4.787 0.0000000000
61151  50.973  -30.953  -4.679 0.0000000000
61152  42.624  -31.306  -5.368 0.0000000000
61153  41.849  -31.159  -5.349 0.0000000000
61154  41.164  -30.975  -5.297 0.0000000000
61155  40.527  -31.157  -5.144 0.0000000000
61156  40.038  -31.327  -5.045 0.0000000000
62102  40.082  -29.131  2.788 0.0000000000
62103  39.866  -29.371  3.056 0.0000000000
62104  39.458  -29.585  3.470 0.0000000000
62114  40.290  -28.728  2.165 0.0000000000
62115  39.989  -29.052  2.571 0.0000000000
62116  39.446  -29.750  3.163 0.0000000000
62117  38.702  -29.993  3.535 0.0000000000
62118  37.698  -30.350  3.667 0.0000000000
62119  36.818  -30.607  3.739 0.0000000000
62120  36.164  -30.600  3.713 0.0000000000
62121  35.769  -30.480  3.513 0.0000000000
62131  39.931  -28.801  2.073 0.0000000000
62132  39.383  -29.601  2.528 0.0000000000
62133  38.760  -30.241  2.976 0.0000000000
62134  37.749  -30.693  3.199 0.0000000000
62135  37.044  -30.962  3.557 0.0000000000
62136  36.433  -31.168  3.675 0.0000000000
62137  35.960  -31.079  3.720 0.0000000000
62138  35.180  -30.897  3.380 0.0000000000
62139  34.645  -30.667  3.057 0.0000000000
62151  45.256  -33.045  0.932 0.0000000000
62152  39.863  -28.781  1.700 0.0000000000
62153  39.374  -29.397  1.581 0.0000000000
62154  38.706  -30.108  2.198 0.0000000000
62155  38.089  -30.586  2.494 0.0000000000
62156  34.760  -31.187  3.150 0.0000000000
62157  34.381  -30.786  2.769 0.0000000000
62158  33.935  -30.362  2.405 0.0000000000
62172  43.735  -32.679  -0.226 0.0000000000
62173  43.294  -32.868  -0.345 0.0000000000
62174  39.061  -29.687  0.554 0.0000000000
62175  38.481  -30.249  1.296 0.0000000000
62176  38.259  -30.466  1.934 0.0000000000
62177  34.140  -30.830  2.209 0.0000000000
62178  33.806  -30.434  2.199 0.0000000000
62191  43.633  -31.835  -1.452 0.0000000000
62192  43.094  -32.448  -1.128 0.0000000000
62193  38.984  -29.794  -0.062 0.0000000000
62194  38.567  -30.264  0.109 0.0000000000
62195  38.610  -30.818  -0.693 0.0000000000
62196  34.659  -31.097  1.588 0.0000000000
62197  34.122  -30.801  1.771 0.0000000000
62198  33.719  -30.494  1.787 0.0000000000
62207  42.534  -31.577  -2.200 0.0000000000
62208  38.852  -31.042  -1.192 0.0000000000
62209  35.787  -31.209  0.555 0.0000000000
62210  34.967  -30.797  0.915 0.0000000000
62211  34.163  -30.652  1.303 0.0000000000
62212  33.808  -30.532  1.519 0.0000000000
62221  41.446  -30.509  -2.995 0.0000000000
62222  40.205  -30.634  -2.550 0.0000000000
62223  39.535  -30.872  -2.034 0.0000000000
62224  39.190  -31.020  -1.577 0.0000000000
62225  39.009  -31.076  -1.386 0.0000000000
62226  36.072  -30.852  0.060 0.0000000000
62227  35.478  -30.794  0.501 0.0000000000
62235  36.642  -31.010  -1.192 0.0000000000
62236  36.412  -30.941  -0.561 0.0000000000
62246  37.051  -30.999  -2.073 0.0000000000
62258  37.472  -30.822  -2.774 0.0000000000
62269  47.931  -30.594  -2.780 0.0000000000
62270  46.902  -30.671  -2.909 0.0000000000
62271  46.348  -30.839  -3.179 0.0000000000
62272  44.830  -31.227  -3.978 0.0000000000
62273  44.399  -31.473  -4.257 0.0000000000
62274  38.188  -30.821  -3.793 0.0000000000
62275  37.788  -30.611  -3.242 0.0000000000
62285  51.815  -30.720  -4.983 0.0000000000
62286  50.673  -31.010  -4.484 0.0000000000
62287  50.218  -30.852  -4.244 0.0000000000
62288  49.477  -30.410  -3.660 0.0000000000
62289  48.392  -30.079  -3.090 0.0000000000
62290  47.304  -30.117  -3.191 0.0000000000
62291  46.163  -30.443  -3.531 0.0000000000
62292  45.143  -30.626  -4.137 0.0000000000
62293  44.278  -31.102  -4.726 0.0000000000
62294  43.721  -31.175  -5.167 0.0000000000
62295  39.589  -31.103  -4.975 0.0000000000
62296  39.302  -30.904  -4.836 0.0000000000
62297  38.677  -30.807  -4.395 0.0000000000
62305  51.700  -30.415  -5.227 0.0000000000
62306  50.990  -30.620  -4.846 0.0000000000
62307  50.332  -30.349  -4.359 0.0000000000
62308  49.786  -29.905  -3.830 0.0000000000
62309  43.906  -30.808  -5.290 0.0000000000
62310  43.290  -30.888  -5.537 0.0000000000
62311  42.366  -30.607  -5.745 0.0000000000
62312  41.506  -30.500  -5.747 0.0000000000
62313  40.747  -30.552  -5.559 0.0000000000
62314  39.909  -30.811  -5.289 0.0000000000
62315  39.519  -30.400  -5.197 0.0000000000
63296  40.499  -28.783  2.484 0.0000000000
63297  40.206  -28.974  2.666 0.0000000000
63298  39.818  -29.215  3.239 0.0000000000
63299  39.179  -29.458  3.706 0.0000000000
63300  38.457  -29.637  3.729 0.0000000000
63301  37.893  -29.774  3.786 0.0000000000
63308  40.843  -28.621  2.324 0.0000000000
63309  40.338  -28.889  2.552 0.0000000000
63310  38.373  -29.906  3.812 0.0000000000
63311  37.698  -30.031  3.810 0.0000000000
63312  37.106  -30.058  3.778 0.0000000000
63313  36.387  -30.127  3.501 0.0000000000
63314  35.925  -30.177  3.243 0.0000000000
63323  40.659  -28.492  1.967 0.0000000000
63324  35.394  -30.286  3.196 0.0000000000
63325  34.790  -30.306  2.939 0.0000000000
63326  34.350  -30.140  2.686 0.0000000000
63337  39.944  -28.863  1.288 0.0000000000
63338  34.429  -30.464  2.789 0.0000000000
63339  34.039  -30.184  2.520 0.0000000000
63353  39.736  -29.123  0.609 0.0000000000
63354  33.564  -30.004  2.119 0.0000000000
63355  33.277  -29.666  1.649 0.0000000000
63368  39.501  -29.433  -0.345 0.0000000000
63369  39.054  -29.939  -0.583 0.0000000000
63370  38.816  -30.359  -0.681 0.0000000000
63371  33.417  -30.075  1.728 0.0000000000
63372  33.063  -29.565  1.276 0.0000000000
63384  40.076  -29.127  -1.329 0.0000000000
63385  39.567  -29.715  -1.344 0.0000000000
63386  39.185  -30.253  -1.187 0.0000000000
63387  38.930  -30.661  -1.082 0.0000000000
63388  34.739  -30.532  0.693 0.0000000000
63389  34.281  -30.440  0.790 0.0000000000
63390  33.456  -30.115  1.117 0.0000000000
63391  32.835  -29.333  0.774 0.0000000000
63403  40.384  -29.541  -2.372 0.0000000000
63404  39.620  -30.248  -1.926 0.0000000000
63405  39.251  -30.655  -1.492 0.0000000000
63406  39.046  -30.847  -1.299 0.0000000000
63407  35.711  -30.480  0.060 0.0000000000
63408  35.071  -30.286  0.336 0.0000000000
63409  33.847  -29.886  0.416 0.0000000000
63410  33.069  -29.429  0.372 0.0000000000
63411  32.691  -29.101  0.341 0.0000000000
63421  36.489  -30.249  -0.916 0.0000000000
63422  35.994  -30.258  -0.270 0.0000000000
63423  35.302  -29.935  -0.069 0.0000000000
63433  36.788  -30.360  -1.456 0.0000000000
63444  37.278  -30.123  -2.041 0.0000000000
63452  38.051  -30.027  -3.338 0.0000000000
63453  37.651  -30.216  -2.784 0.0000000000
63463  48.904  -29.601  -3.382 0.0000000000
63464  47.769  -29.470  -3.361 0.0000000000
63465  46.655  -29.624  -3.741 0.0000000000
63466  45.623  -29.932  -4.307 0.0000000000
63467  44.681  -30.287  -4.815 0.0000000000
63468  44.215  -30.601  -5.154 0.0000000000
63469  39.086  -30.159  -4.764 0.0000000000
63470  38.480  -30.271  -4.072 0.0000000000
63479  51.600  -30.059  -5.456 0.0000000000
63480  50.962  -30.080  -4.948 0.0000000000
63481  50.388  -29.807  -4.234 0.0000000000
63482  49.641  -29.106  -3.621 0.0000000000
63483  48.286  -28.864  -3.566 0.0000000000
63484  47.152  -28.952  -4.029 0.0000000000
63485  46.057  -29.149  -4.494 0.0000000000
63486  44.986  -29.438  -5.021 0.0000000000
63487  43.952  -30.067  -5.591 0.0000000000
63488  42.929  -30.114  -6.184 0.0000000000
63489  41.942  -29.777  -6.457 0.0000000000
63490  41.035  -30.040  -6.254 0.0000000000
63491  40.458  -30.091  -5.855 0.0000000000
63492  39.957  -29.977  -5.631 0.0000000000
63493  39.493  -30.101  -5.263 0.0000000000
63497  52.058  -29.541  -5.952 0.0000000000
63498  51.483  -29.646  -5.476 0.0000000000
63499  50.923  -29.512  -4.630 0.0000000000
63500  50.422  -29.372  -4.047 0.0000000000
63501  41.726  -29.262  -6.994 0.0000000000
63502  41.275  -29.434  -6.777 0.0000000000
63503  40.777  -29.601  -6.384 0.0000000000
63504  40.454  -29.734  -5.989 0.0000000000
64606  40.503  -28.681  2.258 0.0000000000
64607  40.288  -28.870  2.438 0.0000000000
64608  39.761  -28.969  3.167 0.0000000000
64609  39.169  -29.030  3.605 0.0000000000
64610  38.431  -29.314  3.585 0.0000000000
64611  37.780  -29.617  3.520 0.0000000000
64618  41.954  -27.786  2.088 0.0000000000
64619  41.023  -28.363  1.983 0.0000000000
64620  40.407  -28.682  2.156 0.0000000000
64621  39.747  -28.783  2.759 0.0000000000
64622  39.090  -28.781  3.175 0.0000000000
64623  38.255  -29.123  3.069 0.0000000000
64624  37.199  -29.561  3.066 0.0000000000
64625  36.323  -29.783  3.006 0.0000000000
64626  35.779  -29.902  2.909 0.0000000000
64634  36.694  -29.460  2.452 0.0000000000
64635  36.055  -29.441  2.426 0.0000000000
64636  35.237  -29.681  2.575 0.0000000000
64637  34.553  -29.799  2.572 0.0000000000
64638  34.124  -29.820  2.517 0.0000000000
64648  34.761  -29.386  2.270 0.0000000000
64649  34.262  -29.398  2.229 0.0000000000
64650  33.761  -29.587  2.175 0.0000000000
64664  33.388  -29.416  1.766 0.0000000000
64665  32.972  -29.171  1.395 0.0000000000
64684  32.648  -28.974  0.967 0.0000000000
64698  32.556  -28.785  0.424 0.0000000000
64711  34.965  -29.809  -0.017 0.0000000000
64712  34.350  -29.624  -0.044 0.0000000000
64713  33.417  -29.238  -0.163 0.0000000000
64714  32.685  -28.722  -0.227 0.0000000000
64721  36.589  -29.984  -1.102 0.0000000000
64722  36.266  -29.593  -0.724 0.0000000000
64723  35.153  -29.361  -0.334 0.0000000000
64724  34.007  -28.994  -0.501 0.0000000000
64725  33.167  -28.587  -0.879 0.0000000000
64726  32.694  -28.215  -0.980 0.0000000000
64732  36.815  -29.719  -1.318 0.0000000000
64733  36.683  -28.985  -1.029 0.0000000000
64734  34.600  -28.709  -0.659 0.0000000000
64735  33.886  -28.461  -1.037 0.0000000000
64736  33.294  -28.192  -1.389 0.0000000000
64744  37.284  -29.217  -1.629 0.0000000000
64745  37.079  -28.561  -1.394 0.0000000000
64754  38.196  -29.316  -2.936 0.0000000000
64755  37.740  -29.466  -2.455 0.0000000000
64763  40.017  -28.961  -5.005 0.0000000000
64764  39.536  -29.365  -4.645 0.0000000000
64765  38.730  -29.529  -3.728 0.0000000000
64775  49.840  -28.221  -3.636 0.0000000000
64776  48.737  -28.197  -3.739 0.0000000000
64777  47.598  -28.239  -4.186 0.0000000000
64778  46.473  -28.347  -4.625 0.0000000000
64779  45.459  -28.583  -5.187 0.0000000000
64780  44.296  -28.723  -5.931 0.0000000000
64781  43.257  -29.340  -6.454 0.0000000000
64782  42.602  -29.514  -6.599 0.0000000000
64783  40.134  -29.311  -5.573 0.0000000000
64784  39.591  -29.837  -5.250 0.0000000000
64793  51.961  -29.219  -5.991 0.0000000000
64794  51.514  -28.974  -5.095 0.0000000000
64795  50.621  -28.899  -3.994 0.0000000000
64796  44.009  -28.265  -6.599 0.0000000000
64797  43.448  -28.574  -6.850 0.0000000000
64798  42.345  -28.839  -7.282 0.0000000000
64799  41.538  -28.947  -7.237 0.0000000000
64800  41.098  -28.928  -6.907 0.0000000000
64801  40.536  -29.374  -6.219 0.0000000000
64809  52.437  -28.780  -6.356 0.0000000000
64810  51.964  -28.904  -5.942 0.0000000000
64811  42.049  -28.290  -7.981 0.0000000000
64812  41.738  -28.471  -7.642 0.0000000000
64813  41.464  -28.592  -7.267 0.0000000000
65855  42.044  -27.343  1.923 0.0000000000
65856  41.156  -27.834  1.925 0.0000000000
65857  40.412  -28.350  1.794 0.0000000000
65858  39.684  -28.564  2.071 0.0000000000
65859  38.906  -28.599  2.345 0.0000000000
65860  37.934  -28.885  1.992 0.0000000000
65861  37.176  -29.307  2.191 0.0000000000
65869  37.652  -28.407  1.438 0.0000000000
65870  36.775  -28.725  1.521 0.0000000000
65871  35.590  -29.029  1.903 0.0000000000
65872  35.076  -29.223  2.139 0.0000000000
65881  36.381  -28.032  0.901 0.0000000000
65882  35.666  -28.126  1.072 0.0000000000
65883  34.737  -28.781  1.735 0.0000000000
65884  33.877  -28.963  1.864 0.0000000000
65885  33.548  -29.189  1.833 0.0000000000
65895  35.285  -27.659  0.704 0.0000000000
65896  34.755  -27.884  0.959 0.0000000000
65897  33.985  -28.213  1.269 0.0000000000
65898  33.308  -28.702  1.468 0.0000000000
65899  32.816  -28.530  0.992 0.0000000000
65914  34.392  -27.643  0.813 0.0000000000
65915  34.256  -27.822  0.965 0.0000000000
65916  32.572  -28.268  0.530 0.0000000000
65926  32.393  -28.104  -0.037 0.0000000000
65936  32.441  -27.884  -0.741 0.0000000000
65942  35.779  -28.798  -0.752 0.0000000000
65943  35.133  -28.730  -0.649 0.0000000000
65944  32.891  -28.030  -1.441 0.0000000000
65945  32.643  -27.601  -1.385 0.0000000000
65951  36.269  -28.171  -1.205 0.0000000000
65952  34.907  -28.188  -1.092 0.0000000000
65953  33.825  -27.914  -1.459 0.0000000000
65954  33.174  -27.684  -1.777 0.0000000000
65955  32.838  -27.485  -1.780 0.0000000000
65961  38.155  -28.179  -2.205 0.0000000000
65962  37.754  -28.467  -1.964 0.0000000000
65963  37.086  -28.023  -1.522 0.0000000000
65964  33.676  -27.415  -1.796 0.0000000000
65965  33.282  -27.206  -2.085 0.0000000000
65973  38.449  -28.585  -2.708 0.0000000000
65974  38.027  -28.947  -2.503 0.0000000000
65982  40.202  -28.635  -4.850 0.0000000000
65983  39.908  -28.684  -4.395 0.0000000000
65984  39.327  -28.678  -3.598 0.0000000000
65992  49.950  -27.668  -3.700 0.0000000000
65993  49.166  -27.541  -3.871 0.0000000000
65994  48.057  -27.500  -4.332 0.0000000000
65995  46.899  -27.558  -4.793 0.0000000000
65996  45.879  -27.783  -5.380 0.0000000000
65997  45.071  -28.062  -5.748 0.0000000000
65998  40.392  -28.644  -5.443 0.0000000000
66008  51.644  -28.360  -4.809 0.0000000000
66009  50.894  -28.069  -3.961 0.0000000000
66010  45.303  -27.544  -6.001 0.0000000000
66011  44.558  -27.765  -6.537 0.0000000000
66012  43.812  -28.029  -7.182 0.0000000000
66013  43.106  -28.215  -7.579 0.0000000000
66014  41.194  -28.594  -6.976 0.0000000000
66015  40.890  -28.599  -6.550 0.0000000000
66029  52.206  -28.414  -5.791 0.0000000000
66030  44.169  -27.526  -7.344 0.0000000000
66031  43.495  -27.582  -7.862 0.0000000000
66032  42.521  -27.815  -8.171 0.0000000000
66033  41.840  -27.858  -8.174 0.0000000000
66034  41.444  -28.197  -7.405 0.0000000000
66035  41.348  -28.039  -7.153 0.0000000000
66046  42.163  -27.408  -8.465 0.0000000000
66047  41.874  -27.286  -8.433 0.0000000000
67028  42.963  -26.188  2.394 0.0000000000
67029  41.955  -26.523  2.185 0.0000000000
67030  41.099  -27.317  1.773 0.0000000000
67031  40.321  -27.672  1.686 0.0000000000
67032  39.563  -28.009  1.721 0.0000000000
67033  38.839  -28.242  1.697 0.0000000000
67045  41.572  -26.405  2.029 0.0000000000
67046  41.035  -26.702  1.707 0.0000000000
67047  40.251  -26.976  1.479 0.0000000000
67048  39.323  -27.480  1.337 0.0000000000
67049  38.325  -27.846  1.286 0.0000000000
67050  37.523  -27.945  1.060 0.0000000000
67060  39.831  -26.695  1.154 0.0000000000
67061  39.075  -26.839  0.733 0.0000000000
67062  37.931  -27.072  0.588 0.0000000000
67063  36.876  -27.488  0.589 0.0000000000
67064  36.171  -27.593  0.585 0.0000000000
67075  36.281  -27.047  0.175 0.0000000000
67076  35.593  -27.178  0.275 0.0000000000
67077  35.068  -27.413  0.535 0.0000000000
67078  33.786  -27.936  1.036 0.0000000000
67079  33.495  -28.007  1.049 0.0000000000
67080  33.055  -28.097  0.955 0.0000000000
67093  35.003  -26.946  0.256 0.0000000000
67094  34.607  -27.324  0.564 0.0000000000
67095  33.922  -27.498  0.723 0.0000000000
67096  33.231  -27.385  0.605 0.0000000000
67097  32.832  -27.531  0.532 0.0000000000
67106  34.674  -26.851  0.321 0.0000000000
67107  34.318  -26.920  0.439 0.0000000000
67108  33.934  -26.768  0.441 0.0000000000
67109  32.544  -27.352  0.142 0.0000000000
67116  32.428  -27.223  -0.466 0.0000000000
67122  32.432  -27.041  -1.226 0.0000000000
67127  37.751  -27.241  -1.878 0.0000000000
67128  37.402  -27.295  -1.837 0.0000000000
67129  36.673  -27.488  -1.616 0.0000000000
67130  35.443  -27.382  -1.520 0.0000000000
67131  34.409  -27.438  -1.611 0.0000000000
67132  32.939  -27.205  -2.076 0.0000000000
67133  32.693  -26.725  -2.044 0.0000000000
67140  39.627  -26.988  -3.069 0.0000000000
67141  39.269  -27.291  -2.772 0.0000000000
67142  38.215  -27.533  -2.094 0.0000000000
67143  37.417  -27.758  -1.705 0.0000000000
67144  37.075  -27.759  -1.613 0.0000000000
67145  34.770  -26.950  -1.823 0.0000000000
67146  33.937  -26.844  -2.078 0.0000000000
67147  33.123  -26.655  -2.398 0.0000000000
67148  32.857  -26.294  -2.488 0.0000000000
67155  39.907  -27.429  -3.530 0.0000000000
67156  39.486  -27.796  -3.277 0.0000000000
67157  39.097  -28.028  -2.882 0.0000000000
67165  40.431  -28.111  -4.599 0.0000000000
67166  39.778  -28.158  -3.774 0.0000000000
67167  39.428  -28.159  -3.378 0.0000000000
67174  51.053  -26.957  -4.018 0.0000000000
67175  49.950  -27.050  -3.903 0.0000000000
67176  48.634  -26.850  -4.367 0.0000000000
67177  47.367  -26.628  -5.070 0.0000000000
67178  46.283  -27.087  -5.605 0.0000000000
67179  45.718  -27.326  -5.902 0.0000000000
67180  40.837  -28.107  -5.873 0.0000000000
67189  51.806  -27.788  -4.641 0.0000000000
67190  50.960  -27.437  -3.994 0.0000000000
67191  47.104  -26.180  -5.757 0.0000000000
67192  46.527  -26.448  -6.014 0.0000000000
67193  45.422  -26.865  -6.726 0.0000000000
67194  44.628  -27.275  -7.131 0.0000000000
67195  41.214  -27.993  -6.756 0.0000000000
67207  52.405  -27.953  -5.626 0.0000000000
67208  45.043  -26.397  -7.701 0.0000000000
67209  44.335  -26.861  -7.823 0.0000000000
67210  43.194  -26.896  -8.508 0.0000000000
67211  42.515  -27.234  -8.497 0.0000000000
67212  41.648  -27.436  -8.111 0.0000000000
67213  41.501  -27.508  -7.657 0.0000000000
67214  41.433  -27.833  -7.236 0.0000000000
67228  42.954  -26.472  -8.641 0.0000000000
67229  42.381  -26.867  -8.582 0.0000000000
67230  41.803  -26.978  -8.375 0.0000000000
67231  41.637  -27.135  -8.132 0.0000000000
68186  42.724  -24.581  4.374 0.0000000000
68187  42.026  -24.385  4.566 0.0000000000
68188  41.782  -24.371  4.028 0.0000000000
68200  42.823  -25.376  3.229 0.0000000000
68201  41.986  -25.429  2.837 0.0000000000
68202  41.738  -24.856  3.176 0.0000000000
68212  41.477  -26.104  2.066 0.0000000000
68213  41.165  -25.745  1.743 0.0000000000
68214  40.403  -26.340  1.242 0.0000000000
68224  40.697  -25.384  1.350 0.0000000000
68225  40.072  -25.812  0.844 0.0000000000
68226  38.440  -25.687  0.127 0.0000000000
68227  37.192  -26.383  0.098 0.0000000000
68228  36.627  -26.751  0.117 0.0000000000
68240  37.827  -24.912  -0.360 0.0000000000
68241  37.130  -25.219  -0.449 0.0000000000
68242  36.062  -26.029  -0.375 0.0000000000
68243  35.130  -26.301  -0.149 0.0000000000
68253  34.788  -26.497  0.117 0.0000000000
68254  33.480  -26.399  0.448 0.0000000000
68255  33.040  -26.260  0.525 0.0000000000
68256  32.823  -26.280  0.378 0.0000000000
68264  34.511  -26.543  0.243 0.0000000000
68265  34.162  -26.492  0.317 0.0000000000
68266  33.857  -26.442  0.356 0.0000000000
68267  32.558  -26.340  -0.113 0.0000000000
68272  32.393  -26.303  -0.853 0.0000000000
68278  32.430  -26.152  -1.678 0.0000000000
68283  37.513  -26.934  -1.965 0.0000000000
68284  36.735  -26.849  -1.966 0.0000000000
68285  35.833  -26.808  -1.822 0.0000000000
68286  35.230  -26.858  -1.836 0.0000000000
68287  32.546  -25.848  -2.297 0.0000000000
68294  39.422  -26.718  -2.779 0.0000000000
68295  38.784  -26.566  -2.469 0.0000000000
68296  37.854  -26.499  -2.214 0.0000000000
68297  36.960  -26.351  -2.302 0.0000000000
68298  36.018  -26.247  -2.229 0.0000000000
68299  34.880  -26.343  -2.235 0.0000000000
68300  33.692  -25.972  -2.718 0.0000000000
68301  33.034  -25.969  -2.809 0.0000000000
68302  32.739  -25.787  -2.676 0.0000000000
68309  39.955  -26.604  -3.184 0.0000000000
68310  39.441  -26.229  -2.694 0.0000000000
68311  33.538  -25.492  -3.144 0.0000000000
68312  33.242  -25.481  -3.193 0.0000000000
68313  32.873  -25.447  -3.119 0.0000000000
68321  41.361  -27.058  -4.923 0.0000000000
68322  40.745  -27.105  -4.107 0.0000000000
68330  51.395  -26.346  -4.041 0.0000000000
68331  49.991  -26.077  -4.258 0.0000000000
68332  49.129  -26.352  -4.451 0.0000000000
68333  48.293  -26.214  -4.860 0.0000000000
68334  41.502  -27.276  -5.644 0.0000000000
68335  41.066  -27.602  -5.230 0.0000000000
68344  52.118  -27.149  -4.362 0.0000000000
68345  49.490  -25.592  -4.652 0.0000000000
68346  48.834  -25.669  -4.933 0.0000000000
68347  47.686  -25.764  -5.734 0.0000000000
68348  46.888  -25.901  -6.328 0.0000000000
68349  46.195  -26.073  -6.785 0.0000000000
68350  41.774  -27.193  -6.266 0.0000000000
68351  41.378  -27.613  -6.321 0.0000000000
68362  47.247  -25.452  -6.556 0.0000000000
68363  46.607  -25.464  -7.126 0.0000000000
68364  45.657  -25.805  -7.753 0.0000000000
68365  44.800  -26.077  -8.257 0.0000000000
68366  44.060  -26.270  -8.502 0.0000000000
68367  41.733  -27.183  -7.170 0.0000000000
68368  41.483  -27.654  -7.076 0.0000000000
68385  45.198  -25.538  -8.348 0.0000000000
68386  44.517  -25.647  -8.498 0.0000000000
68387  43.567  -26.008  -8.630 0.0000000000
68388  42.846  -26.217  -8.585 0.0000000000
68389  42.278  -26.532  -8.371 0.0000000000
68390  41.748  -26.764  -8.044 0.0000000000
69481  41.638  -24.117  4.833 0.0000000000
69482  41.310  -23.820  4.401 0.0000000000
69483  34.532  -22.334  3.894 0.0000000000
69484  34.461  -22.535  3.839 0.0000000000
69494  41.535  -24.315  3.604 0.0000000000
69495  41.181  -23.917  2.867 0.0000000000
69496  41.016  -23.644  1.847 0.0000000000
69497  34.619  -22.535  3.543 0.0000000000
69498  34.454  -22.859  3.407 0.0000000000
69499  34.282  -23.111  3.288 0.0000000000
69508  41.535  -24.642  2.313 0.0000000000
69509  41.215  -24.279  1.676 0.0000000000
69510  40.498  -23.971  1.232 0.0000000000
69511  34.609  -22.832  2.559 0.0000000000
69512  34.337  -23.233  2.405 0.0000000000
69513  34.105  -23.386  2.719 0.0000000000
69523  41.080  -24.993  1.621 0.0000000000
69524  40.522  -24.851  1.192 0.0000000000
69525  39.611  -24.570  0.419 0.0000000000
69526  35.479  -23.539  0.228 0.0000000000
69527  34.892  -23.430  0.982 0.0000000000
69528  34.245  -23.884  1.416 0.0000000000
69529  33.858  -23.793  1.882 0.0000000000
69530  33.595  -23.794  1.904 0.0000000000
69540  38.359  -24.452  -0.149 0.0000000000
69541  37.321  -24.219  -0.458 0.0000000000
69542  35.919  -24.019  -0.419 0.0000000000
69543  34.787  -24.959  -0.008 0.0000000000
69544  34.028  -24.710  0.873 0.0000000000
69545  33.511  -24.523  1.415 0.0000000000
69546  33.274  -24.115  1.773 0.0000000000
69547  32.959  -24.135  1.754 0.0000000000
69549  34.636  -25.969  -0.061 0.0000000000
69550  34.222  -25.560  0.202 0.0000000000
69551  33.645  -25.405  0.611 0.0000000000
69552  33.135  -25.226  1.013 0.0000000000
69553  32.931  -24.897  1.131 0.0000000000
69555  34.599  -26.313  0.099 0.0000000000
69556  34.345  -26.172  0.124 0.0000000000
69557  33.911  -26.076  0.254 0.0000000000
69558  32.655  -25.291  0.453 0.0000000000
69561  32.482  -25.416  -0.344 0.0000000000
69564  32.420  -25.415  -1.255 0.0000000000
69568  32.417  -25.327  -2.139 0.0000000000
69574  38.152  -25.990  -2.527 0.0000000000
69575  37.319  -25.831  -2.581 0.0000000000
69576  36.369  -25.675  -2.565 0.0000000000
69577  35.346  -25.609  -2.609 0.0000000000
69578  34.329  -25.563  -2.870 0.0000000000
69579  33.778  -25.516  -3.084 0.0000000000
69580  32.543  -25.207  -2.852 0.0000000000
69586  41.134  -25.532  -3.212 0.0000000000
69587  40.058  -25.670  -2.746 0.0000000000
69588  38.891  -25.620  -2.650 0.0000000000
69589  37.788  -25.326  -2.891 0.0000000000
69590  36.789  -25.144  -2.920 0.0000000000
69591  35.787  -24.999  -2.875 0.0000000000
69592  34.774  -24.985  -3.085 0.0000000000
69593  33.672  -25.001  -3.517 0.0000000000
69594  32.954  -24.864  -3.643 0.0000000000
69595  32.707  -25.155  -3.232 0.0000000000
69602  41.444  -26.354  -4.276 0.0000000000
69603  40.660  -26.251  -3.448 0.0000000000
69604  33.319  -24.532  -4.018 0.0000000000
69605  33.142  -24.687  -3.928 0.0000000000
69615  49.826  -25.525  -4.505 0.0000000000
69616  42.559  -26.305  -6.001 0.0000000000
69617  41.884  -26.774  -5.521 0.0000000000
69626  49.356  -25.059  -4.897 0.0000000000
69627  48.238  -24.900  -6.035 0.0000000000
69628  47.646  -25.255  -6.384 0.0000000000
69629  42.474  -26.124  -7.123 0.0000000000
69630  42.123  -26.753  -6.638 0.0000000000
69641  48.030  -24.491  -6.945 0.0000000000
69642  47.425  -24.866  -7.130 0.0000000000
69643  46.425  -24.937  -8.056 0.0000000000
69644  45.664  -25.284  -8.260 0.0000000000
69645  42.337  -26.130  -7.803 0.0000000000
69646  42.038  -26.558  -7.567 0.0000000000
69658  46.193  -24.612  -8.186 0.0000000000
69659  45.416  -25.009  -8.375 0.0000000000
69660  44.316  -25.301  -8.443 0.0000000000
69661  43.401  -25.612  -8.462 0.0000000000
69662  42.716  -25.951  -8.388 0.0000000000
69663  42.268  -26.283  -8.155 0.0000000000
69664  41.988  -26.386  -7.966 0.0000000000
70702  35.292  -21.204  4.529 0.0000000000
70703  35.112  -21.531  4.854 0.0000000000
70704  34.964  -21.693  5.030 0.0000000000
70714  40.935  -23.287  3.961 0.0000000000
70715  35.202  -21.249  3.941 0.0000000000
70716  35.078  -21.670  3.676 0.0000000000
70717  34.591  -21.905  4.164 0.0000000000
70718  34.435  -22.282  4.110 0.0000000000
70719  34.303  -22.349  4.447 0.0000000000
70726  40.689  -23.202  2.605 0.0000000000
70727  40.531  -23.124  1.529 0.0000000000
70728  35.181  -22.140  2.417 0.0000000000
70729  34.883  -22.361  3.084 0.0000000000
70730  34.364  -22.877  3.680 0.0000000000
70731  34.240  -22.818  3.874 0.0000000000
70740  39.615  -23.412  0.887 0.0000000000
70741  35.295  -22.499  1.356 0.0000000000
70742  34.903  -22.667  1.883 0.0000000000
70743  33.947  -23.281  3.079 0.0000000000
70744  33.752  -23.192  3.142 0.0000000000
70755  38.823  -23.709  0.261 0.0000000000
70756  35.533  -23.016  0.398 0.0000000000
70757  35.148  -22.925  1.132 0.0000000000
70758  33.753  -23.535  2.289 0.0000000000
70759  33.641  -23.369  2.421 0.0000000000
70760  33.445  -23.250  2.408 0.0000000000
70770  37.862  -23.436  -0.094 0.0000000000
70771  36.784  -23.209  -0.392 0.0000000000
70772  36.118  -22.984  -0.235 0.0000000000
70773  33.415  -23.524  2.129 0.0000000000
70774  33.218  -23.535  1.995 0.0000000000
70776  32.883  -23.904  1.706 0.0000000000
70778  32.689  -24.293  1.102 0.0000000000
70781  32.514  -24.479  0.270 0.0000000000
70784  32.525  -24.564  -0.711 0.0000000000
70786  32.510  -24.600  -1.735 0.0000000000
70789  32.530  -24.576  -2.745 0.0000000000
70798  39.404  -24.752  -2.793 0.0000000000
70799  38.307  -24.702  -3.129 0.0000000000
70800  37.247  -24.585  -3.277 0.0000000000
70801  36.229  -24.477  -3.236 0.0000000000
70802  35.274  -24.425  -3.301 0.0000000000
70803  34.442  -24.513  -3.616 0.0000000000
70804  32.918  -24.540  -3.957 0.0000000000
70805  32.805  -24.401  -3.720 0.0000000000
70814  41.995  -25.505  -4.101 0.0000000000
70816  38.775  -23.953  -3.297 0.0000000000
70817  37.695  -23.896  -3.524 0.0000000000
70818  36.598  -23.843  -3.524 0.0000000000
70819  35.711  -23.938  -3.529 0.0000000000
70820  34.876  -23.914  -3.856 0.0000000000
70821  33.813  -24.165  -4.213 0.0000000000
70822  33.019  -24.170  -4.281 0.0000000000
70823  32.860  -23.598  -4.628 0.0000000000
70834  42.840  -25.704  -5.164 0.0000000000
70835  42.166  -26.161  -4.987 0.0000000000
70847  48.905  -24.409  -5.641 0.0000000000
70848  43.359  -25.173  -7.028 0.0000000000
70849  43.145  -25.581  -6.676 0.0000000000
70864  47.937  -24.253  -7.512 0.0000000000
70865  47.303  -24.373  -7.874 0.0000000000
70866  43.823  -24.842  -7.761 0.0000000000
70867  43.477  -25.079  -7.483 0.0000000000
70868  42.800  -25.631  -7.616 0.0000000000
70881  46.906  -24.179  -8.080 0.0000000000
70882  46.084  -24.406  -8.123 0.0000000000
70883  45.152  -24.748  -8.209 0.0000000000
70884  44.041  -24.938  -8.059 0.0000000000
70885  43.135  -25.459  -8.106 0.0000000000
70886  42.604  -25.843  -8.086 0.0000000000
71806  35.699  -20.834  6.287 0.0000000000
71807  35.515  -20.895  6.254 0.0000000000
71821  35.611  -20.740  4.881 0.0000000000
71822  35.518  -20.947  5.606 0.0000000000
71823  35.222  -21.327  5.758 0.0000000000
71824  34.920  -21.498  5.727 0.0000000000
71825  34.558  -21.544  5.566 0.0000000000
71837  35.415  -20.851  3.951 0.0000000000
71838  35.268  -21.259  3.510 0.0000000000
71839  34.773  -21.653  5.149 0.0000000000
71840  34.649  -21.728  4.896 0.0000000000
71841  34.470  -21.877  4.957 0.0000000000
71851  40.600  -22.527  3.262 0.0000000000
71852  40.524  -22.559  2.061 0.0000000000
71853  35.384  -20.946  3.179 0.0000000000
71854  35.350  -21.459  2.706 0.0000000000
71855  34.384  -22.053  4.448 0.0000000000
71863  40.299  -21.915  2.100 0.0000000000
71864  39.717  -22.340  1.396 0.0000000000
71865  35.471  -21.894  1.661 0.0000000000
71866  34.299  -22.491  3.959 0.0000000000
71867  33.878  -22.872  3.639 0.0000000000
71875  38.583  -22.579  0.512 0.0000000000
71876  35.640  -22.257  0.780 0.0000000000
71877  33.570  -23.019  3.108 0.0000000000
71878  33.343  -23.060  2.605 0.0000000000
71884  37.328  -22.445  0.059 0.0000000000
71885  36.514  -22.453  -0.058 0.0000000000
71886  35.960  -22.416  0.176 0.0000000000
71887  33.137  -23.250  2.149 0.0000000000
71889  32.912  -23.466  1.633 0.0000000000
71891  32.734  -23.614  0.869 0.0000000000
71894  32.750  -23.672  -0.083 0.0000000000
71897  32.842  -23.785  -1.136 0.0000000000
71899  32.860  -23.856  -2.250 0.0000000000
71902  32.795  -23.709  -3.358 0.0000000000
71910  32.747  -23.304  -4.388 0.0000000000
71918  43.413  -25.270  -4.905 0.0000000000
71923  36.963  -23.033  -3.675 0.0000000000
71924  35.668  -23.158  -3.914 0.0000000000
71925  34.470  -23.245  -4.536 0.0000000000
71926  33.462  -23.283  -5.035 0.0000000000
71927  32.934  -23.166  -5.151 0.0000000000
71928  32.736  -22.751  -5.297 0.0000000000
71941  44.017  -25.151  -5.423 0.0000000000
71942  43.459  -25.481  -5.859 0.0000000000
71943  33.056  -22.808  -5.704 0.0000000000
71944  32.881  -22.520  -5.874 0.0000000000
71945  32.678  -22.187  -6.009 0.0000000000
71957  44.528  -24.850  -6.227 0.0000000000
71958  43.657  -25.133  -6.737 0.0000000000
71959  43.424  -25.422  -6.429 0.0000000000
71972  44.119  -24.773  -7.446 0.0000000000
71973  43.693  -24.910  -7.294 0.0000000000
71986  45.038  -24.554  -7.709 0.0000000000
71987  44.356  -24.716  -7.845 0.0000000000
72866  36.489  -20.257  7.624 0.0000000000
72867  36.316  -20.415  7.568 0.0000000000
72868  36.047  -20.580  7.469 0.0000000000
72878  36.690  -19.952  6.887 0.0000000000
72879  36.491  -20.266  7.052 0.0000000000
72880  36.026  -20.729  6.735 0.0000000000
72881  35.681  -20.669  6.740 0.0000000000
72882  35.454  -20.643  6.639 0.0000000000
72891  36.579  -20.079  6.465 0.0000000000
72892  36.145  -20.426  5.813 0.0000000000
72893  35.872  -20.751  6.148 0.0000000000
72894  35.255  -21.007  6.217 0.0000000000
72895  35.026  -21.116  6.259 0.0000000000
72896  34.716  -21.261  5.751 0.0000000000
72902  40.917  -22.321  4.017 0.0000000000
72903  35.873  -20.280  4.369 0.0000000000
72904  34.658  -21.545  5.205 0.0000000000
72911  40.370  -21.431  2.754 0.0000000000
72912  35.665  -20.374  3.171 0.0000000000
72913  35.541  -20.886  2.592 0.0000000000
72914  34.540  -21.816  4.686 0.0000000000
72919  39.495  -21.122  1.638 0.0000000000
72920  38.765  -21.652  1.211 0.0000000000
72921  35.916  -20.558  2.172 0.0000000000
72922  35.674  -21.243  1.848 0.0000000000
72923  34.300  -22.112  4.181 0.0000000000
72924  33.825  -22.413  3.764 0.0000000000
72929  38.474  -20.780  1.428 0.0000000000
72930  37.689  -21.335  0.919 0.0000000000
72931  36.491  -21.139  1.263 0.0000000000
72932  35.881  -21.744  1.020 0.0000000000
72933  33.525  -22.498  3.198 0.0000000000
72934  33.342  -22.783  2.609 0.0000000000
72937  36.836  -21.859  0.393 0.0000000000
72938  36.242  -21.954  0.460 0.0000000000
72939  35.915  -22.077  0.530 0.0000000000
72940  33.450  -22.305  2.804 0.0000000000
72941  33.278  -22.685  2.171 0.0000000000
72944  33.180  -22.840  1.397 0.0000000000
72946  33.254  -22.867  0.536 0.0000000000
72949  33.790  -22.362  -0.643 0.0000000000
72950  33.490  -22.733  -0.473 0.0000000000
72953  33.887  -22.423  -1.038 0.0000000000
72954  33.531  -23.123  -1.571 0.0000000000
72956  34.031  -22.492  -1.788 0.0000000000
72957  33.554  -22.932  -2.677 0.0000000000
72962  32.977  -22.733  -3.900 0.0000000000
72971  32.650  -22.323  -4.924 0.0000000000
72972  32.548  -21.876  -5.365 0.0000000000
72989  36.235  -22.077  -3.924 0.0000000000
72990  35.093  -22.130  -4.583 0.0000000000
72991  34.118  -22.507  -5.249 0.0000000000
72992  33.444  -22.551  -5.691 0.0000000000
72993  32.539  -22.002  -5.652 0.0000000000
72994  32.508  -21.781  -5.591 0.0000000000
73007  34.525  -21.722  -5.365 0.0000000000
73008  33.880  -21.818  -5.993 0.0000000000
73009  33.181  -22.167  -6.308 0.0000000000
73010  32.925  -21.859  -6.461 0.0000000000
73011  32.720  -21.489  -6.396 0.0000000000
73022  33.625  -21.485  -6.727 0.0000000000
73023  33.235  -21.458  -6.906 0.0000000000
73024  33.045  -21.122  -7.061 0.0000000000
73025  32.898  -20.848  -6.944 0.0000000000
73037  33.670  -21.105  -7.206 0.0000000000
73038  33.515  -20.843  -7.368 0.0000000000
73039  33.429  -20.538  -7.449 0.0000000000
73917  37.341  -19.269  8.716 0.0000000000
73918  37.071  -19.502  8.710 0.0000000000
73919  36.671  -19.717  8.537 0.0000000000
73929  37.239  -19.473  8.216 0.0000000000
73930  36.691  -19.953  8.013 0.0000000000
73931  36.264  -20.224  8.119 0.0000000000
73932  35.932  -20.424  7.758 0.0000000000
73933  35.711  -20.350  7.665 0.0000000000
73943  36.934  -19.704  7.313 0.0000000000
73944  36.630  -20.060  7.555 0.0000000000
73945  35.682  -20.479  7.177 0.0000000000
73946  35.495  -20.407  6.978 0.0000000000
73956  36.814  -19.664  6.501 0.0000000000
73957  36.607  -19.798  5.846 0.0000000000
73958  35.081  -20.759  6.532 0.0000000000
73959  34.737  -21.024  6.068 0.0000000000
73968  36.672  -19.037  4.359 0.0000000000
73969  36.418  -19.571  4.783 0.0000000000
73970  34.546  -21.235  5.537 0.0000000000
73976  40.413  -20.339  2.705 0.0000000000
73977  39.769  -20.327  1.909 0.0000000000
73978  36.573  -19.190  3.695 0.0000000000
73979  36.149  -19.743  3.584 0.0000000000
73980  34.408  -21.395  4.953 0.0000000000
73982  39.538  -19.488  1.972 0.0000000000
73983  38.790  -19.785  1.643 0.0000000000
73984  36.538  -19.468  2.977 0.0000000000
73985  36.222  -19.907  2.598 0.0000000000
73986  34.231  -21.586  4.312 0.0000000000
73987  33.799  -21.973  3.787 0.0000000000
73989  37.922  -20.024  1.497 0.0000000000
73990  37.195  -20.342  1.553 0.0000000000
73991  36.526  -20.233  1.945 0.0000000000
73992  34.013  -21.439  4.011 0.0000000000
73993  33.786  -21.720  3.366 0.0000000000
73995  33.612  -21.752  2.516 0.0000000000
73996  33.474  -22.198  1.833 0.0000000000
73999  33.656  -21.554  1.844 0.0000000000
74000  33.583  -22.033  1.146 0.0000000000
74003  33.884  -21.671  0.139 0.0000000000
74004  33.694  -22.084  0.231 0.0000000000
74007  33.957  -21.948  -0.381 0.0000000000
74008  33.699  -22.245  -0.216 0.0000000000
74011  34.271  -21.819  -1.281 0.0000000000
74014  34.248  -21.925  -2.251 0.0000000000
74015  33.765  -21.982  -3.307 0.0000000000
74022  33.311  -21.823  -4.309 0.0000000000
74032  32.815  -21.526  -5.121 0.0000000000
74033  32.574  -21.629  -5.412 0.0000000000
74052  35.857  -21.096  -4.390 0.0000000000
74053  35.151  -21.108  -5.123 0.0000000000
74054  32.657  -21.320  -5.738 0.0000000000
74055  32.534  -21.550  -5.642 0.0000000000
74066  34.583  -21.033  -5.996 0.0000000000
74067  34.123  -21.269  -6.640 0.0000000000
74068  32.816  -20.702  -6.479 0.0000000000
74078  34.457  -20.594  -6.953 0.0000000000
74079  34.003  -21.065  -7.128 0.0000000000
74080  33.268  -20.359  -7.373 0.0000000000
74081  33.033  -20.218  -7.047 0.0000000000
74091  34.805  -19.284  -7.675 0.0000000000
74092  34.648  -19.844  -7.594 0.0000000000
74093  34.065  -20.479  -7.663 0.0000000000
74094  33.759  -20.182  -7.901 0.0000000000
74095  33.538  -20.134  -7.759 0.0000000000
74104  34.806  -19.057  -7.813 0.0000000000
74105  34.677  -19.273  -7.955 0.0000000000
74106  34.380  -19.651  -8.127 0.0000000000
74107  34.066  -19.810  -8.210 0.0000000000
74946  37.452  -18.816  9.083 0.0000000000
74947  36.983  -19.181  9.034 0.0000000000
74948  36.380  -19.592  8.638 0.0000000000
74949  36.115  -19.512  8.649 0.0000000000
74958  37.633  -18.883  8.466 0.0000000000
74959  36.085  -20.159  8.258 0.0000000000
74960  35.888  -19.996  8.281 0.0000000000
74961  35.589  -20.161  7.752 0.0000000000
74971  37.572  -18.939  7.514 0.0000000000
74972  35.413  -20.147  7.257 0.0000000000
74984  37.262  -18.985  6.340 0.0000000000
74985  36.843  -19.341  5.872 0.0000000000
74986  35.069  -20.359  6.717 0.0000000000
74987  34.696  -20.580  6.187 0.0000000000
74999  36.934  -18.889  5.053 0.0000000000
75000  36.679  -19.385  5.416 0.0000000000
75001  34.473  -20.695  5.691 0.0000000000
75008  39.855  -18.933  2.536 0.0000000000
75009  36.979  -18.727  3.874 0.0000000000
75010  34.317  -20.762  5.129 0.0000000000
75012  38.774  -18.727  1.931 0.0000000000
75013  38.054  -18.922  1.745 0.0000000000
75014  37.190  -19.087  2.644 0.0000000000
75015  36.699  -19.616  2.479 0.0000000000
75016  34.264  -20.817  4.502 0.0000000000
75018  37.439  -19.536  1.742 0.0000000000
75019  36.922  -19.739  2.029 0.0000000000
75020  36.577  -19.860  2.230 0.0000000000
75021  34.282  -20.895  3.843 0.0000000000
75022  34.226  -20.945  3.116 0.0000000000
75024  34.016  -20.861  2.316 0.0000000000
75026  33.872  -20.980  1.369 0.0000000000
75027  33.783  -21.547  0.698 0.0000000000
75030  34.064  -21.091  0.369 0.0000000000
75031  33.860  -21.594  0.374 0.0000000000
75035  34.389  -20.989  -0.591 0.0000000000
75038  34.483  -20.956  -1.594 0.0000000000
75041  34.260  -20.928  -2.740 0.0000000000
75042  33.765  -21.218  -3.667 0.0000000000
75049  34.008  -20.503  -3.523 0.0000000000
75050  33.533  -20.792  -4.380 0.0000000000
75063  33.166  -20.596  -5.219 0.0000000000
75083  35.615  -20.208  -4.803 0.0000000000
75084  35.218  -20.347  -5.627 0.0000000000
75085  33.040  -20.237  -5.899 0.0000000000
75099  34.935  -20.320  -6.349 0.0000000000
75100  33.114  -19.829  -6.563 0.0000000000
75111  34.985  -19.858  -6.929 0.0000000000
75112  33.320  -19.800  -7.485 0.0000000000
75113  33.258  -19.439  -7.158 0.0000000000
75123  34.936  -18.965  -7.621 0.0000000000
75124  34.954  -19.231  -7.307 0.0000000000
75125  33.709  -19.855  -8.088 0.0000000000
75126  33.570  -19.578  -8.018 0.0000000000
75134  34.964  -18.733  -8.016 0.0000000000
75135  34.630  -18.956  -8.369 0.0000000000
75136  34.313  -19.155  -8.558 0.0000000000
75137  33.961  -19.288  -8.561 0.0000000000
75138  33.775  -18.945  -8.638 0.0000000000
75144  35.058  -18.457  -8.619 0.0000000000
75145  34.778  -18.555  -8.916 0.0000000000
75146  34.463  -18.598  -9.055 0.0000000000
75147  34.223  -18.530  -9.190 0.0000000000
75956  38.545  -17.648  10.088 0.0000000000
75957  37.986  -17.853  10.156 0.0000000000
75958  37.722  -17.902  10.129 0.0000000000
75968  39.248  -17.412  9.116 0.0000000000
75969  38.560  -17.737  9.451 0.0000000000
75970  37.991  -18.138  9.666 0.0000000000
75971  37.439  -18.258  9.677 0.0000000000
75972  36.792  -18.723  9.327 0.0000000000
75973  36.293  -19.037  8.955 0.0000000000
75980  39.810  -16.818  7.723 0.0000000000
75981  39.221  -17.198  8.134 0.0000000000
75982  38.604  -17.697  8.550 0.0000000000
75983  38.062  -18.301  8.940 0.0000000000
75984  35.978  -19.291  8.673 0.0000000000
75985  35.665  -19.597  8.114 0.0000000000
75993  39.774  -16.689  7.126 0.0000000000
75994  39.346  -16.954  6.989 0.0000000000
75995  38.697  -17.569  7.461 0.0000000000
75996  38.122  -18.246  7.947 0.0000000000
75997  35.414  -19.653  7.427 0.0000000000
76006  39.175  -16.956  6.227 0.0000000000
76007  38.810  -17.339  6.434 0.0000000000
76008  38.129  -18.097  6.531 0.0000000000
76009  35.030  -19.746  6.663 0.0000000000
76010  34.619  -20.227  6.145 0.0000000000
76021  38.068  -17.875  4.457 0.0000000000
76022  37.599  -18.237  5.353 0.0000000000
76023  34.999  -19.349  6.420 0.0000000000
76024  34.590  -19.864  5.890 0.0000000000
76034  39.889  -17.986  3.013 0.0000000000
76035  38.775  -17.958  2.577 0.0000000000
76036  38.141  -18.123  3.378 0.0000000000
76037  37.564  -18.397  4.252 0.0000000000
76038  34.360  -20.097  5.089 0.0000000000
76042  38.373  -18.368  1.999 0.0000000000
76043  38.073  -18.401  2.408 0.0000000000
76044  37.586  -18.519  3.281 0.0000000000
76045  34.365  -19.947  4.401 0.0000000000
76046  34.371  -19.581  3.840 0.0000000000
76048  34.350  -20.267  3.652 0.0000000000
76049  34.356  -19.929  3.051 0.0000000000
76051  34.293  -19.949  2.081 0.0000000000
76053  34.173  -19.964  1.132 0.0000000000
76055  34.354  -19.985  0.158 0.0000000000
76059  34.587  -19.984  -0.837 0.0000000000
76062  34.594  -19.931  -1.877 0.0000000000
76065  34.345  -19.795  -2.856 0.0000000000
76071  33.893  -19.688  -3.834 0.0000000000
76072  33.535  -19.993  -4.640 0.0000000000
76084  33.579  -19.286  -4.411 0.0000000000
76085  33.397  -19.499  -5.170 0.0000000000
76106  35.522  -19.664  -5.341 0.0000000000
76107  33.325  -19.198  -5.951 0.0000000000
76123  35.596  -19.053  -5.595 0.0000000000
76124  35.303  -19.605  -6.154 0.0000000000
76125  33.383  -18.857  -6.633 0.0000000000
76139  35.491  -18.731  -6.349 0.0000000000
76140  35.153  -19.146  -6.854 0.0000000000
76141  33.394  -19.098  -7.744 0.0000000000
76142  33.433  -18.531  -7.284 0.0000000000
76146  35.237  -18.528  -7.303 0.0000000000
76147  35.077  -18.954  -7.141 0.0000000000
76148  33.556  -18.729  -8.357 0.0000000000
76153  35.604  -17.452  -8.754 0.0000000000
76154  35.420  -17.794  -8.394 0.0000000000
76155  33.961  -18.584  -9.084 0.0000000000
76156  33.726  -18.354  -8.947 0.0000000000
76163  35.627  -17.403  -9.066 0.0000000000
76164  35.290  -17.913  -9.174 0.0000000000
76165  34.969  -18.051  -9.463 0.0000000000
77069  40.538  -16.719  9.635 0.0000000000
77070  39.784  -16.879  9.909 0.0000000000
77071  39.079  -17.144  10.245 0.0000000000
77072  38.400  -17.361  10.470 0.0000000000
77073  37.689  -17.509  10.426 0.0000000000
77074  37.286  -17.306  10.436 0.0000000000
77083  41.970  -16.483  8.493 0.0000000000
77084  41.306  -16.788  8.750 0.0000000000
77085  40.625  -16.992  9.122 0.0000000000
77086  39.904  -17.101  9.469 0.0000000000
77087  39.209  -17.365  9.841 0.0000000000
77088  37.477  -17.872  10.100 0.0000000000
77089  37.110  -17.768  10.049 0.0000000000
77090  36.486  -18.105  9.371 0.0000000000
77091  36.270  -17.807  9.274 0.0000000000
77100  42.058  -16.404  7.981 0.0000000000
77101  41.378  -16.406  7.671 0.0000000000
77102  40.577  -16.800  8.217 0.0000000000
77103  39.906  -17.072  8.706 0.0000000000
77104  36.181  -18.778  8.952 0.0000000000
77105  36.035  -18.533  8.802 0.0000000000
77114  40.840  -15.886  6.286 0.0000000000
77115  40.240  -16.434  6.926 0.0000000000
77116  39.734  -16.641  6.747 0.0000000000
77117  35.653  -18.971  8.136 0.0000000000
77124  40.328  -15.992  5.482 0.0000000000
77125  39.598  -16.537  5.847 0.0000000000
77126  38.916  -16.961  5.578 0.0000000000
77127  38.514  -17.470  5.719 0.0000000000
77128  35.539  -18.889  7.566 0.0000000000
77138  39.337  -16.818  4.480 0.0000000000
77139  38.597  -17.310  4.668 0.0000000000
77140  38.110  -17.706  5.353 0.0000000000
77141  35.413  -18.829  6.866 0.0000000000
77142  35.110  -18.912  6.201 0.0000000000
77151  39.164  -17.390  3.574 0.0000000000
77152  38.587  -17.754  3.723 0.0000000000
77153  34.775  -19.137  5.320 0.0000000000
77159  34.618  -18.891  4.442 0.0000000000
77160  34.398  -18.887  3.618 0.0000000000
77162  34.356  -18.937  2.786 0.0000000000
77164  34.374  -18.928  1.893 0.0000000000
77166  34.478  -18.963  0.944 0.0000000000
77168  34.582  -18.970  -0.054 0.0000000000
77172  34.658  -18.934  -1.082 0.0000000000
77175  34.763  -18.875  -2.138 0.0000000000
77178  34.447  -18.762  -3.091 0.0000000000
77182  33.909  -18.651  -3.910 0.0000000000
77196  33.603  -18.612  -4.610 0.0000000000
77197  33.518  -18.452  -5.301 0.0000000000
77219  33.503  -18.124  -6.005 0.0000000000
77234  33.507  -17.810  -6.719 0.0000000000
77245  35.706  -17.848  -6.628 0.0000000000
77246  33.460  -18.223  -7.927 0.0000000000
77247  33.518  -17.569  -7.388 0.0000000000
77256  35.651  -17.461  -7.516 0.0000000000
77257  33.575  -17.892  -8.567 0.0000000000
77263  35.765  -17.136  -8.787 0.0000000000
77264  35.780  -16.984  -8.199 0.0000000000
78212  40.245  -16.283  9.943 0.0000000000
78213  40.011  -16.387  9.961 0.0000000000
78225  42.397  -15.776  9.275 0.0000000000
78226  42.015  -15.999  9.434 0.0000000000
78227  41.283  -16.288  9.690 0.0000000000
78228  40.390  -16.398  9.902 0.0000000000
78229  39.613  -16.579  10.099 0.0000000000
78230  38.848  -16.756  10.486 0.0000000000
78231  38.035  -16.804  10.679 0.0000000000
78232  37.304  -16.756  10.649 0.0000000000
78233  36.798  -16.579  10.611 0.0000000000
78241  42.404  -16.095  8.995 0.0000000000
78242  41.723  -16.446  9.216 0.0000000000
78243  41.138  -16.710  9.386 0.0000000000
78244  37.014  -17.115  10.453 0.0000000000
78245  36.602  -17.032  10.181 0.0000000000
78246  36.297  -17.168  9.706 0.0000000000
78253  43.058  -15.695  7.797 0.0000000000
78254  42.598  -16.078  8.060 0.0000000000
78255  42.022  -16.164  7.556 0.0000000000
78256  36.206  -17.394  9.239 0.0000000000
78263  42.833  -15.669  7.354 0.0000000000
78264  42.291  -15.719  7.039 0.0000000000
78265  41.582  -15.792  6.672 0.0000000000
78266  35.953  -17.945  8.487 0.0000000000
78276  35.843  -17.941  7.662 0.0000000000
78284  35.747  -17.937  6.724 0.0000000000
78285  35.372  -18.333  5.890 0.0000000000
78293  35.926  -17.661  6.002 0.0000000000
78294  35.404  -18.038  5.152 0.0000000000
78302  34.856  -17.922  4.130 0.0000000000
78303  34.439  -18.201  3.344 0.0000000000
78306  34.694  -17.513  3.448 0.0000000000
78307  34.408  -17.874  2.664 0.0000000000
78310  34.447  -17.915  1.697 0.0000000000
78312  34.654  -17.958  0.739 0.0000000000
78314  34.786  -17.965  -0.262 0.0000000000
78318  34.837  -17.866  -1.298 0.0000000000
78321  34.732  -17.778  -2.327 0.0000000000
78324  34.390  -17.645  -3.362 0.0000000000
78325  33.973  -17.111  -3.879 0.0000000000
78330  33.860  -17.854  -4.170 0.0000000000
78331  33.713  -17.151  -4.465 0.0000000000
78349  33.646  -17.886  -4.769 0.0000000000
78350  33.563  -17.316  -5.272 0.0000000000
78374  33.496  -17.024  -6.108 0.0000000000
78392  33.438  -16.693  -6.852 0.0000000000
78410  33.549  -17.345  -8.010 0.0000000000
78411  33.561  -16.737  -7.507 0.0000000000
78429  35.989  -16.701  -7.655 0.0000000000
78447  35.994  -16.567  -8.158 0.0000000000
79380  40.052  -16.137  9.992 0.0000000000
79381  39.821  -16.252  10.039 0.0000000000
79382  37.133  -15.715  10.855 0.0000000000
79383  36.898  -15.668  10.913 0.0000000000
79396  42.324  -15.576  9.399 0.0000000000
79397  41.844  -15.704  9.573 0.0000000000
79398  41.113  -15.912  9.872 0.0000000000
79399  40.272  -16.052  10.044 0.0000000000
79400  39.408  -16.193  10.282 0.0000000000
79401  38.356  -16.187  10.524 0.0000000000
79402  37.390  -15.979  10.804 0.0000000000
79403  36.749  -15.954  10.903 0.0000000000
79404  36.267  -16.055  10.712 0.0000000000
79405  35.790  -15.810  10.565 0.0000000000
79415  43.565  -15.251  8.973 0.0000000000
79416  42.878  -15.513  9.184 0.0000000000
79417  36.153  -16.461  10.249 0.0000000000
79418  35.895  -16.277  9.974 0.0000000000
79426  43.345  -15.575  8.343 0.0000000000
79427  42.801  -15.790  8.689 0.0000000000
79428  36.131  -16.621  9.276 0.0000000000
79437  36.253  -16.884  8.496 0.0000000000
79443  36.323  -16.902  7.619 0.0000000000
79449  36.432  -16.867  6.668 0.0000000000
79456  36.314  -16.922  5.579 0.0000000000
79457  35.707  -17.325  4.693 0.0000000000
79466  36.291  -16.657  4.721 0.0000000000
79467  35.478  -16.960  3.927 0.0000000000
79470  34.862  -16.836  3.045 0.0000000000
79471  34.532  -17.123  2.283 0.0000000000
79474  34.931  -16.422  2.353 0.0000000000
79475  34.685  -16.823  1.519 0.0000000000
79477  34.906  -17.012  0.548 0.0000000000
79479  35.064  -16.935  -0.404 0.0000000000
79483  34.992  -16.586  -1.404 0.0000000000
79486  34.682  -16.660  -2.543 0.0000000000
79490  34.261  -16.500  -3.373 0.0000000000
79491  33.848  -16.357  -4.017 0.0000000000
79503  33.632  -16.319  -4.733 0.0000000000
79527  33.464  -16.217  -5.520 0.0000000000
79546  33.333  -16.000  -6.257 0.0000000000
80554  37.246  -15.225  10.637 0.0000000000
80555  37.054  -15.365  10.813 0.0000000000
80556  36.441  -15.177  11.195 0.0000000000
80557  35.861  -14.917  11.379 0.0000000000
80570  42.951  -15.156  9.456 0.0000000000
80571  42.636  -15.213  9.458 0.0000000000
80572  41.790  -15.395  9.603 0.0000000000
80573  40.921  -15.555  9.820 0.0000000000
80574  39.872  -15.694  9.841 0.0000000000
80575  38.746  -15.633  10.049 0.0000000000
80576  37.599  -15.382  10.452 0.0000000000
80577  37.331  -15.609  10.719 0.0000000000
80578  36.166  -15.456  11.128 0.0000000000
80579  35.639  -15.200  11.098 0.0000000000
80580  35.215  -15.018  10.583 0.0000000000
80581  34.541  -14.320  10.564 0.0000000000
80589  43.220  -15.085  9.327 0.0000000000
80590  42.953  -15.230  9.422 0.0000000000
80591  35.540  -15.421  9.844 0.0000000000
80592  34.622  -14.426  10.058 0.0000000000
80598  35.927  -15.711  9.145 0.0000000000
80599  35.159  -14.739  9.471 0.0000000000
80600  34.467  -14.136  9.483 0.0000000000
80606  36.309  -15.856  8.397 0.0000000000
80607  35.596  -14.807  8.860 0.0000000000
80608  34.814  -14.312  9.098 0.0000000000
80615  36.607  -15.676  7.529 0.0000000000
80616  36.202  -15.026  8.272 0.0000000000
80624  36.943  -15.830  6.446 0.0000000000
80631  36.960  -15.881  5.369 0.0000000000
80639  36.654  -15.992  4.056 0.0000000000
80640  35.622  -16.517  3.443 0.0000000000
80646  36.749  -15.335  2.995 0.0000000000
80647  35.665  -16.136  2.912 0.0000000000
80650  36.760  -15.051  2.408 0.0000000000
80651  35.670  -15.568  1.841 0.0000000000
80652  34.914  -16.253  1.108 0.0000000000
80654  36.100  -15.266  0.558 0.0000000000
80655  35.232  -16.078  0.520 0.0000000000
80657  36.303  -15.134  -0.429 0.0000000000
80658  35.544  -15.903  -0.407 0.0000000000
80662  36.286  -15.066  -0.956 0.0000000000
80663  35.753  -15.434  -1.164 0.0000000000
80666  35.011  -15.636  -1.935 0.0000000000
80674  34.403  -15.651  -2.772 0.0000000000
80675  34.015  -15.555  -3.529 0.0000000000
80692  33.710  -15.463  -4.169 0.0000000000
80712  33.579  -15.392  -4.979 0.0000000000
81729  37.116  -14.883  10.649 0.0000000000
81730  36.606  -14.335  11.057 0.0000000000
81731  35.922  -14.314  11.453 0.0000000000
81732  35.244  -14.329  11.418 0.0000000000
81733  34.766  -13.997  11.372 0.0000000000
81745  43.031  -14.944  9.445 0.0000000000
81746  42.474  -15.015  9.514 0.0000000000
81747  41.656  -14.953  9.401 0.0000000000
81748  40.422  -15.135  9.372 0.0000000000
81749  39.169  -15.003  9.352 0.0000000000
81750  38.051  -14.700  9.736 0.0000000000
81751  37.367  -14.485  10.321 0.0000000000
81752  37.012  -14.381  10.652 0.0000000000
81753  35.160  -14.694  11.107 0.0000000000
81754  34.689  -14.205  11.065 0.0000000000
81781  34.942  -14.149  8.730 0.0000000000
81789  36.300  -14.654  7.858 0.0000000000
81790  35.567  -14.260  8.302 0.0000000000
81791  34.750  -13.660  8.336 0.0000000000
81797  36.844  -14.477  7.169 0.0000000000
81798  35.922  -13.918  7.762 0.0000000000
81799  35.298  -13.712  8.041 0.0000000000
81805  37.854  -14.074  5.827 0.0000000000
81806  37.452  -14.862  6.147 0.0000000000
81813  38.214  -13.989  5.046 0.0000000000
81814  37.709  -14.997  5.121 0.0000000000
81821  38.155  -13.691  4.066 0.0000000000
81822  37.500  -14.663  4.032 0.0000000000
81824  38.218  -13.522  3.463 0.0000000000
81825  37.771  -14.295  2.737 0.0000000000
81826  36.743  -14.895  2.114 0.0000000000
81828  37.777  -13.908  1.620 0.0000000000
81829  36.861  -14.694  1.547 0.0000000000
81832  37.485  -13.681  1.138 0.0000000000
81833  37.101  -14.352  0.477 0.0000000000
81837  36.765  -14.569  -0.875 0.0000000000
81838  36.254  -15.014  -1.232 0.0000000000
81842  36.784  -14.368  -1.476 0.0000000000
81843  36.158  -14.880  -1.801 0.0000000000
81854  35.089  -15.011  -2.621 0.0000000000
81855  34.301  -14.928  -3.261 0.0000000000
81869  33.781  -14.871  -3.719 0.0000000000
81886  33.606  -14.642  -4.369 0.0000000000
82941  36.581  -13.177  11.075 0.0000000000
82942  36.077  -13.437  11.453 0.0000000000
82943  35.466  -13.538  11.557 0.0000000000
82959  39.702  -14.376  8.786 0.0000000000
82960  38.477  -13.606  9.127 0.0000000000
82961  37.521  -13.647  9.943 0.0000000000
82962  37.012  -13.789  10.613 0.0000000000
83013  36.839  -13.861  7.018 0.0000000000
83014  36.314  -13.577  7.196 0.0000000000
83015  34.907  -13.140  7.586 0.0000000000
83022  37.726  -13.621  6.074 0.0000000000
83023  37.225  -13.606  6.593 0.0000000000
83024  35.840  -12.695  6.687 0.0000000000
83032  37.940  -13.163  5.811 0.0000000000
83033  36.980  -12.488  6.319 0.0000000000
83034  36.226  -12.203  6.324 0.0000000000
83042  38.524  -13.018  5.006 0.0000000000
83044  38.512  -12.788  4.009 0.0000000000
83045  38.426  -13.277  3.146 0.0000000000
83047  38.596  -12.560  3.293 0.0000000000
83048  38.647  -13.109  2.411 0.0000000000
83051  37.995  -12.999  1.488 0.0000000000
83052  37.473  -13.515  0.743 0.0000000000
83056  37.542  -12.814  0.762 0.0000000000
83057  37.396  -13.700  -0.091 0.0000000000
83061  37.437  -12.925  -0.080 0.0000000000
83062  37.239  -13.617  -1.128 0.0000000000
83063  36.730  -14.196  -1.905 0.0000000000
83075  36.933  -13.610  -2.028 0.0000000000
83076  36.238  -14.230  -2.775 0.0000000000
83077  34.989  -14.551  -3.256 0.0000000000
83091  35.486  -14.029  -3.578 0.0000000000
83092  34.356  -14.244  -3.939 0.0000000000
84166  38.234  -12.497  5.448 0.0000000000
84167  37.684  -12.070  5.780 0.0000000000
84177  38.480  -11.853  5.076 0.0000000000
84178  37.426  -11.208  5.454 0.0000000000
84181  38.650  -11.847  4.001 0.0000000000
84183  38.690  -11.929  3.073 0.0000000000
84184  39.021  -12.108  2.132 0.0000000000
84187  38.400  -11.964  1.514 0.0000000000
84191  37.588  -11.938  0.708 0.0000000000
84195  37.417  -12.292  -0.423 0.0000000000
84196  37.226  -12.730  -1.518 0.0000000000
84208  36.922  -13.065  -2.501 0.0000000000
84209  36.320  -13.329  -3.374 0.0000000000
84222  35.483  -13.423  -4.158 0.0000000000
85263  38.567  -11.317  4.507 0.0000000000
85264  38.092  -10.871  4.861 0.0000000000
85268  38.743  -10.950  3.936 0.0000000000
85269  37.993  -10.119  4.529 0.0000000000
85272  38.925  -11.236  2.865 0.0000000000
85273  39.301  -11.173  2.135 0.0000000000
85276  38.666  -10.939  1.613 0.0000000000
85280  37.701  -10.975  0.531 0.0000000000
85284  37.443  -11.430  -0.854 0.0000000000
85285  37.082  -12.103  -1.886 0.0000000000
85297  37.291  -11.383  -1.751 0.0000000000
85298  36.857  -12.032  -2.771 0.0000000000
85299  36.341  -12.657  -3.753 0.0000000000
86394  38.828  -10.713  3.326 0.0000000000
86395  38.611  -10.188  3.666 0.0000000000
86399  38.924  -10.639  2.931 0.0000000000
86400  38.989  -9.973  2.785 0.0000000000
