#!ascii label  , from subject subject001 vox2ras=TkReg
353
133432  40.240  42.108  14.392 0.0000000000
133433  39.153  42.530  14.227 0.0000000000
133434  38.134  42.545  14.150 0.0000000000
133435  37.503  42.671  14.035 0.0000000000
133451  40.789  42.647  13.870 0.0000000000
133452  39.974  42.900  13.831 0.0000000000
134097  36.806  42.622  14.308 0.0000000000
134098  36.590  42.838  14.304 0.0000000000
134107  38.492  43.113  13.557 0.0000000000
134108  37.821  43.343  13.341 0.0000000000
134109  37.055  42.991  13.842 0.0000000000
134110  36.767  42.934  14.042 0.0000000000
134122  41.429  43.079  13.192 0.0000000000
134123  40.484  43.440  13.072 0.0000000000
134124  39.285  43.444  13.268 0.0000000000
134125  38.478  43.520  13.147 0.0000000000
134137  42.096  43.690  12.355 0.0000000000
134138  41.208  43.688  12.503 0.0000000000
134750  36.815  43.985  13.598 0.0000000000
134751  36.609  43.624  14.080 0.0000000000
134755  37.846  43.963  12.988 0.0000000000
134756  37.171  43.877  13.377 0.0000000000
134757  36.762  43.248  13.848 0.0000000000
134760  40.769  43.875  12.376 0.0000000000
134761  40.132  44.115  12.491 0.0000000000
134762  38.708  44.111  12.798 0.0000000000
134773  41.434  44.372  12.024 0.0000000000
134774  40.688  44.748  12.209 0.0000000000
135334  37.085  44.675  14.076 0.0000000000
135335  36.568  44.036  14.432 0.0000000000
135339  37.082  44.470  13.661 0.0000000000
135340  36.668  44.245  14.016 0.0000000000
135343  38.074  44.662  12.882 0.0000000000
135344  37.588  44.765  13.229 0.0000000000
135347  39.819  44.931  12.394 0.0000000000
135348  38.905  45.015  12.568 0.0000000000
135356  42.525  45.461  11.808 0.0000000000
135357  41.460  45.336  12.067 0.0000000000
135358  40.679  45.309  12.266 0.0000000000
135811  33.810  46.661  18.634 0.0000000000
135812  33.334  46.773  18.652 0.0000000000
135813  33.075  46.868  18.642 0.0000000000
135821  34.005  46.613  18.211 0.0000000000
135822  33.369  46.627  18.119 0.0000000000
135823  32.827  46.839  18.144 0.0000000000
135824  32.503  47.001  17.895 0.0000000000
135831  34.055  46.771  17.703 0.0000000000
135832  33.417  46.702  17.581 0.0000000000
135833  32.762  46.749  17.477 0.0000000000
135834  32.259  46.982  17.425 0.0000000000
135835  31.842  47.154  17.117 0.0000000000
135840  33.973  47.065  17.412 0.0000000000
135841  33.501  46.937  17.133 0.0000000000
135842  32.687  46.858  16.831 0.0000000000
135843  32.135  46.951  16.793 0.0000000000
135844  31.843  47.086  16.882 0.0000000000
135847  38.746  46.311  14.404 0.0000000000
135849  32.308  47.035  16.409 0.0000000000
135850  32.098  47.059  16.403 0.0000000000
135853  38.485  46.350  14.162 0.0000000000
135854  37.954  45.583  14.165 0.0000000000
135858  37.710  45.379  13.807 0.0000000000
135861  38.231  45.533  13.162 0.0000000000
135862  37.874  45.420  13.473 0.0000000000
135866  40.541  46.443  12.742 0.0000000000
135867  39.694  45.951  12.766 0.0000000000
135868  38.763  45.688  12.900 0.0000000000
135874  42.348  46.425  12.192 0.0000000000
135875  41.214  46.187  12.430 0.0000000000
135876  40.360  45.703  12.504 0.0000000000
136304  34.656  47.704  20.411 0.0000000000
136305  34.082  47.624  20.629 0.0000000000
136306  33.620  47.904  20.834 0.0000000000
136317  35.014  47.578  19.784 0.0000000000
136318  34.299  47.231  19.843 0.0000000000
136319  33.744  47.397  19.974 0.0000000000
136320  33.414  47.799  20.217 0.0000000000
136331  35.825  48.431  18.835 0.0000000000
136332  35.280  47.670  19.068 0.0000000000
136333  34.442  46.937  18.994 0.0000000000
136334  33.825  46.924  19.202 0.0000000000
136335  33.283  47.193  19.110 0.0000000000
136336  33.222  47.764  19.545 0.0000000000
136346  35.856  48.883  18.276 0.0000000000
136347  35.104  47.851  18.368 0.0000000000
136348  34.557  47.042  18.341 0.0000000000
136349  32.893  47.003  18.539 0.0000000000
136350  32.708  47.301  18.319 0.0000000000
136351  32.279  47.558  17.817 0.0000000000
136357  35.686  49.566  17.529 0.0000000000
136358  34.870  48.434  17.664 0.0000000000
136359  34.447  47.308  17.739 0.0000000000
136360  32.349  47.125  17.742 0.0000000000
136361  31.997  47.351  17.439 0.0000000000
136367  35.382  49.791  17.021 0.0000000000
136368  34.665  49.287  16.828 0.0000000000
136369  33.733  47.967  16.992 0.0000000000
136370  32.890  47.317  16.481 0.0000000000
136371  32.507  47.093  16.431 0.0000000000
136372  31.736  47.287  16.498 0.0000000000
136373  31.463  47.494  16.693 0.0000000000
136374  31.119  47.839  16.379 0.0000000000
136377  40.499  49.019  14.796 0.0000000000
136378  39.820  47.874  14.609 0.0000000000
136379  34.348  49.441  16.151 0.0000000000
136380  33.801  48.992  16.092 0.0000000000
136381  32.881  48.322  15.518 0.0000000000
136382  32.275  47.399  15.868 0.0000000000
136383  31.815  47.363  16.005 0.0000000000
136384  31.399  47.567  15.993 0.0000000000
136385  31.095  47.797  16.016 0.0000000000
136388  39.035  47.259  14.144 0.0000000000
136389  38.362  46.343  14.010 0.0000000000
136390  32.666  48.606  14.057 0.0000000000
136391  32.217  48.000  14.669 0.0000000000
136392  31.782  47.769  15.054 0.0000000000
136393  31.408  47.740  15.293 0.0000000000
136394  31.117  47.867  15.403 0.0000000000
136398  38.953  47.090  13.853 0.0000000000
136399  38.302  46.195  13.910 0.0000000000
136400  32.923  48.716  13.008 0.0000000000
136401  32.350  48.380  13.602 0.0000000000
136402  31.852  48.013  14.072 0.0000000000
136403  31.378  47.947  14.367 0.0000000000
136404  31.161  47.897  14.926 0.0000000000
136408  39.358  47.564  13.609 0.0000000000
136409  38.694  46.510  13.556 0.0000000000
136410  38.310  46.059  13.710 0.0000000000
136411  33.957  48.550  11.758 0.0000000000
136412  33.387  48.816  12.161 0.0000000000
136413  32.821  48.748  12.696 0.0000000000
136414  32.161  48.485  13.227 0.0000000000
136415  31.704  48.119  13.763 0.0000000000
136421  41.737  48.480  13.379 0.0000000000
136422  40.482  47.519  13.227 0.0000000000
136423  39.483  46.824  13.314 0.0000000000
136424  38.826  46.383  13.272 0.0000000000
136425  35.226  48.247  10.654 0.0000000000
136426  34.436  47.995  10.957 0.0000000000
136427  33.885  48.358  11.329 0.0000000000
136428  33.359  48.827  11.860 0.0000000000
136429  32.855  48.887  12.258 0.0000000000
136435  42.116  47.441  12.777 0.0000000000
136436  41.189  47.138  12.927 0.0000000000
136437  38.157  49.766  9.202 0.0000000000
136438  36.950  49.066  9.581 0.0000000000
136439  35.826  48.437  9.930 0.0000000000
136440  34.875  48.040  10.295 0.0000000000
136441  34.173  47.929  10.606 0.0000000000
136442  33.693  48.455  11.033 0.0000000000
136443  33.324  48.936  11.646 0.0000000000
136456  39.811  50.609  8.345 0.0000000000
136457  39.098  50.065  8.503 0.0000000000
136458  37.999  49.448  8.875 0.0000000000
136459  36.743  48.890  9.289 0.0000000000
136460  35.570  48.358  9.690 0.0000000000
136461  34.514  48.087  10.018 0.0000000000
136462  33.957  48.002  10.455 0.0000000000
136476  41.440  50.828  7.314 0.0000000000
136477  40.400  50.925  7.672 0.0000000000
136478  39.223  50.085  8.093 0.0000000000
136479  37.991  49.521  8.554 0.0000000000
136480  36.517  48.929  9.083 0.0000000000
136481  35.369  48.573  9.487 0.0000000000
136482  34.713  48.336  9.639 0.0000000000
136496  42.133  50.781  6.725 0.0000000000
136497  40.646  50.872  7.221 0.0000000000
136498  39.464  50.247  7.828 0.0000000000
136499  38.558  49.868  8.180 0.0000000000
136508  40.801  50.867  7.027 0.0000000000
136509  40.068  50.846  7.567 0.0000000000
136887  36.629  49.206  20.564 0.0000000000
136888  35.452  48.384  20.682 0.0000000000
136889  34.551  48.118  21.144 0.0000000000
136904  36.861  49.238  19.821 0.0000000000
136905  35.876  48.369  19.850 0.0000000000
136920  36.934  49.543  19.006 0.0000000000
136921  36.139  48.567  19.315 0.0000000000
136933  37.726  50.723  18.484 0.0000000000
136934  36.669  50.009  18.161 0.0000000000
136935  33.091  47.951  19.091 0.0000000000
136936  32.563  47.841  18.185 0.0000000000
136944  37.479  50.907  17.877 0.0000000000
136945  36.630  50.514  17.512 0.0000000000
136946  31.867  47.863  17.533 0.0000000000
136947  31.274  48.053  17.138 0.0000000000
136953  35.911  50.335  17.072 0.0000000000
136954  35.340  50.138  16.618 0.0000000000
136955  31.452  47.721  17.110 0.0000000000
136956  31.058  47.972  16.709 0.0000000000
136959  40.965  49.995  14.921 0.0000000000
136960  40.435  49.744  14.571 0.0000000000
136961  34.790  49.938  16.136 0.0000000000
136962  34.250  49.679  15.534 0.0000000000
136963  33.526  49.164  15.240 0.0000000000
136964  30.904  48.083  16.127 0.0000000000
136968  39.902  49.184  14.284 0.0000000000
136969  33.934  49.733  14.614 0.0000000000
136970  33.223  49.089  14.373 0.0000000000
136971  30.895  48.123  15.503 0.0000000000
136975  39.942  50.092  14.020 0.0000000000
136976  39.760  48.966  14.024 0.0000000000
136977  33.767  49.670  13.614 0.0000000000
136978  33.272  49.071  13.279 0.0000000000
136979  31.158  48.298  14.076 0.0000000000
136980  30.965  48.104  14.738 0.0000000000
136987  40.778  50.819  13.688 0.0000000000
136988  40.162  49.649  13.929 0.0000000000
136989  39.316  47.947  13.788 0.0000000000
136990  34.889  50.215  12.073 0.0000000000
136991  34.196  49.441  12.392 0.0000000000
136992  33.481  48.931  12.485 0.0000000000
136993  31.967  48.551  13.088 0.0000000000
136994  31.663  48.470  13.443 0.0000000000
137002  41.083  49.871  13.568 0.0000000000
137003  40.020  48.277  13.529 0.0000000000
137004  36.261  50.422  10.726 0.0000000000
137005  35.433  49.688  11.101 0.0000000000
137006  34.619  48.532  11.334 0.0000000000
137007  32.321  48.865  12.664 0.0000000000
137008  31.894  48.841  12.927 0.0000000000
137018  39.356  51.663  9.207 0.0000000000
137019  38.617  50.888  9.336 0.0000000000
137020  37.019  50.006  10.096 0.0000000000
137021  36.056  48.910  10.232 0.0000000000
137022  33.524  48.653  10.954 0.0000000000
137023  33.208  49.078  11.487 0.0000000000
137037  41.726  52.081  8.257 0.0000000000
137038  40.130  51.354  8.615 0.0000000000
137039  39.155  50.364  8.782 0.0000000000
137040  34.302  48.478  9.759 0.0000000000
137041  33.752  48.556  10.542 0.0000000000
137042  33.337  49.119  11.044 0.0000000000
137054  41.438  51.228  7.676 0.0000000000
137055  40.419  50.955  8.104 0.0000000000
137056  38.154  49.743  8.320 0.0000000000
137057  37.480  49.577  8.556 0.0000000000
137058  36.254  49.300  8.868 0.0000000000
137059  35.053  48.910  9.373 0.0000000000
137071  41.903  50.806  7.187 0.0000000000
137072  39.620  50.610  7.662 0.0000000000
137073  38.703  50.313  7.928 0.0000000000
137074  37.397  50.184  8.358 0.0000000000
137075  36.543  50.166  8.566 0.0000000000
137086  40.215  51.230  7.198 0.0000000000
137087  39.225  51.313  7.401 0.0000000000
137521  33.040  48.346  18.738 0.0000000000
137522  32.429  48.338  17.878 0.0000000000
137536  31.580  48.451  17.321 0.0000000000
137537  31.050  48.461  16.885 0.0000000000
137544  41.303  51.063  15.259 0.0000000000
137548  30.864  48.459  16.380 0.0000000000
137552  41.253  52.090  15.456 0.0000000000
137553  40.838  51.516  14.850 0.0000000000
137554  40.361  50.625  14.423 0.0000000000
137558  30.782  48.534  15.770 0.0000000000
137563  40.629  51.838  14.323 0.0000000000
137564  40.090  50.462  14.181 0.0000000000
137567  30.798  48.559  15.043 0.0000000000
137574  40.394  51.346  14.111 0.0000000000
137575  39.996  50.298  14.040 0.0000000000
137578  31.259  48.646  13.686 0.0000000000
137579  30.937  48.661  14.240 0.0000000000
137588  41.229  51.563  13.564 0.0000000000
137589  40.849  51.877  13.841 0.0000000000
137591  34.256  50.045  13.236 0.0000000000
137592  31.653  48.934  13.163 0.0000000000
137603  32.741  49.255  12.084 0.0000000000
137604  32.322  49.343  12.508 0.0000000000
137621  38.861  52.148  9.632 0.0000000000
137622  37.809  51.580  10.104 0.0000000000
137624  32.989  49.549  11.550 0.0000000000
137625  32.653  49.802  12.001 0.0000000000
137640  41.056  52.474  9.039 0.0000000000
137641  39.890  52.367  9.321 0.0000000000
137642  34.418  49.069  9.598 0.0000000000
137643  33.873  49.242  9.952 0.0000000000
137644  33.383  49.387  10.665 0.0000000000
137656  35.736  49.846  8.917 0.0000000000
137657  34.936  49.918  9.397 0.0000000000
137658  34.254  49.694  9.612 0.0000000000
137669  38.235  51.007  7.739 0.0000000000
137670  37.189  51.074  8.070 0.0000000000
137671  36.229  50.828  8.487 0.0000000000
137672  35.501  50.636  8.774 0.0000000000
138126  33.109  48.938  18.280 0.0000000000
138127  32.260  49.033  17.602 0.0000000000
138146  31.334  49.143  16.841 0.0000000000
138147  30.923  48.784  16.603 0.0000000000
138160  31.073  49.415  16.386 0.0000000000
138161  30.798  49.079  16.211 0.0000000000
138166  40.761  52.946  15.332 0.0000000000
138167  40.484  53.077  14.715 0.0000000000
138171  30.718  49.061  15.421 0.0000000000
138177  40.459  53.114  14.217 0.0000000000
138181  30.826  49.078  14.707 0.0000000000
138190  40.604  53.082  13.891 0.0000000000
138195  31.389  49.205  13.617 0.0000000000
138196  31.059  49.226  14.174 0.0000000000
138207  31.899  49.528  12.920 0.0000000000
138225  32.415  49.873  12.375 0.0000000000
138250  32.760  50.165  11.420 0.0000000000
138251  32.599  50.044  11.947 0.0000000000
138265  33.345  50.201  10.151 0.0000000000
138266  33.086  49.999  10.861 0.0000000000
138275  34.432  50.364  9.402 0.0000000000
138276  33.928  50.413  9.586 0.0000000000
138285  34.896  51.086  8.889 0.0000000000
138286  34.333  50.873  9.251 0.0000000000
138697  32.993  49.428  17.846 0.0000000000
138715  32.564  49.966  17.266 0.0000000000
138728  31.476  49.975  16.276 0.0000000000
138729  31.002  49.497  16.164 0.0000000000
138742  31.306  50.202  15.362 0.0000000000
138743  30.948  49.567  15.766 0.0000000000
138756  31.334  50.160  14.606 0.0000000000
138757  30.983  49.572  15.053 0.0000000000
138772  31.477  49.901  13.917 0.0000000000
138773  31.094  49.544  14.481 0.0000000000
138787  31.811  49.865  13.279 0.0000000000
138806  32.201  50.183  12.682 0.0000000000
138821  32.675  50.721  11.222 0.0000000000
138822  32.503  50.398  11.921 0.0000000000
138827  33.146  50.685  10.033 0.0000000000
138828  32.906  50.777  10.400 0.0000000000
138836  33.410  51.141  9.615 0.0000000000
138837  33.074  51.352  9.842 0.0000000000
138850  34.212  51.554  8.759 0.0000000000
139281  32.655  50.956  16.473 0.0000000000
139288  31.984  50.869  15.605 0.0000000000
139299  31.710  50.944  14.828 0.0000000000
139312  31.718  50.875  14.047 0.0000000000
139322  32.024  50.703  13.189 0.0000000000
139331  32.331  50.943  12.255 0.0000000000
139340  32.702  51.305  10.838 0.0000000000
139341  32.519  51.094  11.508 0.0000000000
139349  33.008  51.618  10.085 0.0000000000
139359  33.848  52.139  8.595 0.0000000000
139360  33.416  51.841  9.388 0.0000000000
139797  32.744  51.542  15.715 0.0000000000
139809  33.267  52.183  15.315 0.0000000000
139810  32.366  51.624  15.050 0.0000000000
139820  32.959  52.289  14.606 0.0000000000
139821  32.155  51.703  14.309 0.0000000000
139827  32.817  52.368  13.855 0.0000000000
139828  32.209  51.669  13.486 0.0000000000
139830  32.870  52.348  12.974 0.0000000000
139831  32.367  51.662  12.566 0.0000000000
139838  32.991  52.295  11.942 0.0000000000
139839  32.562  51.651  11.689 0.0000000000
139847  33.047  52.094  10.755 0.0000000000
139848  32.640  51.550  11.190 0.0000000000
139858  33.492  52.285  9.492 0.0000000000
