#!ascii label  , from subject subject001 vox2ras=TkReg
2053
115869  38.204  19.096  42.227 0.0000000000
115870  37.001  18.981  41.738 0.0000000000
115871  35.894  18.923  41.577 0.0000000000
115872  34.734  18.707  41.392 0.0000000000
115873  34.030  18.596  41.129 0.0000000000
115886  35.261  19.056  41.460 0.0000000000
115887  34.465  18.951  41.264 0.0000000000
115888  33.636  18.686  41.129 0.0000000000
116807  40.697  20.228  43.157 0.0000000000
116808  39.193  19.725  42.773 0.0000000000
116809  37.581  19.419  42.063 0.0000000000
116810  36.666  19.159  41.623 0.0000000000
116811  33.992  19.489  41.644 0.0000000000
116812  33.428  19.353  41.746 0.0000000000
116813  32.646  19.012  41.840 0.0000000000
116828  37.017  19.538  41.933 0.0000000000
116829  36.240  19.314  41.682 0.0000000000
116830  35.140  19.304  41.560 0.0000000000
116831  34.253  19.276  41.379 0.0000000000
116832  33.409  19.026  41.265 0.0000000000
116833  32.663  18.730  41.415 0.0000000000
116847  39.712  21.411  36.802 0.0000000000
116852  39.464  21.146  36.389 0.0000000000
116853  38.854  21.286  36.111 0.0000000000
117656  36.798  19.743  47.719 0.0000000000
117657  36.693  19.696  47.557 0.0000000000
117668  36.690  19.440  47.310 0.0000000000
117669  36.123  19.067  46.061 0.0000000000
117670  34.872  18.778  44.984 0.0000000000
117679  44.307  23.322  42.386 0.0000000000
117680  43.953  23.141  42.546 0.0000000000
117681  43.284  22.736  42.962 0.0000000000
117682  34.968  19.868  43.374 0.0000000000
117683  34.890  19.560  43.803 0.0000000000
117684  33.373  18.993  43.100 0.0000000000
117696  43.292  22.095  42.919 0.0000000000
117697  42.134  21.549  43.343 0.0000000000
117698  40.585  20.577  43.280 0.0000000000
117699  39.126  20.058  42.977 0.0000000000
117700  37.777  19.825  42.498 0.0000000000
117701  36.899  19.660  42.649 0.0000000000
117702  35.850  19.788  42.635 0.0000000000
117703  34.718  19.812  42.653 0.0000000000
117704  33.592  19.415  42.444 0.0000000000
117705  32.947  19.166  42.276 0.0000000000
117719  36.716  19.575  41.998 0.0000000000
117720  35.913  19.572  41.950 0.0000000000
117721  34.989  19.656  41.876 0.0000000000
117722  34.436  19.621  41.780 0.0000000000
117731  41.380  22.629  37.661 0.0000000000
117732  40.525  22.834  37.608 0.0000000000
117733  39.800  22.855  37.538 0.0000000000
117735  40.599  22.061  37.350 0.0000000000
117736  39.863  21.983  37.156 0.0000000000
117737  39.083  22.323  37.065 0.0000000000
117738  38.339  22.188  36.786 0.0000000000
117740  39.310  21.618  36.742 0.0000000000
117741  38.712  21.643  36.438 0.0000000000
117742  37.848  21.920  36.333 0.0000000000
117743  37.210  22.060  36.043 0.0000000000
117745  38.416  21.540  35.970 0.0000000000
117746  37.696  21.854  35.788 0.0000000000
117747  36.946  22.159  35.699 0.0000000000
117761  38.481  21.646  35.667 0.0000000000
117762  37.435  22.036  35.468 0.0000000000
117763  36.718  22.372  35.417 0.0000000000
118434  36.614  22.086  48.531 0.0000000000
118435  36.395  22.237  48.536 0.0000000000
118445  36.850  21.794  48.522 0.0000000000
118446  36.713  21.620  48.410 0.0000000000
118447  36.720  20.765  47.559 0.0000000000
118448  36.365  21.610  47.744 0.0000000000
118460  37.150  21.299  48.422 0.0000000000
118461  37.244  20.375  47.709 0.0000000000
118462  36.600  19.485  46.413 0.0000000000
118463  35.759  19.436  44.855 0.0000000000
118473  44.381  23.701  42.343 0.0000000000
118474  43.897  23.749  42.669 0.0000000000
118475  42.892  23.041  43.321 0.0000000000
118476  41.810  22.464  43.940 0.0000000000
118477  40.645  21.740  44.296 0.0000000000
118478  39.540  21.052  44.610 0.0000000000
118479  38.488  20.371  45.127 0.0000000000
118480  37.395  19.767  45.997 0.0000000000
118481  35.588  19.544  44.113 0.0000000000
118482  35.321  19.603  44.153 0.0000000000
118491  44.845  24.043  41.737 0.0000000000
118492  41.673  21.646  43.575 0.0000000000
118493  40.595  21.010  43.688 0.0000000000
118494  39.332  20.506  43.558 0.0000000000
118495  38.179  20.192  43.545 0.0000000000
118496  37.122  19.849  43.856 0.0000000000
118497  35.958  19.653  43.662 0.0000000000
118498  35.277  19.884  43.331 0.0000000000
118510  42.989  24.072  38.386 0.0000000000
118511  42.146  24.251  38.407 0.0000000000
118512  40.368  24.143  38.375 0.0000000000
118513  40.101  24.084  38.382 0.0000000000
118521  42.027  23.546  38.044 0.0000000000
118522  41.283  23.718  38.097 0.0000000000
118523  40.386  23.762  38.160 0.0000000000
118524  39.349  23.481  37.821 0.0000000000
118525  38.389  23.399  37.556 0.0000000000
118526  37.697  23.330  37.364 0.0000000000
118529  38.543  22.775  37.199 0.0000000000
118530  37.782  22.592  36.955 0.0000000000
118531  36.998  22.845  36.824 0.0000000000
118532  36.311  22.848  36.429 0.0000000000
118534  37.225  22.285  36.454 0.0000000000
118535  36.577  22.355  36.166 0.0000000000
118536  35.828  22.693  35.975 0.0000000000
118538  36.226  22.487  35.593 0.0000000000
118539  35.505  22.772  35.359 0.0000000000
118549  37.010  22.421  35.318 0.0000000000
118550  35.986  22.657  35.131 0.0000000000
118551  35.232  22.903  34.954 0.0000000000
118564  36.558  22.784  35.072 0.0000000000
118565  35.833  22.977  34.796 0.0000000000
119204  36.329  22.764  48.407 0.0000000000
119205  36.110  22.649  48.371 0.0000000000
119217  38.689  23.754  46.692 0.0000000000
119218  37.789  22.966  47.656 0.0000000000
119219  36.978  22.209  48.330 0.0000000000
119220  36.538  22.946  47.577 0.0000000000
119221  35.121  22.918  47.232 0.0000000000
119222  34.788  23.161  47.020 0.0000000000
119232  41.724  24.795  43.903 0.0000000000
119233  40.847  24.046  44.780 0.0000000000
119234  39.734  23.299  45.894 0.0000000000
119235  38.672  22.162  46.916 0.0000000000
119236  37.807  21.135  47.757 0.0000000000
119237  37.742  20.209  47.383 0.0000000000
119238  34.514  23.662  46.598 0.0000000000
119239  33.978  23.873  46.102 0.0000000000
119240  33.583  24.237  45.660 0.0000000000
119241  32.808  24.286  45.157 0.0000000000
119247  44.441  24.356  42.165 0.0000000000
119248  43.828  24.738  42.320 0.0000000000
119249  42.690  24.472  43.442 0.0000000000
119250  41.528  23.321  44.446 0.0000000000
119251  40.407  22.476  45.136 0.0000000000
119252  39.416  21.578  45.963 0.0000000000
119253  38.520  20.690  46.744 0.0000000000
119254  38.022  20.225  47.236 0.0000000000
119255  33.133  24.102  45.175 0.0000000000
119256  32.868  24.209  44.874 0.0000000000
119257  32.614  24.383  44.412 0.0000000000
119263  44.535  24.830  41.083 0.0000000000
119264  43.654  25.449  40.487 0.0000000000
119271  44.650  24.478  39.919 0.0000000000
119272  43.928  24.873  39.477 0.0000000000
119273  42.848  25.126  38.976 0.0000000000
119274  41.697  24.698  38.644 0.0000000000
119275  40.745  24.607  38.542 0.0000000000
119276  39.875  24.661  38.642 0.0000000000
119277  39.150  24.822  38.657 0.0000000000
119285  40.935  24.205  38.355 0.0000000000
119286  40.662  24.187  38.366 0.0000000000
119287  38.943  24.054  38.213 0.0000000000
119288  38.259  24.167  38.085 0.0000000000
119289  37.358  23.815  37.467 0.0000000000
119290  36.753  23.910  37.124 0.0000000000
119296  36.627  23.330  36.814 0.0000000000
119297  35.952  23.451  36.375 0.0000000000
119298  35.243  23.661  35.830 0.0000000000
119300  35.272  23.147  35.659 0.0000000000
119301  34.775  23.623  35.308 0.0000000000
119303  34.925  23.182  35.072 0.0000000000
119304  34.464  23.840  34.659 0.0000000000
119305  34.086  24.298  34.176 0.0000000000
119311  35.365  22.994  34.741 0.0000000000
119312  34.844  23.440  34.577 0.0000000000
119313  34.289  24.024  34.166 0.0000000000
119314  33.910  24.543  33.819 0.0000000000
119327  36.206  23.285  34.640 0.0000000000
119328  35.310  23.495  34.292 0.0000000000
119329  34.560  23.928  33.933 0.0000000000
119330  34.107  24.375  33.713 0.0000000000
119331  33.795  24.758  33.433 0.0000000000
119338  34.897  24.025  33.802 0.0000000000
119339  34.565  24.362  33.599 0.0000000000
119940  35.963  23.271  48.197 0.0000000000
119941  35.911  23.046  48.334 0.0000000000
119950  39.571  25.545  45.363 0.0000000000
119951  38.727  25.001  46.168 0.0000000000
119952  37.669  24.745  46.938 0.0000000000
119953  36.422  23.939  47.738 0.0000000000
119954  35.411  23.661  47.774 0.0000000000
119955  35.009  23.314  47.609 0.0000000000
119965  41.236  25.654  43.937 0.0000000000
119966  40.276  24.913  45.101 0.0000000000
119967  39.370  24.471  45.843 0.0000000000
119968  37.014  25.452  46.761 0.0000000000
119969  36.799  25.024  47.178 0.0000000000
119970  34.592  24.332  46.963 0.0000000000
119971  34.116  24.085  46.342 0.0000000000
119972  33.431  24.065  45.409 0.0000000000
119983  43.099  25.771  41.557 0.0000000000
119984  42.189  26.343  42.539 0.0000000000
119985  41.497  27.428  41.804 0.0000000000
119986  41.012  27.726  41.573 0.0000000000
119987  33.286  24.733  44.867 0.0000000000
119988  32.541  24.463  44.227 0.0000000000
119989  31.962  24.529  43.421 0.0000000000
119990  31.647  24.637  43.442 0.0000000000
120000  42.772  25.820  39.792 0.0000000000
120001  42.311  26.437  40.303 0.0000000000
120002  41.519  26.921  40.448 0.0000000000
120003  40.502  27.074  40.450 0.0000000000
120004  39.424  26.687  39.635 0.0000000000
120005  39.009  26.627  39.312 0.0000000000
120006  31.924  24.930  42.519 0.0000000000
120007  31.482  24.918  41.891 0.0000000000
120008  31.036  24.837  41.946 0.0000000000
120009  30.661  25.111  41.904 0.0000000000
120017  42.264  25.344  39.092 0.0000000000
120018  41.798  25.549  39.149 0.0000000000
120019  41.101  25.825  39.303 0.0000000000
120020  40.094  25.840  39.412 0.0000000000
120021  38.905  25.477  38.886 0.0000000000
120022  38.572  26.011  38.848 0.0000000000
120023  31.009  25.184  40.744 0.0000000000
120024  30.571  25.337  40.539 0.0000000000
120025  30.346  25.325  40.856 0.0000000000
120033  37.951  24.521  38.154 0.0000000000
120034  37.616  24.855  37.934 0.0000000000
120035  36.613  24.407  36.896 0.0000000000
120036  30.077  25.611  39.653 0.0000000000
120037  30.022  25.594  39.965 0.0000000000
120038  29.961  25.585  40.271 0.0000000000
120044  35.727  24.210  36.172 0.0000000000
120045  35.007  24.174  35.534 0.0000000000
120048  34.472  24.261  34.937 0.0000000000
120051  34.155  24.531  34.334 0.0000000000
120052  33.833  24.853  33.866 0.0000000000
120056  33.594  25.152  33.361 0.0000000000
120057  33.384  25.467  32.999 0.0000000000
120069  36.765  23.869  34.635 0.0000000000
120070  35.944  23.965  34.232 0.0000000000
120071  35.321  24.096  33.874 0.0000000000
120072  34.296  24.462  33.556 0.0000000000
120073  33.944  24.737  33.224 0.0000000000
120074  33.590  25.202  32.981 0.0000000000
120075  33.307  25.764  32.670 0.0000000000
120083  36.540  24.593  34.156 0.0000000000
120084  35.719  24.657  33.711 0.0000000000
120085  34.912  24.681  33.473 0.0000000000
120086  34.258  24.808  33.065 0.0000000000
120087  33.801  25.193  32.690 0.0000000000
120088  33.494  25.721  32.490 0.0000000000
120089  33.153  26.025  32.264 0.0000000000
120694  39.544  26.332  44.937 0.0000000000
120695  38.822  25.991  45.540 0.0000000000
120696  38.184  25.472  46.138 0.0000000000
120697  35.740  24.816  47.326 0.0000000000
120698  35.600  24.351  47.529 0.0000000000
120708  41.315  26.496  43.695 0.0000000000
120709  40.512  26.481  44.257 0.0000000000
120710  39.228  27.297  44.544 0.0000000000
120711  37.594  26.273  45.792 0.0000000000
120712  36.047  25.880  46.596 0.0000000000
120713  34.898  25.015  46.873 0.0000000000
120714  34.238  24.719  46.372 0.0000000000
120723  41.647  26.464  43.363 0.0000000000
120724  41.435  26.966  43.107 0.0000000000
120725  40.692  27.985  42.659 0.0000000000
120726  40.264  28.460  41.717 0.0000000000
120727  35.367  26.886  46.082 0.0000000000
120728  34.745  26.520  45.971 0.0000000000
120729  33.482  25.663  45.055 0.0000000000
120730  32.796  25.062  44.189 0.0000000000
120739  40.714  27.815  41.332 0.0000000000
120740  40.201  27.857  40.714 0.0000000000
120741  39.406  27.253  39.720 0.0000000000
120742  32.736  26.285  43.538 0.0000000000
120743  32.200  25.561  42.581 0.0000000000
120744  31.728  25.132  41.787 0.0000000000
120753  38.757  26.758  38.986 0.0000000000
120754  31.603  25.928  41.107 0.0000000000
120755  31.176  25.573  40.622 0.0000000000
120756  30.669  25.576  40.328 0.0000000000
120767  38.002  25.975  38.214 0.0000000000
120768  37.345  25.384  37.340 0.0000000000
120769  30.486  26.053  39.580 0.0000000000
120770  30.172  25.868  39.246 0.0000000000
120771  29.707  25.986  39.163 0.0000000000
120782  36.486  25.138  36.528 0.0000000000
120783  35.720  24.929  35.648 0.0000000000
120784  29.724  26.341  38.307 0.0000000000
120785  29.373  26.424  38.238 0.0000000000
120791  34.901  24.897  35.018 0.0000000000
120792  28.983  26.588  37.794 0.0000000000
120796  34.324  25.000  34.425 0.0000000000
120797  33.872  25.229  33.920 0.0000000000
120801  33.555  25.535  33.419 0.0000000000
120802  33.225  25.874  32.879 0.0000000000
120813  32.948  26.251  32.285 0.0000000000
120822  37.171  25.315  34.177 0.0000000000
120823  36.278  25.377  33.595 0.0000000000
120824  35.320  25.505  33.148 0.0000000000
120825  34.538  25.321  32.754 0.0000000000
120826  33.996  25.409  32.382 0.0000000000
120827  33.627  25.794  32.193 0.0000000000
120828  33.225  26.073  31.989 0.0000000000
120829  32.870  26.382  31.848 0.0000000000
120836  35.236  25.938  32.719 0.0000000000
120837  34.842  25.863  32.484 0.0000000000
120838  34.182  25.858  31.980 0.0000000000
120839  33.717  25.950  31.834 0.0000000000
120840  33.335  26.216  31.703 0.0000000000
120841  32.946  26.471  31.503 0.0000000000
120852  33.996  26.129  31.544 0.0000000000
120853  33.768  26.210  31.500 0.0000000000
120854  33.368  26.345  31.382 0.0000000000
120855  33.039  26.458  31.258 0.0000000000
121477  38.854  28.560  44.262 0.0000000000
121478  38.021  28.058  44.961 0.0000000000
121479  36.414  27.745  45.496 0.0000000000
121480  35.635  28.549  45.208 0.0000000000
121490  39.550  28.644  43.708 0.0000000000
121491  39.879  28.906  42.521 0.0000000000
121492  35.679  27.130  46.023 0.0000000000
121493  35.042  27.845  45.548 0.0000000000
121494  33.905  27.497  44.907 0.0000000000
121503  39.749  28.640  40.961 0.0000000000
121504  39.671  27.916  40.223 0.0000000000
121505  32.979  27.233  43.908 0.0000000000
121506  32.415  26.932  42.691 0.0000000000
121516  39.485  28.729  40.290 0.0000000000
121517  39.314  27.962  39.591 0.0000000000
121518  31.646  26.869  41.099 0.0000000000
121519  31.272  26.190  40.532 0.0000000000
121533  38.380  27.121  38.149 0.0000000000
121534  37.748  26.158  37.673 0.0000000000
121535  31.278  27.405  40.127 0.0000000000
121536  30.756  26.733  39.551 0.0000000000
121537  30.317  26.200  38.984 0.0000000000
121554  38.133  27.346  37.252 0.0000000000
121555  37.560  26.374  36.853 0.0000000000
121556  36.536  26.007  35.939 0.0000000000
121557  30.439  27.067  38.426 0.0000000000
121558  29.953  26.667  38.157 0.0000000000
121559  29.525  26.478  37.961 0.0000000000
121573  35.668  25.891  35.065 0.0000000000
121574  29.578  27.059  37.482 0.0000000000
121575  29.198  26.756  37.671 0.0000000000
121582  34.810  25.726  34.384 0.0000000000
121583  34.177  25.787  33.882 0.0000000000
121586  33.626  25.985  33.465 0.0000000000
121587  33.216  26.226  32.940 0.0000000000
121597  32.701  26.702  32.185 0.0000000000
121598  32.242  27.164  31.745 0.0000000000
121608  36.905  26.320  33.547 0.0000000000
121609  35.864  26.099  33.138 0.0000000000
121610  35.437  25.997  32.863 0.0000000000
121611  32.515  26.766  31.713 0.0000000000
121612  32.131  27.220  31.486 0.0000000000
121618  36.621  27.025  33.142 0.0000000000
121619  36.105  26.763  32.913 0.0000000000
121620  35.303  26.497  32.440 0.0000000000
121621  34.557  26.263  31.929 0.0000000000
121622  34.187  26.162  31.671 0.0000000000
121623  32.495  26.820  31.297 0.0000000000
121624  31.974  27.250  31.084 0.0000000000
121630  35.134  26.914  32.081 0.0000000000
121631  34.817  26.833  31.794 0.0000000000
121632  34.065  26.611  31.298 0.0000000000
121633  33.423  26.532  31.022 0.0000000000
121634  32.979  26.641  30.917 0.0000000000
121635  32.585  26.806  30.909 0.0000000000
121636  32.012  27.276  30.681 0.0000000000
121647  33.852  27.015  30.914 0.0000000000
121648  33.526  26.970  30.753 0.0000000000
121649  33.004  26.959  30.548 0.0000000000
121650  32.551  27.095  30.492 0.0000000000
121651  32.138  27.320  30.416 0.0000000000
122269  38.799  28.914  44.155 0.0000000000
122270  38.449  29.023  44.237 0.0000000000
122271  37.353  28.879  44.724 0.0000000000
122272  36.258  29.114  44.875 0.0000000000
122283  39.013  28.998  44.052 0.0000000000
122284  39.003  29.401  43.465 0.0000000000
122285  34.881  29.297  44.602 0.0000000000
122286  34.226  28.443  44.752 0.0000000000
122297  39.222  29.447  41.992 0.0000000000
122298  34.098  29.971  44.010 0.0000000000
122299  33.366  28.937  43.624 0.0000000000
122300  32.635  27.836  43.156 0.0000000000
122312  39.340  29.346  40.838 0.0000000000
122313  39.415  29.075  39.831 0.0000000000
122314  32.550  29.318  41.788 0.0000000000
122315  32.211  28.114  42.204 0.0000000000
122328  39.263  28.622  38.681 0.0000000000
122329  32.378  29.325  40.852 0.0000000000
122330  31.698  28.486  40.419 0.0000000000
122331  31.108  27.633  39.648 0.0000000000
122346  38.610  28.291  37.637 0.0000000000
122347  37.809  27.841  36.594 0.0000000000
122348  37.205  26.814  36.164 0.0000000000
122349  31.590  28.867  39.389 0.0000000000
122350  30.775  28.040  38.757 0.0000000000
122351  30.300  27.260  38.020 0.0000000000
122368  37.463  28.283  36.007 0.0000000000
122369  36.693  27.347  35.529 0.0000000000
122370  30.559  28.207  37.907 0.0000000000
122371  30.073  27.696  37.571 0.0000000000
122372  29.333  27.422  37.411 0.0000000000
122384  35.242  26.976  34.313 0.0000000000
122385  34.499  26.300  33.996 0.0000000000
122386  29.969  28.168  37.513 0.0000000000
122387  29.600  28.011  37.480 0.0000000000
122388  29.078  27.985  37.789 0.0000000000
122394  34.699  27.490  33.755 0.0000000000
122395  33.972  26.900  33.385 0.0000000000
122396  33.395  26.487  33.102 0.0000000000
122405  33.376  27.417  32.686 0.0000000000
122406  33.006  27.019  32.555 0.0000000000
122407  32.382  27.304  31.901 0.0000000000
122417  31.975  27.623  31.327 0.0000000000
122424  37.333  27.400  33.351 0.0000000000
122425  36.233  27.556  32.616 0.0000000000
122426  35.718  27.070  32.519 0.0000000000
122427  31.521  27.962  30.726 0.0000000000
122428  31.096  28.552  30.220 0.0000000000
122434  35.771  27.980  32.096 0.0000000000
122435  35.339  27.400  31.933 0.0000000000
122436  34.533  27.432  31.097 0.0000000000
122437  34.067  27.113  30.983 0.0000000000
122438  31.603  27.859  30.443 0.0000000000
122439  31.167  28.353  30.141 0.0000000000
122452  34.231  27.863  30.625 0.0000000000
122453  33.834  27.454  30.617 0.0000000000
122454  33.144  27.502  30.153 0.0000000000
122455  32.567  27.418  30.085 0.0000000000
122456  32.056  27.575  30.034 0.0000000000
122457  31.483  28.012  29.985 0.0000000000
122458  31.252  28.193  30.026 0.0000000000
122468  32.992  27.806  29.850 0.0000000000
122469  32.685  27.873  29.805 0.0000000000
122470  32.094  27.963  29.716 0.0000000000
122471  31.638  28.127  29.717 0.0000000000
123076  38.410  29.512  43.937 0.0000000000
123077  37.827  29.530  44.163 0.0000000000
123078  37.014  29.560  44.356 0.0000000000
123098  33.901  30.361  43.489 0.0000000000
123108  33.536  30.514  42.425 0.0000000000
123115  39.591  29.919  39.155 0.0000000000
123116  32.988  30.212  40.844 0.0000000000
123117  32.319  29.420  40.442 0.0000000000
123125  39.296  29.574  38.065 0.0000000000
123126  38.714  29.342  37.172 0.0000000000
123127  33.037  30.576  40.055 0.0000000000
123128  32.377  29.727  39.747 0.0000000000
123129  31.681  29.368  38.813 0.0000000000
123144  38.033  29.179  36.392 0.0000000000
123145  37.325  28.892  35.662 0.0000000000
123146  31.112  28.983  38.017 0.0000000000
123147  30.464  28.332  37.722 0.0000000000
123161  36.300  28.475  34.851 0.0000000000
123162  31.110  29.258  37.962 0.0000000000
123163  30.482  28.607  37.767 0.0000000000
123164  29.932  28.583  37.596 0.0000000000
123165  29.418  28.528  38.109 0.0000000000
123166  28.877  28.627  38.711 0.0000000000
123175  35.295  28.195  34.003 0.0000000000
123176  34.445  28.060  33.414 0.0000000000
123185  33.706  27.981  32.781 0.0000000000
123186  32.920  27.975  32.105 0.0000000000
123187  32.578  27.541  32.001 0.0000000000
123195  32.505  28.419  31.572 0.0000000000
123196  32.161  28.086  31.438 0.0000000000
123205  36.870  28.353  32.747 0.0000000000
123206  31.521  28.383  30.664 0.0000000000
123207  30.994  28.746  30.221 0.0000000000
123212  36.137  28.468  32.200 0.0000000000
123213  35.587  28.401  31.411 0.0000000000
123214  35.065  27.912  31.213 0.0000000000
123215  30.581  28.944  29.880 0.0000000000
123216  30.109  29.404  29.588 0.0000000000
123224  35.366  28.918  30.858 0.0000000000
123225  34.665  28.532  30.572 0.0000000000
123226  33.848  28.104  30.290 0.0000000000
123227  33.491  27.789  30.177 0.0000000000
123228  30.925  28.655  29.565 0.0000000000
123229  30.765  28.781  29.702 0.0000000000
123230  30.152  29.302  29.435 0.0000000000
123240  34.194  29.147  30.081 0.0000000000
123241  33.792  28.801  29.983 0.0000000000
123242  33.134  28.215  29.759 0.0000000000
123243  32.212  28.630  29.381 0.0000000000
123244  31.533  28.568  29.383 0.0000000000
123245  31.072  28.653  29.375 0.0000000000
123246  30.400  29.087  29.078 0.0000000000
123247  30.239  29.188  29.237 0.0000000000
123252  31.834  29.232  29.003 0.0000000000
123253  31.433  29.083  28.950 0.0000000000
123254  30.910  29.030  28.928 0.0000000000
123255  30.613  29.048  28.946 0.0000000000
123904  34.146  31.577  41.365 0.0000000000
123912  39.430  30.910  38.551 0.0000000000
123913  39.245  30.381  37.637 0.0000000000
123914  33.623  31.447  40.344 0.0000000000
123915  33.228  31.022  39.447 0.0000000000
123916  32.451  30.287  38.969 0.0000000000
123927  39.255  31.287  37.844 0.0000000000
123928  38.888  30.729  36.935 0.0000000000
123929  38.021  30.028  36.111 0.0000000000
123930  33.063  31.006  38.749 0.0000000000
123931  32.319  30.331  38.303 0.0000000000
123932  28.132  30.029  39.809 0.0000000000
123946  38.377  31.082  36.328 0.0000000000
123947  37.396  30.219  35.379 0.0000000000
123948  31.782  30.086  37.854 0.0000000000
123949  31.230  29.503  37.932 0.0000000000
123950  30.439  29.063  37.836 0.0000000000
123951  29.955  29.147  38.419 0.0000000000
123952  28.913  29.372  39.420 0.0000000000
123963  36.109  29.410  34.354 0.0000000000
123964  35.146  29.046  33.570 0.0000000000
123965  31.194  29.730  38.056 0.0000000000
123966  30.809  29.450  38.119 0.0000000000
123967  30.421  29.256  38.151 0.0000000000
123975  34.335  28.898  32.831 0.0000000000
123976  33.551  28.810  32.160 0.0000000000
123983  32.862  28.874  31.591 0.0000000000
123984  32.222  28.922  31.169 0.0000000000
123995  31.613  28.963  30.620 0.0000000000
123996  30.723  29.262  30.186 0.0000000000
123997  30.157  29.746  30.003 0.0000000000
124004  36.693  29.440  32.246 0.0000000000
124005  36.022  28.936  31.768 0.0000000000
124006  30.516  29.112  30.031 0.0000000000
124007  30.075  29.534  29.798 0.0000000000
124014  36.330  29.899  31.447 0.0000000000
124015  35.860  29.413  31.172 0.0000000000
124016  35.230  29.435  30.477 0.0000000000
124017  29.658  29.738  29.248 0.0000000000
124018  29.441  30.085  28.889 0.0000000000
124028  34.544  29.562  30.108 0.0000000000
124029  33.840  29.667  29.628 0.0000000000
124030  33.175  29.120  29.452 0.0000000000
124031  32.728  28.841  29.397 0.0000000000
124032  30.026  29.455  28.680 0.0000000000
124033  29.777  29.646  28.755 0.0000000000
124034  29.529  29.907  28.827 0.0000000000
124039  33.511  30.203  29.345 0.0000000000
124040  33.053  29.968  29.291 0.0000000000
124041  32.327  29.529  29.077 0.0000000000
124042  31.432  29.779  28.522 0.0000000000
124043  30.826  29.505  28.505 0.0000000000
124044  30.249  29.574  28.425 0.0000000000
124045  29.907  29.678  28.484 0.0000000000
124049  31.102  30.206  27.999 0.0000000000
124050  30.761  29.995  28.075 0.0000000000
124051  30.456  29.823  28.173 0.0000000000
124658  34.535  32.323  40.600 0.0000000000
124666  39.233  32.134  38.624 0.0000000000
124667  35.325  33.115  40.401 0.0000000000
124668  34.413  32.614  39.759 0.0000000000
124669  33.639  31.876  39.054 0.0000000000
124678  39.147  32.149  37.800 0.0000000000
124679  39.018  32.234  37.053 0.0000000000
124680  34.307  32.892  39.066 0.0000000000
124681  33.442  31.999  38.481 0.0000000000
124682  32.707  31.040  37.860 0.0000000000
124683  28.479  30.062  39.758 0.0000000000
124697  38.342  31.984  36.201 0.0000000000
124698  37.683  31.183  35.376 0.0000000000
124699  33.217  31.985  37.870 0.0000000000
124700  32.554  31.283  37.394 0.0000000000
124701  31.899  30.304  37.364 0.0000000000
124702  30.749  29.993  38.646 0.0000000000
124703  30.440  29.758  38.869 0.0000000000
124704  29.426  29.764  39.576 0.0000000000
124714  37.903  31.813  35.407 0.0000000000
124715  36.995  30.821  34.574 0.0000000000
124716  35.904  29.924  33.800 0.0000000000
124717  32.094  30.974  37.051 0.0000000000
124718  31.519  30.279  37.506 0.0000000000
124719  30.960  29.979  38.243 0.0000000000
124720  30.517  29.501  38.369 0.0000000000
124730  36.270  30.663  33.585 0.0000000000
124731  35.266  29.993  32.897 0.0000000000
124732  34.207  29.709  32.148 0.0000000000
124739  33.482  29.620  31.555 0.0000000000
124740  32.689  29.709  31.053 0.0000000000
124749  31.879  29.674  30.616 0.0000000000
124750  31.074  29.812  30.368 0.0000000000
124751  30.348  30.082  30.168 0.0000000000
124759  29.830  30.181  29.806 0.0000000000
124760  29.537  30.420  29.352 0.0000000000
124767  36.732  30.399  31.582 0.0000000000
124768  36.161  30.351  30.909 0.0000000000
124769  35.644  29.997  30.522 0.0000000000
124770  29.607  30.001  29.472 0.0000000000
124771  29.402  30.330  28.994 0.0000000000
124783  35.737  30.593  30.375 0.0000000000
124784  35.111  30.363  29.997 0.0000000000
124785  34.397  30.162  29.719 0.0000000000
124786  29.598  30.193  28.240 0.0000000000
124787  29.467  30.443  28.368 0.0000000000
124792  34.540  30.729  29.577 0.0000000000
124793  33.905  30.589  29.382 0.0000000000
124794  33.235  30.644  29.035 0.0000000000
124795  32.435  30.525  28.606 0.0000000000
124796  31.889  30.153  28.591 0.0000000000
124797  29.947  30.098  27.837 0.0000000000
124798  29.753  30.120  28.033 0.0000000000
124799  29.511  30.634  27.774 0.0000000000
124803  32.123  30.929  28.075 0.0000000000
124804  31.557  30.647  27.852 0.0000000000
124805  30.823  30.400  27.534 0.0000000000
124806  30.238  30.225  27.625 0.0000000000
124807  29.771  30.573  27.345 0.0000000000
124808  29.591  30.713  27.453 0.0000000000
124813  31.371  31.001  27.205 0.0000000000
124814  31.025  30.874  27.054 0.0000000000
124815  30.436  30.773  26.943 0.0000000000
124816  29.990  30.773  26.929 0.0000000000
125351  38.930  32.709  39.087 0.0000000000
125352  38.681  33.242  38.905 0.0000000000
125353  36.425  33.855  39.645 0.0000000000
125354  35.096  33.505  39.362 0.0000000000
125359  39.063  33.013  37.862 0.0000000000
125360  38.441  33.952  37.931 0.0000000000
125361  35.421  33.933  38.742 0.0000000000
125362  33.797  32.888  38.330 0.0000000000
125363  29.638  30.394  40.036 0.0000000000
125364  28.419  30.508  40.116 0.0000000000
125378  38.623  32.998  36.003 0.0000000000
125379  35.029  34.292  38.119 0.0000000000
125380  33.644  33.113  37.730 0.0000000000
125381  32.589  32.122  36.951 0.0000000000
125382  30.841  30.317  38.602 0.0000000000
125383  30.145  30.054  39.535 0.0000000000
125384  29.394  30.162  39.896 0.0000000000
125395  37.768  32.173  34.877 0.0000000000
125396  37.128  31.594  33.861 0.0000000000
125397  31.854  31.433  36.791 0.0000000000
125398  31.176  30.758  37.205 0.0000000000
125399  30.995  30.472  37.946 0.0000000000
125409  36.169  31.270  32.907 0.0000000000
125410  34.808  30.890  31.900 0.0000000000
125411  34.021  30.193  31.613 0.0000000000
125418  34.273  31.390  31.407 0.0000000000
125419  33.518  30.742  31.184 0.0000000000
125420  32.197  30.612  30.626 0.0000000000
125421  31.441  30.808  30.516 0.0000000000
125428  31.429  30.309  30.495 0.0000000000
125429  30.832  30.734  30.394 0.0000000000
125430  30.157  30.837  29.976 0.0000000000
125437  29.703  30.901  29.442 0.0000000000
125438  29.394  30.890  28.966 0.0000000000
125443  36.741  31.306  31.032 0.0000000000
125444  36.118  31.015  30.539 0.0000000000
125445  29.388  30.963  28.457 0.0000000000
125458  36.301  31.598  30.478 0.0000000000
125459  35.658  31.377  30.098 0.0000000000
125460  34.898  31.337  29.636 0.0000000000
125461  29.432  31.323  27.749 0.0000000000
125462  29.458  31.648  27.250 0.0000000000
125467  34.229  31.408  29.378 0.0000000000
125468  33.593  31.426  28.912 0.0000000000
125469  32.942  31.191  28.554 0.0000000000
125470  32.460  31.145  28.191 0.0000000000
125471  29.410  31.142  27.506 0.0000000000
125472  29.423  31.770  27.031 0.0000000000
125476  33.235  31.719  28.429 0.0000000000
125477  32.759  31.674  28.038 0.0000000000
125478  32.131  31.375  27.595 0.0000000000
125479  31.628  31.191  27.288 0.0000000000
125480  29.548  30.931  27.087 0.0000000000
125481  29.457  31.284  27.071 0.0000000000
125482  29.546  32.135  26.772 0.0000000000
125485  31.799  31.587  27.086 0.0000000000
125486  31.345  31.470  26.808 0.0000000000
125487  30.717  31.422  26.519 0.0000000000
125488  30.163  31.353  26.494 0.0000000000
125489  29.733  31.343  26.704 0.0000000000
125490  29.597  31.955  26.609 0.0000000000
125491  29.702  32.460  26.628 0.0000000000
126095  31.169  30.994  40.000 0.0000000000
126096  30.045  31.024  40.472 0.0000000000
126097  29.268  31.092  40.714 0.0000000000
126103  37.754  34.662  37.961 0.0000000000
126104  37.129  34.499  38.193 0.0000000000
126105  31.241  31.086  39.057 0.0000000000
126106  30.324  30.647  40.035 0.0000000000
126107  28.849  30.872  40.467 0.0000000000
126108  27.316  31.442  39.833 0.0000000000
126122  38.566  34.296  35.953 0.0000000000
126123  38.319  34.461  36.949 0.0000000000
126124  36.539  34.850  37.999 0.0000000000
126125  34.479  34.271  37.228 0.0000000000
126126  33.237  33.127  36.908 0.0000000000
126127  31.011  31.184  38.014 0.0000000000
126128  30.697  30.482  39.320 0.0000000000
126138  38.552  34.053  35.453 0.0000000000
126139  38.296  33.484  35.060 0.0000000000
126140  37.678  32.453  34.286 0.0000000000
126141  33.742  34.206  36.353 0.0000000000
126142  32.686  33.056  36.444 0.0000000000
126143  31.467  31.901  36.629 0.0000000000
126144  30.977  31.060  37.394 0.0000000000
126152  37.922  33.559  34.148 0.0000000000
126153  37.329  32.696  33.442 0.0000000000
126154  35.886  32.200  32.294 0.0000000000
126161  34.865  32.064  31.557 0.0000000000
126162  33.872  32.039  31.180 0.0000000000
126163  32.687  31.826  30.837 0.0000000000
126164  31.576  31.592  30.481 0.0000000000
126170  30.805  31.573  29.980 0.0000000000
126171  30.239  31.542  29.443 0.0000000000
126178  29.874  31.618  28.627 0.0000000000
126179  29.496  31.234  28.524 0.0000000000
126184  37.364  32.509  30.933 0.0000000000
126185  36.657  31.957  30.665 0.0000000000
126186  29.970  32.111  27.990 0.0000000000
126187  29.693  31.774  27.893 0.0000000000
126200  37.095  33.068  30.427 0.0000000000
126201  36.339  32.482  30.248 0.0000000000
126202  35.175  32.429  29.517 0.0000000000
126203  34.566  31.916  29.414 0.0000000000
126204  29.570  32.269  27.138 0.0000000000
126205  29.441  32.035  27.006 0.0000000000
126217  34.789  32.931  29.040 0.0000000000
126218  34.180  32.417  28.815 0.0000000000
126219  33.569  31.979  28.574 0.0000000000
126220  29.781  32.893  26.779 0.0000000000
126221  29.703  32.607  26.778 0.0000000000
126227  33.830  32.882  28.144 0.0000000000
126228  33.334  32.343  28.036 0.0000000000
126229  32.538  32.258  27.303 0.0000000000
126230  32.089  31.821  27.141 0.0000000000
126231  29.861  32.891  26.623 0.0000000000
126235  32.340  32.641  26.731 0.0000000000
126236  31.887  32.158  26.650 0.0000000000
126237  31.177  32.297  26.090 0.0000000000
126238  30.495  32.080  26.075 0.0000000000
126239  30.070  32.060  26.174 0.0000000000
126240  29.837  32.237  26.290 0.0000000000
126241  29.820  32.549  26.407 0.0000000000
126242  29.992  33.069  26.500 0.0000000000
126246  31.133  32.922  25.677 0.0000000000
126247  30.818  32.835  25.717 0.0000000000
126248  30.473  32.804  25.836 0.0000000000
126249  30.242  32.849  25.995 0.0000000000
126250  30.098  32.975  26.114 0.0000000000
126251  30.038  32.913  26.330 0.0000000000
126835  31.414  31.479  40.042 0.0000000000
126836  30.987  31.340  40.545 0.0000000000
126837  29.711  31.336  40.899 0.0000000000
126844  31.568  31.714  39.224 0.0000000000
126845  28.647  31.350  40.700 0.0000000000
126846  27.702  31.649  40.035 0.0000000000
126862  38.572  34.526  36.054 0.0000000000
126863  38.338  34.802  36.515 0.0000000000
126864  37.418  35.325  37.320 0.0000000000
126865  36.081  35.274  37.525 0.0000000000
126866  31.517  33.372  36.520 0.0000000000
126867  31.394  32.542  37.227 0.0000000000
126878  38.545  34.393  35.644 0.0000000000
126879  38.474  34.077  35.178 0.0000000000
126880  36.644  35.618  37.221 0.0000000000
126881  35.046  35.156  36.736 0.0000000000
126882  33.320  34.265  36.182 0.0000000000
126883  31.822  33.376  36.328 0.0000000000
126884  31.154  32.002  36.898 0.0000000000
126893  38.434  34.402  35.185 0.0000000000
126894  38.284  34.152  34.570 0.0000000000
126895  37.675  33.970  33.564 0.0000000000
126896  36.508  33.608  32.460 0.0000000000
126897  35.503  33.762  31.782 0.0000000000
126904  35.484  32.943  31.855 0.0000000000
126905  34.561  33.267  31.480 0.0000000000
126906  33.228  33.268  30.903 0.0000000000
126907  32.270  32.592  30.510 0.0000000000
126914  32.637  33.475  30.119 0.0000000000
126915  31.777  32.723  29.684 0.0000000000
126916  30.921  32.157  29.381 0.0000000000
126923  31.472  32.936  28.704 0.0000000000
126924  30.680  32.289  28.662 0.0000000000
126930  31.126  33.239  28.067 0.0000000000
126931  30.416  32.785  27.846 0.0000000000
126932  29.987  32.502  27.641 0.0000000000
126940  36.822  33.721  30.134 0.0000000000
126941  35.918  33.273  29.732 0.0000000000
126942  30.228  33.229  27.330 0.0000000000
126943  29.889  32.791  27.247 0.0000000000
126957  36.268  34.016  29.547 0.0000000000
126958  35.329  33.665  28.945 0.0000000000
126959  34.651  33.154  28.726 0.0000000000
126960  30.328  33.748  26.889 0.0000000000
126961  30.066  33.335  26.759 0.0000000000
126962  30.237  33.460  26.595 0.0000000000
126973  35.036  34.147  28.327 0.0000000000
126974  34.384  33.621  28.037 0.0000000000
126975  33.507  33.126  27.621 0.0000000000
126976  33.029  32.774  27.452 0.0000000000
126977  30.304  33.696  26.533 0.0000000000
126986  34.113  34.104  27.447 0.0000000000
126987  33.700  33.817  27.256 0.0000000000
126988  32.876  33.310  26.748 0.0000000000
126989  32.154  32.866  26.237 0.0000000000
126990  31.701  32.593  26.102 0.0000000000
126991  30.336  33.906  26.429 0.0000000000
126995  32.847  33.739  26.097 0.0000000000
126996  32.453  33.532  25.892 0.0000000000
126997  31.625  33.212  25.691 0.0000000000
126998  31.099  33.455  25.478 0.0000000000
126999  30.889  33.667  25.547 0.0000000000
127000  30.675  33.594  25.763 0.0000000000
127001  30.589  33.833  26.022 0.0000000000
127002  30.508  33.735  26.454 0.0000000000
127006  30.954  34.145  25.350 0.0000000000
127007  30.898  34.276  25.550 0.0000000000
127008  30.770  34.375  25.749 0.0000000000
127511  31.936  32.716  41.953 0.0000000000
127512  30.230  32.468  42.101 0.0000000000
127513  29.224  32.505  41.987 0.0000000000
127523  31.901  32.349  40.225 0.0000000000
127524  30.738  31.686  41.368 0.0000000000
127525  28.601  32.062  41.050 0.0000000000
127537  31.894  32.819  38.109 0.0000000000
127538  28.043  31.816  40.282 0.0000000000
127555  38.491  34.741  36.150 0.0000000000
127556  38.001  35.401  36.561 0.0000000000
127557  37.307  35.656  37.048 0.0000000000
127558  31.796  33.831  36.460 0.0000000000
127559  31.511  33.344  36.992 0.0000000000
127571  38.442  34.729  35.546 0.0000000000
127572  37.896  35.866  36.318 0.0000000000
127573  36.976  36.007  36.870 0.0000000000
127574  34.699  35.311  36.590 0.0000000000
127575  32.917  34.508  36.255 0.0000000000
127576  32.077  34.113  36.091 0.0000000000
127580  38.298  34.778  35.009 0.0000000000
127581  38.057  34.945  34.182 0.0000000000
127582  37.326  35.001  32.989 0.0000000000
127583  35.839  34.936  31.870 0.0000000000
127584  34.951  34.192  31.645 0.0000000000
127589  35.012  35.579  31.484 0.0000000000
127590  34.330  34.734  31.170 0.0000000000
127591  33.332  34.598  30.099 0.0000000000
127597  32.691  34.419  28.870 0.0000000000
127598  32.039  33.535  28.743 0.0000000000
127604  32.419  35.129  28.137 0.0000000000
127605  31.898  34.299  28.040 0.0000000000
127612  31.005  34.258  27.394 0.0000000000
127613  30.532  33.559  27.381 0.0000000000
127619  30.692  34.883  26.994 0.0000000000
127620  30.553  34.065  27.091 0.0000000000
127628  36.320  34.776  29.157 0.0000000000
127629  35.565  34.725  28.428 0.0000000000
127630  30.569  35.159  26.842 0.0000000000
127631  30.558  34.806  26.741 0.0000000000
127632  30.474  34.469  26.541 0.0000000000
127633  30.419  33.964  26.517 0.0000000000
127643  34.952  34.578  27.876 0.0000000000
127644  34.452  34.518  27.437 0.0000000000
127645  30.399  35.194  26.421 0.0000000000
127646  30.480  34.703  26.392 0.0000000000
127658  33.992  34.479  27.036 0.0000000000
127659  33.492  34.238  26.545 0.0000000000
127660  33.106  33.943  26.186 0.0000000000
127661  30.344  34.959  26.362 0.0000000000
127662  30.310  35.487  26.224 0.0000000000
127670  33.258  34.362  26.111 0.0000000000
127671  32.882  34.230  25.814 0.0000000000
127672  32.103  34.174  25.446 0.0000000000
127673  31.331  34.170  25.292 0.0000000000
127674  30.988  34.131  25.265 0.0000000000
127675  30.912  34.393  25.392 0.0000000000
127676  30.661  34.457  26.196 0.0000000000
127677  30.506  35.059  26.214 0.0000000000
127678  30.147  35.582  25.970 0.0000000000
127683  31.011  34.603  25.344 0.0000000000
127684  30.962  34.855  25.449 0.0000000000
127685  30.830  34.956  25.546 0.0000000000
127686  30.802  35.149  25.675 0.0000000000
127687  30.611  35.149  25.891 0.0000000000
127688  30.172  35.742  25.824 0.0000000000
128196  32.336  34.526  43.362 0.0000000000
128197  31.805  34.256  43.622 0.0000000000
128205  32.576  34.083  42.843 0.0000000000
128206  31.208  33.255  43.034 0.0000000000
128224  34.117  34.668  40.521 0.0000000000
128225  33.489  34.125  41.066 0.0000000000
128226  28.598  32.766  41.695 0.0000000000
128244  33.970  34.677  39.609 0.0000000000
128245  32.770  33.724  38.693 0.0000000000
128256  38.514  34.908  36.019 0.0000000000
128257  38.407  35.128  36.074 0.0000000000
128258  33.867  35.585  37.194 0.0000000000
128259  33.152  35.153  37.341 0.0000000000
128260  31.987  33.832  37.227 0.0000000000
128271  38.447  35.039  35.827 0.0000000000
128272  38.248  35.486  35.902 0.0000000000
128273  37.783  36.231  35.779 0.0000000000
128274  36.619  36.533  36.655 0.0000000000
128275  34.429  35.582  36.870 0.0000000000
128276  32.670  34.512  36.352 0.0000000000
128279  38.350  35.099  35.489 0.0000000000
128280  38.180  35.485  35.100 0.0000000000
128281  37.742  36.235  34.158 0.0000000000
128282  36.838  36.308  32.608 0.0000000000
128283  26.793  36.519  32.191 0.0000000000
128284  26.342  36.473  32.345 0.0000000000
128285  25.493  36.416  32.621 0.0000000000
128286  24.921  36.359  32.881 0.0000000000
128289  35.508  36.355  31.831 0.0000000000
128290  34.613  36.278  30.869 0.0000000000
128291  33.993  35.623  30.115 0.0000000000
128292  27.807  36.454  31.370 0.0000000000
128293  27.194  36.360  31.751 0.0000000000
128294  26.179  36.131  31.887 0.0000000000
128295  25.380  36.225  32.204 0.0000000000
128296  24.726  36.383  32.605 0.0000000000
128303  33.966  36.600  29.775 0.0000000000
128304  33.460  35.756  29.191 0.0000000000
128305  28.578  37.039  30.199 0.0000000000
128306  28.075  36.634  30.784 0.0000000000
128307  26.976  36.161  31.054 0.0000000000
128308  26.082  35.970  31.367 0.0000000000
128309  25.401  36.247  31.837 0.0000000000
128310  24.651  36.561  32.224 0.0000000000
128311  24.231  36.808  32.307 0.0000000000
128318  33.325  36.911  29.109 0.0000000000
128319  32.457  36.442  28.304 0.0000000000
128320  32.159  35.433  27.881 0.0000000000
128321  28.624  37.203  29.674 0.0000000000
128322  27.728  36.734  30.115 0.0000000000
128323  26.840  36.265  30.548 0.0000000000
128324  26.131  36.111  30.969 0.0000000000
128325  25.582  36.386  31.469 0.0000000000
128326  25.177  36.640  31.715 0.0000000000
128327  24.612  36.756  32.038 0.0000000000
128334  31.508  36.792  27.988 0.0000000000
128335  31.485  35.896  27.564 0.0000000000
128336  29.066  37.394  28.881 0.0000000000
128337  28.549  37.241  28.905 0.0000000000
128338  27.549  36.855  29.674 0.0000000000
128339  26.938  36.565  30.159 0.0000000000
128340  26.225  36.337  30.688 0.0000000000
128341  25.758  36.521  31.109 0.0000000000
128350  30.679  35.751  27.150 0.0000000000
128351  30.250  36.235  27.136 0.0000000000
128352  28.735  37.334  28.195 0.0000000000
128353  27.997  37.060  28.860 0.0000000000
128354  27.427  36.876  29.459 0.0000000000
128363  30.585  35.380  26.960 0.0000000000
128364  30.361  35.808  26.878 0.0000000000
128365  30.223  35.668  26.614 0.0000000000
128373  35.394  35.578  27.750 0.0000000000
128374  34.838  34.998  27.434 0.0000000000
128375  30.015  35.893  26.513 0.0000000000
128376  29.879  35.936  26.328 0.0000000000
128388  35.029  35.989  27.273 0.0000000000
128389  34.455  35.394  26.866 0.0000000000
128390  33.892  34.786  26.575 0.0000000000
128391  29.778  35.832  26.081 0.0000000000
128392  30.072  35.745  26.145 0.0000000000
128404  34.028  35.739  26.298 0.0000000000
128405  33.534  35.092  26.061 0.0000000000
128406  32.554  35.090  25.571 0.0000000000
128407  31.537  35.206  25.393 0.0000000000
128408  31.149  34.818  25.341 0.0000000000
128409  29.782  35.930  25.816 0.0000000000
128410  29.914  35.762  25.896 0.0000000000
128419  31.057  35.830  25.459 0.0000000000
128420  30.873  35.512  25.446 0.0000000000
128421  30.499  36.026  25.372 0.0000000000
128422  30.484  35.824  25.512 0.0000000000
128423  30.270  35.938  25.568 0.0000000000
128424  29.842  36.159  25.415 0.0000000000
128425  29.750  36.098  25.615 0.0000000000
128431  29.978  36.442  24.925 0.0000000000
128432  29.873  36.280  25.081 0.0000000000
128433  29.689  36.324  25.108 0.0000000000
128434  29.701  36.267  25.246 0.0000000000
128938  32.399  35.382  43.349 0.0000000000
128955  34.211  36.097  41.604 0.0000000000
128956  33.711  35.139  42.403 0.0000000000
128975  34.423  35.525  40.557 0.0000000000
128976  34.119  35.156  41.554 0.0000000000
128990  35.198  36.764  38.357 0.0000000000
128991  34.446  35.822  38.859 0.0000000000
128992  27.220  38.253  36.124 0.0000000000
128993  27.070  38.114  35.886 0.0000000000
128995  34.562  36.150  37.348 0.0000000000
128996  34.212  36.001  37.786 0.0000000000
128997  27.199  38.145  35.542 0.0000000000
128998  26.678  37.763  35.348 0.0000000000
128999  26.114  37.583  34.745 0.0000000000
129010  37.567  38.445  34.896 0.0000000000
129011  37.731  37.606  35.307 0.0000000000
129012  36.596  37.097  36.597 0.0000000000
129013  35.753  36.764  37.123 0.0000000000
129014  28.148  38.353  33.813 0.0000000000
129015  27.319  38.165  34.167 0.0000000000
129016  26.272  37.553  33.959 0.0000000000
129017  25.640  37.391  34.016 0.0000000000
129018  25.086  37.176  33.845 0.0000000000
129023  37.441  38.385  34.394 0.0000000000
129024  37.094  37.791  33.442 0.0000000000
129025  36.150  37.293  32.339 0.0000000000
129026  30.560  38.518  31.934 0.0000000000
129027  30.033  38.223  32.183 0.0000000000
129028  28.552  37.849  32.819 0.0000000000
129029  26.995  37.054  32.576 0.0000000000
129030  25.839  36.913  33.114 0.0000000000
129031  25.089  36.711  33.348 0.0000000000
129032  24.574  36.826  33.303 0.0000000000
129033  24.080  36.986  33.189 0.0000000000
129036  36.077  38.191  32.434 0.0000000000
129037  34.990  37.704  31.479 0.0000000000
129038  34.264  37.268  30.420 0.0000000000
129039  31.416  39.071  30.688 0.0000000000
129040  30.876  38.652  31.223 0.0000000000
129041  29.630  37.619  31.377 0.0000000000
129042  28.161  36.767  31.536 0.0000000000
129043  27.470  36.535  31.956 0.0000000000
129044  24.120  36.652  32.841 0.0000000000
129045  23.906  37.019  32.897 0.0000000000
129051  34.060  38.056  30.598 0.0000000000
129052  33.560  37.721  29.825 0.0000000000
129053  31.435  38.942  30.207 0.0000000000
129054  30.503  38.279  30.048 0.0000000000
129055  29.105  37.286  30.224 0.0000000000
129056  28.449  36.778  30.864 0.0000000000
129057  24.042  36.793  32.585 0.0000000000
129058  23.944  37.045  32.525 0.0000000000
129065  32.759  37.873  29.151 0.0000000000
129066  31.725  38.370  29.116 0.0000000000
129067  30.349  38.031  28.953 0.0000000000
129068  29.521  37.548  28.929 0.0000000000
129069  24.909  36.832  31.824 0.0000000000
129070  24.509  37.103  32.102 0.0000000000
129077  31.346  37.468  28.366 0.0000000000
129078  30.617  37.274  28.065 0.0000000000
129079  29.626  37.381  28.180 0.0000000000
129080  29.222  37.362  27.987 0.0000000000
129081  26.752  36.704  30.225 0.0000000000
129082  26.412  36.697  30.482 0.0000000000
129083  25.555  36.954  31.367 0.0000000000
129084  24.977  37.464  31.932 0.0000000000
129091  30.509  36.687  27.576 0.0000000000
129092  29.952  36.800  27.476 0.0000000000
129093  29.299  37.118  27.605 0.0000000000
129094  28.579  37.234  28.030 0.0000000000
129095  27.439  37.022  29.256 0.0000000000
129096  26.674  37.038  30.194 0.0000000000
129097  26.096  37.256  31.099 0.0000000000
129104  29.870  36.523  27.223 0.0000000000
129105  29.504  36.675  27.181 0.0000000000
129106  28.586  37.227  27.724 0.0000000000
129107  27.665  37.196  28.687 0.0000000000
129108  27.018  37.233  29.819 0.0000000000
129117  29.454  36.546  26.917 0.0000000000
129118  28.921  36.919  27.066 0.0000000000
129119  27.978  37.320  27.891 0.0000000000
129129  34.758  36.459  27.091 0.0000000000
129130  28.994  36.592  26.354 0.0000000000
129142  34.265  36.327  26.513 0.0000000000
129143  33.676  36.195  26.127 0.0000000000
129144  32.943  36.060  25.740 0.0000000000
129145  32.045  36.073  25.568 0.0000000000
129146  29.008  36.420  25.837 0.0000000000
129159  31.293  36.269  25.473 0.0000000000
129160  30.747  36.414  25.270 0.0000000000
129161  30.361  36.456  25.036 0.0000000000
129162  29.299  36.381  25.122 0.0000000000
129163  29.092  36.435  25.251 0.0000000000
129172  29.995  36.623  24.731 0.0000000000
129173  29.652  36.776  24.563 0.0000000000
129174  29.387  36.736  24.571 0.0000000000
129175  29.204  36.597  24.809 0.0000000000
129176  28.798  36.797  24.649 0.0000000000
129696  33.020  38.024  41.858 0.0000000000
129697  31.885  37.610  42.645 0.0000000000
129712  34.263  38.557  40.294 0.0000000000
129713  33.869  37.624  41.308 0.0000000000
129714  33.346  36.558  42.294 0.0000000000
129715  29.317  42.187  38.877 0.0000000000
129716  28.610  41.904  38.997 0.0000000000
129717  28.089  41.502  39.045 0.0000000000
129718  27.859  41.507  38.984 0.0000000000
129726  35.224  38.314  39.618 0.0000000000
129727  34.695  37.119  40.608 0.0000000000
129728  30.240  41.782  37.442 0.0000000000
129729  29.217  41.240  37.751 0.0000000000
129730  28.452  40.784  37.896 0.0000000000
129731  28.041  40.398  37.943 0.0000000000
129732  28.004  40.653  38.120 0.0000000000
129733  28.125  40.944  37.541 0.0000000000
129742  36.571  39.101  37.850 0.0000000000
129743  35.802  38.135  38.672 0.0000000000
129744  35.127  36.966  39.592 0.0000000000
129745  30.299  41.201  36.064 0.0000000000
129746  29.154  40.499  36.598 0.0000000000
129747  28.366  39.841  36.945 0.0000000000
129748  27.815  39.378  36.949 0.0000000000
129749  27.554  38.931  36.552 0.0000000000
129750  27.665  39.974  36.532 0.0000000000
129751  27.535  40.048  35.954 0.0000000000
129754  37.369  39.279  36.024 0.0000000000
129755  36.974  38.705  36.960 0.0000000000
129756  36.097  37.598  37.675 0.0000000000
129757  30.317  40.352  34.733 0.0000000000
129758  29.243  39.840  35.378 0.0000000000
129759  28.328  39.324  35.862 0.0000000000
129760  27.714  38.777  36.173 0.0000000000
129761  26.899  38.138  35.691 0.0000000000
129762  26.461  38.136  35.177 0.0000000000
129763  26.793  39.124  35.378 0.0000000000
129772  37.319  38.965  34.602 0.0000000000
129773  37.487  38.716  35.328 0.0000000000
129774  37.359  38.229  36.231 0.0000000000
129775  36.676  37.686  36.947 0.0000000000
129776  30.418  39.568  33.556 0.0000000000
129777  29.372  39.289  34.171 0.0000000000
129778  28.377  38.777  34.655 0.0000000000
129779  27.727  38.529  35.322 0.0000000000
129780  25.511  37.616  34.263 0.0000000000
129781  25.334  37.897  34.194 0.0000000000
129782  25.029  38.283  33.939 0.0000000000
129792  37.068  38.895  33.863 0.0000000000
129793  36.415  38.940  33.006 0.0000000000
129794  32.889  40.191  31.941 0.0000000000
129795  31.757  39.754  32.113 0.0000000000
129796  30.760  38.929  32.380 0.0000000000
129797  29.672  38.577  33.186 0.0000000000
129798  28.762  38.534  33.727 0.0000000000
129799  24.437  37.254  33.467 0.0000000000
129800  24.333  37.803  33.368 0.0000000000
129801  24.270  38.387  33.136 0.0000000000
129805  35.364  38.999  32.183 0.0000000000
129806  34.069  39.053  31.110 0.0000000000
129807  32.943  39.519  30.877 0.0000000000
129808  31.868  39.448  30.934 0.0000000000
129809  31.313  39.231  31.602 0.0000000000
129810  23.961  37.504  32.846 0.0000000000
129811  24.229  38.185  32.983 0.0000000000
129815  33.581  38.417  30.340 0.0000000000
129816  32.935  38.693  29.935 0.0000000000
129817  32.189  39.051  29.990 0.0000000000
129818  24.120  37.543  32.518 0.0000000000
129819  24.226  38.065  32.795 0.0000000000
129825  32.402  38.448  29.399 0.0000000000
129826  32.279  38.677  29.567 0.0000000000
129827  24.571  37.985  32.330 0.0000000000
129828  24.372  38.014  32.623 0.0000000000
129835  25.569  37.678  31.790 0.0000000000
129836  24.978  37.900  32.102 0.0000000000
129845  26.580  37.477  30.885 0.0000000000
129846  26.093  37.511  31.329 0.0000000000
129853  27.296  37.450  29.191 0.0000000000
129854  27.012  37.419  30.221 0.0000000000
129862  28.384  37.255  27.059 0.0000000000
129863  27.757  37.488  27.846 0.0000000000
129874  28.378  37.127  26.444 0.0000000000
129875  28.120  37.446  27.143 0.0000000000
129885  33.768  37.047  26.610 0.0000000000
129886  33.033  37.063  26.248 0.0000000000
129887  32.296  36.958  25.869 0.0000000000
129888  31.647  37.007  25.611 0.0000000000
129889  28.631  36.873  25.465 0.0000000000
129906  31.029  37.184  25.180 0.0000000000
129907  30.352  37.265  24.514 0.0000000000
129908  30.050  36.877  24.570 0.0000000000
129909  28.641  36.900  24.813 0.0000000000
129926  30.019  37.716  23.824 0.0000000000
129927  29.705  37.284  24.107 0.0000000000
129928  29.215  37.154  23.976 0.0000000000
129929  28.930  37.172  23.936 0.0000000000
129930  28.707  37.195  24.149 0.0000000000
129931  28.650  37.032  24.466 0.0000000000
129941  28.727  37.461  23.662 0.0000000000
129942  28.601  37.525  23.741 0.0000000000
130452  28.423  42.529  42.362 0.0000000000
130464  32.308  38.772  41.723 0.0000000000
130465  31.580  39.973  41.939 0.0000000000
130466  30.565  41.683  41.588 0.0000000000
130467  29.601  42.466  41.351 0.0000000000
130468  28.872  42.858  41.420 0.0000000000
130469  28.041  42.797  41.557 0.0000000000
130470  27.522  42.822  41.183 0.0000000000
130482  33.892  39.384  39.965 0.0000000000
130483  33.029  39.634  40.666 0.0000000000
130484  31.647  41.498  40.467 0.0000000000
130485  30.279  42.452  39.979 0.0000000000
130486  29.224  42.748  40.135 0.0000000000
130487  28.440  42.500  40.198 0.0000000000
130488  27.887  42.244  39.988 0.0000000000
130489  27.539  42.296  40.039 0.0000000000
130502  34.790  39.453  39.615 0.0000000000
130503  32.692  41.465  39.529 0.0000000000
130504  31.345  42.216  38.737 0.0000000000
130505  30.070  42.323  38.539 0.0000000000
130506  27.941  41.663  39.160 0.0000000000
130507  27.938  41.593  38.521 0.0000000000
130518  36.406  39.932  37.655 0.0000000000
130519  35.749  39.664  38.529 0.0000000000
130520  32.708  41.667  38.081 0.0000000000
130521  31.591  41.879  37.027 0.0000000000
130522  28.128  41.235  37.295 0.0000000000
130523  27.926  40.866  36.539 0.0000000000
130526  37.120  39.917  35.793 0.0000000000
130527  36.862  40.047  36.718 0.0000000000
130528  34.186  41.576  36.050 0.0000000000
130529  33.339  41.521  36.405 0.0000000000
130530  31.632  41.388  35.422 0.0000000000
130531  27.422  40.149  35.596 0.0000000000
130532  26.754  39.696  34.870 0.0000000000
130536  37.143  39.279  34.623 0.0000000000
130537  37.050  39.590  34.916 0.0000000000
130538  34.164  41.417  35.306 0.0000000000
130539  32.908  41.277  34.565 0.0000000000
130540  31.466  40.545  34.039 0.0000000000
130541  26.407  39.098  34.853 0.0000000000
130542  25.783  39.034  34.403 0.0000000000
130551  37.027  39.296  34.343 0.0000000000
130552  36.413  39.726  33.783 0.0000000000
130553  35.481  40.386  33.300 0.0000000000
130554  34.279  40.909  33.480 0.0000000000
130555  32.443  40.552  33.124 0.0000000000
130556  31.309  39.868  33.015 0.0000000000
130557  25.191  38.930  33.687 0.0000000000
130558  24.661  38.898  33.182 0.0000000000
130568  35.732  39.674  32.869 0.0000000000
130569  34.836  40.040  32.341 0.0000000000
130570  33.813  40.097  31.856 0.0000000000
130571  24.460  38.973  32.897 0.0000000000
130577  24.360  38.979  32.684 0.0000000000
130582  24.699  38.752  32.544 0.0000000000
130583  24.406  38.828  32.490 0.0000000000
130589  26.049  38.742  32.244 0.0000000000
130590  25.744  38.497  32.177 0.0000000000
130591  24.990  38.674  32.401 0.0000000000
130600  26.352  38.306  31.812 0.0000000000
130601  26.085  37.845  31.600 0.0000000000
130611  27.362  37.638  29.947 0.0000000000
130612  27.051  37.826  30.879 0.0000000000
130620  27.614  37.851  27.797 0.0000000000
130621  27.462  37.739  28.824 0.0000000000
130633  28.059  37.642  26.856 0.0000000000
130634  27.876  37.577  27.430 0.0000000000
130649  32.412  38.106  26.044 0.0000000000
130650  31.970  37.527  25.733 0.0000000000
130651  28.433  37.360  25.816 0.0000000000
130665  32.055  38.691  25.592 0.0000000000
130666  31.625  38.089  25.299 0.0000000000
130667  30.893  38.067  24.505 0.0000000000
130668  28.562  37.253  24.935 0.0000000000
130684  30.365  38.278  23.683 0.0000000000
130685  29.690  38.156  23.258 0.0000000000
130686  29.148  37.610  23.452 0.0000000000
130687  28.937  37.400  23.605 0.0000000000
130688  28.461  37.652  23.892 0.0000000000
130689  28.581  37.282  24.400 0.0000000000
130698  29.440  38.530  22.861 0.0000000000
130699  29.115  38.166  22.972 0.0000000000
130700  28.759  37.736  23.355 0.0000000000
130701  28.538  37.709  23.545 0.0000000000
131174  27.473  42.914  42.018 0.0000000000
131175  26.821  42.729  41.918 0.0000000000
131189  33.823  40.090  39.626 0.0000000000
131190  33.300  40.711  39.752 0.0000000000
131191  27.189  42.256  39.682 0.0000000000
131192  25.881  42.557  40.964 0.0000000000
131209  34.578  40.433  38.866 0.0000000000
131210  33.501  40.955  38.981 0.0000000000
131211  27.889  41.799  38.026 0.0000000000
131212  27.074  42.260  38.823 0.0000000000
131227  35.982  40.659  37.268 0.0000000000
131228  34.919  40.827  37.725 0.0000000000
131229  33.882  41.164  37.883 0.0000000000
131230  28.202  41.513  37.132 0.0000000000
131231  28.059  41.650  36.966 0.0000000000
131232  24.930  41.840  39.148 0.0000000000
131240  36.620  40.425  35.438 0.0000000000
131241  36.043  41.093  35.990 0.0000000000
131242  34.845  41.420  36.379 0.0000000000
131243  34.285  41.405  37.132 0.0000000000
131244  27.388  40.718  35.234 0.0000000000
131245  26.554  39.812  34.593 0.0000000000
131249  36.252  40.355  34.446 0.0000000000
131250  35.812  40.931  34.852 0.0000000000
131251  35.123  41.320  35.026 0.0000000000
131252  27.061  40.936  34.682 0.0000000000
131253  26.217  40.149  34.197 0.0000000000
131256  35.898  40.321  33.876 0.0000000000
131257  35.486  40.766  34.002 0.0000000000
131258  35.194  41.124  34.293 0.0000000000
131259  25.172  39.875  33.395 0.0000000000
131260  24.361  39.810  32.960 0.0000000000
131267  23.941  39.791  32.566 0.0000000000
131274  23.806  39.739  32.162 0.0000000000
131280  24.423  39.116  32.229 0.0000000000
131281  23.820  39.591  31.884 0.0000000000
131284  25.953  39.180  32.392 0.0000000000
131285  25.113  39.444  32.134 0.0000000000
131286  24.352  39.492  31.881 0.0000000000
131287  23.978  39.421  31.813 0.0000000000
131296  27.115  38.655  32.027 0.0000000000
131297  26.720  38.584  32.093 0.0000000000
131308  27.658  38.136  30.249 0.0000000000
131309  27.367  38.034  30.644 0.0000000000
131310  27.100  38.298  31.485 0.0000000000
131321  27.557  37.989  28.727 0.0000000000
131322  27.522  37.876  29.613 0.0000000000
131337  27.799  38.021  27.534 0.0000000000
131352  32.414  39.244  25.810 0.0000000000
131353  28.308  37.823  26.291 0.0000000000
131365  31.842  39.330  25.119 0.0000000000
131366  31.282  38.896  24.472 0.0000000000
131367  30.896  38.755  23.834 0.0000000000
131368  28.578  38.034  24.591 0.0000000000
131369  28.619  37.733  25.040 0.0000000000
131380  31.564  39.645  24.293 0.0000000000
131381  31.221  39.431  23.642 0.0000000000
131382  30.718  39.199  23.110 0.0000000000
131383  30.190  38.783  23.001 0.0000000000
131384  28.500  38.045  24.111 0.0000000000
131385  28.510  37.593  24.399 0.0000000000
131391  30.358  39.326  22.654 0.0000000000
131392  29.826  38.989  22.679 0.0000000000
131393  29.280  38.819  22.738 0.0000000000
131394  28.823  38.463  22.958 0.0000000000
131395  28.523  38.150  23.392 0.0000000000
131878  27.341  42.581  38.637 0.0000000000
131879  26.907  42.427  38.885 0.0000000000
131894  27.623  42.445  38.169 0.0000000000
131895  26.352  42.203  38.826 0.0000000000
131906  28.051  42.006  36.626 0.0000000000
131913  27.518  41.627  35.260 0.0000000000
131914  26.726  41.335  34.403 0.0000000000
131922  25.732  40.996  33.695 0.0000000000
131923  24.775  40.829  33.097 0.0000000000
131931  24.169  40.757  32.515 0.0000000000
131936  23.821  40.760  32.021 0.0000000000
131943  23.714  41.117  31.172 0.0000000000
131944  23.769  40.821  31.488 0.0000000000
131950  25.773  39.639  32.323 0.0000000000
131951  25.228  40.062  31.904 0.0000000000
131952  24.012  40.600  31.241 0.0000000000
131953  23.839  39.943  31.665 0.0000000000
131961  27.363  39.341  32.310 0.0000000000
131962  27.039  39.419  32.169 0.0000000000
131963  26.014  39.801  32.016 0.0000000000
131964  24.931  40.978  31.224 0.0000000000
131970  28.212  38.784  30.987 0.0000000000
131971  27.761  38.879  31.388 0.0000000000
131972  27.469  38.536  31.449 0.0000000000
131979  28.320  38.676  30.059 0.0000000000
131980  27.915  38.291  28.929 0.0000000000
131992  28.563  38.557  28.008 0.0000000000
131993  28.200  38.262  27.039 0.0000000000
132005  28.884  38.418  26.245 0.0000000000
132006  28.617  38.069  25.657 0.0000000000
132019  32.600  40.199  25.312 0.0000000000
132020  28.844  38.418  24.657 0.0000000000
132021  28.676  38.039  24.927 0.0000000000
132036  32.087  40.220  24.496 0.0000000000
132037  31.643  40.238  23.636 0.0000000000
132038  31.224  39.960  22.916 0.0000000000
132039  28.767  39.251  22.960 0.0000000000
132040  28.641  38.792  23.497 0.0000000000
132047  30.776  39.872  22.540 0.0000000000
132048  30.276  39.787  22.380 0.0000000000
132049  29.663  39.536  22.484 0.0000000000
132050  29.063  39.222  22.724 0.0000000000
132051  28.657  38.777  23.009 0.0000000000
132573  27.789  42.547  37.899 0.0000000000
132574  26.109  42.210  38.875 0.0000000000
132581  28.027  42.521  36.167 0.0000000000
132584  27.306  42.338  34.909 0.0000000000
132585  26.246  42.100  34.074 0.0000000000
132589  25.237  41.918  33.384 0.0000000000
132590  24.538  41.857  32.707 0.0000000000
132598  24.124  41.901  32.083 0.0000000000
132606  23.839  41.998  31.591 0.0000000000
132615  23.729  42.046  31.046 0.0000000000
132616  23.731  42.040  31.278 0.0000000000
132623  24.303  41.255  30.880 0.0000000000
132624  23.891  42.097  30.869 0.0000000000
132628  28.859  39.771  31.719 0.0000000000
132629  27.863  39.961  32.419 0.0000000000
132630  27.178  40.166  32.152 0.0000000000
132631  26.081  40.990  31.993 0.0000000000
132632  25.131  41.661  31.050 0.0000000000
132633  24.401  42.055  30.723 0.0000000000
132634  24.109  42.102  30.747 0.0000000000
132638  29.362  39.318  29.898 0.0000000000
132639  28.403  39.102  31.137 0.0000000000
132640  27.830  39.333  32.083 0.0000000000
132643  29.704  39.160  28.211 0.0000000000
132644  28.951  38.933  29.028 0.0000000000
132650  29.876  39.138  27.277 0.0000000000
132651  29.408  38.896  27.013 0.0000000000
132661  29.365  38.782  25.381 0.0000000000
132674  32.666  40.680  24.651 0.0000000000
132675  29.118  39.741  23.944 0.0000000000
132676  29.133  39.070  24.409 0.0000000000
132692  33.198  41.702  24.038 0.0000000000
132693  32.488  41.085  23.846 0.0000000000
132694  31.637  40.858  22.788 0.0000000000
132695  31.129  40.332  22.532 0.0000000000
132696  28.919  39.681  23.214 0.0000000000
132697  28.876  39.170  23.834 0.0000000000
132708  31.432  41.193  22.453 0.0000000000
132709  30.931  40.612  22.317 0.0000000000
132710  30.160  40.317  22.329 0.0000000000
132711  29.507  39.977  22.507 0.0000000000
132712  29.089  39.669  22.782 0.0000000000
133208  27.304  42.855  38.462 0.0000000000
133215  27.952  43.199  37.088 0.0000000000
133217  27.605  43.271  35.658 0.0000000000
133218  26.776  43.159  34.533 0.0000000000
133221  25.687  42.992  33.751 0.0000000000
133222  24.811  42.932  33.072 0.0000000000
133225  24.301  43.048  32.359 0.0000000000
133226  20.216  44.470  31.395 0.0000000000
133227  19.855  44.285  31.531 0.0000000000
133231  23.941  43.255  31.814 0.0000000000
133232  19.972  44.300  31.227 0.0000000000
133233  19.490  44.038  31.429 0.0000000000
133239  23.888  43.156  31.251 0.0000000000
133240  23.843  43.494  31.403 0.0000000000
133241  19.593  44.129  31.134 0.0000000000
133242  19.318  43.953  31.255 0.0000000000
133247  28.497  41.626  32.981 0.0000000000
133248  27.916  41.709  32.929 0.0000000000
133249  27.220  42.010  32.736 0.0000000000
133250  23.755  43.680  31.210 0.0000000000
133251  23.543  44.455  31.278 0.0000000000
133252  21.601  45.107  30.110 0.0000000000
133253  21.378  45.001  30.133 0.0000000000
133256  29.975  40.603  31.877 0.0000000000
133257  29.180  40.672  32.324 0.0000000000
133258  27.999  40.871  32.621 0.0000000000
133259  26.898  41.681  32.415 0.0000000000
133260  25.998  42.398  31.597 0.0000000000
133261  25.119  43.014  30.892 0.0000000000
133262  24.404  43.468  30.918 0.0000000000
133263  24.070  43.431  31.168 0.0000000000
133264  21.496  45.113  29.930 0.0000000000
133265  21.269  45.004  29.914 0.0000000000
133268  30.196  40.284  31.243 0.0000000000
133269  29.961  39.818  30.473 0.0000000000
133271  30.197  39.462  28.883 0.0000000000
133278  30.289  39.433  27.383 0.0000000000
133279  29.992  39.185  26.629 0.0000000000
133288  30.220  39.692  25.989 0.0000000000
133289  29.796  39.229  25.656 0.0000000000
133302  29.698  40.077  24.614 0.0000000000
133303  29.472  39.339  24.710 0.0000000000
133320  33.043  42.012  23.370 0.0000000000
133321  32.314  41.611  23.057 0.0000000000
133322  29.736  40.970  22.828 0.0000000000
133323  29.457  40.635  23.299 0.0000000000
133338  32.610  42.155  22.961 0.0000000000
133339  31.982  41.758  22.671 0.0000000000
133340  31.352  41.419  22.415 0.0000000000
133341  30.701  41.067  22.310 0.0000000000
133342  29.926  40.840  22.520 0.0000000000
133343  29.316  40.189  22.766 0.0000000000
133853  27.607  44.131  36.524 0.0000000000
133856  27.042  44.149  35.105 0.0000000000
133857  26.036  44.029  34.239 0.0000000000
133858  21.632  45.876  32.806 0.0000000000
133859  21.152  45.725  32.846 0.0000000000
133860  20.162  45.076  33.111 0.0000000000
133861  19.423  44.547  33.339 0.0000000000
133865  25.095  43.959  33.476 0.0000000000
133866  24.372  44.029  32.794 0.0000000000
133867  21.770  45.745  32.554 0.0000000000
133868  20.800  45.369  32.332 0.0000000000
133869  19.778  44.560  32.571 0.0000000000
133870  19.030  44.241  32.895 0.0000000000
133873  23.693  44.443  32.166 0.0000000000
133874  22.378  45.396  31.939 0.0000000000
133875  20.511  44.821  31.710 0.0000000000
133876  19.434  44.126  31.972 0.0000000000
133877  18.819  44.115  32.221 0.0000000000
133881  23.384  44.675  31.662 0.0000000000
133882  22.024  45.203  31.374 0.0000000000
133883  20.699  44.746  31.178 0.0000000000
133884  19.145  43.917  31.539 0.0000000000
133885  18.821  44.070  31.567 0.0000000000
133889  23.197  45.044  31.269 0.0000000000
133890  21.649  45.011  30.837 0.0000000000
133891  20.257  44.526  30.798 0.0000000000
133892  19.365  44.115  30.988 0.0000000000
133893  18.940  44.218  30.950 0.0000000000
133896  30.179  41.343  32.606 0.0000000000
133897  29.109  41.780  33.124 0.0000000000
133898  27.920  42.625  33.068 0.0000000000
133899  27.113  42.920  32.691 0.0000000000
133900  23.584  44.725  31.192 0.0000000000
133901  22.925  44.990  30.957 0.0000000000
133902  21.695  45.119  30.378 0.0000000000
133903  21.023  44.891  30.178 0.0000000000
133904  20.028  44.605  30.242 0.0000000000
133905  19.407  44.433  30.587 0.0000000000
133907  30.620  40.717  31.531 0.0000000000
133908  29.827  40.962  32.338 0.0000000000
133909  26.572  43.249  32.084 0.0000000000
133910  25.825  43.836  31.329 0.0000000000
133911  24.600  44.896  30.939 0.0000000000
133912  24.126  44.940  30.820 0.0000000000
133913  23.682  45.062  30.913 0.0000000000
133914  22.940  45.487  30.666 0.0000000000
133915  21.958  45.337  30.117 0.0000000000
133916  21.348  45.156  29.740 0.0000000000
133917  20.778  45.073  29.703 0.0000000000
133920  30.953  40.290  29.685 0.0000000000
133921  30.556  39.772  29.287 0.0000000000
133922  23.833  46.201  30.008 0.0000000000
133923  23.735  46.031  30.162 0.0000000000
133924  23.471  46.062  30.210 0.0000000000
133925  23.022  46.055  30.045 0.0000000000
133926  22.377  45.840  29.704 0.0000000000
133927  21.816  45.599  29.375 0.0000000000
133928  21.287  45.366  29.415 0.0000000000
133930  31.274  40.588  27.582 0.0000000000
133931  30.793  39.819  28.225 0.0000000000
133932  23.680  46.401  28.348 0.0000000000
133933  23.565  46.488  28.771 0.0000000000
133934  23.457  46.540  29.000 0.0000000000
133935  23.272  46.490  29.153 0.0000000000
133936  23.023  46.485  29.172 0.0000000000
133937  22.618  46.398  28.991 0.0000000000
133938  22.268  46.132  29.059 0.0000000000
133946  30.997  40.994  25.916 0.0000000000
133947  30.727  40.116  26.686 0.0000000000
133948  23.703  46.289  27.878 0.0000000000
133949  23.634  45.952  27.367 0.0000000000
133950  23.441  45.953  27.579 0.0000000000
133951  23.216  45.968  27.741 0.0000000000
133952  22.916  46.041  27.874 0.0000000000
133953  22.738  46.352  28.320 0.0000000000
133959  30.393  41.443  24.640 0.0000000000
133960  30.350  40.544  25.238 0.0000000000
133961  23.656  45.628  26.517 0.0000000000
133962  23.484  45.523  26.647 0.0000000000
133963  23.258  45.436  26.740 0.0000000000
133964  23.008  45.493  26.899 0.0000000000
133973  30.084  41.547  23.697 0.0000000000
133974  29.835  41.005  24.102 0.0000000000
133987  33.063  42.416  23.044 0.0000000000
133988  30.610  41.711  22.737 0.0000000000
133989  29.969  41.309  22.948 0.0000000000
133990  29.751  41.185  23.458 0.0000000000
134003  32.947  42.681  22.934 0.0000000000
134004  31.991  42.128  22.665 0.0000000000
134005  31.249  41.692  22.462 0.0000000000
134006  30.647  41.421  22.442 0.0000000000
134007  30.295  41.309  22.572 0.0000000000
134533  20.187  45.820  35.507 0.0000000000
134534  19.624  45.628  35.594 0.0000000000
134536  26.754  45.352  35.602 0.0000000000
134537  25.783  45.946  34.942 0.0000000000
134538  22.943  46.586  34.067 0.0000000000
134539  21.552  46.399  34.134 0.0000000000
134540  20.330  45.639  34.610 0.0000000000
134541  19.356  45.243  35.002 0.0000000000
134542  18.763  45.029  34.826 0.0000000000
134545  26.354  44.720  34.674 0.0000000000
134546  25.136  45.272  34.032 0.0000000000
134547  23.422  46.043  33.365 0.0000000000
134548  21.979  46.185  33.100 0.0000000000
134549  20.737  45.698  33.593 0.0000000000
134550  19.703  45.059  33.953 0.0000000000
134551  18.839  44.686  34.013 0.0000000000
134556  24.509  44.565  33.305 0.0000000000
134557  23.665  45.103  32.862 0.0000000000
134558  22.703  45.775  32.595 0.0000000000
134559  18.377  44.504  33.142 0.0000000000
134560  18.115  44.743  33.122 0.0000000000
134565  23.188  45.154  32.262 0.0000000000
134566  22.976  45.421  32.351 0.0000000000
134567  18.346  44.453  32.345 0.0000000000
134568  18.185  44.605  32.854 0.0000000000
134572  18.581  44.426  31.540 0.0000000000
134575  30.847  43.526  33.755 0.0000000000
134576  29.504  43.868  33.913 0.0000000000
134577  28.773  44.391  33.746 0.0000000000
134578  18.833  44.565  30.959 0.0000000000
134581  31.680  42.323  32.789 0.0000000000
134582  30.123  42.362  33.481 0.0000000000
134583  28.376  43.659  33.466 0.0000000000
134584  26.880  44.374  32.495 0.0000000000
134585  26.572  43.944  32.102 0.0000000000
134586  19.637  44.691  30.195 0.0000000000
134587  19.251  44.660  30.460 0.0000000000
134590  32.240  41.670  31.174 0.0000000000
134591  31.179  41.371  32.132 0.0000000000
134592  26.073  45.504  31.970 0.0000000000
134593  25.530  45.279  31.534 0.0000000000
134594  24.614  45.535  30.883 0.0000000000
134595  24.158  45.861  30.570 0.0000000000
134596  20.154  45.142  29.717 0.0000000000
134597  19.603  44.885  30.051 0.0000000000
134600  32.360  41.467  29.739 0.0000000000
134601  31.627  40.971  30.487 0.0000000000
134602  24.668  46.538  30.497 0.0000000000
134603  24.305  46.304  30.304 0.0000000000
134604  23.902  46.370  29.837 0.0000000000
134605  21.525  45.681  29.184 0.0000000000
134606  21.107  45.582  29.231 0.0000000000
134609  32.497  41.869  28.704 0.0000000000
134610  31.832  41.211  28.562 0.0000000000
134611  24.240  46.876  29.364 0.0000000000
134612  23.817  46.649  28.763 0.0000000000
134613  23.645  46.616  28.958 0.0000000000
134614  22.336  46.407  28.653 0.0000000000
134615  22.033  46.154  28.676 0.0000000000
134616  21.453  45.962  28.895 0.0000000000
134625  32.066  42.190  27.355 0.0000000000
134626  31.477  41.624  26.689 0.0000000000
134627  24.172  46.655  28.011 0.0000000000
134628  23.827  46.166  27.375 0.0000000000
134629  23.670  45.726  26.734 0.0000000000
134630  22.612  45.973  27.626 0.0000000000
134631  22.302  46.175  27.822 0.0000000000
134632  22.366  46.494  28.040 0.0000000000
134641  31.637  42.485  25.845 0.0000000000
134642  30.999  41.951  25.217 0.0000000000
134643  24.099  46.318  27.141 0.0000000000
134644  23.759  45.926  26.586 0.0000000000
134645  23.479  45.540  26.326 0.0000000000
134646  23.296  45.320  26.208 0.0000000000
134647  23.019  45.264  26.268 0.0000000000
134648  22.544  45.618  26.582 0.0000000000
134649  22.183  45.864  26.662 0.0000000000
134659  31.378  42.564  24.465 0.0000000000
134660  30.622  42.080  24.050 0.0000000000
134661  23.516  45.750  26.162 0.0000000000
134662  23.345  45.542  25.985 0.0000000000
134663  23.071  45.500  25.934 0.0000000000
134664  22.685  45.563  25.939 0.0000000000
134665  22.450  45.510  25.934 0.0000000000
134674  32.150  42.932  23.037 0.0000000000
134675  31.298  42.421  23.235 0.0000000000
134676  30.469  41.843  23.263 0.0000000000
134685  31.785  42.288  22.798 0.0000000000
134686  31.097  41.911  22.606 0.0000000000
135139  21.280  47.159  36.768 0.0000000000
135140  20.781  46.979  36.803 0.0000000000
135141  19.964  46.767  36.798 0.0000000000
135146  25.030  47.594  36.588 0.0000000000
135147  23.269  47.528  36.284 0.0000000000
135148  21.339  46.773  36.182 0.0000000000
135149  20.010  46.126  36.149 0.0000000000
135150  19.263  46.228  36.262 0.0000000000
135154  25.858  46.658  35.702 0.0000000000
135155  24.142  46.958  35.156 0.0000000000
135156  22.368  46.894  35.087 0.0000000000
135157  21.051  46.276  35.148 0.0000000000
135158  19.323  45.655  35.701 0.0000000000
135159  18.692  45.566  35.499 0.0000000000
135160  18.139  45.626  35.236 0.0000000000
135165  25.069  46.324  34.723 0.0000000000
135166  24.147  46.339  34.193 0.0000000000
135167  18.405  45.131  34.707 0.0000000000
135168  17.956  45.414  34.663 0.0000000000
135174  18.242  44.868  34.055 0.0000000000
135175  17.925  45.076  33.756 0.0000000000
135182  18.149  44.679  32.473 0.0000000000
135183  17.967  44.907  32.890 0.0000000000
135186  18.148  44.831  32.179 0.0000000000
135187  17.928  45.119  32.629 0.0000000000
135194  29.161  44.905  33.919 0.0000000000
135195  18.536  44.881  31.324 0.0000000000
135200  28.255  45.276  33.344 0.0000000000
135201  27.393  45.120  32.818 0.0000000000
135202  19.043  45.035  30.597 0.0000000000
135207  27.292  46.362  32.577 0.0000000000
135208  26.432  46.004  32.131 0.0000000000
135209  25.685  46.133  31.680 0.0000000000
135210  20.096  45.541  29.556 0.0000000000
135211  19.597  45.187  29.981 0.0000000000
135216  26.565  47.129  31.714 0.0000000000
135217  25.810  46.882  31.328 0.0000000000
135218  25.172  46.673  30.961 0.0000000000
135219  20.943  45.879  29.141 0.0000000000
135224  26.174  47.423  30.814 0.0000000000
135225  25.546  47.393  30.177 0.0000000000
135226  24.778  47.122  29.785 0.0000000000
135227  22.241  46.617  28.188 0.0000000000
135228  21.935  46.394  28.647 0.0000000000
135236  25.250  47.302  28.807 0.0000000000
135237  24.618  47.041  28.540 0.0000000000
135238  21.997  46.133  26.613 0.0000000000
135239  22.111  46.492  27.439 0.0000000000
135248  24.950  47.121  28.064 0.0000000000
135249  24.531  46.847  27.508 0.0000000000
135250  24.084  46.499  26.716 0.0000000000
135251  22.257  45.660  25.953 0.0000000000
135252  22.027  45.947  25.960 0.0000000000
135262  31.922  43.087  23.784 0.0000000000
135263  23.666  46.279  26.229 0.0000000000
135264  23.389  46.168  25.887 0.0000000000
135265  23.068  46.188  25.676 0.0000000000
135266  22.677  46.197  25.561 0.0000000000
135267  22.274  46.148  25.620 0.0000000000
135268  22.017  46.557  25.277 0.0000000000
135281  31.942  42.976  23.256 0.0000000000
135660  18.465  47.372  37.105 0.0000000000
135667  22.227  47.504  36.802 0.0000000000
135668  21.580  47.265  36.767 0.0000000000
135669  18.577  46.523  36.362 0.0000000000
135670  17.961  46.942  36.485 0.0000000000
135673  18.163  46.121  35.801 0.0000000000
135674  17.705  46.283  35.573 0.0000000000
135678  17.629  45.986  34.704 0.0000000000
135686  17.719  45.725  33.851 0.0000000000
135697  17.902  45.562  33.083 0.0000000000
135701  18.341  45.348  31.863 0.0000000000
135702  18.036  45.412  32.465 0.0000000000
135711  18.908  45.501  31.078 0.0000000000
135719  19.933  46.040  29.740 0.0000000000
135720  19.610  45.769  30.101 0.0000000000
135727  28.247  46.680  32.942 0.0000000000
135728  20.435  46.025  29.471 0.0000000000
135729  19.831  45.598  29.693 0.0000000000
135736  27.545  47.392  31.988 0.0000000000
135737  22.235  46.869  28.006 0.0000000000
135738  21.854  46.629  28.474 0.0000000000
135743  28.172  47.922  31.067 0.0000000000
135744  27.246  47.690  30.434 0.0000000000
135745  26.341  47.633  30.022 0.0000000000
135746  22.021  46.822  27.713 0.0000000000
135747  22.159  46.709  28.358 0.0000000000
135753  27.080  47.646  29.387 0.0000000000
135754  26.266  47.546  28.896 0.0000000000
135755  21.847  46.237  26.013 0.0000000000
135756  21.758  46.683  26.235 0.0000000000
135763  25.289  47.356  27.842 0.0000000000
135764  24.535  47.210  26.876 0.0000000000
135765  23.925  47.069  26.255 0.0000000000
135766  21.838  46.582  25.483 0.0000000000
135767  21.679  47.144  25.111 0.0000000000
135773  23.529  47.040  25.795 0.0000000000
135774  23.185  47.163  25.389 0.0000000000
135775  22.766  47.270  24.984 0.0000000000
135776  22.357  47.034  24.970 0.0000000000
135777  22.068  47.009  24.787 0.0000000000
135778  21.885  47.194  24.576 0.0000000000
135779  21.696  47.494  24.504 0.0000000000
135791  22.801  47.630  24.295 0.0000000000
135792  22.565  47.591  24.243 0.0000000000
135793  22.355  47.536  24.142 0.0000000000
135794  22.113  47.516  24.091 0.0000000000
136167  17.303  47.426  36.593 0.0000000000
136171  17.261  46.914  35.638 0.0000000000
136176  17.408  46.745  34.907 0.0000000000
136182  17.740  46.383  33.906 0.0000000000
136192  18.439  46.202  32.522 0.0000000000
136193  18.128  46.148  32.874 0.0000000000
136204  18.671  46.016  31.971 0.0000000000
136205  18.215  45.711  32.274 0.0000000000
136213  19.949  46.404  30.335 0.0000000000
136214  19.575  46.206  30.726 0.0000000000
136222  20.171  46.313  29.912 0.0000000000
136223  19.673  46.116  30.176 0.0000000000
136231  22.162  47.078  28.277 0.0000000000
136232  21.495  46.795  28.935 0.0000000000
136241  22.081  47.100  27.779 0.0000000000
136242  22.076  46.880  28.397 0.0000000000
136249  27.985  48.225  29.854 0.0000000000
136250  27.501  47.789  29.469 0.0000000000
136251  21.700  47.260  26.550 0.0000000000
136259  27.717  48.198  29.111 0.0000000000
136260  27.285  47.902  28.947 0.0000000000
136261  26.116  47.917  28.254 0.0000000000
136262  21.541  47.431  25.426 0.0000000000
136268  25.083  47.972  27.191 0.0000000000
136269  24.279  48.075  25.966 0.0000000000
136270  23.786  47.612  25.744 0.0000000000
136271  21.525  47.641  24.666 0.0000000000
136278  24.265  48.555  24.995 0.0000000000
136279  23.754  48.218  24.755 0.0000000000
136280  23.194  47.841  24.473 0.0000000000
136281  22.981  47.713  24.361 0.0000000000
136282  21.784  47.722  23.989 0.0000000000
136283  21.580  47.759  24.205 0.0000000000
136295  24.176  48.564  23.300 0.0000000000
136296  23.635  48.411  23.615 0.0000000000
136297  23.134  48.075  23.741 0.0000000000
136298  22.855  48.097  23.542 0.0000000000
136299  22.637  48.154  23.443 0.0000000000
136300  22.182  47.836  23.760 0.0000000000
136309  24.646  48.554  22.388 0.0000000000
136310  24.180  48.535  22.580 0.0000000000
136311  23.738  48.570  22.770 0.0000000000
136312  23.465  48.656  22.784 0.0000000000
136313  23.201  48.588  22.981 0.0000000000
136322  24.890  48.567  21.893 0.0000000000
136323  24.649  48.639  21.774 0.0000000000
136324  24.165  48.635  21.952 0.0000000000
136325  23.900  48.766  21.993 0.0000000000
136337  24.659  48.777  21.391 0.0000000000
136338  24.464  48.804  21.457 0.0000000000
136339  24.153  48.804  21.548 0.0000000000
136762  18.629  46.950  33.611 0.0000000000
136763  18.000  47.016  33.885 0.0000000000
136767  18.788  46.585  32.783 0.0000000000
136768  18.278  46.622  33.278 0.0000000000
136778  20.425  46.800  31.451 0.0000000000
136779  19.662  46.613  31.867 0.0000000000
136787  20.441  46.721  30.556 0.0000000000
136788  19.946  46.534  31.112 0.0000000000
136798  22.136  47.331  29.134 0.0000000000
136799  21.324  47.073  29.608 0.0000000000
136809  22.205  47.291  28.586 0.0000000000
136810  21.754  47.135  29.002 0.0000000000
136818  22.158  47.547  27.817 0.0000000000
136825  27.866  49.008  29.381 0.0000000000
136826  26.685  49.397  28.615 0.0000000000
136827  26.217  49.618  28.168 0.0000000000
136828  21.714  47.775  26.840 0.0000000000
136835  27.555  48.213  28.911 0.0000000000
136836  26.935  48.410  28.602 0.0000000000
136837  25.695  49.035  27.846 0.0000000000
136838  21.444  48.005  25.634 0.0000000000
136848  24.869  48.917  26.432 0.0000000000
136849  24.674  48.855  25.199 0.0000000000
136850  21.412  48.054  24.712 0.0000000000
136862  24.641  48.838  23.938 0.0000000000
136863  24.270  48.653  23.708 0.0000000000
136864  21.808  48.187  23.808 0.0000000000
136865  21.460  48.002  24.219 0.0000000000
136878  25.146  48.797  22.659 0.0000000000
136879  24.689  48.636  22.960 0.0000000000
136880  23.014  48.621  23.183 0.0000000000
136881  22.185  48.166  23.591 0.0000000000
136894  25.320  48.857  21.861 0.0000000000
136895  25.006  48.609  22.143 0.0000000000
136896  23.535  48.832  22.342 0.0000000000
136897  23.452  48.918  22.519 0.0000000000
136908  25.347  48.975  21.473 0.0000000000
136909  25.108  48.817  21.440 0.0000000000
136910  24.900  48.779  21.391 0.0000000000
136911  23.831  49.132  21.792 0.0000000000
136912  23.709  49.130  22.010 0.0000000000
136923  25.071  49.077  21.035 0.0000000000
136924  24.821  49.072  21.124 0.0000000000
136925  24.398  49.244  21.222 0.0000000000
136926  24.057  49.056  21.500 0.0000000000
136937  24.685  49.491  20.908 0.0000000000
136938  24.524  49.610  20.977 0.0000000000
137347  20.744  47.481  33.635 0.0000000000
137348  19.483  47.192  33.638 0.0000000000
137355  22.516  47.699  32.438 0.0000000000
137356  20.889  47.235  32.407 0.0000000000
137357  19.837  47.027  32.828 0.0000000000
137363  22.707  47.725  31.155 0.0000000000
137364  21.394  47.197  31.377 0.0000000000
137370  22.506  47.714  29.843 0.0000000000
137371  21.618  47.250  30.446 0.0000000000
137380  22.455  47.753  28.966 0.0000000000
137390  22.398  48.022  28.282 0.0000000000
137403  27.281  50.241  29.273 0.0000000000
137404  26.575  50.166  28.516 0.0000000000
137405  21.929  48.401  27.277 0.0000000000
137416  26.079  50.031  27.729 0.0000000000
137417  21.408  48.851  25.954 0.0000000000
137431  25.483  49.875  26.504 0.0000000000
137432  25.109  49.372  25.481 0.0000000000
137433  21.571  48.772  24.778 0.0000000000
137445  25.560  49.971  24.970 0.0000000000
137446  25.206  49.297  24.371 0.0000000000
137447  22.124  48.652  23.588 0.0000000000
137448  21.661  48.523  24.029 0.0000000000
137458  25.844  49.747  23.687 0.0000000000
137459  25.432  49.164  23.195 0.0000000000
137460  23.382  49.143  22.749 0.0000000000
137461  22.617  48.721  23.281 0.0000000000
137473  25.971  49.573  22.600 0.0000000000
137474  25.598  49.125  22.237 0.0000000000
137475  23.839  49.569  22.172 0.0000000000
137490  25.912  49.521  21.882 0.0000000000
137491  25.581  49.330  21.499 0.0000000000
137492  25.358  49.145  21.274 0.0000000000
137493  24.039  49.549  21.479 0.0000000000
137494  23.966  50.072  21.544 0.0000000000
137506  25.486  49.468  21.151 0.0000000000
137507  25.272  49.405  20.997 0.0000000000
137508  25.038  49.344  20.867 0.0000000000
137509  24.357  49.736  21.092 0.0000000000
137510  24.172  49.882  21.222 0.0000000000
137511  23.622  50.953  20.745 0.0000000000
137523  25.156  49.703  20.680 0.0000000000
137524  24.869  49.776  20.644 0.0000000000
137525  24.389  50.142  20.681 0.0000000000
137526  23.856  50.972  20.564 0.0000000000
137527  23.236  51.380  20.275 0.0000000000
137961  23.709  48.689  30.721 0.0000000000
137971  22.976  48.572  29.189 0.0000000000
137983  22.381  49.075  27.927 0.0000000000
137998  21.904  49.646  26.588 0.0000000000
138013  26.643  50.886  28.190 0.0000000000
138014  23.635  50.181  24.227 0.0000000000
138015  22.710  49.794  24.927 0.0000000000
138035  26.163  50.807  27.109 0.0000000000
138036  24.303  50.407  22.999 0.0000000000
138037  23.809  50.134  23.593 0.0000000000
138038  22.337  49.186  23.988 0.0000000000
138053  26.623  51.542  26.508 0.0000000000
138054  26.032  50.707  25.760 0.0000000000
138055  24.157  50.256  22.756 0.0000000000
138056  23.082  49.277  23.287 0.0000000000
138057  22.147  48.875  23.686 0.0000000000
138071  26.652  51.332  25.256 0.0000000000
138072  26.371  50.575  24.282 0.0000000000
138073  24.024  49.987  22.169 0.0000000000
138074  23.320  49.215  22.959 0.0000000000
138087  26.379  50.235  23.046 0.0000000000
138088  23.521  51.006  20.896 0.0000000000
138089  21.872  51.362  20.332 0.0000000000
138090  20.967  51.179  20.186 0.0000000000
138099  26.289  50.216  21.865 0.0000000000
138100  25.900  49.759  21.502 0.0000000000
138101  23.124  51.305  20.591 0.0000000000
138102  22.070  51.370  20.183 0.0000000000
138103  21.016  51.128  20.024 0.0000000000
138111  26.382  50.820  21.209 0.0000000000
138112  25.800  50.200  20.935 0.0000000000
138113  25.363  49.877  20.709 0.0000000000
138114  22.687  51.450  20.121 0.0000000000
138115  21.751  51.397  19.902 0.0000000000
138116  21.158  51.262  19.884 0.0000000000
138128  25.776  50.654  20.337 0.0000000000
138129  25.299  50.348  20.284 0.0000000000
138130  24.515  50.632  20.095 0.0000000000
138131  23.721  51.067  19.961 0.0000000000
138132  23.163  51.373  19.919 0.0000000000
138133  22.423  51.529  19.724 0.0000000000
138134  21.813  51.545  19.677 0.0000000000
138148  23.464  51.325  19.781 0.0000000000
138149  23.333  51.191  19.932 0.0000000000
138565  23.771  49.583  29.921 0.0000000000
138572  23.033  49.803  28.699 0.0000000000
138582  22.324  50.355  27.481 0.0000000000
138595  24.001  50.884  25.241 0.0000000000
138596  22.982  50.525  26.110 0.0000000000
138607  24.704  51.379  23.346 0.0000000000
138608  24.179  50.701  24.282 0.0000000000
138609  23.479  50.467  25.104 0.0000000000
138622  24.527  50.967  22.752 0.0000000000
138623  24.440  50.736  23.476 0.0000000000
138630  27.222  52.246  25.806 0.0000000000
138631  24.339  50.939  21.956 0.0000000000
138632  21.487  51.866  21.493 0.0000000000
138644  27.131  51.735  24.039 0.0000000000
138645  26.672  50.831  23.464 0.0000000000
138646  23.659  51.251  21.247 0.0000000000
138647  22.372  51.634  21.131 0.0000000000
138657  27.328  52.040  22.489 0.0000000000
138658  26.745  51.029  22.694 0.0000000000
138659  23.395  51.221  20.960 0.0000000000
138660  22.736  51.359  20.774 0.0000000000
138661  20.948  51.343  20.624 0.0000000000
138672  27.426  52.205  21.404 0.0000000000
138673  26.793  51.305  21.641 0.0000000000
138674  20.384  51.159  20.199 0.0000000000
138685  27.565  52.453  20.894 0.0000000000
138686  26.720  51.678  20.724 0.0000000000
138687  26.013  50.944  20.447 0.0000000000
138688  20.900  51.342  19.744 0.0000000000
138689  20.380  51.307  19.928 0.0000000000
138690  19.817  51.355  20.303 0.0000000000
138698  26.518  52.037  20.326 0.0000000000
138699  25.839  51.356  20.141 0.0000000000
138700  24.846  51.281  19.780 0.0000000000
138701  23.892  51.489  19.696 0.0000000000
138702  23.095  51.652  19.600 0.0000000000
138703  22.350  51.802  19.478 0.0000000000
138704  21.530  51.836  19.472 0.0000000000
138705  20.983  51.605  19.564 0.0000000000
138706  20.579  51.478  19.761 0.0000000000
138716  23.237  51.384  19.760 0.0000000000
138717  23.022  51.485  19.752 0.0000000000
139142  23.615  51.951  27.589 0.0000000000
139143  22.954  51.058  28.256 0.0000000000
139149  24.934  52.156  24.951 0.0000000000
139150  24.233  51.644  25.985 0.0000000000
139151  23.042  51.099  27.165 0.0000000000
139161  24.898  52.873  23.295 0.0000000000
139162  24.983  52.089  23.906 0.0000000000
139163  24.573  51.436  24.849 0.0000000000
139175  24.679  53.090  23.004 0.0000000000
139176  24.378  52.564  22.514 0.0000000000
139177  22.549  53.002  22.309 0.0000000000
139193  23.979  51.645  21.950 0.0000000000
139194  22.943  52.288  21.612 0.0000000000
139207  27.909  53.131  23.506 0.0000000000
139208  23.999  51.437  21.582 0.0000000000
139209  23.540  51.737  21.401 0.0000000000
139222  28.174  52.881  22.102 0.0000000000
139233  28.212  52.904  21.225 0.0000000000
139246  27.896  52.975  20.835 0.0000000000
139247  27.143  52.578  20.572 0.0000000000
139248  19.636  51.809  20.426 0.0000000000
139260  26.655  52.618  20.424 0.0000000000
139261  26.034  52.329  20.184 0.0000000000
139262  25.156  52.184  19.881 0.0000000000
139263  24.129  52.256  19.703 0.0000000000
139264  23.138  52.406  19.549 0.0000000000
139265  22.212  52.508  19.518 0.0000000000
139266  21.368  52.476  19.633 0.0000000000
139267  20.712  52.234  19.748 0.0000000000
139268  20.219  51.934  20.003 0.0000000000
139676  25.388  53.615  24.846 0.0000000000
139677  25.236  52.930  25.637 0.0000000000
139678  24.646  52.644  26.797 0.0000000000
139688  25.165  53.157  23.953 0.0000000000
139689  25.222  52.795  24.594 0.0000000000
139702  24.829  53.328  23.413 0.0000000000
139703  24.369  53.482  23.030 0.0000000000
139704  23.409  53.626  22.749 0.0000000000
139754  27.700  53.274  20.649 0.0000000000
139764  27.725  53.835  20.954 0.0000000000
139765  27.106  53.413  20.737 0.0000000000
139766  26.240  53.239  20.733 0.0000000000
139767  25.376  53.153  20.512 0.0000000000
139768  24.407  53.210  20.111 0.0000000000
139769  23.374  53.257  19.923 0.0000000000
139770  22.371  53.277  20.039 0.0000000000
139771  21.472  53.220  20.185 0.0000000000
139772  20.612  53.099  20.682 0.0000000000
139773  20.224  52.517  20.280 0.0000000000
140178  25.105  53.878  24.258 0.0000000000
140191  24.976  53.524  23.786 0.0000000000
140192  24.656  53.814  23.640 0.0000000000
140193  23.954  54.203  23.350 0.0000000000
140238  26.758  55.478  22.648 0.0000000000
140239  25.954  55.295  22.233 0.0000000000
140240  25.247  55.044  21.829 0.0000000000
140252  27.319  54.400  21.633 0.0000000000
140253  26.541  54.249  21.490 0.0000000000
140254  25.678  54.115  21.324 0.0000000000
140255  24.718  54.308  21.029 0.0000000000
140256  23.690  54.123  20.711 0.0000000000
140257  22.739  54.049  20.727 0.0000000000
140258  21.728  54.189  21.334 0.0000000000
140259  21.063  53.709  21.004 0.0000000000
140701  24.688  55.356  22.004 0.0000000000
140702  23.967  55.130  21.698 0.0000000000
140703  23.071  54.865  21.641 0.0000000000
140704  22.421  54.603  21.607 0.0000000000
