#!ascii label  , from subject subject001 vox2ras=TkReg
1755
1537  19.289  -88.742  -29.116 0.0000000000
1538  19.376  -88.459  -29.618 0.0000000000
1546  19.435  -88.559  -29.981 0.0000000000
1566  20.017  -88.133  -30.706 0.0000000000
1575  20.669  -87.512  -31.515 0.0000000000
2000  19.392  -88.264  -28.968 0.0000000000
2001  19.453  -88.119  -29.527 0.0000000000
2009  19.510  -88.055  -29.925 0.0000000000
2015  19.850  -87.903  -30.438 0.0000000000
2022  20.528  -87.169  -31.466 0.0000000000
2023  20.269  -87.595  -30.921 0.0000000000
2033  20.835  -86.845  -32.002 0.0000000000
2046  21.193  -86.391  -32.456 0.0000000000
2517  19.635  -87.946  -28.960 0.0000000000
2529  20.100  -87.103  -29.757 0.0000000000
2530  19.871  -87.468  -29.732 0.0000000000
2531  19.632  -87.821  -29.821 0.0000000000
2537  20.202  -87.013  -30.382 0.0000000000
2538  19.842  -87.575  -30.125 0.0000000000
2546  20.329  -86.572  -30.873 0.0000000000
2547  20.258  -87.180  -30.588 0.0000000000
2557  20.392  -86.671  -31.282 0.0000000000
2558  20.247  -87.346  -30.786 0.0000000000
2563  20.587  -86.174  -32.075 0.0000000000
2574  21.326  -85.732  -32.917 0.0000000000
2575  20.780  -85.659  -32.795 0.0000000000
2587  21.688  -84.973  -33.823 0.0000000000
2588  21.233  -85.207  -33.630 0.0000000000
2589  20.906  -85.376  -33.324 0.0000000000
3173  20.932  -86.486  -30.099 0.0000000000
3174  20.459  -86.605  -30.187 0.0000000000
3175  20.264  -86.759  -30.323 0.0000000000
3183  20.375  -86.026  -30.799 0.0000000000
3184  20.320  -86.280  -30.796 0.0000000000
3194  20.402  -85.853  -31.484 0.0000000000
3207  20.452  -85.583  -32.094 0.0000000000
3213  20.506  -85.219  -32.746 0.0000000000
3223  20.517  -85.064  -33.231 0.0000000000
3234  22.524  -84.697  -34.012 0.0000000000
3235  21.306  -84.429  -34.362 0.0000000000
3236  20.711  -84.916  -33.646 0.0000000000
3248  23.487  -84.065  -34.687 0.0000000000
3249  22.305  -83.863  -34.862 0.0000000000
3250  21.555  -83.613  -34.975 0.0000000000
3784  21.391  -86.211  -30.298 0.0000000000
3801  22.626  -85.864  -30.504 0.0000000000
3802  21.757  -85.446  -30.713 0.0000000000
3803  20.964  -85.565  -30.896 0.0000000000
3804  20.529  -85.832  -30.840 0.0000000000
3816  20.834  -84.936  -31.404 0.0000000000
3817  20.620  -85.199  -31.425 0.0000000000
3818  20.438  -85.668  -31.211 0.0000000000
3828  20.495  -84.681  -31.840 0.0000000000
3829  20.473  -85.150  -31.760 0.0000000000
3841  20.428  -85.046  -32.169 0.0000000000
3847  20.281  -84.665  -32.759 0.0000000000
3853  20.328  -84.471  -33.455 0.0000000000
3859  20.952  -83.571  -34.804 0.0000000000
3860  20.553  -84.077  -34.219 0.0000000000
3867  24.472  -83.521  -35.365 0.0000000000
3868  23.262  -83.188  -35.503 0.0000000000
3869  22.222  -83.100  -35.367 0.0000000000
3870  21.470  -83.004  -35.210 0.0000000000
3876  24.295  -82.765  -36.148 0.0000000000
3877  23.545  -82.531  -36.206 0.0000000000
3881  25.541  -82.734  -37.687 0.0000000000
3886  25.452  -82.390  -38.902 0.0000000000
4480  25.385  -85.316  -31.198 0.0000000000
4481  24.263  -85.239  -31.046 0.0000000000
4482  23.232  -85.094  -31.005 0.0000000000
4483  22.372  -84.869  -31.040 0.0000000000
4484  21.743  -84.506  -31.329 0.0000000000
4485  21.361  -84.967  -31.157 0.0000000000
4499  21.537  -84.075  -31.614 0.0000000000
4500  21.072  -84.376  -31.569 0.0000000000
4501  20.732  -84.633  -31.590 0.0000000000
4513  20.870  -83.939  -31.839 0.0000000000
4514  20.603  -84.132  -31.953 0.0000000000
4515  20.361  -84.335  -32.182 0.0000000000
4524  20.272  -83.733  -32.527 0.0000000000
4525  20.158  -84.111  -32.653 0.0000000000
4527  20.044  -83.857  -33.313 0.0000000000
4529  20.240  -83.585  -33.963 0.0000000000
4532  20.947  -82.870  -35.025 0.0000000000
4533  20.566  -83.259  -34.533 0.0000000000
4536  22.875  -82.614  -35.875 0.0000000000
4537  22.244  -82.349  -35.698 0.0000000000
4538  21.456  -82.511  -35.319 0.0000000000
4541  24.895  -82.533  -36.931 0.0000000000
4542  24.238  -82.210  -36.881 0.0000000000
4543  23.402  -81.900  -36.534 0.0000000000
4544  22.659  -81.921  -36.174 0.0000000000
4547  24.986  -82.155  -37.802 0.0000000000
4548  24.523  -81.618  -37.733 0.0000000000
4549  24.046  -81.303  -37.388 0.0000000000
4553  25.036  -81.835  -38.898 0.0000000000
4554  24.728  -81.367  -38.921 0.0000000000
4557  25.209  -82.140  -40.105 0.0000000000
4558  24.858  -81.620  -40.002 0.0000000000
4564  25.258  -82.538  -40.935 0.0000000000
4565  24.497  -82.195  -41.511 0.0000000000
4566  23.596  -81.905  -42.216 0.0000000000
4577  24.065  -82.815  -42.461 0.0000000000
4578  23.285  -82.610  -42.941 0.0000000000
5183  26.106  -84.069  -31.992 0.0000000000
5184  24.892  -84.197  -31.506 0.0000000000
5185  23.824  -84.000  -31.635 0.0000000000
5186  22.782  -84.240  -31.479 0.0000000000
5187  22.225  -84.314  -31.432 0.0000000000
5197  26.995  -83.803  -32.555 0.0000000000
5198  26.496  -83.618  -32.418 0.0000000000
5199  23.620  -83.398  -32.119 0.0000000000
5200  23.057  -83.605  -31.969 0.0000000000
5201  22.086  -83.696  -31.888 0.0000000000
5202  21.413  -83.864  -31.769 0.0000000000
5209  21.877  -83.094  -32.385 0.0000000000
5210  21.169  -83.470  -32.158 0.0000000000
5211  20.561  -83.215  -32.674 0.0000000000
5215  20.223  -83.050  -33.202 0.0000000000
5216  20.042  -83.482  -33.223 0.0000000000
5218  20.344  -82.634  -33.686 0.0000000000
5219  20.230  -83.007  -33.731 0.0000000000
5222  20.399  -82.858  -34.296 0.0000000000
5225  21.210  -82.233  -35.159 0.0000000000
5226  20.697  -82.572  -34.739 0.0000000000
5232  22.285  -81.785  -35.921 0.0000000000
5233  21.752  -82.077  -35.545 0.0000000000
5239  23.577  -81.144  -36.942 0.0000000000
5240  22.883  -81.507  -36.379 0.0000000000
5246  24.462  -81.015  -38.230 0.0000000000
5247  24.078  -80.867  -37.630 0.0000000000
5254  24.588  -81.003  -38.994 0.0000000000
5262  24.618  -81.125  -39.730 0.0000000000
5263  24.406  -80.980  -40.415 0.0000000000
5271  24.502  -81.401  -40.638 0.0000000000
5272  23.919  -81.207  -41.463 0.0000000000
5281  22.688  -81.684  -42.841 0.0000000000
5282  21.971  -81.441  -43.434 0.0000000000
5294  22.389  -82.409  -43.446 0.0000000000
5295  21.789  -82.130  -44.026 0.0000000000
5874  29.749  -82.297  -32.332 0.0000000000
5875  29.217  -82.050  -32.516 0.0000000000
5876  25.763  -83.338  -32.334 0.0000000000
5877  25.168  -83.452  -32.094 0.0000000000
5878  24.540  -83.615  -31.887 0.0000000000
5888  27.573  -82.983  -32.739 0.0000000000
5889  26.389  -83.093  -32.635 0.0000000000
5890  25.419  -82.881  -32.644 0.0000000000
5891  24.302  -82.946  -32.438 0.0000000000
5892  23.333  -83.059  -32.359 0.0000000000
5893  22.768  -83.284  -32.251 0.0000000000
5899  24.097  -82.421  -32.730 0.0000000000
5900  23.670  -82.416  -32.688 0.0000000000
5901  22.633  -82.672  -32.576 0.0000000000
5902  21.701  -82.515  -32.821 0.0000000000
5903  21.004  -82.696  -32.835 0.0000000000
5909  21.280  -82.155  -33.284 0.0000000000
5910  20.751  -82.314  -33.386 0.0000000000
5918  20.525  -82.141  -33.797 0.0000000000
5919  20.372  -82.367  -33.929 0.0000000000
5928  36.128  -83.930  -35.300 0.0000000000
5929  35.724  -84.196  -35.260 0.0000000000
5930  34.927  -84.617  -35.081 0.0000000000
5931  20.634  -81.814  -34.218 0.0000000000
5932  20.461  -82.358  -34.239 0.0000000000
5942  35.981  -83.895  -35.600 0.0000000000
5943  35.202  -84.537  -35.580 0.0000000000
5944  33.975  -84.568  -35.544 0.0000000000
5945  32.537  -84.396  -35.783 0.0000000000
5946  31.515  -84.217  -35.847 0.0000000000
5947  21.004  -81.776  -34.793 0.0000000000
5948  20.591  -82.400  -34.500 0.0000000000
5958  35.451  -84.182  -36.087 0.0000000000
5959  34.586  -84.376  -36.229 0.0000000000
5960  33.151  -84.361  -36.664 0.0000000000
5961  31.902  -84.323  -36.374 0.0000000000
5962  31.077  -84.144  -36.252 0.0000000000
5963  22.434  -81.328  -36.147 0.0000000000
5964  21.846  -81.496  -35.568 0.0000000000
5971  32.611  -83.988  -37.389 0.0000000000
5972  32.056  -84.166  -37.028 0.0000000000
5973  31.262  -84.123  -36.814 0.0000000000
5974  23.759  -80.513  -37.392 0.0000000000
5975  23.024  -80.832  -36.553 0.0000000000
5976  22.348  -80.973  -36.107 0.0000000000
5983  32.467  -83.909  -37.693 0.0000000000
5984  32.055  -84.041  -37.598 0.0000000000
5985  31.453  -84.076  -37.347 0.0000000000
5986  24.442  -80.755  -38.840 0.0000000000
5987  24.209  -80.468  -38.395 0.0000000000
5995  24.499  -80.831  -39.332 0.0000000000
5996  24.345  -80.528  -39.354 0.0000000000
6005  24.448  -80.781  -39.828 0.0000000000
6006  24.223  -80.526  -40.373 0.0000000000
6015  23.864  -80.457  -41.304 0.0000000000
6023  23.175  -80.706  -42.168 0.0000000000
6024  22.229  -80.889  -43.034 0.0000000000
6031  21.666  -81.014  -43.909 0.0000000000
6043  21.661  -81.600  -45.098 0.0000000000
6680  34.344  -81.252  -31.298 0.0000000000
6681  33.426  -80.743  -30.770 0.0000000000
6695  34.009  -81.812  -31.486 0.0000000000
6696  33.043  -81.289  -31.175 0.0000000000
6697  31.461  -81.325  -31.293 0.0000000000
6698  30.738  -80.816  -31.099 0.0000000000
6713  30.980  -81.871  -31.717 0.0000000000
6714  30.305  -81.370  -31.555 0.0000000000
6715  29.363  -81.457  -32.147 0.0000000000
6728  28.835  -81.782  -32.562 0.0000000000
6729  28.065  -81.881  -32.751 0.0000000000
6730  26.980  -82.022  -32.949 0.0000000000
6731  25.894  -82.128  -33.123 0.0000000000
6732  25.043  -82.366  -33.013 0.0000000000
6743  25.240  -81.817  -33.323 0.0000000000
6744  24.359  -81.981  -33.122 0.0000000000
6745  23.331  -81.703  -33.177 0.0000000000
6746  22.400  -81.857  -33.214 0.0000000000
6747  21.762  -81.818  -33.380 0.0000000000
6756  22.829  -81.246  -33.543 0.0000000000
6757  22.192  -81.186  -33.661 0.0000000000
6758  21.354  -81.350  -33.731 0.0000000000
6759  20.847  -81.588  -33.841 0.0000000000
6766  21.168  -81.074  -34.076 0.0000000000
6767  20.940  -81.287  -34.151 0.0000000000
6772  37.317  -82.155  -35.101 0.0000000000
6773  36.477  -83.217  -35.190 0.0000000000
6774  35.307  -83.974  -34.681 0.0000000000
6775  33.839  -84.221  -34.737 0.0000000000
6776  32.534  -83.970  -34.856 0.0000000000
6777  21.228  -81.191  -34.527 0.0000000000
6780  37.223  -82.206  -35.571 0.0000000000
6781  36.652  -82.775  -36.053 0.0000000000
6782  32.948  -84.349  -35.212 0.0000000000
6783  31.781  -84.075  -35.240 0.0000000000
6784  30.511  -83.638  -35.802 0.0000000000
6785  29.554  -83.150  -35.982 0.0000000000
6786  21.474  -80.985  -34.895 0.0000000000
6792  35.878  -83.331  -36.269 0.0000000000
6793  35.108  -83.486  -36.749 0.0000000000
6794  34.211  -83.684  -37.192 0.0000000000
6795  30.525  -83.818  -36.612 0.0000000000
6796  29.727  -83.401  -36.512 0.0000000000
6797  22.108  -80.350  -35.715 0.0000000000
6798  21.690  -80.959  -35.309 0.0000000000
6804  33.383  -83.752  -37.647 0.0000000000
6805  33.526  -83.517  -38.036 0.0000000000
6806  30.759  -83.917  -37.263 0.0000000000
6807  30.053  -83.595  -37.085 0.0000000000
6808  23.383  -80.022  -36.987 0.0000000000
6809  22.579  -80.342  -36.265 0.0000000000
6810  22.092  -80.821  -35.789 0.0000000000
6816  32.728  -83.907  -37.703 0.0000000000
6817  32.625  -83.911  -38.006 0.0000000000
6818  31.291  -83.995  -37.958 0.0000000000
6819  30.260  -83.566  -37.675 0.0000000000
6820  23.905  -79.854  -38.070 0.0000000000
6826  24.073  -79.976  -39.459 0.0000000000
6832  23.989  -80.030  -40.671 0.0000000000
6841  23.559  -79.964  -41.612 0.0000000000
6849  22.704  -80.121  -42.629 0.0000000000
6850  22.013  -80.302  -43.428 0.0000000000
6861  21.727  -80.287  -43.960 0.0000000000
6873  21.774  -80.558  -44.694 0.0000000000
6883  22.189  -81.656  -46.492 0.0000000000
6884  21.941  -81.254  -45.892 0.0000000000
7515  34.516  -80.213  -30.342 0.0000000000
7516  33.666  -80.409  -30.475 0.0000000000
7526  33.477  -79.929  -30.006 0.0000000000
7527  32.826  -80.187  -30.263 0.0000000000
7528  31.686  -80.283  -30.429 0.0000000000
7529  30.969  -80.509  -30.746 0.0000000000
7537  30.875  -79.945  -30.454 0.0000000000
7538  30.347  -80.262  -30.928 0.0000000000
7539  29.550  -80.532  -31.575 0.0000000000
7542  28.691  -80.834  -32.357 0.0000000000
7543  27.574  -80.914  -32.824 0.0000000000
7544  26.496  -81.139  -33.234 0.0000000000
7545  25.736  -81.412  -33.364 0.0000000000
7548  25.931  -80.853  -33.416 0.0000000000
7549  25.157  -81.083  -33.569 0.0000000000
7550  24.111  -81.064  -33.776 0.0000000000
7551  23.375  -81.048  -33.744 0.0000000000
7553  23.676  -80.648  -34.027 0.0000000000
7554  22.950  -80.602  -34.032 0.0000000000
7555  22.138  -80.533  -34.233 0.0000000000
7556  21.590  -80.744  -34.228 0.0000000000
7558  37.814  -80.761  -34.419 0.0000000000
7559  37.594  -80.864  -34.076 0.0000000000
7560  21.997  -80.267  -34.603 0.0000000000
7561  21.647  -80.640  -34.534 0.0000000000
7562  21.366  -81.005  -34.429 0.0000000000
7564  38.914  -79.702  -34.324 0.0000000000
7565  37.824  -80.820  -35.192 0.0000000000
7566  37.289  -81.845  -34.375 0.0000000000
7567  35.856  -82.640  -34.191 0.0000000000
7568  34.305  -83.089  -33.977 0.0000000000
7569  32.321  -83.047  -34.356 0.0000000000
7570  31.068  -82.589  -34.399 0.0000000000
7571  21.858  -80.283  -34.885 0.0000000000
7572  21.532  -80.805  -34.662 0.0000000000
7574  37.352  -81.465  -36.276 0.0000000000
7575  36.541  -81.811  -36.959 0.0000000000
7576  35.591  -81.568  -37.465 0.0000000000
7577  34.936  -81.255  -37.586 0.0000000000
7578  31.834  -83.718  -34.778 0.0000000000
7579  30.945  -83.243  -34.862 0.0000000000
7580  29.381  -82.519  -35.379 0.0000000000
7581  28.440  -81.731  -35.257 0.0000000000
7582  21.994  -80.044  -35.190 0.0000000000
7583  21.661  -80.609  -34.859 0.0000000000
7586  36.177  -82.617  -36.504 0.0000000000
7587  35.633  -82.503  -36.899 0.0000000000
7588  34.692  -82.109  -37.593 0.0000000000
7589  34.283  -81.489  -37.920 0.0000000000
7590  28.933  -82.667  -36.403 0.0000000000
7591  27.863  -81.836  -36.009 0.0000000000
7592  27.031  -81.473  -36.266 0.0000000000
7593  22.585  -79.396  -36.230 0.0000000000
7594  22.242  -79.800  -35.666 0.0000000000
7595  21.848  -80.431  -35.229 0.0000000000
7600  34.096  -83.061  -37.664 0.0000000000
7601  34.109  -82.484  -38.004 0.0000000000
7602  29.312  -83.003  -37.402 0.0000000000
7603  28.010  -82.037  -37.235 0.0000000000
7604  27.155  -81.574  -36.739 0.0000000000
7605  22.921  -79.579  -36.618 0.0000000000
7606  22.423  -79.861  -36.092 0.0000000000
7612  33.691  -83.337  -38.347 0.0000000000
7613  32.106  -84.016  -38.774 0.0000000000
7614  30.043  -83.236  -38.625 0.0000000000
7615  28.550  -82.274  -38.301 0.0000000000
7616  23.484  -79.259  -37.580 0.0000000000
7624  34.135  -83.248  -39.039 0.0000000000
7625  30.889  -83.444  -39.767 0.0000000000
7626  29.586  -82.549  -39.582 0.0000000000
7627  23.843  -79.213  -38.922 0.0000000000
7639  30.609  -83.124  -40.666 0.0000000000
7640  23.869  -79.402  -40.502 0.0000000000
7652  30.375  -83.064  -41.383 0.0000000000
7653  23.237  -79.338  -42.001 0.0000000000
7667  30.146  -83.355  -42.012 0.0000000000
7668  22.309  -79.624  -43.319 0.0000000000
7669  21.907  -79.978  -43.714 0.0000000000
7688  22.039  -79.458  -43.828 0.0000000000
7689  21.886  -79.826  -44.117 0.0000000000
7706  21.931  -80.058  -44.680 0.0000000000
7726  23.785  -81.974  -45.588 0.0000000000
7727  22.186  -80.879  -45.866 0.0000000000
7728  22.058  -80.309  -45.184 0.0000000000
7746  23.579  -82.121  -46.144 0.0000000000
7747  23.036  -81.995  -46.427 0.0000000000
7748  22.599  -81.642  -46.358 0.0000000000
7766  23.829  -82.545  -47.001 0.0000000000
8351  36.161  -79.278  -29.647 0.0000000000
8352  34.868  -79.350  -29.603 0.0000000000
8353  33.763  -79.423  -29.691 0.0000000000
8362  32.908  -79.434  -29.740 0.0000000000
8363  31.958  -79.478  -29.790 0.0000000000
8364  31.094  -79.452  -30.051 0.0000000000
8367  30.534  -79.411  -30.460 0.0000000000
8368  29.774  -79.533  -31.095 0.0000000000
8369  29.068  -79.931  -31.762 0.0000000000
8373  29.144  -79.289  -31.630 0.0000000000
8374  28.283  -79.662  -32.362 0.0000000000
8375  26.995  -80.053  -33.183 0.0000000000
8376  26.332  -80.527  -33.310 0.0000000000
8380  26.486  -79.700  -33.318 0.0000000000
8381  25.904  -80.156  -33.441 0.0000000000
8382  24.731  -80.157  -33.838 0.0000000000
8383  24.088  -80.491  -34.058 0.0000000000
8388  24.407  -79.673  -34.123 0.0000000000
8389  23.825  -79.996  -34.287 0.0000000000
8390  22.868  -79.695  -34.576 0.0000000000
8391  22.306  -79.987  -34.632 0.0000000000
8397  36.331  -80.808  -32.720 0.0000000000
8398  34.507  -80.872  -32.534 0.0000000000
8399  33.431  -80.612  -32.735 0.0000000000
8400  22.762  -79.163  -34.804 0.0000000000
8401  22.365  -79.519  -34.873 0.0000000000
8402  21.989  -80.071  -34.784 0.0000000000
8408  38.940  -79.203  -35.542 0.0000000000
8409  37.359  -81.088  -33.479 0.0000000000
8410  36.460  -81.706  -33.607 0.0000000000
8411  35.105  -81.807  -33.371 0.0000000000
8412  33.108  -81.586  -33.242 0.0000000000
8413  30.995  -81.597  -33.885 0.0000000000
8414  30.083  -80.769  -33.823 0.0000000000
8415  22.396  -79.366  -35.293 0.0000000000
8416  22.058  -79.911  -34.948 0.0000000000
8422  38.070  -80.257  -36.399 0.0000000000
8423  37.208  -80.407  -37.148 0.0000000000
8424  36.069  -80.565  -37.586 0.0000000000
8425  35.202  -80.722  -37.631 0.0000000000
8426  30.219  -82.307  -34.536 0.0000000000
8427  29.102  -81.213  -34.457 0.0000000000
8428  27.711  -81.247  -35.250 0.0000000000
8429  22.432  -79.347  -35.551 0.0000000000
8430  22.169  -79.740  -35.206 0.0000000000
8436  34.573  -80.577  -37.697 0.0000000000
8437  34.182  -80.572  -37.826 0.0000000000
8438  26.945  -81.226  -35.829 0.0000000000
8439  26.525  -81.138  -36.594 0.0000000000
8440  22.550  -79.166  -36.045 0.0000000000
8441  22.287  -79.596  -35.482 0.0000000000
8446  34.106  -80.790  -37.942 0.0000000000
8447  27.778  -81.643  -38.097 0.0000000000
8448  26.881  -81.174  -37.774 0.0000000000
8449  23.062  -78.891  -36.949 0.0000000000
8456  34.429  -81.299  -38.259 0.0000000000
8457  28.866  -82.202  -39.170 0.0000000000
8458  27.734  -81.232  -39.081 0.0000000000
8459  26.850  -80.686  -38.674 0.0000000000
8460  23.514  -77.978  -38.481 0.0000000000
8461  23.544  -78.443  -38.276 0.0000000000
8470  34.924  -80.152  -39.014 0.0000000000
8471  29.571  -82.342  -40.004 0.0000000000
8472  28.812  -81.493  -39.863 0.0000000000
8473  28.084  -80.896  -39.890 0.0000000000
8474  23.670  -77.992  -39.232 0.0000000000
8475  23.772  -78.654  -39.747 0.0000000000
8487  29.291  -81.933  -40.376 0.0000000000
8488  28.519  -81.222  -40.325 0.0000000000
8489  23.800  -78.233  -40.635 0.0000000000
8490  23.785  -78.839  -40.971 0.0000000000
8500  29.443  -82.112  -40.867 0.0000000000
8501  23.693  -78.240  -41.418 0.0000000000
8502  23.442  -78.631  -41.777 0.0000000000
8514  29.257  -82.172  -41.422 0.0000000000
8515  28.575  -81.630  -41.259 0.0000000000
8516  22.805  -79.001  -42.794 0.0000000000
8528  29.477  -83.359  -42.296 0.0000000000
8529  28.422  -82.389  -41.932 0.0000000000
8530  27.200  -82.389  -42.285 0.0000000000
8531  26.216  -81.809  -42.463 0.0000000000
8532  25.278  -81.570  -42.707 0.0000000000
8533  24.729  -81.537  -43.180 0.0000000000
8534  22.325  -79.260  -43.658 0.0000000000
8535  22.048  -79.448  -44.105 0.0000000000
8551  24.461  -81.387  -43.815 0.0000000000
8552  24.146  -81.295  -44.473 0.0000000000
8553  22.344  -79.310  -44.261 0.0000000000
8554  22.150  -79.832  -44.654 0.0000000000
8572  23.658  -81.186  -44.920 0.0000000000
8573  23.190  -80.711  -45.328 0.0000000000
8574  22.945  -80.099  -45.319 0.0000000000
8575  22.532  -80.168  -45.223 0.0000000000
8576  22.274  -80.080  -45.007 0.0000000000
8594  23.050  -80.738  -45.634 0.0000000000
8595  22.899  -80.873  -45.782 0.0000000000
8596  22.698  -81.041  -45.971 0.0000000000
9252  38.837  -78.230  -28.859 0.0000000000
9253  37.589  -78.305  -29.015 0.0000000000
9254  36.416  -78.297  -28.926 0.0000000000
9270  35.232  -78.371  -28.933 0.0000000000
9271  33.894  -78.522  -29.445 0.0000000000
9272  33.223  -78.977  -29.598 0.0000000000
9288  33.232  -78.162  -29.534 0.0000000000
9289  32.559  -78.632  -29.664 0.0000000000
9290  31.267  -78.800  -29.884 0.0000000000
9291  30.732  -79.048  -30.067 0.0000000000
9300  31.052  -78.377  -30.076 0.0000000000
9301  30.389  -78.691  -30.483 0.0000000000
9302  29.626  -78.878  -31.226 0.0000000000
9310  29.817  -78.433  -31.184 0.0000000000
9311  28.975  -78.634  -31.801 0.0000000000
9312  28.157  -78.820  -32.371 0.0000000000
9313  27.556  -79.175  -32.729 0.0000000000
9322  28.407  -78.366  -32.366 0.0000000000
9323  27.700  -78.547  -32.761 0.0000000000
9324  26.885  -79.176  -33.252 0.0000000000
9325  26.137  -79.490  -33.471 0.0000000000
9326  25.467  -79.647  -33.657 0.0000000000
9335  39.931  -78.432  -32.473 0.0000000000
9336  39.309  -78.721  -32.089 0.0000000000
9337  34.613  -79.031  -31.498 0.0000000000
9338  34.042  -79.281  -31.750 0.0000000000
9339  26.324  -79.108  -33.575 0.0000000000
9340  25.710  -79.238  -33.795 0.0000000000
9341  24.857  -79.331  -34.014 0.0000000000
9342  24.183  -79.274  -34.282 0.0000000000
9343  23.610  -79.236  -34.472 0.0000000000
9350  39.397  -79.294  -33.136 0.0000000000
9351  35.244  -79.849  -31.763 0.0000000000
9352  33.580  -79.879  -32.264 0.0000000000
9353  32.566  -80.281  -32.818 0.0000000000
9354  24.420  -78.959  -34.291 0.0000000000
9355  23.927  -78.824  -34.457 0.0000000000
9356  23.284  -78.845  -34.789 0.0000000000
9357  22.787  -78.949  -34.955 0.0000000000
9363  31.766  -80.718  -33.267 0.0000000000
9364  30.729  -80.373  -33.396 0.0000000000
9365  29.772  -79.949  -33.824 0.0000000000
9366  23.040  -78.682  -35.097 0.0000000000
9367  22.731  -78.877  -35.329 0.0000000000
9373  36.371  -79.018  -37.765 0.0000000000
9374  35.032  -79.436  -37.922 0.0000000000
9375  28.687  -79.956  -34.053 0.0000000000
9376  27.532  -80.339  -34.747 0.0000000000
9377  26.830  -79.882  -34.990 0.0000000000
9378  22.750  -78.896  -35.911 0.0000000000
9384  34.088  -79.232  -37.837 0.0000000000
9385  33.831  -79.214  -38.006 0.0000000000
9386  26.987  -80.869  -35.334 0.0000000000
9387  26.224  -80.320  -35.787 0.0000000000
9388  25.543  -79.680  -36.236 0.0000000000
9389  23.134  -78.655  -36.668 0.0000000000
9397  33.847  -79.642  -37.959 0.0000000000
9398  25.767  -80.388  -37.289 0.0000000000
9399  25.475  -79.789  -36.681 0.0000000000
9400  23.473  -77.883  -37.861 0.0000000000
9401  23.413  -78.231  -37.488 0.0000000000
9413  34.253  -79.064  -38.357 0.0000000000
9414  26.798  -80.215  -39.303 0.0000000000
9415  26.150  -80.134  -38.511 0.0000000000
9416  23.581  -77.757  -38.413 0.0000000000
9417  23.427  -77.956  -38.090 0.0000000000
9426  34.451  -78.374  -38.894 0.0000000000
9427  28.088  -80.965  -40.243 0.0000000000
9428  27.502  -80.277  -40.094 0.0000000000
9429  23.756  -77.596  -39.161 0.0000000000
9438  34.703  -78.337  -39.760 0.0000000000
9439  28.773  -81.489  -40.655 0.0000000000
9440  27.974  -80.865  -40.600 0.0000000000
9441  27.322  -80.150  -40.718 0.0000000000
9442  23.811  -77.630  -40.031 0.0000000000
9452  28.585  -81.383  -40.784 0.0000000000
9453  27.859  -80.752  -40.729 0.0000000000
9454  23.841  -77.816  -41.269 0.0000000000
9455  23.528  -78.281  -41.936 0.0000000000
9465  28.413  -81.330  -40.952 0.0000000000
9466  27.973  -81.080  -41.000 0.0000000000
9467  27.292  -80.171  -41.046 0.0000000000
9468  26.785  -79.692  -40.850 0.0000000000
9469  23.446  -78.240  -42.562 0.0000000000
9470  23.160  -78.568  -42.507 0.0000000000
9484  28.089  -81.494  -41.362 0.0000000000
9485  27.635  -81.304  -41.371 0.0000000000
9486  26.714  -80.438  -41.504 0.0000000000
9487  25.730  -80.283  -41.981 0.0000000000
9488  24.751  -80.080  -42.606 0.0000000000
9489  24.526  -79.051  -42.901 0.0000000000
9490  23.159  -78.545  -43.528 0.0000000000
9491  22.806  -78.807  -43.403 0.0000000000
9506  24.503  -80.710  -43.308 0.0000000000
9507  24.132  -79.781  -43.712 0.0000000000
9508  23.629  -79.057  -44.131 0.0000000000
9509  23.206  -78.869  -44.126 0.0000000000
9510  22.773  -79.058  -44.300 0.0000000000
9526  23.839  -80.505  -44.484 0.0000000000
9527  23.545  -80.016  -44.619 0.0000000000
9528  23.191  -79.570  -44.792 0.0000000000
9529  22.915  -79.467  -44.791 0.0000000000
10272  40.708  -76.542  -28.747 0.0000000000
10273  39.363  -76.997  -28.614 0.0000000000
10274  37.885  -77.361  -28.650 0.0000000000
10275  36.834  -77.634  -28.617 0.0000000000
10287  36.883  -77.176  -28.485 0.0000000000
10288  35.898  -77.494  -28.514 0.0000000000
10289  34.667  -77.744  -28.832 0.0000000000
10300  33.823  -77.845  -29.389 0.0000000000
10301  32.852  -77.905  -29.650 0.0000000000
10302  31.724  -78.172  -29.827 0.0000000000
10308  32.122  -77.736  -29.888 0.0000000000
10309  31.049  -77.988  -30.480 0.0000000000
10310  30.247  -78.218  -30.897 0.0000000000
10315  30.730  -77.698  -30.964 0.0000000000
10316  29.787  -77.942  -31.572 0.0000000000
10317  28.915  -78.196  -32.161 0.0000000000
10322  40.928  -77.368  -32.175 0.0000000000
10323  40.930  -77.267  -31.862 0.0000000000
10324  29.313  -77.775  -32.241 0.0000000000
10325  28.360  -77.945  -32.724 0.0000000000
10326  27.074  -78.455  -33.251 0.0000000000
10327  26.610  -78.860  -33.473 0.0000000000
10332  40.546  -77.874  -32.755 0.0000000000
10333  40.193  -77.736  -31.932 0.0000000000
10334  38.966  -78.233  -31.354 0.0000000000
10335  37.578  -78.143  -30.984 0.0000000000
10336  35.630  -78.453  -31.307 0.0000000000
10337  33.526  -78.558  -31.488 0.0000000000
10338  31.676  -78.290  -31.719 0.0000000000
10339  30.493  -77.804  -32.436 0.0000000000
10340  29.918  -77.605  -32.749 0.0000000000
10341  27.919  -77.828  -33.460 0.0000000000
10342  27.040  -78.219  -33.589 0.0000000000
10343  26.170  -78.822  -33.820 0.0000000000
10344  25.203  -79.043  -34.199 0.0000000000
10345  24.716  -78.975  -34.264 0.0000000000
10352  40.370  -78.124  -33.742 0.0000000000
10353  40.113  -77.800  -34.553 0.0000000000
10354  39.383  -77.271  -35.131 0.0000000000
10355  37.682  -79.462  -31.953 0.0000000000
10356  33.245  -79.283  -31.785 0.0000000000
10357  32.014  -79.380  -32.071 0.0000000000
10358  30.571  -78.424  -32.834 0.0000000000
10359  29.387  -77.867  -33.299 0.0000000000
10360  28.115  -77.908  -33.734 0.0000000000
10361  26.996  -78.351  -33.963 0.0000000000
10362  26.038  -78.945  -34.242 0.0000000000
10363  25.266  -78.907  -34.434 0.0000000000
10364  24.426  -78.701  -34.591 0.0000000000
10365  23.747  -78.557  -34.788 0.0000000000
10366  23.483  -78.557  -34.866 0.0000000000
10375  39.392  -78.256  -35.148 0.0000000000
10376  36.530  -76.082  -37.041 0.0000000000
10377  31.472  -80.033  -32.833 0.0000000000
10378  30.665  -79.321  -33.233 0.0000000000
10379  29.394  -78.843  -33.781 0.0000000000
10380  28.259  -78.458  -34.083 0.0000000000
10381  27.110  -78.835  -34.226 0.0000000000
10382  25.910  -79.209  -34.667 0.0000000000
10383  24.245  -78.408  -34.916 0.0000000000
10384  23.931  -78.319  -35.032 0.0000000000
10385  23.446  -78.462  -35.118 0.0000000000
10386  23.135  -78.602  -35.446 0.0000000000
10394  36.334  -77.121  -37.485 0.0000000000
10395  34.920  -77.555  -37.722 0.0000000000
10396  33.962  -76.795  -37.790 0.0000000000
10397  28.178  -79.361  -34.181 0.0000000000
10398  27.290  -79.444  -34.433 0.0000000000
10399  26.261  -79.569  -34.989 0.0000000000
10400  25.290  -79.132  -35.700 0.0000000000
10401  24.803  -78.696  -36.519 0.0000000000
10402  23.690  -78.355  -35.540 0.0000000000
10403  23.411  -78.459  -35.799 0.0000000000
10404  23.106  -78.584  -35.956 0.0000000000
10414  34.194  -78.093  -37.796 0.0000000000
10415  33.748  -77.276  -38.061 0.0000000000
10416  33.233  -76.398  -37.964 0.0000000000
10417  25.603  -79.575  -35.847 0.0000000000
10418  25.104  -79.059  -36.735 0.0000000000
10419  24.747  -78.553  -36.944 0.0000000000
10420  23.662  -78.381  -36.157 0.0000000000
10421  23.540  -78.357  -36.622 0.0000000000
10422  23.319  -78.490  -36.655 0.0000000000
10432  33.668  -77.600  -38.128 0.0000000000
10433  32.956  -75.983  -38.028 0.0000000000
10434  25.574  -79.547  -38.103 0.0000000000
10435  25.310  -79.341  -37.487 0.0000000000
10436  23.900  -77.378  -38.324 0.0000000000
10437  23.635  -77.929  -37.589 0.0000000000
10438  23.416  -78.301  -37.097 0.0000000000
10451  33.862  -77.397  -38.595 0.0000000000
10452  33.148  -76.248  -38.428 0.0000000000
10453  26.234  -79.502  -39.271 0.0000000000
10454  25.718  -79.014  -38.892 0.0000000000
10455  25.341  -78.842  -38.274 0.0000000000
10456  24.071  -77.283  -39.124 0.0000000000
10457  23.807  -77.491  -38.670 0.0000000000
10465  33.812  -77.297  -39.353 0.0000000000
10466  33.219  -76.260  -39.087 0.0000000000
10467  26.580  -79.487  -39.924 0.0000000000
10468  26.012  -78.870  -39.625 0.0000000000
10469  24.042  -76.997  -39.903 0.0000000000
10470  23.879  -77.309  -39.543 0.0000000000
10477  33.753  -77.017  -40.331 0.0000000000
10478  33.363  -76.327  -39.724 0.0000000000
10479  27.280  -79.928  -40.785 0.0000000000
10480  26.685  -79.505  -40.744 0.0000000000
10481  26.272  -78.789  -40.199 0.0000000000
10482  24.079  -76.952  -40.494 0.0000000000
10483  23.949  -77.239  -40.385 0.0000000000
10491  27.568  -80.161  -40.755 0.0000000000
10492  26.928  -79.451  -40.874 0.0000000000
10493  24.221  -76.931  -40.819 0.0000000000
10494  24.077  -77.254  -41.059 0.0000000000
10501  27.377  -80.065  -40.773 0.0000000000
10502  26.782  -79.210  -40.919 0.0000000000
10503  26.430  -79.212  -40.901 0.0000000000
10504  25.517  -77.925  -41.859 0.0000000000
10505  25.321  -77.986  -42.083 0.0000000000
10506  24.267  -77.278  -41.457 0.0000000000
10507  23.933  -77.704  -42.015 0.0000000000
10516  26.068  -79.245  -41.290 0.0000000000
10517  25.510  -78.699  -41.878 0.0000000000
10518  24.970  -78.415  -42.431 0.0000000000
10519  24.477  -78.287  -42.853 0.0000000000
10520  24.121  -77.812  -42.550 0.0000000000
10521  23.617  -78.143  -42.995 0.0000000000
10530  24.032  -78.499  -43.472 0.0000000000
10531  23.645  -78.422  -43.491 0.0000000000
10532  23.393  -78.462  -43.549 0.0000000000
11278  40.146  -73.347  -24.945 0.0000000000
11290  41.080  -73.682  -25.919 0.0000000000
11291  39.737  -73.248  -25.355 0.0000000000
11301  40.399  -73.491  -26.487 0.0000000000
11302  39.404  -73.098  -25.624 0.0000000000
11318  41.218  -74.774  -28.107 0.0000000000
11335  40.360  -75.481  -28.850 0.0000000000
11336  38.536  -76.540  -28.720 0.0000000000
11337  37.457  -76.933  -28.585 0.0000000000
11349  40.445  -75.246  -28.857 0.0000000000
11350  39.357  -75.833  -28.862 0.0000000000
11351  36.952  -76.847  -28.652 0.0000000000
11352  35.152  -77.234  -28.710 0.0000000000
11353  34.372  -77.532  -29.077 0.0000000000
11360  39.122  -75.866  -28.882 0.0000000000
11361  37.511  -76.520  -28.898 0.0000000000
11362  35.560  -76.862  -28.932 0.0000000000
11363  33.972  -77.453  -29.448 0.0000000000
11364  32.925  -77.662  -29.799 0.0000000000
11371  39.058  -75.866  -29.079 0.0000000000
11372  38.093  -76.460  -29.208 0.0000000000
11373  36.026  -76.671  -29.324 0.0000000000
11374  34.299  -77.022  -29.620 0.0000000000
11375  32.810  -77.476  -29.957 0.0000000000
11376  31.867  -77.654  -30.188 0.0000000000
11383  40.235  -75.907  -30.219 0.0000000000
11384  39.684  -76.250  -29.966 0.0000000000
11385  38.357  -76.615  -29.657 0.0000000000
11386  36.542  -76.686  -29.782 0.0000000000
11387  34.605  -76.910  -30.063 0.0000000000
11388  33.153  -77.393  -30.249 0.0000000000
11389  31.676  -77.589  -30.645 0.0000000000
11390  30.603  -77.640  -31.308 0.0000000000
11400  41.213  -77.021  -31.968 0.0000000000
11401  40.902  -76.870  -31.471 0.0000000000
11402  40.225  -76.403  -30.526 0.0000000000
11403  38.653  -76.908  -30.128 0.0000000000
11404  37.121  -76.994  -30.146 0.0000000000
11405  35.420  -77.039  -30.428 0.0000000000
11406  33.742  -77.366  -30.613 0.0000000000
11407  32.468  -77.538  -30.779 0.0000000000
11408  31.022  -77.599  -31.402 0.0000000000
11409  29.943  -77.616  -32.035 0.0000000000
11410  29.155  -77.685  -32.596 0.0000000000
11423  41.248  -77.022  -32.467 0.0000000000
11424  39.887  -77.381  -31.129 0.0000000000
11425  38.882  -77.502  -30.625 0.0000000000
11426  37.712  -77.451  -30.408 0.0000000000
11427  36.297  -77.434  -30.798 0.0000000000
11428  34.545  -77.599  -31.006 0.0000000000
11429  32.841  -77.799  -31.111 0.0000000000
11430  31.385  -77.745  -31.533 0.0000000000
11431  30.330  -77.634  -32.193 0.0000000000
11432  29.466  -77.622  -32.793 0.0000000000
11433  28.668  -77.645  -33.069 0.0000000000
11445  41.137  -77.112  -33.218 0.0000000000
11446  40.965  -76.981  -33.974 0.0000000000
11447  40.079  -76.271  -34.517 0.0000000000
11448  28.813  -77.690  -33.285 0.0000000000
11449  28.392  -77.685  -33.411 0.0000000000
11450  25.576  -79.035  -34.679 0.0000000000
11451  25.202  -78.840  -34.785 0.0000000000
11452  24.613  -78.593  -34.885 0.0000000000
11466  38.881  -76.066  -35.546 0.0000000000
11467  37.797  -75.304  -36.040 0.0000000000
11468  36.580  -75.183  -36.400 0.0000000000
11469  35.093  -75.372  -36.884 0.0000000000
11470  33.874  -74.959  -36.693 0.0000000000
11471  25.223  -78.816  -35.149 0.0000000000
11472  24.647  -78.554  -35.355 0.0000000000
11473  24.157  -78.360  -35.316 0.0000000000
11474  23.890  -78.316  -35.393 0.0000000000
11488  34.998  -76.474  -37.380 0.0000000000
11489  33.912  -75.781  -37.125 0.0000000000
11490  33.052  -75.519  -37.435 0.0000000000
11491  32.379  -74.686  -37.295 0.0000000000
11492  25.254  -78.929  -35.369 0.0000000000
11493  24.684  -78.595  -36.039 0.0000000000
11494  24.167  -78.313  -36.057 0.0000000000
11495  23.871  -78.311  -35.867 0.0000000000
11507  33.141  -76.084  -37.793 0.0000000000
11508  32.629  -75.295  -37.681 0.0000000000
11509  24.751  -78.401  -37.378 0.0000000000
11510  24.485  -78.214  -37.166 0.0000000000
11511  24.148  -78.029  -36.995 0.0000000000
11512  23.829  -78.148  -36.783 0.0000000000
11513  23.683  -78.103  -37.126 0.0000000000
11522  32.502  -75.296  -37.942 0.0000000000
11523  25.029  -78.527  -37.847 0.0000000000
11524  24.692  -77.845  -38.175 0.0000000000
11525  24.304  -77.556  -37.996 0.0000000000
11526  23.960  -77.594  -37.777 0.0000000000
11527  23.773  -77.948  -37.351 0.0000000000
11535  32.470  -75.353  -38.270 0.0000000000
11536  25.676  -78.467  -39.364 0.0000000000
11537  25.236  -78.020  -39.026 0.0000000000
11538  24.968  -77.210  -38.882 0.0000000000
11539  24.283  -77.327  -38.521 0.0000000000
11540  24.161  -77.278  -38.732 0.0000000000
11546  32.428  -75.324  -38.924 0.0000000000
11547  32.083  -74.742  -39.346 0.0000000000
11548  25.889  -78.188  -39.801 0.0000000000
11549  25.749  -77.400  -39.872 0.0000000000
11550  24.427  -77.132  -39.099 0.0000000000
11551  24.307  -76.935  -39.534 0.0000000000
11557  33.279  -76.063  -40.157 0.0000000000
11558  32.551  -75.338  -39.910 0.0000000000
11559  31.867  -74.448  -39.711 0.0000000000
11560  26.525  -79.017  -40.934 0.0000000000
11561  26.261  -78.133  -40.542 0.0000000000
11562  25.883  -77.215  -40.365 0.0000000000
11563  24.292  -76.750  -40.257 0.0000000000
11567  33.206  -75.911  -40.773 0.0000000000
11568  32.512  -75.030  -41.185 0.0000000000
11569  26.453  -78.764  -40.978 0.0000000000
11570  26.342  -77.995  -40.906 0.0000000000
11571  25.605  -77.285  -41.421 0.0000000000
11572  25.296  -76.985  -41.385 0.0000000000
11573  24.933  -76.810  -41.203 0.0000000000
11574  24.565  -76.754  -40.849 0.0000000000
11580  26.476  -78.503  -40.984 0.0000000000
11581  26.309  -78.200  -41.071 0.0000000000
11582  25.830  -77.810  -41.527 0.0000000000
11583  25.322  -77.522  -41.818 0.0000000000
11584  24.944  -77.230  -41.756 0.0000000000
11585  24.576  -77.229  -41.640 0.0000000000
11590  26.199  -78.704  -41.067 0.0000000000
11591  25.972  -78.453  -41.310 0.0000000000
11592  25.169  -77.823  -42.198 0.0000000000
11593  24.938  -77.724  -42.249 0.0000000000
11594  24.610  -77.594  -42.216 0.0000000000
12331  39.508  -72.582  -22.306 0.0000000000
12353  38.490  -72.959  -22.853 0.0000000000
12354  37.159  -72.742  -22.482 0.0000000000
12366  40.015  -73.215  -24.094 0.0000000000
12367  38.844  -73.016  -24.235 0.0000000000
12368  37.389  -73.010  -23.361 0.0000000000
12376  38.781  -72.834  -24.988 0.0000000000
12377  37.723  -72.996  -24.336 0.0000000000
12388  39.703  -73.150  -26.482 0.0000000000
12389  38.828  -72.799  -25.740 0.0000000000
12390  38.168  -72.684  -24.989 0.0000000000
12406  40.346  -73.332  -27.143 0.0000000000
12407  39.342  -72.795  -26.617 0.0000000000
12420  40.430  -73.522  -27.963 0.0000000000
12421  39.835  -72.954  -27.233 0.0000000000
12432  40.784  -74.359  -28.770 0.0000000000
12433  40.478  -75.045  -28.802 0.0000000000
12442  41.035  -74.311  -28.998 0.0000000000
12443  40.463  -75.067  -29.006 0.0000000000
12454  40.926  -74.423  -29.381 0.0000000000
12455  40.052  -75.578  -29.284 0.0000000000
12456  39.093  -76.004  -29.286 0.0000000000
12467  41.365  -74.988  -30.883 0.0000000000
12468  40.837  -75.166  -30.237 0.0000000000
12469  39.519  -76.064  -29.560 0.0000000000
12470  38.776  -76.296  -29.393 0.0000000000
12471  33.463  -77.344  -30.370 0.0000000000
12472  32.903  -77.484  -30.451 0.0000000000
12482  41.457  -76.396  -32.009 0.0000000000
12483  41.378  -75.546  -31.219 0.0000000000
12484  40.819  -75.671  -30.659 0.0000000000
12485  33.081  -77.489  -30.583 0.0000000000
12486  32.769  -77.496  -30.637 0.0000000000
12493  41.530  -76.250  -32.755 0.0000000000
12494  41.447  -75.639  -33.172 0.0000000000
12495  41.164  -74.961  -33.444 0.0000000000
12498  41.379  -76.380  -33.416 0.0000000000
12499  41.111  -75.833  -33.835 0.0000000000
12500  40.383  -74.723  -34.111 0.0000000000
12501  39.051  -74.033  -34.619 0.0000000000
12502  37.974  -73.650  -35.198 0.0000000000
12503  34.828  -73.270  -35.672 0.0000000000
12504  34.344  -73.257  -35.712 0.0000000000
12507  39.454  -75.123  -34.877 0.0000000000
12508  38.384  -74.679  -35.356 0.0000000000
12509  36.969  -74.128  -35.665 0.0000000000
12510  35.319  -73.816  -35.917 0.0000000000
12511  33.535  -73.848  -36.212 0.0000000000
12512  32.376  -73.630  -36.302 0.0000000000
12513  32.010  -73.454  -36.491 0.0000000000
12516  33.442  -74.792  -36.676 0.0000000000
12517  32.934  -74.610  -36.725 0.0000000000
12518  32.121  -74.113  -36.821 0.0000000000
12522  31.915  -74.110  -37.271 0.0000000000
12523  31.594  -73.763  -37.236 0.0000000000
12526  32.123  -74.611  -37.925 0.0000000000
12527  31.631  -73.917  -37.615 0.0000000000
12528  24.661  -77.306  -38.714 0.0000000000
12529  24.521  -77.282  -38.540 0.0000000000
12534  32.041  -74.663  -38.593 0.0000000000
12535  31.613  -74.081  -38.340 0.0000000000
12536  25.270  -76.981  -39.460 0.0000000000
12537  24.934  -76.846  -39.209 0.0000000000
12538  24.609  -77.145  -38.970 0.0000000000
12542  32.022  -74.694  -39.004 0.0000000000
12543  31.640  -74.221  -39.168 0.0000000000
12544  25.541  -76.774  -40.039 0.0000000000
12545  25.125  -76.565  -39.785 0.0000000000
12546  24.702  -76.712  -39.613 0.0000000000
12547  24.470  -76.659  -39.909 0.0000000000
12550  31.843  -74.260  -40.272 0.0000000000
12551  31.574  -74.102  -39.726 0.0000000000
12552  26.095  -77.371  -40.779 0.0000000000
12553  25.639  -76.846  -40.595 0.0000000000
12554  25.222  -76.530  -40.365 0.0000000000
12555  24.891  -76.447  -40.190 0.0000000000
12556  24.599  -76.558  -40.222 0.0000000000
12557  32.090  -74.341  -40.997 0.0000000000
12558  26.158  -77.533  -41.063 0.0000000000
12559  25.768  -77.029  -41.097 0.0000000000
12560  25.290  -76.651  -40.924 0.0000000000
12561  24.930  -76.501  -40.689 0.0000000000
12562  24.754  -76.528  -40.486 0.0000000000
12564  32.371  -74.462  -41.635 0.0000000000
12565  26.082  -77.674  -41.256 0.0000000000
12566  25.869  -77.412  -41.271 0.0000000000
13273  41.367  -71.129  -14.324 0.0000000000
13274  40.059  -71.288  -14.328 0.0000000000
13285  40.942  -71.248  -14.889 0.0000000000
13286  39.545  -71.343  -14.893 0.0000000000
13305  40.427  -71.262  -15.681 0.0000000000
13306  39.126  -71.266  -15.731 0.0000000000
13323  41.398  -71.134  -16.703 0.0000000000
13324  39.832  -71.260  -16.535 0.0000000000
13325  38.613  -71.131  -16.482 0.0000000000
13326  38.016  -70.833  -16.650 0.0000000000
13341  40.549  -71.326  -17.551 0.0000000000
13342  39.106  -71.409  -17.276 0.0000000000
13343  38.194  -71.115  -17.088 0.0000000000
13359  39.579  -71.578  -18.306 0.0000000000
13360  38.112  -71.506  -17.896 0.0000000000
13361  37.390  -71.303  -18.084 0.0000000000
13374  40.188  -71.727  -19.494 0.0000000000
13375  38.648  -71.792  -19.104 0.0000000000
13376  37.307  -71.424  -18.805 0.0000000000
13377  36.635  -71.190  -19.091 0.0000000000
13389  39.232  -72.105  -20.319 0.0000000000
13390  37.807  -72.007  -19.964 0.0000000000
13391  36.796  -71.479  -19.676 0.0000000000
13406  38.402  -72.471  -21.341 0.0000000000
13407  36.855  -71.895  -20.828 0.0000000000
13408  36.274  -71.750  -21.287 0.0000000000
13424  37.445  -72.471  -21.854 0.0000000000
13425  36.618  -72.188  -21.812 0.0000000000
13426  35.995  -71.809  -21.722 0.0000000000
13439  36.300  -72.392  -22.640 0.0000000000
13440  35.789  -71.828  -22.179 0.0000000000
13452  36.643  -72.803  -23.758 0.0000000000
13466  38.137  -72.568  -25.599 0.0000000000
13467  37.361  -72.466  -25.085 0.0000000000
13483  38.246  -72.497  -26.062 0.0000000000
13484  37.105  -71.950  -26.227 0.0000000000
13494  39.896  -72.705  -27.946 0.0000000000
13495  38.791  -72.359  -27.242 0.0000000000
13496  36.724  -71.665  -27.212 0.0000000000
13502  40.403  -72.982  -28.439 0.0000000000
13503  39.175  -72.264  -28.241 0.0000000000
13504  37.653  -71.655  -28.017 0.0000000000
13511  40.808  -73.380  -29.133 0.0000000000
13512  39.692  -72.337  -29.007 0.0000000000
13513  38.259  -71.662  -28.871 0.0000000000
13520  41.109  -73.281  -29.946 0.0000000000
13521  40.064  -72.387  -29.825 0.0000000000
13522  38.818  -71.671  -29.709 0.0000000000
13527  41.546  -74.358  -31.230 0.0000000000
13528  41.210  -73.181  -30.998 0.0000000000
13529  40.270  -72.169  -30.810 0.0000000000
13530  39.347  -71.707  -30.388 0.0000000000
13532  41.704  -75.523  -32.288 0.0000000000
13533  41.565  -74.498  -32.180 0.0000000000
13534  40.966  -73.181  -32.122 0.0000000000
13535  40.546  -72.329  -31.628 0.0000000000
13537  41.565  -75.580  -32.737 0.0000000000
13538  41.466  -74.963  -32.837 0.0000000000
13539  40.929  -73.777  -33.235 0.0000000000
13542  39.751  -73.293  -33.971 0.0000000000
13543  38.620  -72.730  -34.850 0.0000000000
13544  36.864  -72.754  -35.517 0.0000000000
13545  35.052  -72.700  -35.571 0.0000000000
13546  33.430  -72.655  -35.447 0.0000000000
13547  32.670  -72.284  -35.248 0.0000000000
13549  36.241  -73.388  -35.813 0.0000000000
13550  35.867  -73.112  -35.819 0.0000000000
13551  33.033  -73.071  -35.775 0.0000000000
13552  32.529  -72.812  -35.715 0.0000000000
13553  31.989  -73.000  -36.137 0.0000000000
13556  31.770  -73.306  -36.607 0.0000000000
13557  31.621  -73.209  -36.782 0.0000000000
13560  31.742  -73.735  -36.924 0.0000000000
13561  31.585  -73.562  -36.993 0.0000000000
13563  31.534  -73.516  -37.374 0.0000000000
13567  31.493  -73.521  -38.027 0.0000000000
13574  31.410  -73.589  -38.813 0.0000000000
13581  31.624  -73.683  -40.007 0.0000000000
13582  31.456  -73.719  -39.584 0.0000000000
13589  31.957  -73.936  -40.832 0.0000000000
13596  32.457  -74.140  -41.875 0.0000000000
14385  40.886  -70.902  -14.036 0.0000000000
14386  40.259  -70.915  -13.808 0.0000000000
14394  41.823  -70.889  -14.243 0.0000000000
14395  40.154  -71.059  -13.963 0.0000000000
14396  38.737  -71.066  -14.340 0.0000000000
14397  37.909  -70.509  -14.613 0.0000000000
14403  38.420  -70.961  -15.161 0.0000000000
14404  37.791  -70.564  -14.873 0.0000000000
14417  38.191  -70.839  -15.931 0.0000000000
14418  37.449  -70.451  -15.552 0.0000000000
14419  36.939  -70.188  -15.749 0.0000000000
14433  38.091  -70.797  -16.353 0.0000000000
14434  37.618  -70.564  -16.375 0.0000000000
14435  37.043  -70.240  -16.168 0.0000000000
14449  37.656  -70.752  -17.014 0.0000000000
14450  36.944  -70.369  -16.975 0.0000000000
14451  36.417  -70.287  -17.379 0.0000000000
14462  37.787  -71.093  -17.359 0.0000000000
14463  37.331  -70.949  -17.585 0.0000000000
14464  36.672  -70.582  -17.757 0.0000000000
14471  36.985  -71.007  -18.159 0.0000000000
14472  36.394  -70.795  -18.575 0.0000000000
14473  35.785  -70.679  -19.042 0.0000000000
14481  36.221  -71.025  -19.359 0.0000000000
14482  35.699  -70.817  -19.722 0.0000000000
14493  36.213  -71.315  -20.055 0.0000000000
14494  35.820  -71.248  -20.765 0.0000000000
14506  35.580  -71.290  -21.673 0.0000000000
14519  36.021  -72.361  -23.295 0.0000000000
14520  35.596  -71.565  -22.794 0.0000000000
14533  35.937  -72.218  -24.030 0.0000000000
14534  35.278  -71.061  -24.023 0.0000000000
14547  35.757  -71.628  -25.322 0.0000000000
14548  34.877  -70.686  -25.073 0.0000000000
14559  35.568  -71.553  -26.596 0.0000000000
14560  34.504  -70.955  -26.213 0.0000000000
14561  33.791  -70.594  -26.586 0.0000000000
14563  35.421  -71.537  -27.411 0.0000000000
14564  34.583  -71.261  -27.214 0.0000000000
14565  33.848  -70.791  -27.087 0.0000000000
14567  36.016  -71.555  -28.028 0.0000000000
14568  34.877  -71.391  -27.965 0.0000000000
14569  34.077  -71.043  -27.821 0.0000000000
14572  36.661  -71.519  -28.830 0.0000000000
14573  35.439  -71.387  -28.669 0.0000000000
14574  34.610  -71.115  -28.501 0.0000000000
14577  37.294  -71.381  -29.618 0.0000000000
14578  35.994  -71.348  -29.409 0.0000000000
14579  35.199  -71.136  -29.145 0.0000000000
14582  39.303  -71.339  -31.015 0.0000000000
14583  38.135  -71.131  -30.564 0.0000000000
14584  36.608  -71.030  -29.995 0.0000000000
14585  35.708  -71.087  -29.647 0.0000000000
14588  40.292  -72.077  -32.332 0.0000000000
14589  39.487  -71.338  -31.921 0.0000000000
14590  38.819  -70.768  -31.360 0.0000000000
14593  40.265  -72.485  -33.019 0.0000000000
14594  39.507  -71.498  -32.952 0.0000000000
14597  40.109  -72.817  -33.506 0.0000000000
14598  39.394  -71.847  -33.935 0.0000000000
14599  37.830  -71.538  -34.756 0.0000000000
14600  36.060  -71.431  -35.200 0.0000000000
14601  34.289  -71.524  -35.135 0.0000000000
14602  32.994  -71.727  -34.995 0.0000000000
14605  32.328  -72.006  -35.201 0.0000000000
14606  31.924  -72.358  -35.648 0.0000000000
14608  31.765  -72.639  -36.166 0.0000000000
14609  31.667  -72.859  -36.578 0.0000000000
14610  31.602  -73.083  -37.058 0.0000000000
14611  31.474  -73.109  -37.715 0.0000000000
14615  31.403  -72.884  -38.585 0.0000000000
14616  31.369  -73.132  -38.424 0.0000000000
14626  31.421  -72.923  -38.962 0.0000000000
14627  31.350  -73.225  -39.162 0.0000000000
14635  31.659  -73.422  -39.779 0.0000000000
14636  31.481  -73.470  -39.616 0.0000000000
14645  32.302  -73.747  -41.128 0.0000000000
15507  40.454  -70.808  -13.947 0.0000000000
15512  40.300  -70.564  -14.048 0.0000000000
15513  39.911  -70.751  -13.841 0.0000000000
15514  38.867  -70.734  -13.986 0.0000000000
15515  37.963  -70.390  -14.402 0.0000000000
15523  37.194  -70.178  -14.849 0.0000000000
15524  36.699  -69.916  -15.086 0.0000000000
15538  37.217  -70.321  -15.094 0.0000000000
15539  36.692  -70.000  -15.454 0.0000000000
15540  36.213  -69.616  -15.894 0.0000000000
15552  36.723  -70.030  -15.978 0.0000000000
15553  36.349  -69.798  -16.188 0.0000000000
15563  36.619  -70.072  -16.445 0.0000000000
15564  36.133  -69.943  -16.976 0.0000000000
15565  35.614  -69.811  -17.504 0.0000000000
15576  36.020  -70.234  -17.841 0.0000000000
15577  35.322  -69.937  -18.161 0.0000000000
15587  35.689  -70.407  -18.528 0.0000000000
15588  35.131  -70.358  -19.055 0.0000000000
15599  35.161  -70.496  -20.035 0.0000000000
15611  35.229  -70.577  -20.891 0.0000000000
15624  35.183  -70.592  -21.773 0.0000000000
15639  35.124  -70.262  -22.848 0.0000000000
15652  34.819  -70.007  -24.205 0.0000000000
15653  34.443  -69.678  -24.461 0.0000000000
15664  34.502  -70.176  -25.199 0.0000000000
15665  34.348  -69.757  -25.094 0.0000000000
15673  34.484  -70.444  -25.625 0.0000000000
15674  33.953  -70.173  -25.970 0.0000000000
15677  33.348  -70.311  -26.842 0.0000000000
15680  33.526  -70.455  -27.609 0.0000000000
15683  34.091  -70.620  -28.313 0.0000000000
15686  34.771  -70.730  -28.983 0.0000000000
15689  37.251  -70.221  -30.701 0.0000000000
15690  36.047  -70.631  -29.970 0.0000000000
15691  35.328  -70.846  -29.502 0.0000000000
15693  38.514  -70.045  -31.999 0.0000000000
15694  38.227  -70.246  -31.217 0.0000000000
15697  38.712  -70.227  -33.004 0.0000000000
15698  37.778  -69.638  -33.883 0.0000000000
15699  36.608  -69.418  -34.528 0.0000000000
15700  35.906  -69.220  -34.850 0.0000000000
15707  39.140  -70.936  -33.529 0.0000000000
15708  38.484  -70.623  -34.004 0.0000000000
15709  37.051  -70.411  -34.574 0.0000000000
15710  35.385  -70.067  -35.011 0.0000000000
15711  33.578  -70.688  -34.842 0.0000000000
15719  32.619  -71.168  -34.951 0.0000000000
15720  32.131  -71.640  -35.398 0.0000000000
15729  31.729  -72.088  -35.855 0.0000000000
15730  31.687  -72.422  -36.282 0.0000000000
15744  31.631  -72.064  -36.242 0.0000000000
15745  31.673  -72.560  -36.726 0.0000000000
15760  31.780  -72.275  -36.940 0.0000000000
15761  31.600  -72.714  -37.425 0.0000000000
15784  31.593  -72.561  -38.063 0.0000000000
15785  31.480  -72.842  -38.070 0.0000000000
15806  32.830  -73.384  -39.092 0.0000000000
15807  32.253  -72.855  -39.231 0.0000000000
15808  31.814  -72.805  -39.333 0.0000000000
15809  31.592  -72.761  -39.059 0.0000000000
15827  32.373  -73.398  -39.863 0.0000000000
15828  32.101  -73.369  -39.926 0.0000000000
15829  31.861  -73.340  -39.872 0.0000000000
15848  32.586  -73.608  -41.083 0.0000000000
15849  32.190  -73.569  -40.448 0.0000000000
16758  39.875  -70.333  -13.969 0.0000000000
16759  38.925  -70.351  -13.912 0.0000000000
16760  37.927  -70.135  -14.279 0.0000000000
16773  37.145  -69.929  -14.675 0.0000000000
16774  36.588  -69.523  -15.132 0.0000000000
16775  36.116  -69.212  -15.382 0.0000000000
16789  36.590  -69.703  -15.293 0.0000000000
16790  36.138  -69.416  -15.610 0.0000000000
16800  35.636  -69.426  -16.452 0.0000000000
16801  35.010  -69.136  -16.823 0.0000000000
16812  35.584  -69.645  -17.079 0.0000000000
16813  35.043  -69.431  -17.433 0.0000000000
16824  34.471  -69.617  -18.559 0.0000000000
16825  33.956  -69.342  -18.817 0.0000000000
16839  34.506  -70.048  -19.536 0.0000000000
16840  33.991  -69.579  -19.306 0.0000000000
16853  34.692  -70.194  -20.262 0.0000000000
16854  34.218  -69.819  -20.077 0.0000000000
16865  34.704  -70.078  -20.868 0.0000000000
16866  34.280  -69.591  -20.766 0.0000000000
16881  34.737  -69.908  -21.672 0.0000000000
16882  34.421  -69.411  -21.614 0.0000000000
16898  34.719  -69.683  -22.354 0.0000000000
16899  34.520  -69.343  -22.572 0.0000000000
16911  34.884  -69.637  -23.157 0.0000000000
16912  34.542  -69.498  -23.754 0.0000000000
16923  34.173  -69.490  -24.820 0.0000000000
16924  33.681  -69.324  -25.480 0.0000000000
16930  33.687  -69.591  -25.645 0.0000000000
16931  33.100  -69.311  -25.953 0.0000000000
16936  33.144  -69.731  -26.379 0.0000000000
16937  32.819  -69.289  -26.556 0.0000000000
16941  33.082  -69.668  -27.262 0.0000000000
16942  32.825  -69.173  -26.978 0.0000000000
16945  33.724  -69.927  -28.154 0.0000000000
16948  34.560  -70.054  -28.815 0.0000000000
16954  37.266  -69.351  -31.028 0.0000000000
16955  36.499  -69.742  -30.349 0.0000000000
16956  35.453  -70.152  -29.553 0.0000000000
16963  38.202  -69.274  -32.074 0.0000000000
16964  37.989  -69.430  -31.516 0.0000000000
16973  38.236  -69.338  -32.482 0.0000000000
16974  37.921  -69.087  -33.116 0.0000000000
16975  37.037  -68.842  -33.796 0.0000000000
16976  36.181  -68.719  -34.532 0.0000000000
16988  35.331  -69.026  -34.795 0.0000000000
16989  34.159  -69.599  -34.716 0.0000000000
17004  33.035  -70.201  -34.771 0.0000000000
17005  32.432  -70.770  -35.145 0.0000000000
17020  32.056  -71.395  -35.725 0.0000000000
17033  31.865  -71.709  -36.333 0.0000000000
17049  32.271  -71.530  -36.744 0.0000000000
17050  31.974  -71.863  -36.992 0.0000000000
17070  33.402  -72.391  -37.557 0.0000000000
17071  32.757  -72.039  -37.599 0.0000000000
17072  32.261  -71.918  -37.389 0.0000000000
17073  31.807  -72.341  -38.246 0.0000000000
17083  33.123  -72.961  -38.259 0.0000000000
17084  32.337  -72.447  -38.581 0.0000000000
17085  31.927  -72.438  -38.793 0.0000000000
17086  31.713  -72.527  -38.888 0.0000000000
17093  32.067  -72.632  -39.238 0.0000000000
17094  32.020  -72.765  -39.466 0.0000000000
18047  39.193  -69.856  -14.111 0.0000000000
18048  38.225  -69.863  -14.192 0.0000000000
18049  37.623  -69.712  -14.462 0.0000000000
18061  37.139  -69.566  -14.750 0.0000000000
18062  36.585  -69.256  -15.123 0.0000000000
18063  36.002  -69.009  -15.280 0.0000000000
18071  35.693  -68.972  -15.552 0.0000000000
18072  35.263  -68.698  -15.865 0.0000000000
18081  35.513  -69.061  -15.933 0.0000000000
18082  34.996  -68.826  -16.382 0.0000000000
18089  34.547  -68.836  -17.134 0.0000000000
18090  34.160  -68.692  -17.713 0.0000000000
18096  34.406  -69.114  -17.827 0.0000000000
18097  33.979  -68.979  -18.351 0.0000000000
18107  33.700  -69.130  -19.038 0.0000000000
18115  33.822  -69.263  -19.871 0.0000000000
18124  34.053  -69.078  -20.763 0.0000000000
18140  34.310  -68.994  -21.719 0.0000000000
18156  34.442  -69.111  -22.858 0.0000000000
18170  34.317  -69.404  -24.117 0.0000000000
18179  34.100  -69.358  -25.132 0.0000000000
18180  33.346  -69.200  -25.707 0.0000000000
18191  32.911  -69.035  -26.147 0.0000000000
18202  32.779  -68.977  -26.649 0.0000000000
18207  33.168  -69.100  -27.376 0.0000000000
18208  32.896  -68.943  -27.033 0.0000000000
18212  33.645  -69.253  -27.990 0.0000000000
18219  35.506  -68.720  -29.327 0.0000000000
18220  34.509  -69.208  -28.725 0.0000000000
18229  36.904  -68.802  -30.887 0.0000000000
18230  36.247  -68.957  -29.864 0.0000000000
18231  35.196  -69.451  -29.265 0.0000000000
18240  38.008  -68.963  -31.996 0.0000000000
18241  37.528  -68.734  -31.709 0.0000000000
18251  38.079  -69.047  -32.258 0.0000000000
18252  37.802  -68.772  -32.440 0.0000000000
18253  37.308  -68.328  -33.073 0.0000000000
18254  36.338  -68.043  -33.807 0.0000000000
18255  35.273  -68.083  -33.962 0.0000000000
18264  35.576  -68.385  -34.497 0.0000000000
18265  34.721  -68.555  -34.746 0.0000000000
18277  33.693  -69.267  -34.869 0.0000000000
18278  32.863  -69.878  -35.011 0.0000000000
18295  32.475  -70.416  -35.432 0.0000000000
18312  32.536  -70.334  -36.000 0.0000000000
18313  32.367  -70.919  -35.992 0.0000000000
18331  35.632  -71.099  -36.531 0.0000000000
18332  34.449  -70.685  -36.723 0.0000000000
18333  33.684  -70.480  -36.727 0.0000000000
18334  33.105  -70.578  -36.497 0.0000000000
18335  32.654  -70.874  -36.298 0.0000000000
18336  32.285  -71.337  -36.443 0.0000000000
18353  33.909  -71.698  -37.019 0.0000000000
18354  33.212  -71.498  -36.913 0.0000000000
18355  32.712  -71.474  -36.798 0.0000000000
18356  32.465  -71.459  -36.758 0.0000000000
19240  39.599  -69.236  -14.726 0.0000000000
19241  38.359  -69.239  -14.651 0.0000000000
19242  37.808  -69.541  -14.487 0.0000000000
19255  37.821  -68.710  -14.905 0.0000000000
19256  37.341  -69.069  -14.854 0.0000000000
19257  36.547  -68.828  -15.064 0.0000000000
19258  35.917  -68.571  -15.188 0.0000000000
19264  35.377  -68.433  -15.539 0.0000000000
19265  34.854  -68.290  -16.047 0.0000000000
19275  34.464  -68.306  -16.641 0.0000000000
19285  34.107  -68.300  -17.301 0.0000000000
19286  33.802  -68.393  -17.945 0.0000000000
19294  33.657  -68.583  -18.648 0.0000000000
19307  33.591  -68.784  -19.319 0.0000000000
19316  33.689  -68.676  -19.976 0.0000000000
19329  34.008  -68.594  -20.849 0.0000000000
19351  34.321  -68.667  -21.784 0.0000000000
19372  34.461  -68.887  -22.570 0.0000000000
19385  37.440  -70.385  -24.150 0.0000000000
19386  34.334  -69.233  -23.513 0.0000000000
19394  37.098  -70.303  -25.035 0.0000000000
19395  36.462  -70.204  -25.584 0.0000000000
19396  34.154  -69.370  -24.557 0.0000000000
19397  33.837  -69.259  -25.467 0.0000000000
19405  38.032  -70.460  -25.814 0.0000000000
19406  36.951  -70.110  -26.034 0.0000000000
19407  36.430  -70.149  -25.944 0.0000000000
19408  33.204  -68.968  -25.916 0.0000000000
19422  37.748  -70.201  -26.398 0.0000000000
19423  33.244  -68.726  -26.751 0.0000000000
19424  32.947  -68.810  -26.366 0.0000000000
19438  33.372  -68.808  -27.301 0.0000000000
19439  32.942  -68.829  -26.813 0.0000000000
19449  33.821  -68.790  -27.920 0.0000000000
19460  35.240  -68.227  -29.053 0.0000000000
19461  34.302  -68.760  -28.428 0.0000000000
19469  36.680  -68.085  -30.779 0.0000000000
19470  36.261  -67.793  -30.054 0.0000000000
19477  37.084  -67.960  -31.674 0.0000000000
19478  36.358  -67.131  -31.759 0.0000000000
19479  35.648  -66.805  -32.544 0.0000000000
19488  37.390  -68.198  -32.338 0.0000000000
19489  36.827  -67.635  -32.737 0.0000000000
19490  35.647  -67.286  -33.340 0.0000000000
19491  34.798  -68.011  -34.021 0.0000000000
19504  34.332  -68.312  -34.742 0.0000000000
19518  33.640  -68.996  -35.186 0.0000000000
19519  32.811  -69.657  -35.309 0.0000000000
19537  33.141  -69.191  -35.554 0.0000000000
19538  32.614  -69.938  -35.690 0.0000000000
19553  36.958  -69.275  -35.958 0.0000000000
19554  33.373  -68.781  -36.353 0.0000000000
19555  33.198  -68.904  -36.230 0.0000000000
19556  32.824  -69.586  -36.009 0.0000000000
19557  32.553  -70.120  -35.887 0.0000000000
19571  36.154  -69.826  -36.150 0.0000000000
19572  34.987  -69.891  -36.127 0.0000000000
19573  34.103  -69.538  -36.573 0.0000000000
19574  33.461  -69.286  -36.469 0.0000000000
19575  32.982  -69.778  -36.259 0.0000000000
19576  32.764  -70.003  -36.173 0.0000000000
20360  39.703  -68.566  -15.244 0.0000000000
20361  38.980  -68.912  -15.053 0.0000000000
20376  39.857  -67.840  -15.548 0.0000000000
20377  38.526  -68.275  -15.227 0.0000000000
20378  37.343  -68.183  -15.055 0.0000000000
20379  36.557  -68.257  -14.994 0.0000000000
20380  35.947  -68.076  -15.034 0.0000000000
20390  35.383  -67.851  -15.315 0.0000000000
20391  34.843  -67.767  -15.785 0.0000000000
20402  34.491  -67.845  -16.292 0.0000000000
20411  34.174  -67.803  -16.901 0.0000000000
20412  33.826  -67.941  -17.589 0.0000000000
20420  33.627  -68.093  -18.205 0.0000000000
20436  33.596  -68.235  -19.081 0.0000000000
20455  33.763  -68.161  -20.017 0.0000000000
20472  34.110  -68.220  -20.949 0.0000000000
20492  34.383  -68.468  -21.889 0.0000000000
20510  37.196  -69.609  -21.832 0.0000000000
20511  34.459  -69.017  -22.891 0.0000000000
20525  36.996  -69.783  -23.022 0.0000000000
20526  36.065  -69.603  -23.587 0.0000000000
20527  34.390  -69.378  -24.035 0.0000000000
20534  36.812  -70.231  -24.204 0.0000000000
20535  36.063  -69.984  -24.667 0.0000000000
20536  35.443  -69.916  -25.259 0.0000000000
20537  33.987  -69.211  -25.102 0.0000000000
20538  33.797  -69.046  -25.403 0.0000000000
20545  36.712  -69.930  -26.453 0.0000000000
20546  36.135  -70.086  -26.167 0.0000000000
20547  35.655  -70.020  -25.612 0.0000000000
20548  33.711  -68.818  -25.888 0.0000000000
20549  33.609  -68.969  -25.708 0.0000000000
20561  37.423  -69.901  -26.950 0.0000000000
20562  36.591  -69.831  -26.684 0.0000000000
20563  33.669  -68.650  -26.648 0.0000000000
20564  33.278  -68.717  -26.158 0.0000000000
20581  33.884  -68.611  -27.371 0.0000000000
20596  35.161  -67.814  -28.563 0.0000000000
20597  34.266  -68.476  -27.949 0.0000000000
20609  35.406  -67.655  -29.027 0.0000000000
20610  34.674  -68.300  -28.479 0.0000000000
20617  36.020  -67.172  -29.767 0.0000000000
20627  35.953  -66.833  -30.979 0.0000000000
20628  35.611  -66.608  -31.985 0.0000000000
20636  35.089  -66.705  -33.010 0.0000000000
20637  34.641  -67.575  -33.864 0.0000000000
20651  34.374  -67.045  -33.804 0.0000000000
20652  34.261  -67.895  -34.670 0.0000000000
20665  34.199  -67.326  -34.585 0.0000000000
20666  33.851  -68.317  -35.233 0.0000000000
20681  38.003  -68.168  -34.698 0.0000000000
20682  33.988  -67.718  -35.212 0.0000000000
20683  33.350  -68.631  -35.716 0.0000000000
20696  37.166  -68.405  -35.209 0.0000000000
20697  35.967  -68.634  -35.636 0.0000000000
20698  34.970  -68.331  -35.620 0.0000000000
20699  34.228  -68.186  -35.932 0.0000000000
20700  33.670  -68.419  -36.094 0.0000000000
20701  33.527  -68.396  -35.841 0.0000000000
20702  33.121  -68.789  -36.022 0.0000000000
20712  35.837  -69.083  -36.071 0.0000000000
20713  35.407  -69.026  -36.084 0.0000000000
20714  34.560  -68.876  -36.223 0.0000000000
20715  33.942  -68.745  -36.431 0.0000000000
21516  40.335  -66.858  -15.837 0.0000000000
21517  38.965  -67.164  -15.436 0.0000000000
21518  37.640  -67.138  -15.351 0.0000000000
21519  36.573  -67.546  -15.106 0.0000000000
21520  36.113  -67.779  -15.038 0.0000000000
21530  37.208  -66.466  -15.402 0.0000000000
21531  36.570  -66.754  -15.321 0.0000000000
21532  35.745  -67.241  -15.227 0.0000000000
21533  34.997  -67.166  -15.583 0.0000000000
21542  34.506  -67.266  -16.315 0.0000000000
21552  34.053  -67.467  -17.413 0.0000000000
21553  33.723  -67.816  -17.854 0.0000000000
21563  33.985  -67.472  -18.328 0.0000000000
21564  33.700  -67.791  -18.306 0.0000000000
21578  33.996  -67.526  -19.139 0.0000000000
21579  33.772  -67.774  -19.155 0.0000000000
21600  37.631  -68.820  -17.780 0.0000000000
21601  34.231  -67.544  -19.545 0.0000000000
21602  33.993  -67.771  -20.070 0.0000000000
21616  36.923  -68.965  -19.003 0.0000000000
21617  36.414  -68.635  -19.778 0.0000000000
21618  34.392  -67.658  -20.429 0.0000000000
21619  34.305  -67.997  -21.152 0.0000000000
21641  36.874  -69.145  -20.361 0.0000000000
21642  36.310  -68.458  -20.761 0.0000000000
21643  34.553  -67.850  -21.474 0.0000000000
21644  34.489  -68.352  -22.076 0.0000000000
21659  37.177  -69.555  -21.157 0.0000000000
21660  36.737  -69.040  -21.641 0.0000000000
21661  36.213  -68.341  -21.839 0.0000000000
21662  34.634  -68.307  -22.351 0.0000000000
21663  34.581  -68.915  -22.709 0.0000000000
21674  36.388  -68.958  -22.307 0.0000000000
21675  35.939  -68.859  -22.817 0.0000000000
21676  35.300  -68.995  -23.293 0.0000000000
21677  34.532  -69.043  -23.114 0.0000000000
21678  34.460  -69.234  -23.590 0.0000000000
21685  35.551  -69.675  -23.676 0.0000000000
21686  35.041  -69.748  -24.467 0.0000000000
21687  34.520  -69.621  -24.639 0.0000000000
21688  34.413  -69.479  -24.269 0.0000000000
21689  34.344  -69.424  -24.487 0.0000000000
21696  35.806  -69.734  -26.680 0.0000000000
21697  35.297  -69.684  -26.311 0.0000000000
21698  34.602  -69.511  -25.922 0.0000000000
21699  34.344  -68.964  -26.083 0.0000000000
21700  34.092  -69.419  -25.387 0.0000000000
21711  37.554  -69.358  -28.005 0.0000000000
21712  36.366  -69.507  -27.157 0.0000000000
21713  35.688  -69.507  -26.980 0.0000000000
21714  34.596  -68.378  -27.431 0.0000000000
21715  34.060  -68.675  -26.455 0.0000000000
21730  35.011  -67.830  -28.189 0.0000000000
21731  34.364  -68.529  -27.421 0.0000000000
21746  35.341  -67.256  -28.713 0.0000000000
21747  34.718  -68.151  -28.056 0.0000000000
21762  35.754  -66.823  -29.498 0.0000000000
21772  35.583  -66.356  -30.979 0.0000000000
21773  35.200  -66.135  -31.660 0.0000000000
21783  35.557  -66.468  -31.501 0.0000000000
21784  35.187  -66.299  -32.057 0.0000000000
21792  34.524  -66.376  -32.980 0.0000000000
21805  34.039  -66.527  -33.768 0.0000000000
21815  33.970  -66.650  -34.448 0.0000000000
21828  37.331  -67.485  -34.536 0.0000000000
21829  36.430  -67.051  -34.793 0.0000000000
21830  35.618  -66.773  -35.060 0.0000000000
21831  34.955  -66.583  -35.182 0.0000000000
21832  34.420  -66.592  -35.079 0.0000000000
21833  34.076  -66.751  -34.878 0.0000000000
21847  36.740  -67.652  -34.834 0.0000000000
21848  36.159  -67.699  -35.028 0.0000000000
21849  35.332  -67.588  -35.214 0.0000000000
21850  34.618  -67.499  -35.278 0.0000000000
21851  34.120  -67.580  -35.348 0.0000000000
21852  33.926  -67.792  -35.495 0.0000000000
22726  42.571  -65.397  -15.567 0.0000000000
22727  40.791  -65.681  -16.100 0.0000000000
22728  39.244  -66.293  -15.668 0.0000000000
22729  38.413  -66.630  -15.438 0.0000000000
22737  40.140  -65.266  -15.991 0.0000000000
22738  39.343  -65.533  -15.753 0.0000000000
22739  38.015  -66.022  -15.423 0.0000000000
22740  36.847  -66.059  -15.480 0.0000000000
22741  35.832  -66.274  -15.541 0.0000000000
22742  35.311  -66.753  -15.547 0.0000000000
22749  35.508  -66.095  -15.826 0.0000000000
22750  34.995  -66.478  -15.893 0.0000000000
22759  34.596  -66.758  -16.683 0.0000000000
22769  34.417  -67.011  -17.526 0.0000000000
22783  34.886  -67.206  -18.377 0.0000000000
22784  34.411  -67.340  -18.542 0.0000000000
22802  39.337  -67.109  -16.485 0.0000000000
22803  37.991  -67.528  -16.842 0.0000000000
22804  36.560  -68.013  -17.814 0.0000000000
22805  35.742  -67.627  -18.468 0.0000000000
22806  35.296  -67.491  -18.977 0.0000000000
22807  34.980  -67.407  -19.356 0.0000000000
22808  34.610  -67.448  -19.506 0.0000000000
22823  36.338  -68.481  -19.042 0.0000000000
22824  35.922  -68.181  -19.585 0.0000000000
22825  35.423  -67.741  -20.004 0.0000000000
22826  35.098  -67.561  -20.387 0.0000000000
22827  34.790  -67.576  -20.715 0.0000000000
22840  35.753  -68.011  -20.995 0.0000000000
22841  35.330  -67.688  -21.291 0.0000000000
22842  35.013  -67.629  -21.597 0.0000000000
22843  34.783  -67.770  -21.973 0.0000000000
22860  35.677  -67.988  -22.062 0.0000000000
22861  35.231  -67.877  -22.267 0.0000000000
22862  34.955  -68.013  -22.514 0.0000000000
22863  34.737  -68.494  -22.719 0.0000000000
22875  35.417  -68.342  -22.716 0.0000000000
22876  35.069  -68.675  -23.083 0.0000000000
22877  34.804  -68.788  -23.200 0.0000000000
22878  34.677  -69.169  -23.235 0.0000000000
22890  34.711  -69.500  -23.718 0.0000000000
22891  34.577  -69.288  -23.792 0.0000000000
22892  34.607  -69.111  -23.605 0.0000000000
22905  35.224  -69.183  -26.961 0.0000000000
22906  35.008  -69.008  -26.940 0.0000000000
22907  34.691  -68.760  -26.886 0.0000000000
22919  37.619  -68.674  -28.779 0.0000000000
22920  36.698  -68.683  -28.171 0.0000000000
22921  35.597  -68.796  -27.549 0.0000000000
22922  35.145  -67.953  -27.883 0.0000000000
22923  34.825  -68.423  -27.475 0.0000000000
22935  38.175  -68.264  -29.052 0.0000000000
22936  35.371  -67.177  -28.673 0.0000000000
22937  35.188  -67.518  -28.437 0.0000000000
22951  35.362  -66.760  -28.772 0.0000000000
22965  35.451  -66.247  -29.481 0.0000000000
22978  35.317  -65.979  -30.885 0.0000000000
22979  35.217  -66.066  -31.420 0.0000000000
22988  35.059  -65.809  -31.662 0.0000000000
22989  34.911  -65.989  -32.064 0.0000000000
23000  34.199  -65.773  -33.126 0.0000000000
23001  34.250  -66.054  -33.053 0.0000000000
23013  34.065  -65.646  -33.486 0.0000000000
23014  33.877  -66.001  -33.790 0.0000000000
23026  37.408  -66.353  -33.648 0.0000000000
23027  36.296  -65.986  -34.135 0.0000000000
23028  35.540  -65.852  -34.647 0.0000000000
23029  33.940  -65.668  -34.055 0.0000000000
23030  33.930  -66.104  -34.464 0.0000000000
23041  37.996  -66.866  -34.089 0.0000000000
23042  36.815  -66.745  -34.179 0.0000000000
23043  35.903  -66.378  -34.632 0.0000000000
23044  35.253  -66.058  -35.043 0.0000000000
23045  34.731  -65.935  -35.036 0.0000000000
23046  34.176  -65.884  -34.667 0.0000000000
23047  33.968  -66.155  -34.718 0.0000000000
23948  42.924  -64.576  -14.510 0.0000000000
23949  41.928  -64.816  -15.749 0.0000000000
23957  40.810  -64.944  -16.165 0.0000000000
23958  39.707  -64.975  -15.917 0.0000000000
23959  38.513  -65.178  -15.625 0.0000000000
23960  37.322  -65.366  -15.515 0.0000000000
23961  36.478  -65.683  -15.612 0.0000000000
23969  36.670  -65.282  -15.675 0.0000000000
23970  35.957  -65.629  -15.844 0.0000000000
23971  35.367  -66.059  -16.026 0.0000000000
23979  35.544  -65.873  -16.335 0.0000000000
23980  35.000  -66.254  -16.322 0.0000000000
23991  35.313  -66.192  -16.963 0.0000000000
23992  34.882  -66.402  -16.867 0.0000000000
24005  36.601  -66.222  -16.901 0.0000000000
24006  35.952  -66.319  -17.166 0.0000000000
24007  35.294  -66.607  -17.483 0.0000000000
24008  34.840  -66.784  -17.573 0.0000000000
24026  40.321  -65.404  -17.329 0.0000000000
24027  38.885  -65.772  -16.993 0.0000000000
24028  37.590  -66.300  -16.670 0.0000000000
24029  36.535  -66.744  -17.231 0.0000000000
24030  35.814  -67.024  -17.686 0.0000000000
24031  35.294  -67.194  -18.047 0.0000000000
24046  41.166  -65.271  -17.641 0.0000000000
24118  37.756  -68.057  -28.895 0.0000000000
24119  37.210  -67.888  -28.721 0.0000000000
24120  36.314  -67.705  -28.534 0.0000000000
24121  35.612  -67.505  -28.460 0.0000000000
24134  38.136  -67.480  -29.173 0.0000000000
24135  37.091  -66.853  -28.694 0.0000000000
24136  36.227  -66.548  -28.626 0.0000000000
24137  35.493  -66.422  -28.637 0.0000000000
24138  35.142  -66.405  -28.599 0.0000000000
24151  38.965  -67.701  -30.423 0.0000000000
24152  38.048  -66.720  -29.511 0.0000000000
24153  35.334  -65.748  -28.798 0.0000000000
24154  35.199  -66.101  -28.711 0.0000000000
24169  35.337  -65.423  -29.295 0.0000000000
24170  35.243  -65.747  -29.391 0.0000000000
24184  38.177  -66.212  -31.098 0.0000000000
24185  37.574  -65.538  -30.714 0.0000000000
24186  35.338  -65.168  -30.537 0.0000000000
24187  35.350  -65.663  -30.344 0.0000000000
24202  38.705  -66.301  -31.815 0.0000000000
24203  37.567  -65.540  -31.151 0.0000000000
24204  35.030  -65.035  -31.917 0.0000000000
24205  35.016  -65.521  -31.583 0.0000000000
24206  34.873  -65.753  -31.962 0.0000000000
24219  38.974  -66.388  -32.344 0.0000000000
24220  37.389  -65.327  -31.880 0.0000000000
24221  36.736  -64.894  -32.139 0.0000000000
24222  34.770  -65.032  -32.835 0.0000000000
24223  34.534  -65.433  -32.722 0.0000000000
24224  34.594  -65.756  -32.453 0.0000000000
24237  37.896  -65.797  -32.706 0.0000000000
24238  36.855  -65.155  -32.542 0.0000000000
24239  34.742  -65.223  -33.533 0.0000000000
24240  34.345  -65.414  -33.481 0.0000000000
24249  38.256  -66.170  -33.185 0.0000000000
24250  36.752  -65.574  -33.304 0.0000000000
24251  35.499  -65.509  -34.118 0.0000000000
24252  34.786  -65.370  -34.117 0.0000000000
24253  34.268  -65.438  -34.119 0.0000000000
24260  35.101  -65.712  -34.829 0.0000000000
24261  34.739  -65.580  -34.646 0.0000000000
24262  34.453  -65.523  -34.427 0.0000000000
25179  44.385  -63.374  -12.119 0.0000000000
25184  43.138  -63.933  -13.167 0.0000000000
25185  42.365  -64.173  -14.901 0.0000000000
25186  41.568  -64.478  -15.899 0.0000000000
25192  41.764  -64.142  -15.670 0.0000000000
25193  40.630  -64.444  -16.231 0.0000000000
25194  39.088  -64.692  -15.953 0.0000000000
25195  37.969  -64.821  -15.692 0.0000000000
25196  37.174  -64.955  -15.646 0.0000000000
25206  39.590  -64.279  -16.295 0.0000000000
25207  38.556  -64.401  -16.064 0.0000000000
25208  37.556  -64.641  -15.881 0.0000000000
25209  36.674  -65.006  -15.873 0.0000000000
25210  36.106  -65.375  -16.051 0.0000000000
25220  36.498  -65.116  -16.116 0.0000000000
25221  36.088  -65.451  -16.284 0.0000000000
25231  37.146  -65.045  -16.594 0.0000000000
25232  36.647  -65.316  -16.427 0.0000000000
25233  35.901  -65.777  -16.599 0.0000000000
25241  37.095  -65.446  -16.641 0.0000000000
25242  36.295  -65.850  -16.692 0.0000000000
25243  35.710  -66.086  -16.993 0.0000000000
25260  40.541  -64.358  -18.333 0.0000000000
25261  39.692  -64.484  -17.921 0.0000000000
25262  38.620  -64.743  -17.354 0.0000000000
25263  37.648  -65.163  -16.923 0.0000000000
25286  41.307  -64.677  -18.187 0.0000000000
25388  37.550  -66.444  -29.032 0.0000000000
25389  36.911  -65.973  -28.774 0.0000000000
25390  36.125  -65.703  -28.752 0.0000000000
25391  35.634  -65.542  -28.800 0.0000000000
25402  38.178  -66.622  -30.076 0.0000000000
25403  37.558  -65.919  -29.376 0.0000000000
25404  36.784  -65.363  -29.105 0.0000000000
25405  36.065  -65.178  -29.105 0.0000000000
25406  35.577  -65.212  -29.149 0.0000000000
25418  37.881  -66.026  -30.218 0.0000000000
25419  37.296  -65.355  -29.767 0.0000000000
25420  36.644  -64.957  -29.663 0.0000000000
25421  36.002  -64.853  -29.714 0.0000000000
25422  35.604  -64.981  -29.924 0.0000000000
25432  37.563  -65.579  -30.379 0.0000000000
25433  37.163  -65.118  -30.380 0.0000000000
25434  36.510  -64.737  -30.345 0.0000000000
25435  35.956  -64.650  -30.460 0.0000000000
25436  35.629  -64.757  -30.695 0.0000000000
25453  36.955  -64.914  -31.012 0.0000000000
25454  36.410  -64.584  -31.011 0.0000000000
25455  35.876  -64.515  -31.192 0.0000000000
25456  35.426  -64.733  -31.423 0.0000000000
25468  36.784  -64.797  -31.401 0.0000000000
25469  36.457  -64.689  -31.713 0.0000000000
25470  35.793  -64.570  -31.953 0.0000000000
25471  35.238  -64.753  -32.307 0.0000000000
25481  36.306  -64.724  -32.344 0.0000000000
25482  35.726  -64.716  -32.658 0.0000000000
25483  35.163  -64.857  -33.049 0.0000000000
25493  36.270  -64.942  -32.855 0.0000000000
25494  35.762  -65.037  -33.296 0.0000000000
25495  35.191  -65.191  -33.626 0.0000000000
26392  44.960  -62.939  -11.157 0.0000000000
26404  45.087  -62.860  -10.965 0.0000000000
26405  44.194  -63.268  -12.226 0.0000000000
26414  42.862  -63.566  -13.520 0.0000000000
26415  42.302  -63.851  -14.991 0.0000000000
26421  42.615  -63.575  -14.536 0.0000000000
26422  41.691  -63.824  -15.753 0.0000000000
26423  40.407  -64.002  -16.353 0.0000000000
26438  40.670  -63.727  -16.367 0.0000000000
26439  39.392  -63.816  -16.495 0.0000000000
26440  38.085  -64.252  -16.258 0.0000000000
26441  37.223  -64.637  -16.089 0.0000000000
26442  36.784  -64.855  -16.049 0.0000000000
26452  39.105  -63.508  -16.731 0.0000000000
26453  38.458  -63.763  -16.722 0.0000000000
26454  37.583  -64.458  -16.424 0.0000000000
26455  36.953  -64.844  -16.252 0.0000000000
26462  45.151  -63.895  -16.085 0.0000000000
26463  44.538  -63.680  -16.273 0.0000000000
26464  38.411  -63.711  -17.104 0.0000000000
26465  37.659  -64.452  -16.765 0.0000000000
26466  37.182  -64.817  -16.503 0.0000000000
26480  45.342  -64.219  -16.635 0.0000000000
26481  44.005  -63.751  -17.047 0.0000000000
26482  42.696  -63.644  -17.631 0.0000000000
26483  42.044  -63.508  -17.761 0.0000000000
26484  39.088  -63.499  -17.822 0.0000000000
26485  38.601  -63.641  -17.467 0.0000000000
26486  37.935  -64.351  -17.078 0.0000000000
26501  44.238  -64.268  -17.552 0.0000000000
26502  42.913  -63.973  -17.963 0.0000000000
26503  41.605  -63.765  -18.219 0.0000000000
26504  40.445  -63.854  -18.450 0.0000000000
26505  39.421  -63.798  -18.057 0.0000000000
26506  38.563  -64.035  -17.559 0.0000000000
26507  38.170  -64.189  -17.328 0.0000000000
26522  43.251  -64.505  -18.032 0.0000000000
26523  42.023  -64.233  -18.291 0.0000000000
26524  41.103  -64.087  -18.469 0.0000000000
27590  45.575  -62.646  -10.513 0.0000000000
27601  45.278  -62.644  -11.055 0.0000000000
27602  44.835  -63.003  -11.675 0.0000000000
27603  43.627  -63.179  -12.582 0.0000000000
27613  46.908  -62.261  -11.632 0.0000000000
27614  44.849  -62.982  -11.697 0.0000000000
27615  44.049  -62.911  -12.482 0.0000000000
27616  43.271  -63.251  -13.136 0.0000000000
27621  47.052  -62.953  -12.502 0.0000000000
27622  46.150  -62.983  -12.249 0.0000000000
27623  45.361  -63.117  -12.439 0.0000000000
27624  43.443  -62.942  -13.731 0.0000000000
27625  42.635  -63.367  -14.675 0.0000000000
27626  41.940  -63.588  -15.592 0.0000000000
27639  46.807  -63.610  -13.435 0.0000000000
27640  45.682  -63.448  -13.420 0.0000000000
27641  44.608  -63.111  -13.452 0.0000000000
27642  43.290  -62.968  -14.209 0.0000000000
27643  42.425  -63.355  -15.314 0.0000000000
27644  41.436  -63.545  -16.129 0.0000000000
27645  40.293  -63.515  -16.519 0.0000000000
27656  45.999  -63.975  -14.658 0.0000000000
27657  45.281  -63.625  -14.654 0.0000000000
27658  44.211  -63.347  -14.839 0.0000000000
27659  43.045  -63.247  -15.185 0.0000000000
27660  42.012  -63.317  -15.833 0.0000000000
27661  41.001  -63.205  -16.473 0.0000000000
27662  39.798  -63.288  -16.725 0.0000000000
27663  38.967  -63.379  -16.878 0.0000000000
27675  45.640  -63.979  -15.386 0.0000000000
27676  45.095  -63.719  -15.573 0.0000000000
27677  43.958  -63.553  -16.148 0.0000000000
27678  42.769  -63.397  -16.258 0.0000000000
27679  41.636  -63.200  -16.578 0.0000000000
27680  40.619  -63.062  -16.828 0.0000000000
27681  39.735  -63.062  -16.980 0.0000000000
27682  39.017  -63.221  -17.016 0.0000000000
27697  43.299  -63.540  -17.077 0.0000000000
27698  42.661  -63.437  -17.159 0.0000000000
27699  41.469  -63.338  -17.612 0.0000000000
27700  40.450  -63.110  -17.495 0.0000000000
27701  39.514  -63.142  -17.454 0.0000000000
27702  38.987  -63.263  -17.255 0.0000000000
27715  40.873  -63.547  -18.279 0.0000000000
27716  40.312  -63.426  -18.112 0.0000000000
27717  39.680  -63.305  -17.906 0.0000000000
28827  45.940  -62.215  -10.647 0.0000000000
28842  46.392  -62.296  -11.445 0.0000000000
28843  45.390  -62.792  -11.400 0.0000000000
28844  44.635  -63.071  -11.948 0.0000000000
28857  45.729  -62.969  -12.059 0.0000000000
28858  44.984  -63.146  -12.368 0.0000000000
28859  44.336  -62.948  -12.480 0.0000000000
28870  44.147  -62.779  -13.264 0.0000000000
28871  43.929  -62.785  -13.173 0.0000000000
145564  38.320  -80.431  -34.466 0.0000000000
145565  38.928  -79.764  -33.740 0.0000000000
145566  39.542  -79.068  -34.629 0.0000000000
145567  37.652  -80.401  -32.848 0.0000000000
145568  39.945  -78.572  -34.361 0.0000000000
145569  39.783  -79.036  -34.076 0.0000000000
145570  39.077  -78.410  -35.573 0.0000000000
145571  37.856  -78.746  -36.990 0.0000000000
145572  38.685  -78.062  -36.086 0.0000000000
145573  38.321  -80.275  -33.721 0.0000000000
145574  39.660  -78.651  -34.827 0.0000000000
145575  39.064  -77.877  -35.516 0.0000000000
145576  38.280  -79.839  -32.926 0.0000000000
145577  38.878  -77.199  -35.883 0.0000000000
145578  37.829  -76.697  -36.663 0.0000000000
