#!ascii label  , from subject subject001 vox2ras=TkReg
701
31945  41.025  -60.824  15.555 0.0000000000
31956  39.822  -61.428  14.814 0.0000000000
31957  39.567  -61.618  15.156 0.0000000000
33115  42.562  -58.832  15.996 0.0000000000
33116  41.658  -59.675  15.500 0.0000000000
33117  40.912  -60.555  15.006 0.0000000000
33119  37.703  -60.953  15.700 0.0000000000
33137  41.232  -59.710  14.618 0.0000000000
33138  40.431  -60.569  14.326 0.0000000000
33139  39.075  -61.451  14.680 0.0000000000
33140  37.725  -61.171  14.348 0.0000000000
33154  40.029  -60.535  13.472 0.0000000000
33155  39.081  -60.734  13.075 0.0000000000
33156  37.378  -60.885  13.357 0.0000000000
33177  38.791  -59.959  12.199 0.0000000000
34289  43.459  -57.642  15.730 0.0000000000
34290  42.276  -57.996  15.345 0.0000000000
34291  41.613  -58.338  14.786 0.0000000000
34292  36.885  -60.098  15.416 0.0000000000
34293  36.215  -58.441  16.354 0.0000000000
34306  41.114  -58.823  14.133 0.0000000000
34307  40.633  -59.206  13.511 0.0000000000
34308  36.820  -60.466  14.418 0.0000000000
34309  36.151  -59.193  15.274 0.0000000000
34325  40.148  -59.331  12.853 0.0000000000
34326  39.690  -59.188  12.279 0.0000000000
34327  36.765  -60.556  14.026 0.0000000000
34328  36.162  -60.075  14.258 0.0000000000
34349  39.450  -58.784  11.795 0.0000000000
34350  38.959  -58.998  11.415 0.0000000000
34549  44.291  -54.870  0.489 0.0000000000
34554  45.332  -54.839  -0.407 0.0000000000
34555  44.790  -54.766  0.040 0.0000000000
34558  46.478  -54.894  -1.172 0.0000000000
34559  45.919  -54.792  -0.751 0.0000000000
34566  46.980  -54.936  -1.638 0.0000000000
35510  43.801  -56.243  15.248 0.0000000000
35511  42.922  -56.839  14.968 0.0000000000
35512  42.128  -57.220  14.753 0.0000000000
35513  35.253  -57.164  17.146 0.0000000000
35525  43.224  -55.922  14.609 0.0000000000
35526  42.471  -56.210  14.422 0.0000000000
35527  41.540  -57.022  14.201 0.0000000000
35528  40.971  -57.813  13.785 0.0000000000
35529  35.242  -57.568  16.168 0.0000000000
35530  34.647  -57.363  15.851 0.0000000000
35545  41.098  -56.757  13.730 0.0000000000
35546  40.578  -57.455  13.280 0.0000000000
35547  40.075  -57.832  12.562 0.0000000000
35548  35.309  -58.490  15.229 0.0000000000
35570  39.600  -57.757  12.143 0.0000000000
35571  39.256  -57.721  11.647 0.0000000000
35593  38.894  -57.734  11.130 0.0000000000
35781  44.169  -54.424  0.385 0.0000000000
35782  43.755  -54.211  0.651 0.0000000000
35786  45.115  -54.219  -0.478 0.0000000000
35787  44.450  -54.246  -0.007 0.0000000000
35788  43.854  -53.800  0.349 0.0000000000
35790  46.378  -54.240  -1.238 0.0000000000
35791  45.778  -54.202  -0.840 0.0000000000
35796  47.883  -54.498  -2.090 0.0000000000
35797  47.010  -54.298  -1.598 0.0000000000
35815  48.139  -53.961  -2.157 0.0000000000
36794  34.512  -56.263  17.759 0.0000000000
36806  44.418  -55.186  15.489 0.0000000000
36807  43.682  -55.155  14.696 0.0000000000
36808  34.435  -56.235  17.066 0.0000000000
36809  34.168  -55.813  17.605 0.0000000000
36820  42.988  -55.206  14.160 0.0000000000
36821  42.088  -55.426  13.754 0.0000000000
36822  41.447  -56.156  13.786 0.0000000000
36823  34.324  -56.507  16.445 0.0000000000
36837  41.789  -54.808  13.338 0.0000000000
36838  41.143  -55.614  13.404 0.0000000000
36839  40.207  -55.903  12.781 0.0000000000
36840  39.750  -56.837  12.479 0.0000000000
36858  39.942  -55.027  12.372 0.0000000000
36859  39.368  -55.935  12.054 0.0000000000
36860  39.061  -56.893  11.500 0.0000000000
36879  39.008  -55.118  11.513 0.0000000000
36880  38.692  -56.076  11.163 0.0000000000
37040  48.871  -55.214  -0.043 0.0000000000
37057  43.263  -53.551  0.850 0.0000000000
37063  44.976  -53.599  -0.577 0.0000000000
37064  44.101  -53.540  -0.057 0.0000000000
37065  43.738  -53.502  0.392 0.0000000000
37068  46.285  -53.615  -1.349 0.0000000000
37069  45.646  -53.582  -0.968 0.0000000000
37074  47.707  -53.631  -1.763 0.0000000000
37075  47.072  -53.575  -1.507 0.0000000000
37091  48.444  -53.670  -2.303 0.0000000000
37092  48.107  -53.624  -2.068 0.0000000000
38123  44.516  -54.419  14.873 0.0000000000
38124  44.021  -54.488  14.752 0.0000000000
38125  34.084  -55.764  17.167 0.0000000000
38126  33.761  -55.343  17.482 0.0000000000
38137  44.010  -53.914  14.463 0.0000000000
38138  43.447  -54.108  14.163 0.0000000000
38139  42.790  -54.516  13.719 0.0000000000
38140  34.081  -55.828  16.927 0.0000000000
38152  42.941  -53.790  13.552 0.0000000000
38153  42.313  -54.126  13.262 0.0000000000
38154  41.578  -54.223  12.937 0.0000000000
38155  40.908  -54.725  12.850 0.0000000000
38172  41.198  -53.930  12.548 0.0000000000
38173  40.555  -54.219  12.365 0.0000000000
38174  39.948  -54.273  11.911 0.0000000000
38191  39.385  -54.130  11.489 0.0000000000
38192  38.702  -54.441  11.188 0.0000000000
38316  43.041  -54.118  3.529 0.0000000000
38332  43.489  -54.299  2.839 0.0000000000
38337  50.501  -54.420  1.183 0.0000000000
38340  44.669  -54.416  2.126 0.0000000000
38341  43.945  -54.098  2.267 0.0000000000
38345  50.181  -54.514  0.689 0.0000000000
38346  49.774  -54.668  0.537 0.0000000000
38347  48.177  -55.054  0.526 0.0000000000
38348  46.584  -54.802  0.817 0.0000000000
38357  50.019  -54.680  0.435 0.0000000000
38358  49.078  -55.139  0.000 0.0000000000
38359  48.076  -55.326  -0.048 0.0000000000
38370  43.126  -53.139  0.775 0.0000000000
38371  42.518  -53.142  1.031 0.0000000000
38380  44.939  -53.079  -0.675 0.0000000000
38381  44.374  -53.096  -0.307 0.0000000000
38382  43.682  -53.154  0.399 0.0000000000
38388  46.227  -53.075  -1.472 0.0000000000
38389  45.562  -53.060  -1.112 0.0000000000
38398  47.955  -53.001  -2.536 0.0000000000
38399  47.756  -53.120  -2.081 0.0000000000
38400  47.025  -53.106  -1.499 0.0000000000
38417  49.234  -53.160  -3.246 0.0000000000
38418  48.266  -53.112  -2.912 0.0000000000
38419  48.036  -53.414  -2.247 0.0000000000
39379  44.632  -54.028  14.478 0.0000000000
39380  44.212  -53.718  14.353 0.0000000000
39395  44.455  -53.447  13.791 0.0000000000
39396  44.111  -53.266  13.896 0.0000000000
39397  43.754  -53.278  14.009 0.0000000000
39398  43.267  -53.201  13.603 0.0000000000
39409  44.418  -53.127  13.104 0.0000000000
39410  42.747  -53.140  13.188 0.0000000000
39411  42.119  -53.140  12.590 0.0000000000
39412  41.583  -53.564  12.514 0.0000000000
39425  41.885  -52.469  12.208 0.0000000000
39426  41.356  -53.065  12.123 0.0000000000
39427  40.504  -53.015  11.698 0.0000000000
39428  39.923  -53.518  11.586 0.0000000000
39447  40.306  -52.273  11.373 0.0000000000
39448  39.777  -52.767  11.303 0.0000000000
39449  38.901  -53.024  10.850 0.0000000000
39450  38.420  -53.812  10.816 0.0000000000
39469  38.477  -52.357  10.427 0.0000000000
39535  50.862  -52.132  5.066 0.0000000000
39549  50.549  -52.006  4.706 0.0000000000
39550  50.713  -51.851  4.089 0.0000000000
39562  50.699  -51.895  3.371 0.0000000000
39575  50.597  -52.902  2.640 0.0000000000
39576  42.786  -53.632  3.529 0.0000000000
39577  42.555  -53.278  3.261 0.0000000000
39581  50.668  -53.316  1.908 0.0000000000
39582  50.392  -53.323  1.976 0.0000000000
39583  45.721  -54.313  1.467 0.0000000000
39584  44.670  -53.870  1.652 0.0000000000
39585  43.283  -53.705  2.433 0.0000000000
39586  42.546  -53.233  2.808 0.0000000000
39589  51.221  -53.590  1.944 0.0000000000
39590  50.491  -53.535  1.355 0.0000000000
39591  50.444  -54.235  1.343 0.0000000000
39592  47.221  -54.987  0.302 0.0000000000
39593  46.200  -53.994  0.760 0.0000000000
39594  45.155  -53.305  1.057 0.0000000000
39603  53.757  -53.494  2.498 0.0000000000
39604  52.633  -53.651  2.153 0.0000000000
39605  51.412  -53.671  1.582 0.0000000000
39606  49.806  -54.231  -0.067 0.0000000000
39607  48.693  -55.446  -0.404 0.0000000000
39608  47.475  -54.821  -0.028 0.0000000000
39609  46.645  -53.583  0.052 0.0000000000
39610  42.626  -52.848  1.176 0.0000000000
39611  42.230  -52.829  1.438 0.0000000000
39622  53.213  -54.142  1.430 0.0000000000
39623  52.001  -53.941  0.661 0.0000000000
39624  50.580  -54.205  -0.494 0.0000000000
39625  49.541  -55.478  -0.761 0.0000000000
39626  48.941  -55.482  -0.882 0.0000000000
39627  43.753  -52.867  0.474 0.0000000000
39628  43.126  -52.894  0.855 0.0000000000
39629  42.027  -52.944  1.340 0.0000000000
39638  52.643  -54.184  0.258 0.0000000000
39639  51.639  -54.691  -0.381 0.0000000000
39640  50.907  -55.121  -0.985 0.0000000000
39641  44.913  -52.710  -0.608 0.0000000000
39642  44.034  -52.837  0.152 0.0000000000
39643  43.636  -52.931  0.508 0.0000000000
39649  46.755  -52.492  -1.643 0.0000000000
39650  46.327  -52.666  -1.520 0.0000000000
39651  45.583  -52.540  -1.106 0.0000000000
39658  47.910  -52.736  -2.471 0.0000000000
39659  47.089  -52.753  -1.912 0.0000000000
39660  46.882  -52.848  -1.505 0.0000000000
39673  49.523  -52.800  -3.390 0.0000000000
39674  48.722  -52.728  -3.252 0.0000000000
39675  48.305  -52.727  -3.032 0.0000000000
40683  44.155  -52.706  13.276 0.0000000000
40684  43.958  -52.632  13.391 0.0000000000
40685  43.663  -52.680  13.461 0.0000000000
40686  43.470  -52.844  13.540 0.0000000000
40697  44.189  -52.654  13.040 0.0000000000
40698  43.866  -52.192  12.917 0.0000000000
40699  43.435  -51.921  12.907 0.0000000000
40700  43.067  -52.373  13.157 0.0000000000
40701  42.609  -52.550  12.904 0.0000000000
40716  44.246  -52.576  12.582 0.0000000000
40717  44.045  -52.287  12.763 0.0000000000
40718  43.123  -51.348  12.563 0.0000000000
40719  42.896  -51.488  12.664 0.0000000000
40720  42.344  -51.915  12.496 0.0000000000
40721  41.534  -51.856  11.877 0.0000000000
40722  41.071  -52.390  11.778 0.0000000000
40743  41.237  -51.470  11.640 0.0000000000
40744  40.830  -51.764  11.496 0.0000000000
40745  40.089  -51.702  11.014 0.0000000000
40746  39.477  -52.078  10.821 0.0000000000
40761  39.616  -51.405  10.604 0.0000000000
40762  38.956  -51.681  10.403 0.0000000000
40834  51.919  -51.459  5.563 0.0000000000
40835  50.828  -51.375  5.416 0.0000000000
40836  50.183  -51.266  5.223 0.0000000000
40853  49.953  -51.147  4.904 0.0000000000
40854  49.976  -51.036  4.360 0.0000000000
40867  50.420  -50.996  3.611 0.0000000000
40879  50.449  -51.315  3.307 0.0000000000
40880  42.446  -52.814  3.988 0.0000000000
40881  42.291  -52.709  3.526 0.0000000000
40885  50.721  -52.965  2.393 0.0000000000
40886  50.684  -52.061  3.137 0.0000000000
40887  44.064  -53.407  1.416 0.0000000000
40888  43.005  -53.311  2.032 0.0000000000
40889  42.210  -52.764  2.949 0.0000000000
40890  42.010  -52.365  3.223 0.0000000000
40895  51.809  -52.272  3.261 0.0000000000
40896  51.264  -52.737  2.621 0.0000000000
40897  50.828  -52.507  2.852 0.0000000000
40898  50.762  -52.317  3.056 0.0000000000
40899  45.859  -53.014  0.439 0.0000000000
40900  44.870  -52.838  0.718 0.0000000000
40901  43.814  -52.971  1.170 0.0000000000
40902  42.764  -53.074  1.799 0.0000000000
40903  42.054  -52.617  2.680 0.0000000000
40904  41.706  -52.429  2.962 0.0000000000
40912  54.372  -52.134  3.131 0.0000000000
40913  53.126  -52.611  3.210 0.0000000000
40914  52.196  -52.857  2.758 0.0000000000
40915  51.706  -52.879  2.555 0.0000000000
40916  48.169  -54.957  -0.662 0.0000000000
40917  47.258  -53.851  -0.498 0.0000000000
40918  46.477  -52.873  -0.370 0.0000000000
40919  45.622  -52.395  0.149 0.0000000000
40920  44.814  -52.463  0.316 0.0000000000
40921  43.586  -52.778  0.997 0.0000000000
40922  42.650  -52.889  1.447 0.0000000000
40923  41.879  -52.673  2.131 0.0000000000
40931  55.574  -51.647  2.430 0.0000000000
40932  55.007  -51.800  2.833 0.0000000000
40933  50.106  -55.401  -1.121 0.0000000000
40934  49.346  -55.605  -1.205 0.0000000000
40935  48.621  -54.995  -1.326 0.0000000000
40936  47.742  -53.977  -1.024 0.0000000000
40937  47.116  -53.383  -0.828 0.0000000000
40938  45.072  -52.249  -0.243 0.0000000000
40939  44.079  -52.678  0.420 0.0000000000
40940  43.351  -52.788  0.921 0.0000000000
40947  53.183  -54.188  -0.363 0.0000000000
40948  52.031  -54.043  -0.698 0.0000000000
40949  51.285  -54.885  -1.085 0.0000000000
40950  50.633  -55.167  -1.576 0.0000000000
40951  49.722  -55.326  -1.565 0.0000000000
40952  49.164  -55.266  -1.494 0.0000000000
40953  46.658  -52.290  -1.576 0.0000000000
40954  45.994  -52.082  -1.192 0.0000000000
40955  45.388  -52.259  -0.788 0.0000000000
40956  44.680  -52.471  -0.234 0.0000000000
40964  52.469  -53.642  -1.515 0.0000000000
40965  51.631  -54.136  -1.537 0.0000000000
40966  51.159  -54.828  -1.639 0.0000000000
40967  47.729  -52.579  -2.166 0.0000000000
40968  47.049  -52.319  -1.812 0.0000000000
40969  46.448  -52.371  -1.482 0.0000000000
40970  45.887  -52.299  -1.280 0.0000000000
40978  53.045  -53.467  -1.914 0.0000000000
40979  51.187  -52.989  -2.986 0.0000000000
40980  50.155  -52.741  -3.092 0.0000000000
40981  49.251  -52.501  -3.070 0.0000000000
40982  48.603  -52.366  -2.955 0.0000000000
40983  48.149  -52.406  -2.279 0.0000000000
40984  47.606  -52.399  -2.086 0.0000000000
40993  50.822  -52.933  -3.184 0.0000000000
40994  49.838  -52.676  -3.250 0.0000000000
40995  49.013  -52.506  -3.218 0.0000000000
40996  48.411  -52.505  -2.997 0.0000000000
42046  43.777  -51.941  12.693 0.0000000000
42047  43.587  -51.783  12.660 0.0000000000
42064  44.162  -52.308  12.153 0.0000000000
42065  43.864  -51.922  12.415 0.0000000000
42066  43.356  -51.271  12.323 0.0000000000
42067  42.885  -50.915  12.256 0.0000000000
42068  42.423  -51.018  12.262 0.0000000000
42069  41.933  -51.177  12.040 0.0000000000
42084  43.667  -51.309  11.657 0.0000000000
42085  43.299  -50.813  11.778 0.0000000000
42086  42.480  -50.598  11.874 0.0000000000
42087  42.012  -50.596  11.749 0.0000000000
42088  41.332  -50.951  11.532 0.0000000000
42089  40.575  -50.905  10.916 0.0000000000
42090  40.005  -51.027  10.611 0.0000000000
42102  40.097  -50.516  10.515 0.0000000000
42103  39.471  -50.731  10.287 0.0000000000
42104  38.586  -50.760  9.862 0.0000000000
42175  53.878  -50.419  4.859 0.0000000000
42176  52.446  -50.359  5.253 0.0000000000
42177  51.168  -50.348  5.262 0.0000000000
42178  50.231  -50.437  5.309 0.0000000000
42179  49.873  -50.374  5.095 0.0000000000
42198  49.698  -50.132  4.685 0.0000000000
42199  49.617  -49.961  4.204 0.0000000000
42210  49.658  -49.701  3.716 0.0000000000
42211  49.276  -49.071  3.480 0.0000000000
42220  49.898  -49.916  3.646 0.0000000000
42221  49.445  -49.259  3.459 0.0000000000
42228  50.150  -50.240  3.622 0.0000000000
42229  49.684  -49.517  3.475 0.0000000000
42230  42.128  -52.288  3.687 0.0000000000
42231  41.953  -51.904  3.897 0.0000000000
42237  51.845  -51.586  3.447 0.0000000000
42238  51.407  -51.237  3.470 0.0000000000
42239  50.820  -51.386  3.536 0.0000000000
42240  50.567  -51.446  3.509 0.0000000000
42241  41.974  -52.229  3.414 0.0000000000
42242  41.818  -52.138  3.563 0.0000000000
42246  54.210  -51.125  3.057 0.0000000000
42247  53.526  -50.915  3.138 0.0000000000
42248  52.333  -51.495  3.335 0.0000000000
42249  51.806  -51.172  3.401 0.0000000000
42250  46.422  -52.494  -0.728 0.0000000000
42251  46.057  -52.188  -0.342 0.0000000000
42252  45.575  -52.184  -0.070 0.0000000000
42258  57.063  -50.644  1.705 0.0000000000
42259  55.868  -50.536  1.854 0.0000000000
42260  54.766  -50.869  2.526 0.0000000000
42261  54.111  -50.652  2.862 0.0000000000
42262  48.541  -54.582  -1.624 0.0000000000
42263  48.150  -54.018  -1.515 0.0000000000
42264  46.992  -53.156  -1.325 0.0000000000
42265  46.364  -52.262  -0.929 0.0000000000
42266  45.689  -52.091  -0.434 0.0000000000
42270  50.513  -54.763  -1.919 0.0000000000
42271  50.088  -54.802  -2.073 0.0000000000
42272  48.943  -54.436  -1.904 0.0000000000
42273  47.832  -53.344  -1.986 0.0000000000
42274  46.915  -52.655  -1.719 0.0000000000
42275  46.181  -52.058  -1.131 0.0000000000
42276  45.666  -52.033  -0.764 0.0000000000
42279  52.152  -53.341  -1.929 0.0000000000
42280  51.814  -53.452  -1.987 0.0000000000
42281  50.914  -54.259  -2.252 0.0000000000
42282  49.748  -53.889  -2.653 0.0000000000
42283  48.714  -53.184  -2.503 0.0000000000
42284  47.788  -52.725  -2.352 0.0000000000
42285  47.188  -52.572  -1.865 0.0000000000
42290  52.238  -53.287  -2.141 0.0000000000
42291  51.578  -53.242  -2.525 0.0000000000
42292  50.527  -53.174  -2.794 0.0000000000
42293  49.540  -52.710  -2.798 0.0000000000
42294  48.670  -52.443  -2.735 0.0000000000
42295  48.289  -52.487  -2.468 0.0000000000
42299  52.412  -53.239  -2.417 0.0000000000
42300  52.080  -53.103  -2.769 0.0000000000
43319  43.070  -50.714  11.950 0.0000000000
43320  42.752  -50.531  11.756 0.0000000000
43329  43.374  -50.756  11.333 0.0000000000
43330  42.955  -50.448  11.387 0.0000000000
43331  42.286  -50.119  11.260 0.0000000000
43332  41.625  -50.162  11.167 0.0000000000
43333  41.012  -50.318  10.888 0.0000000000
43334  40.464  -50.257  10.608 0.0000000000
43342  43.228  -50.552  10.761 0.0000000000
43343  42.574  -50.077  10.581 0.0000000000
43344  42.241  -49.878  10.792 0.0000000000
43345  41.236  -49.939  10.720 0.0000000000
43346  40.697  -49.882  10.485 0.0000000000
43347  39.906  -49.965  10.203 0.0000000000
43348  39.097  -50.141  9.834 0.0000000000
43357  39.367  -49.737  9.679 0.0000000000
43417  54.407  -49.182  4.532 0.0000000000
43418  53.038  -49.157  4.611 0.0000000000
43419  51.754  -49.178  4.640 0.0000000000
43420  50.475  -49.194  4.852 0.0000000000
43421  49.973  -49.827  5.090 0.0000000000
43436  50.087  -48.568  4.656 0.0000000000
43437  49.783  -49.177  4.748 0.0000000000
43438  49.432  -49.094  4.342 0.0000000000
43447  49.236  -48.976  3.943 0.0000000000
43448  49.196  -48.791  3.538 0.0000000000
43458  49.177  -48.752  3.255 0.0000000000
43466  49.619  -49.340  3.256 0.0000000000
43467  49.398  -49.021  3.141 0.0000000000
43474  51.182  -50.205  3.287 0.0000000000
43475  50.760  -50.118  3.370 0.0000000000
43476  50.063  -49.586  3.274 0.0000000000
43477  49.422  -48.851  2.918 0.0000000000
43480  53.286  -49.908  2.608 0.0000000000
43481  52.585  -49.875  2.644 0.0000000000
43482  51.650  -50.126  3.044 0.0000000000
43483  50.864  -49.369  2.873 0.0000000000
43484  50.271  -49.051  2.703 0.0000000000
43489  59.156  -50.217  2.185 0.0000000000
43490  57.828  -49.777  1.544 0.0000000000
43491  56.178  -49.257  1.090 0.0000000000
43492  55.071  -49.308  1.594 0.0000000000
43493  53.995  -49.681  2.390 0.0000000000
43494  53.127  -49.297  2.125 0.0000000000
43500  59.920  -49.439  2.336 0.0000000000
43501  59.523  -49.623  2.286 0.0000000000
43502  58.827  -49.623  2.011 0.0000000000
43503  55.570  -48.554  0.742 0.0000000000
43504  55.341  -48.653  0.824 0.0000000000
44379  41.865  -49.901  10.976 0.0000000000
44380  41.580  -49.842  10.766 0.0000000000
44385  42.207  -49.792  10.559 0.0000000000
44386  41.886  -49.735  10.613 0.0000000000
44387  41.166  -49.622  10.321 0.0000000000
44388  40.401  -49.560  9.986 0.0000000000
44389  39.801  -49.566  9.706 0.0000000000
44393  42.109  -49.683  10.103 0.0000000000
44394  41.505  -49.455  9.847 0.0000000000
44395  40.772  -49.324  9.613 0.0000000000
44396  40.045  -49.276  9.371 0.0000000000
44475  54.834  -47.981  4.397 0.0000000000
44476  53.595  -47.978  4.415 0.0000000000
44477  52.415  -47.966  4.330 0.0000000000
44478  51.307  -47.970  4.343 0.0000000000
44494  50.501  -47.915  4.387 0.0000000000
44495  49.992  -48.025  4.387 0.0000000000
44496  49.612  -48.177  4.254 0.0000000000
44508  49.311  -48.195  3.960 0.0000000000
44509  49.188  -48.164  3.601 0.0000000000
44519  49.157  -48.118  3.213 0.0000000000
44525  49.190  -48.230  2.916 0.0000000000
44529  49.488  -48.263  2.524 0.0000000000
44530  49.297  -48.242  2.707 0.0000000000
44533  51.840  -49.015  2.332 0.0000000000
44534  51.136  -48.673  2.391 0.0000000000
44535  50.345  -48.220  2.076 0.0000000000
44536  49.837  -48.261  2.262 0.0000000000
44542  59.951  -48.816  2.315 0.0000000000
44543  58.544  -48.368  1.720 0.0000000000
44544  57.186  -48.520  1.334 0.0000000000
44545  55.843  -48.309  0.808 0.0000000000
44546  54.328  -48.621  1.444 0.0000000000
44547  53.493  -48.527  1.572 0.0000000000
44548  52.448  -48.491  1.781 0.0000000000
44549  51.462  -48.093  1.740 0.0000000000
44550  50.790  -47.842  1.793 0.0000000000
44556  59.686  -49.294  2.277 0.0000000000
44557  59.158  -49.150  2.047 0.0000000000
44558  58.284  -49.083  1.649 0.0000000000
44559  55.200  -48.223  0.637 0.0000000000
44560  54.789  -48.271  0.831 0.0000000000
45604  54.107  -46.826  4.577 0.0000000000
45605  53.024  -46.794  4.388 0.0000000000
45606  52.022  -46.804  4.037 0.0000000000
45614  51.145  -46.826  4.062 0.0000000000
45615  50.530  -46.944  3.939 0.0000000000
45616  49.968  -47.403  4.046 0.0000000000
45622  50.288  -46.721  3.733 0.0000000000
45623  49.786  -47.190  3.741 0.0000000000
45624  49.400  -47.592  3.588 0.0000000000
45627  49.588  -46.993  3.416 0.0000000000
45628  49.318  -47.386  3.232 0.0000000000
45631  49.307  -47.205  2.560 0.0000000000
45632  49.262  -47.490  2.796 0.0000000000
45635  49.364  -47.419  2.428 0.0000000000
45636  49.252  -47.823  2.666 0.0000000000
45642  60.039  -46.951  2.212 0.0000000000
45643  57.394  -46.755  1.616 0.0000000000
45644  56.944  -46.918  1.391 0.0000000000
45645  49.951  -47.351  1.801 0.0000000000
45646  49.617  -47.431  2.027 0.0000000000
45651  60.683  -47.700  2.243 0.0000000000
45652  59.202  -47.531  1.936 0.0000000000
45653  57.749  -47.331  1.522 0.0000000000
45654  56.375  -47.498  1.177 0.0000000000
45655  55.197  -47.693  0.854 0.0000000000
45656  54.249  -47.735  0.970 0.0000000000
45657  52.979  -47.483  1.212 0.0000000000
45658  51.912  -47.318  1.417 0.0000000000
45659  51.059  -47.173  1.627 0.0000000000
45660  50.414  -47.190  1.659 0.0000000000
45666  54.768  -47.976  0.720 0.0000000000
45667  54.547  -47.921  0.776 0.0000000000
46791  54.613  -45.784  4.795 0.0000000000
46792  53.572  -45.678  4.710 0.0000000000
46793  52.580  -45.663  4.424 0.0000000000
46794  51.747  -45.685  4.064 0.0000000000
46797  51.169  -45.787  3.801 0.0000000000
46798  50.811  -45.914  3.620 0.0000000000
46800  50.522  -46.135  3.490 0.0000000000
46801  50.125  -46.344  3.370 0.0000000000
46804  49.722  -46.532  3.091 0.0000000000
46805  49.327  -46.961  2.891 0.0000000000
46809  49.567  -46.643  2.646 0.0000000000
46810  49.329  -46.987  2.667 0.0000000000
46815  50.192  -45.992  1.998 0.0000000000
46816  49.871  -46.505  2.128 0.0000000000
46822  59.895  -46.038  2.560 0.0000000000
46823  58.129  -46.323  1.983 0.0000000000
46824  56.948  -46.431  1.795 0.0000000000
46825  51.860  -45.537  1.779 0.0000000000
46826  51.052  -45.804  1.757 0.0000000000
46827  50.298  -46.309  1.801 0.0000000000
46828  49.881  -46.866  1.877 0.0000000000
46835  59.142  -46.758  2.065 0.0000000000
46836  58.536  -46.960  1.770 0.0000000000
46837  56.368  -46.833  1.591 0.0000000000
46838  55.668  -46.900  1.486 0.0000000000
46839  54.729  -46.792  1.287 0.0000000000
46840  53.684  -46.563  1.322 0.0000000000
46841  52.522  -46.286  1.564 0.0000000000
46842  51.447  -46.393  1.559 0.0000000000
46843  50.744  -46.524  1.625 0.0000000000
47969  54.332  -44.058  5.503 0.0000000000
47976  54.142  -44.590  5.242 0.0000000000
47977  53.090  -44.620  4.856 0.0000000000
47978  52.212  -44.627  4.396 0.0000000000
47979  51.593  -44.688  3.979 0.0000000000
47982  51.337  -44.883  3.603 0.0000000000
47983  51.118  -45.185  3.414 0.0000000000
47986  50.867  -45.570  3.276 0.0000000000
47987  50.481  -45.772  3.170 0.0000000000
47990  50.191  -45.846  2.912 0.0000000000
47995  50.192  -45.869  2.571 0.0000000000
48005  50.584  -45.556  2.198 0.0000000000
48006  50.366  -45.702  2.318 0.0000000000
48016  58.728  -45.028  2.704 0.0000000000
48017  56.827  -45.407  2.450 0.0000000000
48018  55.334  -44.997  2.492 0.0000000000
48019  54.208  -44.742  2.349 0.0000000000
48020  53.219  -44.681  2.430 0.0000000000
48021  52.333  -44.715  2.229 0.0000000000
48022  51.566  -44.944  2.104 0.0000000000
48023  50.961  -45.334  2.134 0.0000000000
48034  56.194  -46.389  2.007 0.0000000000
48035  55.466  -46.091  2.006 0.0000000000
48036  54.429  -45.765  1.804 0.0000000000
48037  53.418  -45.548  1.915 0.0000000000
48038  52.640  -45.348  2.008 0.0000000000
49138  53.972  -43.192  5.547 0.0000000000
49140  54.080  -43.951  5.514 0.0000000000
49141  53.604  -43.625  5.299 0.0000000000
49142  52.635  -43.682  4.725 0.0000000000
49143  51.887  -43.727  4.335 0.0000000000
49145  51.417  -43.871  4.037 0.0000000000
49146  51.281  -44.128  3.755 0.0000000000
49149  51.161  -44.586  3.437 0.0000000000
49150  50.976  -45.310  3.273 0.0000000000
49155  51.077  -44.499  3.199 0.0000000000
49156  50.869  -45.195  3.088 0.0000000000
49162  50.923  -44.619  2.946 0.0000000000
49163  50.748  -45.261  2.909 0.0000000000
49174  51.154  -44.161  2.704 0.0000000000
49175  50.912  -44.974  2.705 0.0000000000
49176  50.706  -45.337  2.689 0.0000000000
49186  57.845  -43.978  3.180 0.0000000000
49187  56.327  -43.967  2.947 0.0000000000
49188  55.055  -43.827  2.830 0.0000000000
49189  53.955  -43.774  2.787 0.0000000000
49190  52.959  -43.888  2.807 0.0000000000
49191  52.099  -44.030  2.487 0.0000000000
49192  51.444  -44.337  2.489 0.0000000000
49193  51.078  -44.941  2.519 0.0000000000
50222  53.782  -42.697  5.413 0.0000000000
50223  53.014  -42.828  4.910 0.0000000000
50224  52.270  -42.930  4.542 0.0000000000
50227  51.727  -43.035  4.297 0.0000000000
50228  51.456  -43.405  4.110 0.0000000000
50234  51.580  -42.875  4.160 0.0000000000
50235  51.387  -43.393  3.871 0.0000000000
50241  51.281  -43.621  3.590 0.0000000000
50247  51.326  -43.296  3.178 0.0000000000
50248  51.044  -43.812  3.209 0.0000000000
50258  51.877  -43.000  2.839 0.0000000000
50259  51.385  -43.426  2.878 0.0000000000
50260  51.033  -43.974  2.908 0.0000000000
50270  57.296  -42.776  3.365 0.0000000000
50271  55.961  -42.726  2.825 0.0000000000
50272  54.771  -42.723  3.034 0.0000000000
50273  53.690  -42.878  3.060 0.0000000000
50274  52.722  -43.107  2.814 0.0000000000
50275  51.975  -43.389  2.672 0.0000000000
50276  51.507  -43.622  2.709 0.0000000000
51341  54.269  -41.899  5.346 0.0000000000
51342  53.337  -41.997  5.012 0.0000000000
51343  52.602  -42.274  4.690 0.0000000000
51344  52.124  -42.475  4.453 0.0000000000
51350  52.880  -41.806  4.717 0.0000000000
51351  52.379  -42.008  4.563 0.0000000000
51352  51.926  -42.469  4.335 0.0000000000
51358  52.112  -42.085  4.411 0.0000000000
51359  51.735  -42.468  4.162 0.0000000000
51360  51.398  -42.933  3.956 0.0000000000
51366  51.595  -42.458  3.900 0.0000000000
51367  51.413  -42.972  3.734 0.0000000000
51373  51.615  -42.678  3.519 0.0000000000
51374  51.352  -43.275  3.475 0.0000000000
51384  52.314  -42.476  3.013 0.0000000000
51385  51.817  -42.745  3.124 0.0000000000
51396  56.840  -41.661  3.057 0.0000000000
51397  55.699  -41.508  2.821 0.0000000000
51398  54.539  -41.637  2.897 0.0000000000
51399  53.425  -42.172  2.879 0.0000000000
51400  52.617  -42.518  2.896 0.0000000000
51407  55.305  -40.928  2.566 0.0000000000
51408  54.961  -40.938  2.579 0.0000000000
52551  53.833  -41.265  5.091 0.0000000000
52552  53.266  -41.489  4.855 0.0000000000
52559  53.452  -41.130  4.904 0.0000000000
52560  52.991  -41.448  4.654 0.0000000000
52561  52.494  -41.769  4.480 0.0000000000
52568  52.780  -41.404  4.456 0.0000000000
52569  52.227  -41.731  4.278 0.0000000000
52570  51.858  -41.941  4.035 0.0000000000
52576  52.728  -41.279  4.199 0.0000000000
52577  52.400  -41.492  3.927 0.0000000000
52578  51.931  -41.984  3.730 0.0000000000
52582  52.526  -41.600  3.537 0.0000000000
52583  52.170  -42.146  3.355 0.0000000000
52588  53.783  -41.298  2.971 0.0000000000
52589  53.066  -41.704  3.094 0.0000000000
52590  52.313  -42.266  3.143 0.0000000000
52600  56.661  -40.833  2.678 0.0000000000
52601  54.731  -40.946  2.638 0.0000000000
52602  54.081  -41.312  2.852 0.0000000000
52603  53.272  -41.912  2.934 0.0000000000
52612  57.222  -40.086  2.300 0.0000000000
52613  56.228  -40.350  2.516 0.0000000000
52614  55.513  -40.427  2.533 0.0000000000
53629  53.775  -40.953  4.956 0.0000000000
53636  53.684  -40.825  4.720 0.0000000000
53637  53.149  -41.172  4.585 0.0000000000
53641  54.168  -40.296  4.155 0.0000000000
53642  53.251  -40.973  4.375 0.0000000000
53647  54.217  -40.305  3.480 0.0000000000
53648  53.261  -40.924  3.843 0.0000000000
53649  52.795  -41.293  3.702 0.0000000000
53655  54.456  -40.304  2.972 0.0000000000
53656  53.786  -40.779  3.301 0.0000000000
53657  53.132  -41.223  3.438 0.0000000000
53661  54.666  -40.350  2.733 0.0000000000
53662  54.189  -40.865  2.899 0.0000000000
53663  53.546  -41.158  3.178 0.0000000000
53669  55.189  -40.529  2.538 0.0000000000
53670  54.605  -40.845  2.720 0.0000000000
53679  57.017  -39.495  2.074 0.0000000000
53680  56.536  -39.618  2.297 0.0000000000
53681  55.907  -40.096  2.471 0.0000000000
53689  57.446  -38.931  1.266 0.0000000000
53690  56.968  -39.185  1.721 0.0000000000
54683  54.857  -39.831  3.051 0.0000000000
54693  55.458  -39.643  2.840 0.0000000000
54694  55.186  -39.975  2.698 0.0000000000
54695  54.890  -40.357  2.623 0.0000000000
54704  55.568  -40.182  2.580 0.0000000000
54705  54.899  -40.602  2.636 0.0000000000
54708  56.791  -39.238  2.062 0.0000000000
54709  56.350  -39.762  2.419 0.0000000000
54716  57.763  -38.303  0.388 0.0000000000
54717  57.186  -38.740  1.471 0.0000000000
54725  57.936  -37.771  -0.190 0.0000000000
55788  56.266  -39.595  2.592 0.0000000000
55789  55.868  -39.955  2.598 0.0000000000
55803  57.320  -38.475  1.221 0.0000000000
55804  56.791  -39.150  2.041 0.0000000000
55805  56.181  -39.788  2.507 0.0000000000
55819  57.322  -38.200  0.621 0.0000000000
55820  56.973  -38.886  1.707 0.0000000000
55821  56.680  -39.428  2.289 0.0000000000
55828  57.860  -37.337  -0.494 0.0000000000
55829  57.468  -37.951  0.225 0.0000000000
55830  57.211  -38.449  1.016 0.0000000000
55835  58.415  -37.331  -0.862 0.0000000000
55836  57.888  -37.545  -0.318 0.0000000000
55843  59.066  -37.164  -1.324 0.0000000000
56987  57.463  -37.664  0.294 0.0000000000
57002  57.917  -37.056  -0.507 0.0000000000
57003  57.542  -37.609  -0.045 0.0000000000
57015  59.376  -36.837  -1.753 0.0000000000
57016  58.587  -36.966  -1.127 0.0000000000
57027  59.101  -36.993  -1.526 0.0000000000
58088  59.420  -36.649  -1.577 0.0000000000
58089  58.565  -36.745  -1.013 0.0000000000
