#!ascii label  , from subject subject001 vox2ras=TkReg
2009
82549  34.195  -12.276  47.785 0.0000000000
82550  33.284  -12.358  47.415 0.0000000000
82551  32.504  -12.529  47.385 0.0000000000
82552  31.606  -12.681  47.510 0.0000000000
82553  30.980  -12.831  47.711 0.0000000000
82572  34.398  -11.810  46.929 0.0000000000
82573  33.460  -11.903  46.758 0.0000000000
82574  32.486  -11.978  46.463 0.0000000000
82575  32.004  -12.345  46.836 0.0000000000
82596  35.235  -11.155  45.926 0.0000000000
82597  34.448  -11.280  46.008 0.0000000000
82598  33.529  -11.423  46.037 0.0000000000
82599  32.940  -11.574  46.138 0.0000000000
83724  30.153  -12.376  47.872 0.0000000000
83737  31.267  -12.305  46.982 0.0000000000
83738  30.732  -12.276  47.268 0.0000000000
83739  30.302  -12.100  47.415 0.0000000000
83758  32.113  -11.782  45.946 0.0000000000
83759  31.598  -11.941  46.335 0.0000000000
83760  30.922  -11.452  46.035 0.0000000000
83778  35.383  -10.712  45.297 0.0000000000
83779  34.606  -10.872  45.149 0.0000000000
83780  33.663  -10.982  45.145 0.0000000000
83781  32.409  -11.270  45.269 0.0000000000
83782  31.360  -11.175  45.241 0.0000000000
83783  30.955  -10.984  45.311 0.0000000000
83799  35.786  -10.322  44.741 0.0000000000
83800  34.896  -10.359  44.401 0.0000000000
83801  34.060  -10.565  44.382 0.0000000000
83802  33.055  -10.602  44.127 0.0000000000
83803  32.414  -10.776  44.313 0.0000000000
83816  34.350  -10.160  44.012 0.0000000000
83817  33.843  -10.131  43.744 0.0000000000
83818  33.252  -10.150  43.405 0.0000000000
84807  29.906  -11.843  48.344 0.0000000000
84808  29.914  -12.105  48.257 0.0000000000
84815  30.340  -11.556  47.156 0.0000000000
84816  30.184  -11.868  47.444 0.0000000000
84827  30.522  -11.484  46.716 0.0000000000
84828  30.393  -11.912  47.212 0.0000000000
84841  30.733  -10.913  45.571 0.0000000000
84855  32.146  -10.828  44.340 0.0000000000
84856  31.716  -10.745  44.345 0.0000000000
84857  31.064  -10.448  44.495 0.0000000000
84876  37.110  -9.823  44.288 0.0000000000
84877  36.218  -9.933  44.072 0.0000000000
84878  35.449  -9.973  44.005 0.0000000000
84879  32.821  -10.299  43.452 0.0000000000
84880  32.240  -10.416  43.599 0.0000000000
84881  31.419  -10.163  43.388 0.0000000000
84882  30.963  -9.826  43.277 0.0000000000
84898  37.524  -9.008  43.819 0.0000000000
84899  36.502  -9.023  43.575 0.0000000000
84900  35.664  -9.388  43.537 0.0000000000
84901  34.691  -9.668  43.540 0.0000000000
84902  33.756  -9.661  43.054 0.0000000000
84903  32.868  -9.861  42.815 0.0000000000
84904  31.924  -9.664  42.363 0.0000000000
84905  31.238  -9.568  42.551 0.0000000000
84906  30.965  -9.459  42.657 0.0000000000
84919  35.893  -8.805  43.213 0.0000000000
84920  35.312  -8.843  42.971 0.0000000000
84921  34.429  -9.007  42.613 0.0000000000
84922  33.542  -9.152  42.250 0.0000000000
84923  32.698  -9.228  41.911 0.0000000000
84924  32.118  -9.185  41.599 0.0000000000
85919  30.170  -11.510  47.943 0.0000000000
85920  30.044  -11.772  47.734 0.0000000000
85928  30.333  -11.242  46.992 0.0000000000
85929  30.209  -11.599  47.436 0.0000000000
85946  30.527  -10.794  46.050 0.0000000000
85960  30.797  -10.292  44.999 0.0000000000
85973  30.834  -9.841  43.859 0.0000000000
85991  30.860  -9.410  42.878 0.0000000000
86009  38.045  -8.271  43.311 0.0000000000
86010  37.110  -8.371  43.225 0.0000000000
86011  31.807  -9.244  41.671 0.0000000000
86012  31.484  -9.178  41.743 0.0000000000
86013  31.060  -9.008  41.974 0.0000000000
86030  38.613  -7.315  42.596 0.0000000000
86031  37.407  -7.683  42.598 0.0000000000
86032  36.226  -8.186  42.646 0.0000000000
86033  35.107  -8.226  42.185 0.0000000000
86034  34.171  -8.358  41.851 0.0000000000
86035  33.323  -8.534  41.476 0.0000000000
86036  32.528  -8.647  41.187 0.0000000000
86037  31.853  -8.809  41.097 0.0000000000
86038  31.330  -8.538  41.018 0.0000000000
86039  31.096  -8.532  41.269 0.0000000000
86055  37.762  -6.993  41.906 0.0000000000
86056  36.811  -7.207  41.828 0.0000000000
86057  35.765  -7.410  41.665 0.0000000000
86058  34.802  -7.598  41.381 0.0000000000
86059  33.909  -7.715  41.137 0.0000000000
86060  33.066  -7.797  40.751 0.0000000000
86061  32.320  -8.075  40.418 0.0000000000
86062  31.725  -8.234  40.463 0.0000000000
86063  31.453  -8.199  40.493 0.0000000000
86070  32.750  -7.598  40.302 0.0000000000
86071  32.558  -7.504  40.058 0.0000000000
86094  43.226  -7.072  37.762 0.0000000000
86105  43.371  -7.808  36.950 0.0000000000
86106  42.744  -7.035  37.136 0.0000000000
86112  43.532  -7.979  36.505 0.0000000000
86113  42.967  -7.371  36.606 0.0000000000
86114  42.490  -6.619  36.807 0.0000000000
87050  30.768  -10.731  48.100 0.0000000000
87060  30.557  -10.604  46.686 0.0000000000
87073  30.663  -10.240  45.499 0.0000000000
87079  30.797  -9.742  44.442 0.0000000000
87088  30.838  -9.269  43.289 0.0000000000
87096  30.934  -8.838  42.328 0.0000000000
87103  31.008  -8.424  41.486 0.0000000000
87112  39.503  -6.685  42.111 0.0000000000
87113  31.245  -8.132  40.595 0.0000000000
87114  31.184  -8.049  40.714 0.0000000000
87126  41.262  -6.411  41.211 0.0000000000
87127  39.953  -6.191  41.213 0.0000000000
87128  38.629  -6.414  41.383 0.0000000000
87129  37.420  -6.482  41.125 0.0000000000
87130  36.370  -6.655  40.996 0.0000000000
87131  35.372  -6.812  40.856 0.0000000000
87132  34.464  -6.996  40.684 0.0000000000
87133  33.745  -7.260  40.477 0.0000000000
87134  32.292  -7.660  39.984 0.0000000000
87135  32.038  -7.733  39.965 0.0000000000
87136  31.632  -7.694  40.040 0.0000000000
87137  31.459  -7.562  40.194 0.0000000000
87142  42.064  -6.318  40.030 0.0000000000
87143  40.621  -5.899  39.792 0.0000000000
87144  39.226  -5.850  40.235 0.0000000000
87145  38.038  -5.868  40.340 0.0000000000
87146  36.975  -6.089  40.215 0.0000000000
87147  35.981  -6.306  40.088 0.0000000000
87148  35.003  -6.398  40.021 0.0000000000
87149  34.128  -6.700  39.878 0.0000000000
87150  33.161  -7.098  39.888 0.0000000000
87151  32.454  -7.221  39.562 0.0000000000
87152  32.035  -7.260  39.439 0.0000000000
87153  31.804  -7.274  39.508 0.0000000000
87161  42.758  -6.583  38.868 0.0000000000
87162  41.768  -5.942  38.908 0.0000000000
87163  40.930  -5.504  38.667 0.0000000000
87167  42.364  -6.438  37.958 0.0000000000
87168  41.559  -5.763  38.018 0.0000000000
87169  40.796  -5.346  37.913 0.0000000000
87177  42.069  -6.193  37.301 0.0000000000
87178  41.304  -5.508  37.328 0.0000000000
87179  40.502  -5.138  37.272 0.0000000000
87184  43.638  -7.747  36.285 0.0000000000
87185  43.091  -7.233  36.279 0.0000000000
87186  42.535  -6.484  36.434 0.0000000000
87187  41.793  -5.745  36.704 0.0000000000
87188  40.869  -5.122  36.789 0.0000000000
87189  40.315  -4.949  36.858 0.0000000000
88129  32.229  -8.942  46.081 0.0000000000
88130  31.635  -9.229  46.043 0.0000000000
88131  31.023  -10.036  46.932 0.0000000000
88138  31.442  -9.042  44.559 0.0000000000
88139  30.956  -9.731  45.398 0.0000000000
88144  31.282  -8.737  43.839 0.0000000000
88145  31.021  -8.987  43.782 0.0000000000
88153  31.029  -8.545  42.647 0.0000000000
88154  31.119  -8.325  42.416 0.0000000000
88161  30.996  -8.155  41.851 0.0000000000
88162  31.068  -8.309  42.179 0.0000000000
88165  31.050  -7.779  40.962 0.0000000000
88172  31.362  -7.364  40.301 0.0000000000
88181  31.798  -7.087  39.368 0.0000000000
88182  31.627  -7.071  39.628 0.0000000000
88185  40.280  -5.427  38.899 0.0000000000
88186  39.569  -5.502  39.221 0.0000000000
88187  38.546  -5.547  39.388 0.0000000000
88188  37.515  -5.611  39.408 0.0000000000
88189  36.518  -5.752  39.327 0.0000000000
88190  35.558  -5.910  39.233 0.0000000000
88191  34.665  -6.194  39.091 0.0000000000
88192  33.796  -6.477  38.960 0.0000000000
88193  33.016  -6.640  38.820 0.0000000000
88194  32.420  -6.720  38.728 0.0000000000
88195  32.034  -6.823  38.878 0.0000000000
88196  31.855  -6.659  38.832 0.0000000000
88204  40.370  -5.319  38.343 0.0000000000
88205  39.757  -5.280  38.422 0.0000000000
88206  38.925  -5.333  38.507 0.0000000000
88207  37.992  -5.420  38.528 0.0000000000
88208  37.033  -5.449  38.503 0.0000000000
88209  36.083  -5.527  38.421 0.0000000000
88210  35.202  -5.812  38.263 0.0000000000
88211  34.382  -6.167  38.058 0.0000000000
88212  33.594  -6.357  37.867 0.0000000000
88213  32.903  -6.411  37.711 0.0000000000
88214  32.356  -6.319  37.758 0.0000000000
88215  32.059  -6.482  38.348 0.0000000000
88218  40.065  -5.124  37.787 0.0000000000
88219  39.255  -5.102  37.739 0.0000000000
88220  38.378  -5.199  37.715 0.0000000000
88221  37.491  -5.321  37.663 0.0000000000
88222  36.594  -5.396  37.591 0.0000000000
88223  35.727  -5.590  37.442 0.0000000000
88224  34.944  -5.998  37.217 0.0000000000
88225  34.178  -6.193  36.963 0.0000000000
88226  33.464  -6.305  36.691 0.0000000000
88227  32.751  -6.208  36.355 0.0000000000
88228  32.407  -6.092  36.851 0.0000000000
88236  39.668  -4.855  36.951 0.0000000000
88237  38.710  -4.885  37.020 0.0000000000
88238  37.868  -5.083  36.807 0.0000000000
88239  37.030  -5.376  36.814 0.0000000000
88240  36.216  -5.494  36.664 0.0000000000
88241  35.463  -5.848  36.447 0.0000000000
88242  34.743  -6.222  36.188 0.0000000000
88243  34.052  -6.404  35.868 0.0000000000
88244  33.404  -6.428  35.480 0.0000000000
88245  32.855  -6.411  34.945 0.0000000000
88250  43.706  -7.130  36.220 0.0000000000
88251  43.137  -6.799  36.090 0.0000000000
88252  42.561  -6.083  36.099 0.0000000000
88253  41.895  -5.517  36.184 0.0000000000
88254  40.939  -4.865  36.111 0.0000000000
88255  40.196  -4.824  36.389 0.0000000000
88256  37.285  -5.279  36.160 0.0000000000
88257  36.644  -5.462  36.030 0.0000000000
88258  35.962  -5.696  35.690 0.0000000000
88259  35.246  -6.099  35.513 0.0000000000
88260  34.580  -6.395  35.195 0.0000000000
88261  33.948  -6.587  34.814 0.0000000000
88262  33.367  -6.562  34.347 0.0000000000
88263  32.892  -6.537  33.849 0.0000000000
88272  41.891  -5.195  35.851 0.0000000000
88273  41.303  -4.785  35.773 0.0000000000
88274  40.852  -4.627  35.646 0.0000000000
88275  35.611  -5.916  34.999 0.0000000000
88276  35.099  -6.155  34.567 0.0000000000
88277  34.443  -6.471  34.226 0.0000000000
88278  33.851  -6.617  33.760 0.0000000000
88279  33.305  -6.664  33.286 0.0000000000
88280  32.903  -6.609  32.829 0.0000000000
88289  34.852  -6.273  33.812 0.0000000000
88290  34.410  -6.477  33.210 0.0000000000
88291  33.722  -6.661  32.714 0.0000000000
88292  33.216  -6.719  32.290 0.0000000000
88293  32.858  -6.650  31.892 0.0000000000
88298  34.162  -6.499  32.090 0.0000000000
88299  33.534  -6.670  31.706 0.0000000000
88300  33.086  -6.749  31.382 0.0000000000
88301  32.737  -6.669  31.097 0.0000000000
88305  33.881  -6.557  31.044 0.0000000000
88306  33.331  -6.747  30.806 0.0000000000
88307  32.903  -6.748  30.606 0.0000000000
88308  32.548  -6.591  30.471 0.0000000000
88316  33.614  -6.638  30.166 0.0000000000
88317  33.107  -6.745  30.074 0.0000000000
88318  32.613  -6.634  29.905 0.0000000000
88319  32.348  -6.535  30.079 0.0000000000
88327  33.319  -6.604  29.597 0.0000000000
88328  32.912  -6.637  29.492 0.0000000000
88329  32.658  -6.537  29.483 0.0000000000
89202  32.173  -8.901  45.684 0.0000000000
89213  32.403  -8.235  44.333 0.0000000000
89214  32.045  -8.780  44.955 0.0000000000
89224  32.072  -7.933  43.723 0.0000000000
89225  31.682  -8.287  43.650 0.0000000000
89226  31.249  -8.551  43.495 0.0000000000
89236  31.477  -7.858  42.979 0.0000000000
89237  31.247  -8.130  42.811 0.0000000000
89238  31.157  -8.251  42.614 0.0000000000
89245  31.127  -7.700  41.915 0.0000000000
89246  31.107  -8.106  42.308 0.0000000000
89248  31.092  -7.430  41.144 0.0000000000
89255  31.311  -7.072  40.413 0.0000000000
89264  31.515  -6.728  39.665 0.0000000000
89267  31.707  -6.429  38.808 0.0000000000
89274  32.273  -6.052  37.121 0.0000000000
89275  32.059  -6.154  37.828 0.0000000000
89284  32.445  -6.202  35.337 0.0000000000
89285  32.275  -5.974  36.148 0.0000000000
89286  32.243  -5.895  36.939 0.0000000000
89295  39.485  -4.694  36.115 0.0000000000
89296  38.816  -4.729  36.298 0.0000000000
89297  38.326  -4.891  36.470 0.0000000000
89298  32.483  -6.317  34.382 0.0000000000
89299  32.164  -6.072  34.928 0.0000000000
89305  43.808  -6.235  36.346 0.0000000000
89306  43.064  -5.833  35.952 0.0000000000
89307  42.787  -6.000  35.982 0.0000000000
89308  40.457  -4.555  35.482 0.0000000000
89309  39.858  -4.602  35.530 0.0000000000
89310  38.854  -4.641  35.421 0.0000000000
89311  37.898  -4.938  35.723 0.0000000000
89312  36.938  -5.364  35.449 0.0000000000
89313  36.435  -5.549  35.470 0.0000000000
89314  32.567  -6.380  33.349 0.0000000000
89315  32.278  -6.111  33.877 0.0000000000
89324  42.641  -4.900  35.708 0.0000000000
89325  42.265  -5.044  35.719 0.0000000000
89326  41.406  -4.494  35.367 0.0000000000
89327  40.682  -4.387  35.201 0.0000000000
89328  39.939  -4.338  34.926 0.0000000000
89329  39.022  -4.334  34.397 0.0000000000
89330  38.028  -4.709  34.537 0.0000000000
89331  37.133  -5.168  34.614 0.0000000000
89332  36.199  -5.635  34.756 0.0000000000
89333  35.568  -5.879  34.510 0.0000000000
89334  32.602  -6.415  32.345 0.0000000000
89335  32.384  -6.147  32.784 0.0000000000
89342  38.567  -4.088  33.203 0.0000000000
89343  38.058  -4.504  33.504 0.0000000000
89344  37.302  -4.917  33.610 0.0000000000
89345  36.458  -5.396  33.676 0.0000000000
89346  35.456  -5.864  33.736 0.0000000000
89347  34.912  -6.230  33.329 0.0000000000
89348  32.531  -6.463  31.469 0.0000000000
89349  32.310  -6.198  31.751 0.0000000000
89353  38.324  -4.031  32.586 0.0000000000
89354  38.031  -4.317  32.714 0.0000000000
89355  37.438  -4.625  32.663 0.0000000000
89356  36.756  -5.117  32.739 0.0000000000
89357  35.889  -5.518  32.684 0.0000000000
89358  34.964  -6.086  32.571 0.0000000000
89359  32.445  -6.500  30.854 0.0000000000
89360  32.176  -6.309  30.941 0.0000000000
89364  36.951  -4.809  32.112 0.0000000000
89365  36.388  -5.132  31.809 0.0000000000
89366  35.461  -5.597  31.615 0.0000000000
89367  34.574  -6.084  31.351 0.0000000000
89368  32.226  -6.445  30.369 0.0000000000
89369  31.924  -6.230  30.305 0.0000000000
89378  35.968  -5.080  30.819 0.0000000000
89379  35.082  -5.589  30.529 0.0000000000
89380  34.275  -6.260  30.298 0.0000000000
89381  32.441  -6.459  29.522 0.0000000000
89382  32.145  -6.346  29.629 0.0000000000
89383  31.828  -6.164  29.867 0.0000000000
89391  36.533  -4.927  29.007 0.0000000000
89392  35.885  -5.079  29.616 0.0000000000
89393  34.744  -5.721  29.573 0.0000000000
89394  33.853  -6.326  29.386 0.0000000000
89395  33.201  -6.492  29.010 0.0000000000
89396  32.603  -6.409  29.069 0.0000000000
89397  32.244  -6.151  28.870 0.0000000000
89405  36.209  -5.126  28.729 0.0000000000
89406  35.341  -5.422  28.943 0.0000000000
89407  34.386  -5.812  28.882 0.0000000000
89408  33.568  -6.152  28.640 0.0000000000
89409  32.921  -6.212  28.365 0.0000000000
89410  32.460  -6.103  28.502 0.0000000000
89411  32.268  -6.008  28.525 0.0000000000
89420  35.818  -5.155  28.585 0.0000000000
89421  34.987  -5.334  28.637 0.0000000000
89422  33.996  -5.679  28.516 0.0000000000
89423  33.235  -6.001  28.248 0.0000000000
89424  32.936  -6.094  28.114 0.0000000000
90322  33.233  -7.902  44.678 0.0000000000
90338  32.391  -7.487  43.577 0.0000000000
90339  31.918  -7.746  43.441 0.0000000000
90355  32.170  -7.061  42.964 0.0000000000
90356  31.734  -7.374  42.829 0.0000000000
90357  31.423  -7.678  42.671 0.0000000000
90370  31.555  -7.037  42.223 0.0000000000
90371  31.364  -7.325  42.138 0.0000000000
90377  31.242  -7.047  41.292 0.0000000000
90383  31.324  -6.740  40.504 0.0000000000
90391  31.406  -6.420  39.732 0.0000000000
90394  31.522  -6.144  38.870 0.0000000000
90399  31.881  -5.889  37.901 0.0000000000
90407  32.207  -5.760  35.910 0.0000000000
90408  32.202  -5.706  36.670 0.0000000000
90414  32.056  -5.869  35.350 0.0000000000
90415  32.138  -5.665  35.629 0.0000000000
90421  43.886  -5.010  36.268 0.0000000000
90422  43.395  -5.441  36.049 0.0000000000
90423  32.090  -5.868  34.480 0.0000000000
90424  32.022  -5.759  35.107 0.0000000000
90433  43.406  -4.215  35.694 0.0000000000
90434  42.993  -4.581  35.638 0.0000000000
90435  42.280  -4.251  35.278 0.0000000000
90436  41.520  -3.859  34.737 0.0000000000
90437  40.731  -3.941  34.678 0.0000000000
90438  40.046  -3.981  34.523 0.0000000000
90439  39.579  -4.084  34.405 0.0000000000
90440  32.307  -5.929  33.237 0.0000000000
90448  41.119  -3.174  34.122 0.0000000000
90449  40.689  -3.371  34.140 0.0000000000
90450  40.080  -3.525  34.068 0.0000000000
90451  39.380  -3.750  33.685 0.0000000000
90452  32.298  -5.969  32.028 0.0000000000
90456  38.672  -3.598  32.341 0.0000000000
90457  37.997  -4.042  32.135 0.0000000000
90458  37.717  -4.369  32.289 0.0000000000
90459  32.004  -6.032  30.930 0.0000000000
90463  38.664  -3.497  31.486 0.0000000000
90464  38.049  -3.786  31.193 0.0000000000
90465  37.378  -4.440  31.710 0.0000000000
90466  36.851  -4.766  31.682 0.0000000000
90467  31.755  -6.006  30.109 0.0000000000
90477  38.554  -4.227  29.585 0.0000000000
90478  37.864  -4.141  30.044 0.0000000000
90479  37.252  -4.350  30.616 0.0000000000
90480  36.715  -4.716  31.136 0.0000000000
90481  32.028  -6.061  29.047 0.0000000000
90482  31.866  -5.948  29.435 0.0000000000
90488  39.297  -4.493  28.479 0.0000000000
90489  38.677  -4.620  28.807 0.0000000000
90490  38.056  -4.504  29.202 0.0000000000
90491  37.068  -4.532  29.422 0.0000000000
90492  36.516  -4.637  30.294 0.0000000000
90493  32.124  -5.978  28.677 0.0000000000
90494  31.994  -5.813  28.809 0.0000000000
90500  39.347  -4.536  27.996 0.0000000000
90501  38.860  -4.694  28.075 0.0000000000
90502  37.971  -4.822  28.480 0.0000000000
90503  37.028  -5.004  28.531 0.0000000000
90504  32.723  -6.058  28.118 0.0000000000
90505  32.565  -5.958  28.213 0.0000000000
90506  32.273  -5.695  28.462 0.0000000000
90507  32.043  -5.535  28.607 0.0000000000
90515  38.334  -4.849  27.890 0.0000000000
90516  37.617  -5.051  27.986 0.0000000000
90517  36.686  -5.124  28.167 0.0000000000
90518  35.836  -5.010  28.374 0.0000000000
90519  34.711  -5.169  28.427 0.0000000000
90520  33.580  -5.570  28.274 0.0000000000
90521  32.881  -5.831  28.089 0.0000000000
90522  32.495  -5.549  28.285 0.0000000000
90523  32.335  -5.479  28.324 0.0000000000
90533  35.524  -4.958  28.347 0.0000000000
90534  35.163  -4.957  28.325 0.0000000000
91480  33.647  -6.572  43.445 0.0000000000
91481  33.296  -7.224  43.909 0.0000000000
91488  33.331  -6.249  42.855 0.0000000000
91489  32.664  -6.568  42.813 0.0000000000
91490  32.063  -6.876  42.654 0.0000000000
91503  32.415  -6.254  42.098 0.0000000000
91504  31.876  -6.560  42.006 0.0000000000
91505  31.491  -6.907  41.961 0.0000000000
91515  31.610  -6.194  40.995 0.0000000000
91516  31.452  -6.735  41.485 0.0000000000
91529  31.455  -6.050  40.524 0.0000000000
91530  31.394  -6.343  40.583 0.0000000000
91539  31.323  -6.117  39.803 0.0000000000
91542  31.432  -5.874  38.981 0.0000000000
91548  31.751  -5.626  38.074 0.0000000000
91557  32.072  -5.440  37.035 0.0000000000
91564  32.125  -5.428  35.958 0.0000000000
91570  44.420  -4.101  36.553 0.0000000000
91571  32.159  -5.637  34.597 0.0000000000
91572  32.055  -5.576  34.967 0.0000000000
91581  43.748  -3.820  35.761 0.0000000000
91582  43.074  -3.486  35.065 0.0000000000
91583  42.402  -3.661  34.823 0.0000000000
91584  41.966  -3.691  34.667 0.0000000000
91585  32.362  -5.666  33.724 0.0000000000
91586  32.146  -5.641  34.347 0.0000000000
91593  42.931  -3.044  34.326 0.0000000000
91594  42.518  -3.129  34.266 0.0000000000
91595  41.680  -2.914  33.908 0.0000000000
91596  40.722  -2.904  33.530 0.0000000000
91597  40.124  -3.181  33.483 0.0000000000
91598  39.768  -3.420  33.537 0.0000000000
91599  32.409  -5.722  32.273 0.0000000000
91603  41.618  -2.482  32.363 0.0000000000
91604  40.904  -2.684  32.546 0.0000000000
91605  40.114  -2.909  32.586 0.0000000000
91606  39.517  -3.252  32.880 0.0000000000
91607  32.125  -5.725  31.134 0.0000000000
91615  41.746  -2.590  31.296 0.0000000000
91616  41.146  -2.751  31.378 0.0000000000
91617  40.365  -2.940  31.430 0.0000000000
91618  39.344  -3.256  31.513 0.0000000000
91619  38.657  -3.509  30.934 0.0000000000
91620  31.858  -5.709  30.368 0.0000000000
91621  31.804  -5.614  30.167 0.0000000000
91632  41.533  -2.949  30.441 0.0000000000
91633  40.876  -3.254  30.404 0.0000000000
91634  40.071  -3.561  30.288 0.0000000000
91635  39.113  -3.752  30.104 0.0000000000
91636  38.396  -3.786  30.363 0.0000000000
91637  31.811  -5.626  29.712 0.0000000000
91638  31.791  -5.569  29.922 0.0000000000
91644  41.330  -3.376  29.694 0.0000000000
91645  40.732  -3.687  29.266 0.0000000000
91646  39.837  -4.135  29.084 0.0000000000
91647  39.119  -4.322  29.181 0.0000000000
91648  31.891  -5.395  28.967 0.0000000000
91655  40.414  -3.980  28.384 0.0000000000
91656  39.865  -4.334  27.900 0.0000000000
91657  39.333  -4.494  27.680 0.0000000000
91658  32.193  -5.295  28.357 0.0000000000
91659  31.990  -5.109  28.358 0.0000000000
91667  39.638  -4.298  27.186 0.0000000000
91668  38.924  -4.495  27.480 0.0000000000
91669  38.175  -4.708  27.640 0.0000000000
91670  37.382  -4.963  27.731 0.0000000000
91671  36.699  -4.995  27.927 0.0000000000
91672  34.792  -4.823  28.337 0.0000000000
91673  33.914  -5.018  28.271 0.0000000000
91674  33.082  -5.150  28.179 0.0000000000
91675  32.564  -5.106  28.191 0.0000000000
91676  32.267  -5.012  28.260 0.0000000000
91677  32.013  -4.718  28.111 0.0000000000
91688  39.349  -4.153  26.971 0.0000000000
91689  38.736  -4.269  27.204 0.0000000000
91690  37.938  -4.474  27.467 0.0000000000
91691  37.108  -4.695  27.606 0.0000000000
91692  36.240  -4.757  28.009 0.0000000000
91693  35.519  -4.709  28.341 0.0000000000
92607  33.909  -5.750  42.699 0.0000000000
92608  33.182  -6.086  42.539 0.0000000000
92618  33.555  -5.391  41.985 0.0000000000
92619  32.878  -5.713  41.898 0.0000000000
92620  32.323  -6.108  41.761 0.0000000000
92627  32.615  -5.428  41.223 0.0000000000
92628  32.163  -5.769  41.185 0.0000000000
92640  31.670  -5.692  40.263 0.0000000000
92641  31.397  -5.978  40.294 0.0000000000
92651  31.637  -5.399  39.299 0.0000000000
92652  31.391  -5.857  39.886 0.0000000000
92654  31.712  -5.192  38.419 0.0000000000
92655  31.475  -5.646  39.107 0.0000000000
92661  31.852  -5.048  37.489 0.0000000000
92662  31.692  -5.409  38.245 0.0000000000
92671  31.977  -5.004  36.487 0.0000000000
92672  31.917  -5.210  37.274 0.0000000000
92678  32.070  -5.025  35.478 0.0000000000
92679  32.018  -5.167  36.236 0.0000000000
92685  32.266  -5.128  34.519 0.0000000000
92686  32.044  -5.273  35.264 0.0000000000
92696  44.322  -2.989  35.672 0.0000000000
92697  43.612  -3.235  35.204 0.0000000000
92698  32.567  -5.328  33.554 0.0000000000
92699  32.240  -5.448  34.448 0.0000000000
92705  45.109  -1.621  33.914 0.0000000000
92706  44.282  -2.088  34.238 0.0000000000
92707  43.428  -2.747  34.264 0.0000000000
92708  42.694  -2.747  33.785 0.0000000000
92709  42.276  -2.797  33.803 0.0000000000
92710  33.013  -4.988  31.210 0.0000000000
92711  32.679  -5.430  32.378 0.0000000000
92717  45.246  -1.547  32.657 0.0000000000
92718  44.416  -1.571  33.005 0.0000000000
92719  43.614  -1.881  33.093 0.0000000000
92720  42.829  -2.174  33.051 0.0000000000
92721  42.188  -2.449  33.179 0.0000000000
92722  32.786  -4.820  30.644 0.0000000000
92723  32.500  -5.219  30.960 0.0000000000
92733  45.270  -1.692  31.939 0.0000000000
92734  44.735  -1.678  32.088 0.0000000000
92735  44.027  -1.759  31.957 0.0000000000
92736  43.161  -1.952  31.977 0.0000000000
92737  42.327  -2.276  31.889 0.0000000000
92738  32.080  -5.256  30.253 0.0000000000
92739  31.904  -5.396  30.027 0.0000000000
92747  43.717  -2.303  30.931 0.0000000000
92748  42.939  -2.464  30.845 0.0000000000
92749  42.209  -2.708  30.583 0.0000000000
92750  31.925  -4.963  29.466 0.0000000000
92751  31.848  -5.390  29.773 0.0000000000
92757  43.402  -2.567  30.110 0.0000000000
92758  42.759  -2.775  29.691 0.0000000000
92759  41.966  -3.186  29.494 0.0000000000
92760  41.415  -3.498  28.968 0.0000000000
92761  31.826  -4.514  28.650 0.0000000000
92769  42.396  -3.025  28.855 0.0000000000
92770  41.880  -3.360  28.377 0.0000000000
92771  41.084  -3.703  28.174 0.0000000000
92772  40.523  -3.960  27.694 0.0000000000
92773  31.898  -4.309  28.160 0.0000000000
92781  41.495  -3.422  27.650 0.0000000000
92782  40.960  -3.661  27.251 0.0000000000
92783  40.281  -4.037  27.126 0.0000000000
92784  35.146  -4.337  28.441 0.0000000000
92785  34.159  -4.410  28.469 0.0000000000
92786  33.262  -4.428  28.249 0.0000000000
92787  32.625  -4.416  28.093 0.0000000000
92788  32.281  -4.395  28.042 0.0000000000
92789  32.013  -4.312  27.942 0.0000000000
92800  40.583  -3.648  26.802 0.0000000000
92801  40.016  -3.804  26.666 0.0000000000
92802  39.383  -3.764  26.746 0.0000000000
92803  38.527  -3.984  27.162 0.0000000000
92804  37.620  -4.201  27.462 0.0000000000
92805  36.781  -4.315  27.674 0.0000000000
92806  36.014  -4.305  28.101 0.0000000000
92813  39.922  -3.497  26.468 0.0000000000
92814  39.716  -3.446  26.544 0.0000000000
93686  34.413  -5.219  42.466 0.0000000000
93695  34.126  -4.896  41.745 0.0000000000
93696  33.399  -5.241  41.618 0.0000000000
93704  33.904  -4.628  40.925 0.0000000000
93705  33.115  -4.963  40.881 0.0000000000
93706  32.497  -5.332  40.931 0.0000000000
93718  32.644  -4.682  39.787 0.0000000000
93719  32.310  -5.248  40.427 0.0000000000
93733  32.403  -4.496  38.922 0.0000000000
93734  32.070  -5.092  39.540 0.0000000000
93738  32.396  -4.416  38.024 0.0000000000
93739  31.940  -4.870  38.652 0.0000000000
93745  32.551  -4.479  37.064 0.0000000000
93746  31.997  -4.781  37.734 0.0000000000
93755  32.794  -4.604  36.050 0.0000000000
93756  32.129  -4.780  36.758 0.0000000000
93765  33.025  -4.667  34.978 0.0000000000
93766  32.287  -4.816  35.731 0.0000000000
93772  33.286  -4.657  33.847 0.0000000000
93773  32.511  -4.871  34.688 0.0000000000
93784  34.345  -4.109  31.347 0.0000000000
93785  33.791  -4.662  32.455 0.0000000000
93786  32.854  -4.978  33.596 0.0000000000
93795  34.246  -3.794  30.878 0.0000000000
93796  33.792  -4.365  30.963 0.0000000000
93797  33.103  -5.078  32.368 0.0000000000
93802  47.143  -1.138  32.962 0.0000000000
93803  46.006  -1.360  33.356 0.0000000000
93804  33.029  -4.148  30.175 0.0000000000
93805  32.655  -4.663  30.322 0.0000000000
93812  46.951  -1.269  31.927 0.0000000000
93813  46.032  -1.591  31.698 0.0000000000
93814  45.044  -1.784  31.434 0.0000000000
93815  44.534  -1.814  31.625 0.0000000000
93816  32.761  -3.525  29.667 0.0000000000
93817  32.453  -4.145  29.640 0.0000000000
93820  45.822  -1.634  30.740 0.0000000000
93821  45.195  -1.845  30.488 0.0000000000
93822  44.472  -2.077  30.999 0.0000000000
93823  31.870  -3.706  28.853 0.0000000000
93828  44.880  -1.953  29.756 0.0000000000
93829  44.134  -2.245  29.649 0.0000000000
93830  43.319  -2.547  29.482 0.0000000000
93831  31.668  -3.547  28.269 0.0000000000
93836  43.803  -2.069  28.198 0.0000000000
93837  42.985  -2.603  28.597 0.0000000000
93838  42.332  -3.006  28.303 0.0000000000
93839  31.796  -3.590  27.839 0.0000000000
93844  43.705  -1.927  27.537 0.0000000000
93845  43.106  -2.244  27.350 0.0000000000
93846  42.089  -2.960  27.552 0.0000000000
93847  41.423  -3.315  27.227 0.0000000000
93848  36.700  -3.693  28.110 0.0000000000
93849  35.725  -3.826  28.452 0.0000000000
93850  34.501  -3.751  28.681 0.0000000000
93851  33.501  -3.654  28.420 0.0000000000
93852  32.780  -3.611  27.905 0.0000000000
93853  32.248  -3.645  27.696 0.0000000000
93854  31.992  -3.762  27.746 0.0000000000
93860  42.891  -2.134  26.773 0.0000000000
93861  42.267  -2.406  26.705 0.0000000000
93862  41.210  -3.177  26.780 0.0000000000
93863  40.546  -3.464  26.603 0.0000000000
93864  39.496  -3.433  26.616 0.0000000000
93865  39.174  -3.464  26.866 0.0000000000
93866  38.176  -3.841  27.410 0.0000000000
93867  37.228  -3.960  27.664 0.0000000000
93868  36.507  -4.007  27.904 0.0000000000
93871  42.027  -2.241  26.418 0.0000000000
93872  41.426  -2.594  26.521 0.0000000000
93873  40.464  -3.162  26.466 0.0000000000
93874  39.755  -3.203  26.446 0.0000000000
93875  39.554  -3.107  26.563 0.0000000000
94797  34.757  -4.302  41.534 0.0000000000
94807  34.518  -4.139  40.768 0.0000000000
94808  33.813  -4.366  40.418 0.0000000000
94816  34.218  -3.787  39.751 0.0000000000
94817  33.360  -4.255  39.803 0.0000000000
94832  33.648  -3.658  38.813 0.0000000000
94833  32.924  -4.157  39.150 0.0000000000
94838  33.689  -3.646  37.679 0.0000000000
94839  32.953  -4.029  38.344 0.0000000000
94845  33.848  -3.759  36.707 0.0000000000
94846  33.101  -4.114  37.382 0.0000000000
94849  35.169  -4.095  34.789 0.0000000000
94850  34.333  -4.031  35.686 0.0000000000
94851  33.355  -4.253  36.377 0.0000000000
94860  35.351  -3.982  33.697 0.0000000000
94861  34.524  -4.250  34.519 0.0000000000
94862  33.645  -4.406  35.316 0.0000000000
94872  35.427  -3.678  32.502 0.0000000000
94873  34.692  -4.206  33.347 0.0000000000
94874  33.824  -4.378  34.188 0.0000000000
94885  35.350  -3.160  31.430 0.0000000000
94886  34.778  -4.104  32.052 0.0000000000
94887  34.080  -4.447  33.175 0.0000000000
94895  35.163  -2.674  30.960 0.0000000000
94896  34.652  -3.120  30.719 0.0000000000
94897  34.089  -3.533  30.566 0.0000000000
94903  47.370  -0.924  32.282 0.0000000000
94904  34.226  -2.310  30.189 0.0000000000
94905  33.625  -2.769  29.910 0.0000000000
94906  32.903  -1.663  29.696 0.0000000000
94914  47.828  -0.086  31.944 0.0000000000
94915  47.265  -0.765  31.512 0.0000000000
94916  46.684  -1.329  31.390 0.0000000000
94917  32.991  -3.242  29.721 0.0000000000
94918  32.664  -2.451  29.427 0.0000000000
94922  46.890  -0.779  30.775 0.0000000000
94923  46.330  -1.288  30.557 0.0000000000
94924  45.676  -1.583  30.316 0.0000000000
94925  32.075  -2.518  28.988 0.0000000000
94932  45.974  -1.150  29.806 0.0000000000
94933  45.376  -1.503  29.545 0.0000000000
94934  44.732  -1.889  29.421 0.0000000000
94935  31.763  -2.534  28.482 0.0000000000
94941  45.010  -1.323  28.443 0.0000000000
94942  44.553  -1.771  28.775 0.0000000000
94943  31.737  -2.703  27.950 0.0000000000
94950  44.960  -1.048  27.844 0.0000000000
94951  44.287  -1.476  27.534 0.0000000000
94952  43.627  -1.874  27.257 0.0000000000
94953  37.986  -3.421  28.264 0.0000000000
94954  37.123  -3.337  28.591 0.0000000000
94955  36.035  -3.229  28.900 0.0000000000
94956  34.860  -3.116  29.089 0.0000000000
94957  33.866  -2.899  28.625 0.0000000000
94958  33.123  -2.754  27.816 0.0000000000
94959  32.498  -2.759  27.521 0.0000000000
94960  31.973  -2.907  27.614 0.0000000000
94967  44.135  -1.253  26.724 0.0000000000
94968  43.391  -1.768  26.835 0.0000000000
94969  42.773  -2.038  26.590 0.0000000000
94970  39.903  -2.772  26.565 0.0000000000
94971  39.451  -3.032  26.837 0.0000000000
94972  38.644  -3.443  27.553 0.0000000000
94973  37.634  -3.653  27.849 0.0000000000
94978  44.201  -0.948  26.489 0.0000000000
94979  43.661  -1.187  26.557 0.0000000000
94980  42.653  -1.839  26.513 0.0000000000
94981  41.803  -2.169  26.420 0.0000000000
94982  40.955  -2.581  26.475 0.0000000000
94983  40.163  -2.885  26.476 0.0000000000
94984  39.726  -2.953  26.442 0.0000000000
95892  34.860  -3.536  40.074 0.0000000000
95900  34.861  -3.322  39.475 0.0000000000
95914  35.225  -2.873  38.962 0.0000000000
95915  34.570  -3.285  38.847 0.0000000000
95921  35.250  -3.054  38.099 0.0000000000
95922  34.489  -3.346  37.890 0.0000000000
95928  36.159  -3.240  36.651 0.0000000000
95929  35.497  -3.253  36.961 0.0000000000
95930  34.504  -3.494  36.877 0.0000000000
95933  37.052  -3.267  35.595 0.0000000000
95934  36.443  -3.397  35.921 0.0000000000
95935  35.351  -3.679  35.715 0.0000000000
95936  34.471  -3.689  36.275 0.0000000000
95941  37.164  -3.237  34.972 0.0000000000
95942  36.551  -3.501  34.692 0.0000000000
95943  35.982  -3.781  34.176 0.0000000000
95951  37.216  -2.968  34.017 0.0000000000
95952  36.847  -2.993  33.235 0.0000000000
95953  36.120  -3.433  32.858 0.0000000000
95963  36.473  -2.348  32.076 0.0000000000
95964  35.888  -2.812  31.835 0.0000000000
95970  36.045  -1.932  31.432 0.0000000000
95971  35.480  -2.103  31.069 0.0000000000
95972  35.033  -2.286  30.701 0.0000000000
95979  35.016  -1.660  30.676 0.0000000000
95980  34.563  -1.824  30.395 0.0000000000
95981  33.782  -1.475  30.183 0.0000000000
95982  32.945  -0.878  30.043 0.0000000000
95991  47.717  0.332  31.229 0.0000000000
95992  47.165  -0.448  30.909 0.0000000000
95993  32.313  -0.648  29.769 0.0000000000
95994  31.918  0.150  29.885 0.0000000000
95997  47.351  0.491  30.098 0.0000000000
95998  46.792  -0.414  30.212 0.0000000000
95999  46.264  -0.939  29.933 0.0000000000
96000  32.122  -1.181  29.337 0.0000000000
96001  32.039  -0.102  29.601 0.0000000000
96007  47.297  0.673  29.547 0.0000000000
96008  46.754  0.218  29.147 0.0000000000
96009  45.984  -0.741  29.222 0.0000000000
96010  45.445  -1.132  28.851 0.0000000000
96011  31.933  -1.180  28.927 0.0000000000
96012  32.021  -0.354  29.304 0.0000000000
96019  46.580  0.261  28.399 0.0000000000
96020  46.098  -0.193  28.087 0.0000000000
96021  45.433  -0.845  28.262 0.0000000000
96022  38.262  -2.607  29.312 0.0000000000
96023  37.469  -2.381  29.633 0.0000000000
96024  36.834  -2.150  29.850 0.0000000000
96025  32.173  -1.370  27.992 0.0000000000
96026  31.936  -1.561  28.316 0.0000000000
96034  45.889  -0.161  27.350 0.0000000000
96035  45.212  -0.598  27.194 0.0000000000
96036  44.552  -1.050  26.959 0.0000000000
96037  39.502  -2.649  27.983 0.0000000000
96038  38.818  -2.754  28.588 0.0000000000
96039  37.859  -3.046  28.986 0.0000000000
96040  36.555  -2.582  29.445 0.0000000000
96041  35.305  -2.445  29.350 0.0000000000
96042  34.344  -2.180  28.820 0.0000000000
96043  33.585  -1.945  27.942 0.0000000000
96044  32.973  -1.872  27.518 0.0000000000
96045  32.385  -1.820  27.638 0.0000000000
96046  31.931  -2.090  27.792 0.0000000000
96052  45.015  -0.444  26.296 0.0000000000
96053  44.581  -0.788  26.641 0.0000000000
96054  40.725  -2.139  26.950 0.0000000000
96055  39.906  -2.533  27.152 0.0000000000
96056  39.145  -2.946  27.639 0.0000000000
96057  38.534  -3.197  28.219 0.0000000000
96062  44.966  -0.234  26.018 0.0000000000
96063  44.455  -0.504  26.348 0.0000000000
96064  43.759  -0.800  26.484 0.0000000000
96065  43.104  -1.302  26.503 0.0000000000
96066  42.424  -1.644  26.521 0.0000000000
96067  41.466  -2.047  26.595 0.0000000000
96068  40.505  -2.532  26.632 0.0000000000
96072  43.522  -0.794  26.558 0.0000000000
96073  43.210  -1.031  26.490 0.0000000000
96074  42.867  -1.268  26.551 0.0000000000
96973  35.888  -2.658  38.387 0.0000000000
96983  36.711  -2.605  37.717 0.0000000000
96984  35.999  -2.989  37.492 0.0000000000
96992  37.664  -2.682  36.765 0.0000000000
96993  36.682  -3.050  36.660 0.0000000000
96994  36.068  -3.162  36.971 0.0000000000
96999  37.600  -2.891  35.494 0.0000000000
97000  36.979  -3.290  35.947 0.0000000000
97028  35.637  -1.278  31.252 0.0000000000
97029  35.109  -0.965  30.867 0.0000000000
97030  34.364  -0.371  30.822 0.0000000000
97031  33.596  0.264  30.777 0.0000000000
97032  32.906  0.519  30.712 0.0000000000
97038  34.637  -1.134  30.645 0.0000000000
97039  34.040  -0.809  30.537 0.0000000000
97040  33.288  -0.309  30.422 0.0000000000
97041  32.470  0.384  30.484 0.0000000000
97042  31.867  0.759  30.447 0.0000000000
97052  47.907  1.083  30.648 0.0000000000
97053  32.257  0.081  30.155 0.0000000000
97054  31.719  0.609  30.186 0.0000000000
97060  47.669  1.132  29.907 0.0000000000
97061  31.587  0.672  29.925 0.0000000000
97067  47.398  0.958  29.072 0.0000000000
97068  46.923  0.575  28.518 0.0000000000
97069  31.963  0.077  29.250 0.0000000000
97070  31.764  0.462  29.572 0.0000000000
97077  47.799  1.536  28.734 0.0000000000
97078  47.365  0.992  28.107 0.0000000000
97079  46.651  0.457  27.852 0.0000000000
97080  46.245  0.125  27.410 0.0000000000
97081  39.032  -1.802  29.833 0.0000000000
97082  38.274  -2.018  29.831 0.0000000000
97083  37.061  -1.796  30.138 0.0000000000
97084  36.291  -1.734  29.879 0.0000000000
97085  32.221  -0.597  28.497 0.0000000000
97086  32.072  -0.360  28.881 0.0000000000
97093  47.118  0.749  27.366 0.0000000000
97094  46.662  0.431  27.065 0.0000000000
97095  45.994  0.102  26.813 0.0000000000
97096  45.489  -0.148  26.380 0.0000000000
97097  40.273  -2.001  28.513 0.0000000000
97098  39.651  -2.253  28.953 0.0000000000
97099  38.777  -2.463  29.193 0.0000000000
97100  35.632  -1.856  29.619 0.0000000000
97101  34.877  -1.530  29.074 0.0000000000
97102  34.116  -1.246  28.210 0.0000000000
97103  33.490  -1.111  27.669 0.0000000000
97104  32.917  -0.994  27.659 0.0000000000
97105  32.462  -0.669  28.030 0.0000000000
97111  47.092  0.863  26.802 0.0000000000
97112  46.597  0.668  26.419 0.0000000000
97113  45.915  0.388  26.083 0.0000000000
97114  45.316  -0.017  25.977 0.0000000000
97115  40.497  -2.057  27.820 0.0000000000
97116  39.912  -2.436  27.902 0.0000000000
97122  45.549  0.438  25.827 0.0000000000
97123  45.050  0.097  25.875 0.0000000000
97124  44.458  -0.156  26.209 0.0000000000
97125  43.776  -0.493  26.555 0.0000000000
97126  43.059  -0.760  26.675 0.0000000000
97127  42.398  -1.350  26.766 0.0000000000
97128  41.439  -1.666  27.113 0.0000000000
97132  43.277  -0.812  26.585 0.0000000000
97133  42.898  -1.031  26.567 0.0000000000
97134  42.660  -1.352  26.633 0.0000000000
98076  32.537  1.506  31.404 0.0000000000
98077  31.794  1.833  31.505 0.0000000000
98080  32.948  0.964  31.000 0.0000000000
98081  32.266  1.197  30.970 0.0000000000
98082  31.351  1.671  31.273 0.0000000000
98086  31.843  1.169  30.728 0.0000000000
98087  31.184  1.514  30.764 0.0000000000
98088  30.549  1.785  30.874 0.0000000000
98097  30.977  1.562  30.420 0.0000000000
98098  30.373  1.952  30.824 0.0000000000
98105  31.241  1.278  29.924 0.0000000000
98113  40.295  -0.278  31.008 0.0000000000
98114  39.693  -0.492  30.976 0.0000000000
98115  38.730  -0.606  30.993 0.0000000000
98116  37.884  -0.537  30.884 0.0000000000
98117  31.850  0.673  29.313 0.0000000000
98118  31.515  0.994  29.576 0.0000000000
98126  47.901  1.660  28.089 0.0000000000
98127  41.587  -0.716  30.161 0.0000000000
98128  40.757  -0.803  30.335 0.0000000000
98129  39.655  -1.434  30.032 0.0000000000
98130  38.469  -1.282  30.420 0.0000000000
98131  37.312  -1.004  30.501 0.0000000000
98132  36.435  -0.943  29.945 0.0000000000
98133  32.310  0.122  28.688 0.0000000000
98134  32.059  0.351  28.989 0.0000000000
98141  47.598  1.362  27.220 0.0000000000
98142  41.710  -1.020  29.496 0.0000000000
98143  40.683  -1.656  28.937 0.0000000000
98144  40.016  -1.844  29.313 0.0000000000
98145  35.559  -0.941  29.393 0.0000000000
98146  34.693  -0.594  28.602 0.0000000000
98147  34.009  -0.429  28.032 0.0000000000
98148  33.378  -0.326  27.936 0.0000000000
98149  32.859  -0.163  28.101 0.0000000000
98150  32.557  0.082  28.476 0.0000000000
98155  48.045  1.933  26.679 0.0000000000
98156  47.325  1.402  26.165 0.0000000000
98157  46.498  0.977  25.835 0.0000000000
98158  45.963  0.773  25.695 0.0000000000
98159  41.937  -1.209  28.333 0.0000000000
98160  41.384  -1.559  27.735 0.0000000000
98166  46.877  1.493  25.579 0.0000000000
98167  46.288  1.268  25.531 0.0000000000
98168  45.615  0.839  25.628 0.0000000000
98169  45.007  0.502  25.817 0.0000000000
98170  44.468  0.272  26.248 0.0000000000
98171  43.632  -0.295  26.740 0.0000000000
98172  42.861  -0.761  26.910 0.0000000000
98173  42.185  -1.262  27.354 0.0000000000
98174  41.656  -1.491  27.326 0.0000000000
98179  44.888  0.565  25.876 0.0000000000
98180  44.827  0.691  26.071 0.0000000000
99137  31.604  2.887  32.690 0.0000000000
99138  30.845  2.976  32.711 0.0000000000
99145  32.109  2.141  31.892 0.0000000000
99146  30.765  2.494  32.158 0.0000000000
99147  29.925  2.948  32.355 0.0000000000
99151  30.559  2.055  31.415 0.0000000000
99152  29.941  2.678  31.930 0.0000000000
99160  30.509  1.881  31.094 0.0000000000
99161  30.079  2.331  31.253 0.0000000000
99169  30.662  1.879  30.227 0.0000000000
99170  30.217  2.308  30.743 0.0000000000
99178  30.873  1.855  29.972 0.0000000000
99179  30.399  2.358  30.446 0.0000000000
99189  42.954  0.361  30.770 0.0000000000
99190  41.880  0.303  31.097 0.0000000000
99191  40.830  0.092  31.222 0.0000000000
99192  39.883  0.262  31.343 0.0000000000
99193  38.936  0.275  31.344 0.0000000000
99194  37.994  0.262  31.132 0.0000000000
99195  31.670  1.326  29.438 0.0000000000
99196  31.423  1.444  29.657 0.0000000000
99206  43.301  -0.171  29.665 0.0000000000
99207  42.300  -0.465  30.163 0.0000000000
99208  41.485  -0.364  30.608 0.0000000000
99209  37.209  0.115  30.663 0.0000000000
99210  36.542  -0.085  30.036 0.0000000000
99211  32.695  1.002  28.752 0.0000000000
99212  32.328  0.822  28.839 0.0000000000
99213  32.031  0.856  29.056 0.0000000000
99223  43.429  -0.180  28.838 0.0000000000
99224  42.773  -0.653  28.885 0.0000000000
99225  35.973  -0.118  29.450 0.0000000000
99226  35.274  0.058  28.873 0.0000000000
99227  34.533  0.241  28.400 0.0000000000
99228  33.844  0.354  28.239 0.0000000000
99229  33.167  0.544  28.431 0.0000000000
99230  32.723  0.443  28.528 0.0000000000
99237  48.154  2.281  25.980 0.0000000000
99238  44.137  0.579  27.481 0.0000000000
99239  43.658  -0.082  27.952 0.0000000000
99240  42.776  -0.752  27.757 0.0000000000
99247  47.496  2.057  25.510 0.0000000000
99248  46.791  1.825  25.339 0.0000000000
99249  46.122  1.578  25.426 0.0000000000
99250  45.438  1.204  25.692 0.0000000000
99251  44.865  0.922  26.078 0.0000000000
99252  44.179  0.444  26.882 0.0000000000
99253  43.305  -0.372  27.171 0.0000000000
99254  42.752  -0.755  27.209 0.0000000000
99262  44.998  0.785  25.858 0.0000000000
99263  44.763  0.781  25.892 0.0000000000
100225  31.347  3.330  33.199 0.0000000000
100226  30.674  3.541  33.223 0.0000000000
100227  29.976  3.874  33.188 0.0000000000
100233  30.528  3.095  32.720 0.0000000000
100234  29.957  3.424  32.777 0.0000000000
100237  29.441  3.602  32.379 0.0000000000
100238  29.100  4.199  32.421 0.0000000000
100245  29.549  3.248  31.815 0.0000000000
100246  29.174  4.012  32.152 0.0000000000
100252  29.627  3.262  31.367 0.0000000000
100253  29.287  3.860  31.836 0.0000000000
100260  43.213  1.881  32.178 0.0000000000
100261  42.805  2.161  32.468 0.0000000000
100262  30.440  2.761  30.505 0.0000000000
100263  29.971  3.058  30.899 0.0000000000
100271  44.458  1.110  30.553 0.0000000000
100272  43.625  1.270  31.332 0.0000000000
100273  42.438  1.341  31.951 0.0000000000
100274  41.252  1.011  31.877 0.0000000000
100275  40.268  1.066  31.639 0.0000000000
100276  39.311  1.213  31.319 0.0000000000
100277  38.330  1.339  31.001 0.0000000000
100278  31.335  2.005  29.649 0.0000000000
100279  31.018  2.231  29.969 0.0000000000
100289  44.579  0.902  29.444 0.0000000000
100290  43.935  0.443  30.178 0.0000000000
100291  37.366  1.204  30.592 0.0000000000
100292  36.408  0.969  29.921 0.0000000000
100293  35.499  1.440  29.334 0.0000000000
100294  34.632  1.628  29.093 0.0000000000
100295  33.828  1.678  29.014 0.0000000000
100296  33.043  1.523  29.007 0.0000000000
100297  32.336  1.597  29.204 0.0000000000
100298  31.838  1.578  29.375 0.0000000000
100307  44.528  1.026  28.313 0.0000000000
100308  43.946  0.349  28.878 0.0000000000
100309  36.176  0.371  29.603 0.0000000000
100310  35.730  0.620  29.258 0.0000000000
100311  35.027  0.872  28.768 0.0000000000
100312  34.275  1.010  28.536 0.0000000000
100313  33.643  1.051  28.546 0.0000000000
100324  45.208  1.677  26.695 0.0000000000
100325  44.665  1.181  27.338 0.0000000000
100326  44.133  0.663  27.943 0.0000000000
100333  48.446  3.015  25.450 0.0000000000
100334  47.371  2.411  25.250 0.0000000000
100335  46.650  2.148  25.262 0.0000000000
100336  46.042  2.072  25.470 0.0000000000
100337  45.395  1.731  26.025 0.0000000000
100338  44.867  1.188  26.531 0.0000000000
100349  48.110  3.176  25.193 0.0000000000
100350  47.736  2.893  25.152 0.0000000000
100351  47.078  2.599  25.222 0.0000000000
100352  46.562  2.416  25.324 0.0000000000
101253  30.574  4.254  33.658 0.0000000000
101254  29.931  4.478  33.526 0.0000000000
101255  29.239  4.720  33.388 0.0000000000
101261  29.502  4.179  33.149 0.0000000000
101262  29.000  4.624  33.126 0.0000000000
101265  29.330  4.069  32.831 0.0000000000
101266  28.962  4.534  32.737 0.0000000000
101273  28.880  4.684  32.431 0.0000000000
101278  42.873  4.007  33.584 0.0000000000
101279  42.232  3.744  33.392 0.0000000000
101280  41.499  3.511  33.247 0.0000000000
101281  29.278  4.317  31.779 0.0000000000
101282  29.019  4.594  32.110 0.0000000000
101289  45.329  3.346  32.592 0.0000000000
101290  44.767  3.040  32.708 0.0000000000
101291  43.453  2.848  32.984 0.0000000000
101292  42.140  2.561  32.839 0.0000000000
101293  41.037  2.996  32.709 0.0000000000
101294  39.963  3.115  32.282 0.0000000000
101295  38.876  2.982  31.860 0.0000000000
101296  38.108  2.770  31.360 0.0000000000
101297  30.053  3.815  31.186 0.0000000000
101298  29.613  4.054  31.470 0.0000000000
101306  45.480  2.851  31.971 0.0000000000
101307  44.605  1.999  31.633 0.0000000000
101308  43.747  1.918  32.108 0.0000000000
101309  41.504  1.919  32.368 0.0000000000
101310  40.672  2.055  32.011 0.0000000000
101311  39.694  2.203  31.508 0.0000000000
101312  38.695  2.220  31.136 0.0000000000
101313  37.589  2.324  30.766 0.0000000000
101314  36.453  2.569  30.608 0.0000000000
101315  35.481  2.817  30.436 0.0000000000
101316  34.503  3.002  30.422 0.0000000000
101317  33.514  3.084  30.575 0.0000000000
101318  32.584  3.120  30.609 0.0000000000
101319  31.833  3.029  30.481 0.0000000000
101320  31.225  2.790  30.329 0.0000000000
101321  30.574  3.338  30.764 0.0000000000
101331  45.717  2.291  30.707 0.0000000000
101332  45.198  1.470  30.066 0.0000000000
101333  36.734  1.827  30.354 0.0000000000
101334  36.004  2.083  29.874 0.0000000000
101335  35.054  2.297  29.676 0.0000000000
101336  34.128  2.383  29.655 0.0000000000
101337  33.249  2.385  29.693 0.0000000000
101338  32.455  2.341  29.734 0.0000000000
101339  31.821  2.261  29.754 0.0000000000
101340  31.504  2.173  29.718 0.0000000000
101349  45.816  2.081  29.198 0.0000000000
101350  45.152  1.459  28.694 0.0000000000
101362  45.980  2.971  26.771 0.0000000000
101363  45.524  2.214  27.414 0.0000000000
101364  44.967  1.459  27.887 0.0000000000
101375  48.400  3.607  25.358 0.0000000000
101376  47.762  3.529  25.341 0.0000000000
101377  47.008  3.298  25.512 0.0000000000
101378  46.075  2.758  25.999 0.0000000000
101379  45.476  2.150  26.438 0.0000000000
101389  47.878  3.234  25.173 0.0000000000
101390  47.368  3.053  25.218 0.0000000000
101391  46.713  2.785  25.374 0.0000000000
101392  46.332  2.513  25.478 0.0000000000
102279  29.367  5.244  33.683 0.0000000000
102280  28.952  5.257  33.343 0.0000000000
102285  28.795  5.261  33.055 0.0000000000
102288  28.795  5.505  32.791 0.0000000000
102289  28.974  6.180  32.797 0.0000000000
102296  28.962  5.498  32.496 0.0000000000
102297  29.060  5.967  32.723 0.0000000000
102301  46.347  4.665  32.775 0.0000000000
102302  45.530  4.866  33.254 0.0000000000
102303  44.560  4.895  33.599 0.0000000000
102304  43.462  4.674  33.749 0.0000000000
102305  42.314  4.939  33.900 0.0000000000
102306  41.076  4.663  33.808 0.0000000000
102307  39.781  5.051  33.831 0.0000000000
102308  39.081  5.214  33.743 0.0000000000
102309  29.350  4.886  31.860 0.0000000000
102310  29.153  5.380  32.219 0.0000000000
102314  46.765  3.931  31.846 0.0000000000
102315  45.849  3.780  32.409 0.0000000000
102316  45.090  3.908  33.057 0.0000000000
102317  44.299  3.819  33.302 0.0000000000
102318  40.967  3.718  33.342 0.0000000000
102319  40.298  3.920  33.260 0.0000000000
102320  38.994  4.225  33.044 0.0000000000
102321  37.699  3.515  32.205 0.0000000000
102322  36.437  3.743  32.185 0.0000000000
102323  35.401  4.045  32.107 0.0000000000
102324  34.406  4.302  32.198 0.0000000000
102325  33.441  4.529  32.429 0.0000000000
102326  32.831  4.835  32.535 0.0000000000
102327  31.305  4.551  31.814 0.0000000000
102328  30.826  4.748  31.834 0.0000000000
102329  30.241  4.699  31.694 0.0000000000
102330  29.671  5.093  31.880 0.0000000000
102331  29.470  5.658  32.309 0.0000000000
102335  47.030  3.454  30.678 0.0000000000
102336  46.294  3.089  31.294 0.0000000000
102337  37.608  2.886  31.325 0.0000000000
102338  36.973  3.035  31.309 0.0000000000
102339  35.927  3.236  31.310 0.0000000000
102340  34.936  3.554  31.237 0.0000000000
102341  33.914  3.731  31.427 0.0000000000
102342  32.740  4.048  31.840 0.0000000000
102343  31.843  3.930  31.481 0.0000000000
102344  31.270  3.789  31.173 0.0000000000
102345  30.789  3.837  31.168 0.0000000000
102354  47.494  3.919  28.382 0.0000000000
102355  47.091  3.521  29.317 0.0000000000
102356  46.498  2.756  29.943 0.0000000000
102366  47.270  4.006  27.249 0.0000000000
102367  46.786  3.484  27.820 0.0000000000
102368  46.321  2.843  28.458 0.0000000000
102378  47.258  3.933  26.351 0.0000000000
102379  46.529  3.473  26.693 0.0000000000
102380  46.155  3.059  27.332 0.0000000000
102394  48.312  4.132  25.596 0.0000000000
102395  47.556  3.882  25.789 0.0000000000
102396  46.814  3.536  25.970 0.0000000000
103273  29.163  5.990  33.503 0.0000000000
103278  28.868  6.060  33.171 0.0000000000
103279  28.883  6.507  33.078 0.0000000000
103281  28.775  5.900  33.001 0.0000000000
103282  28.908  6.465  32.857 0.0000000000
103288  39.619  7.287  33.949 0.0000000000
103289  39.215  7.031  34.046 0.0000000000
103290  38.457  6.747  34.156 0.0000000000
103291  37.584  6.517  34.027 0.0000000000
103292  36.677  6.415  33.803 0.0000000000
103293  35.767  6.386  33.668 0.0000000000
103294  35.088  6.341  33.568 0.0000000000
103295  33.406  7.404  33.700 0.0000000000
103296  33.016  7.355  33.653 0.0000000000
103297  29.120  6.207  32.693 0.0000000000
103298  29.140  6.705  32.746 0.0000000000
103300  46.519  6.823  33.084 0.0000000000
103301  46.158  6.122  33.312 0.0000000000
103302  44.917  6.164  33.538 0.0000000000
103303  43.855  6.223  33.824 0.0000000000
103304  42.710  6.316  33.961 0.0000000000
103305  41.460  6.396  33.959 0.0000000000
103306  40.108  6.531  34.048 0.0000000000
103307  39.168  6.014  34.082 0.0000000000
103308  38.338  5.518  33.844 0.0000000000
103309  37.257  5.458  33.668 0.0000000000
103310  36.300  5.483  33.448 0.0000000000
103311  35.401  5.594  33.365 0.0000000000
103312  34.545  5.959  33.452 0.0000000000
103313  33.551  6.553  33.580 0.0000000000
103314  32.523  6.762  33.388 0.0000000000
103315  31.763  6.693  33.028 0.0000000000
103316  29.162  6.551  32.559 0.0000000000
103317  29.141  7.104  32.543 0.0000000000
103321  47.144  6.278  32.825 0.0000000000
103322  47.113  4.984  32.434 0.0000000000
103323  37.831  4.608  33.216 0.0000000000
103324  36.889  4.531  32.974 0.0000000000
103325  35.884  4.703  32.826 0.0000000000
103326  34.904  4.894  32.928 0.0000000000
103327  33.929  5.163  33.136 0.0000000000
103328  33.036  5.505  33.041 0.0000000000
103329  32.242  5.442  32.696 0.0000000000
103330  31.228  5.737  32.549 0.0000000000
103331  30.361  6.075  32.467 0.0000000000
103332  29.818  6.233  32.396 0.0000000000
103333  29.560  6.411  32.431 0.0000000000
103334  29.359  6.477  32.550 0.0000000000
103339  48.217  5.296  31.888 0.0000000000
103340  47.600  4.129  31.243 0.0000000000
103341  31.877  4.699  32.185 0.0000000000
103342  31.532  4.697  32.015 0.0000000000
103351  48.142  4.273  29.903 0.0000000000
103352  47.477  3.820  30.284 0.0000000000
103362  48.077  4.490  28.064 0.0000000000
103363  42.678  8.582  26.430 0.0000000000
103364  42.319  8.500  26.601 0.0000000000
103365  41.687  8.442  26.726 0.0000000000
103366  40.986  8.462  26.788 0.0000000000
103367  40.328  8.519  26.794 0.0000000000
103377  47.834  4.411  26.795 0.0000000000
103378  42.416  8.707  25.767 0.0000000000
103379  41.836  8.559  25.716 0.0000000000
103380  41.173  8.429  25.753 0.0000000000
103381  40.466  8.335  25.838 0.0000000000
103382  39.670  8.297  26.054 0.0000000000
103383  38.911  8.181  25.797 0.0000000000
103393  48.148  4.483  26.183 0.0000000000
103394  47.671  4.200  26.170 0.0000000000
103395  42.100  8.734  24.775 0.0000000000
103396  41.425  8.506  24.739 0.0000000000
103397  40.715  8.283  24.813 0.0000000000
103398  39.986  8.018  24.941 0.0000000000
103399  39.204  7.906  25.020 0.0000000000
103400  38.465  7.920  25.200 0.0000000000
103405  41.815  8.559  23.695 0.0000000000
103406  41.072  8.291  23.791 0.0000000000
103407  40.366  7.951  23.950 0.0000000000
103408  39.627  7.729  24.115 0.0000000000
103409  38.718  7.766  24.284 0.0000000000
103410  38.179  7.869  24.771 0.0000000000
103414  41.576  8.163  22.754 0.0000000000
103415  40.868  7.858  23.000 0.0000000000
103416  40.186  7.742  23.230 0.0000000000
103417  39.468  7.749  23.475 0.0000000000
103418  38.843  7.869  23.662 0.0000000000
103422  42.664  7.954  21.149 0.0000000000
103423  42.148  7.859  21.727 0.0000000000
103424  41.421  7.783  22.081 0.0000000000
103425  40.786  7.798  22.388 0.0000000000
103426  40.172  7.870  22.642 0.0000000000
103427  39.427  7.931  23.138 0.0000000000
103431  43.043  7.683  20.483 0.0000000000
103432  42.468  7.746  20.787 0.0000000000
103433  41.899  7.718  21.206 0.0000000000
103434  41.321  7.793  21.525 0.0000000000
103435  40.811  7.852  21.946 0.0000000000
103440  43.878  7.285  19.341 0.0000000000
103441  43.460  7.395  19.648 0.0000000000
103442  42.828  7.514  19.981 0.0000000000
103443  42.278  7.697  20.326 0.0000000000
103444  41.796  7.769  20.837 0.0000000000
103449  44.048  7.272  19.108 0.0000000000
103450  43.773  7.263  18.958 0.0000000000
103451  43.136  7.381  19.202 0.0000000000
103452  42.687  7.589  19.629 0.0000000000
103457  43.792  7.399  18.589 0.0000000000
103458  43.529  7.406  18.688 0.0000000000
104309  29.001  6.803  33.305 0.0000000000
104314  28.826  6.990  33.043 0.0000000000
104315  28.814  7.193  32.857 0.0000000000
104317  28.855  7.338  32.630 0.0000000000
104323  39.840  7.710  33.777 0.0000000000
104324  39.260  7.881  33.749 0.0000000000
104325  38.608  7.758  33.834 0.0000000000
104326  37.812  7.665  33.856 0.0000000000
104327  37.041  7.358  33.813 0.0000000000
104328  36.160  7.324  33.732 0.0000000000
104329  35.051  7.236  33.633 0.0000000000
104330  33.963  7.618  33.710 0.0000000000
104331  33.235  7.992  33.622 0.0000000000
104332  28.889  7.486  32.405 0.0000000000
104334  46.722  7.262  32.831 0.0000000000
104335  45.913  7.465  32.763 0.0000000000
104336  44.985  7.422  32.759 0.0000000000
104337  44.039  7.410  32.926 0.0000000000
104338  43.050  7.592  33.237 0.0000000000
104339  41.911  7.822  33.408 0.0000000000
104340  40.603  8.061  33.495 0.0000000000
104341  39.501  8.644  33.249 0.0000000000
104342  38.635  8.675  33.363 0.0000000000
104343  38.153  8.328  33.551 0.0000000000
104344  34.748  6.580  33.587 0.0000000000
104345  34.348  6.787  33.657 0.0000000000
104346  32.591  7.993  33.497 0.0000000000
104347  31.899  7.837  33.272 0.0000000000
104348  29.267  7.210  32.372 0.0000000000
104349  28.937  7.519  32.164 0.0000000000
104355  47.683  7.230  32.555 0.0000000000
104356  46.169  8.239  32.197 0.0000000000
104357  44.817  8.575  31.414 0.0000000000
104358  43.957  8.396  31.630 0.0000000000
104359  43.142  8.379  31.815 0.0000000000
104360  42.198  8.602  32.082 0.0000000000
104361  41.089  8.822  32.160 0.0000000000
104362  39.903  9.224  32.182 0.0000000000
104363  38.519  9.375  32.198 0.0000000000
104364  37.707  9.584  31.663 0.0000000000
104365  31.207  7.637  32.942 0.0000000000
104366  30.541  7.522  32.646 0.0000000000
104367  29.860  7.656  32.345 0.0000000000
104368  29.338  7.534  32.065 0.0000000000
104369  29.124  7.428  32.032 0.0000000000
104370  28.906  7.760  31.844 0.0000000000
104377  44.189  9.054  29.871 0.0000000000
104378  43.712  8.836  30.137 0.0000000000
104379  43.052  8.698  30.285 0.0000000000
104380  42.278  8.777  30.460 0.0000000000
104381  41.342  8.961  30.582 0.0000000000
104382  40.276  9.292  30.622 0.0000000000
104383  39.040  9.488  30.593 0.0000000000
104384  37.677  9.620  30.507 0.0000000000
104385  37.000  9.623  29.850 0.0000000000
104386  29.733  8.334  31.910 0.0000000000
104387  29.507  8.232  31.828 0.0000000000
104395  44.502  9.263  28.628 0.0000000000
104396  44.184  9.099  28.822 0.0000000000
104397  43.639  8.789  28.769 0.0000000000
104398  42.997  8.614  28.832 0.0000000000
104399  42.290  8.610  28.996 0.0000000000
104400  41.485  8.743  29.099 0.0000000000
104401  40.545  8.980  29.090 0.0000000000
104402  39.464  9.224  29.042 0.0000000000
104403  38.267  9.381  28.984 0.0000000000
104404  36.980  9.426  28.881 0.0000000000
104405  35.944  9.326  28.212 0.0000000000
104406  35.435  9.407  27.938 0.0000000000
104417  44.631  9.252  28.302 0.0000000000
104418  44.389  8.958  27.963 0.0000000000
104419  43.864  8.681  27.761 0.0000000000
104420  43.068  8.458  27.337 0.0000000000
104421  42.323  8.375  27.709 0.0000000000
104422  41.584  8.407  27.850 0.0000000000
104423  40.778  8.535  27.853 0.0000000000
104424  39.799  8.716  27.554 0.0000000000
104425  38.746  8.905  27.612 0.0000000000
104426  37.644  8.961  27.494 0.0000000000
104427  36.539  8.979  27.316 0.0000000000
104428  35.482  9.131  27.194 0.0000000000
104429  35.013  9.167  26.816 0.0000000000
104439  44.107  8.835  27.166 0.0000000000
104440  43.602  8.765  26.633 0.0000000000
104441  42.961  8.759  26.098 0.0000000000
104442  39.059  8.450  26.636 0.0000000000
104443  38.229  8.369  26.287 0.0000000000
104444  37.171  8.469  26.277 0.0000000000
104445  36.164  8.634  26.234 0.0000000000
104446  35.249  8.912  26.227 0.0000000000
104447  34.830  9.210  26.655 0.0000000000
104453  43.350  9.122  25.544 0.0000000000
104454  42.738  9.018  25.027 0.0000000000
104455  37.771  8.069  25.336 0.0000000000
104456  36.928  8.332  25.338 0.0000000000
104457  35.970  8.732  25.393 0.0000000000
104458  35.366  8.882  25.726 0.0000000000
104464  43.937  9.721  23.870 0.0000000000
104465  43.377  9.465  24.192 0.0000000000
104466  42.558  8.915  23.789 0.0000000000
104467  38.414  7.870  24.016 0.0000000000
104468  37.884  8.087  24.479 0.0000000000
104469  36.909  8.622  24.648 0.0000000000
104470  36.249  8.820  24.906 0.0000000000
104475  44.661  9.673  22.561 0.0000000000
104476  44.091  9.529  22.950 0.0000000000
104477  43.250  8.906  22.695 0.0000000000
104478  42.416  8.396  22.481 0.0000000000
104479  38.337  8.033  23.848 0.0000000000
104480  37.858  8.480  23.956 0.0000000000
104481  37.265  8.749  24.265 0.0000000000
104485  44.685  9.321  21.923 0.0000000000
104486  44.077  8.769  21.669 0.0000000000
104487  43.184  8.284  21.274 0.0000000000
104488  42.593  8.080  21.642 0.0000000000
104489  39.843  8.119  22.641 0.0000000000
104490  38.858  8.263  23.364 0.0000000000
104491  38.362  8.584  23.568 0.0000000000
104495  45.643  8.881  20.338 0.0000000000
104496  45.057  8.699  20.808 0.0000000000
104497  44.174  8.124  20.485 0.0000000000
104498  43.651  7.659  20.129 0.0000000000
104499  41.070  7.890  21.485 0.0000000000
104500  40.736  8.020  21.769 0.0000000000
104504  45.564  8.585  19.778 0.0000000000
104505  44.882  8.136  19.679 0.0000000000
104506  44.207  7.514  19.466 0.0000000000
104507  43.816  7.382  19.623 0.0000000000
104508  41.955  7.796  20.360 0.0000000000
104509  41.539  7.957  20.812 0.0000000000
104510  41.128  8.099  21.204 0.0000000000
104514  45.487  8.302  18.876 0.0000000000
104515  44.884  7.758  18.774 0.0000000000
104516  44.324  7.434  18.686 0.0000000000
104517  44.026  7.434  18.493 0.0000000000
104518  42.804  7.565  19.209 0.0000000000
104519  42.397  7.857  19.617 0.0000000000
104520  41.952  8.030  20.146 0.0000000000
104525  45.443  8.039  18.021 0.0000000000
104526  44.883  7.703  18.021 0.0000000000
104527  44.384  7.629  18.010 0.0000000000
104528  43.859  7.608  18.188 0.0000000000
104529  43.228  7.705  18.569 0.0000000000
104530  43.014  8.064  18.524 0.0000000000
104535  45.265  8.012  17.475 0.0000000000
104536  44.869  7.879  17.266 0.0000000000
104537  44.305  7.851  17.423 0.0000000000
104538  43.879  7.938  17.605 0.0000000000
104539  43.670  8.238  17.737 0.0000000000
104540  43.471  8.332  18.099 0.0000000000
104546  44.630  8.055  16.764 0.0000000000
104547  44.258  8.147  16.833 0.0000000000
104548  43.990  8.315  16.981 0.0000000000
104549  43.915  8.503  17.132 0.0000000000
105402  28.594  7.786  32.789 0.0000000000
105404  28.530  7.932  32.478 0.0000000000
105410  37.279  7.987  33.689 0.0000000000
105411  36.711  8.144  33.572 0.0000000000
105412  35.745  8.286  33.449 0.0000000000
105413  34.679  8.435  33.352 0.0000000000
105414  33.694  8.649  33.306 0.0000000000
105415  32.968  8.708  33.294 0.0000000000
105416  28.508  8.044  32.173 0.0000000000
105418  38.115  8.708  33.289 0.0000000000
105419  37.520  8.595  33.310 0.0000000000
105420  36.516  8.969  32.932 0.0000000000
105421  35.412  9.179  32.720 0.0000000000
105422  34.305  9.316  32.613 0.0000000000
105423  33.200  9.473  32.549 0.0000000000
105424  32.313  9.060  32.898 0.0000000000
105425  31.582  8.660  32.769 0.0000000000
105426  28.558  8.134  31.890 0.0000000000
105432  46.755  9.100  31.814 0.0000000000
105433  45.434  9.200  31.057 0.0000000000
105434  44.726  9.140  30.384 0.0000000000
105435  38.062  9.096  32.991 0.0000000000
105436  37.412  9.341  32.356 0.0000000000
105437  36.259  9.599  31.742 0.0000000000
105438  35.013  9.728  31.612 0.0000000000
105439  33.926  9.996  31.640 0.0000000000
105440  33.121  10.083  31.713 0.0000000000
105441  31.763  9.400  32.339 0.0000000000
105442  30.984  9.158  32.128 0.0000000000
105443  30.190  8.597  32.046 0.0000000000
105444  29.919  8.441  31.979 0.0000000000
105445  28.991  8.148  31.557 0.0000000000
105446  28.731  8.493  31.279 0.0000000000
105447  28.638  8.321  31.589 0.0000000000
105453  45.735  9.822  30.089 0.0000000000
105454  44.928  9.467  29.912 0.0000000000
105455  44.486  9.261  29.652 0.0000000000
105456  37.147  9.622  31.371 0.0000000000
105457  36.652  9.695  30.414 0.0000000000
105458  35.647  9.820  30.376 0.0000000000
105459  34.569  10.178  30.366 0.0000000000
105460  33.335  10.430  30.628 0.0000000000
105461  32.733  10.528  30.250 0.0000000000
105462  30.837  9.885  31.272 0.0000000000
105463  30.372  9.510  31.324 0.0000000000
105464  29.722  8.923  31.403 0.0000000000
105465  29.102  8.603  31.227 0.0000000000
105466  28.818  8.626  31.073 0.0000000000
105474  45.438  9.815  28.684 0.0000000000
105475  44.877  9.579  28.941 0.0000000000
105476  44.561  9.378  29.198 0.0000000000
105477  36.690  9.600  29.614 0.0000000000
105478  36.167  9.579  29.361 0.0000000000
105479  35.202  9.733  28.774 0.0000000000
105480  34.064  10.313  29.095 0.0000000000
105481  33.060  10.654  29.441 0.0000000000
105491  45.509  9.968  27.661 0.0000000000
105492  44.803  9.383  27.776 0.0000000000
105493  44.376  9.071  27.402 0.0000000000
105494  35.160  9.449  27.783 0.0000000000
105495  34.567  9.514  27.464 0.0000000000
105496  33.418  10.235  28.105 0.0000000000
105505  45.593  10.000  26.384 0.0000000000
105506  44.895  9.602  26.612 0.0000000000
105507  44.323  9.163  26.746 0.0000000000
105508  43.981  8.900  26.625 0.0000000000
105509  35.056  9.043  25.919 0.0000000000
105510  34.616  9.302  26.463 0.0000000000
105511  33.691  9.638  26.954 0.0000000000
105515  45.577  10.144  25.125 0.0000000000
105516  44.937  9.700  25.437 0.0000000000
105517  44.339  9.376  25.748 0.0000000000
105518  43.898  9.062  26.057 0.0000000000
105519  35.899  8.893  25.052 0.0000000000
105520  35.366  9.021  25.520 0.0000000000
105521  34.799  9.309  26.002 0.0000000000
105522  34.151  9.533  26.361 0.0000000000
105527  45.517  10.358  23.933 0.0000000000
105528  44.861  10.001  24.332 0.0000000000
105529  44.167  9.722  24.636 0.0000000000
105530  43.771  9.439  25.245 0.0000000000
105531  36.938  8.885  24.395 0.0000000000
105532  36.363  8.972  24.710 0.0000000000
105533  35.762  9.073  25.126 0.0000000000
105537  46.233  10.347  22.292 0.0000000000
105538  45.666  10.295  22.804 0.0000000000
105539  44.832  10.027  23.202 0.0000000000
105540  44.340  9.853  23.784 0.0000000000
105541  38.063  8.863  23.695 0.0000000000
105542  37.389  8.948  24.101 0.0000000000
105543  36.854  9.119  24.398 0.0000000000
105547  46.481  10.093  21.463 0.0000000000
105548  45.775  9.838  21.858 0.0000000000
105549  45.133  9.767  22.278 0.0000000000
105550  40.416  8.421  22.190 0.0000000000
105551  39.486  8.551  22.793 0.0000000000
105552  38.710  8.745  23.294 0.0000000000
105556  46.716  9.637  20.399 0.0000000000
105557  45.843  9.362  20.869 0.0000000000
105558  45.296  9.361  21.530 0.0000000000
105559  40.977  8.296  21.442 0.0000000000
105564  46.735  9.481  19.328 0.0000000000
105565  46.143  9.025  19.970 0.0000000000
105566  41.797  8.206  20.417 0.0000000000
105567  41.396  8.257  20.941 0.0000000000
105572  46.740  9.331  18.332 0.0000000000
105573  46.156  8.800  19.055 0.0000000000
105574  42.685  8.184  19.115 0.0000000000
105575  42.194  8.159  19.850 0.0000000000
105581  47.473  9.568  16.739 0.0000000000
105582  46.827  9.261  17.339 0.0000000000
105583  46.120  8.596  18.087 0.0000000000
105584  43.301  8.382  18.390 0.0000000000
105589  47.799  9.844  16.030 0.0000000000
105590  46.880  9.358  16.452 0.0000000000
105591  45.888  8.554  17.077 0.0000000000
105592  45.309  8.136  17.027 0.0000000000
105593  43.803  8.638  17.278 0.0000000000
105594  43.724  8.590  17.717 0.0000000000
105599  48.174  10.070  15.131 0.0000000000
105600  47.239  9.694  15.517 0.0000000000
105601  46.194  9.291  15.999 0.0000000000
105602  45.224  8.468  16.353 0.0000000000
105603  44.554  8.382  16.110 0.0000000000
105604  44.138  8.508  16.213 0.0000000000
105605  43.834  8.732  16.494 0.0000000000
105606  43.762  8.813  17.029 0.0000000000
105612  48.474  10.133  14.552 0.0000000000
105613  47.812  9.923  14.504 0.0000000000
105614  46.696  9.643  14.973 0.0000000000
105615  45.697  9.332  15.313 0.0000000000
105616  44.940  8.889  15.386 0.0000000000
105617  44.335  8.938  15.387 0.0000000000
105618  43.989  8.896  15.720 0.0000000000
105629  47.708  9.981  13.983 0.0000000000
105630  47.143  9.860  14.131 0.0000000000
105631  46.229  9.653  14.354 0.0000000000
105632  45.387  9.437  14.560 0.0000000000
105633  44.760  9.331  14.738 0.0000000000
106454  28.303  8.496  32.394 0.0000000000
106457  28.194  8.585  31.979 0.0000000000
106463  28.191  8.667  31.598 0.0000000000
106465  32.800  9.848  32.088 0.0000000000
106466  32.649  9.606  32.392 0.0000000000
106467  28.278  8.682  31.331 0.0000000000
106474  32.750  10.047  31.808 0.0000000000
106475  32.366  9.888  31.996 0.0000000000
106476  31.741  9.893  31.719 0.0000000000
106477  28.446  8.901  30.759 0.0000000000
106478  28.236  9.026  30.770 0.0000000000
106485  47.007  9.986  30.857 0.0000000000
106486  32.774  10.215  31.431 0.0000000000
106487  32.355  10.301  30.996 0.0000000000
106488  31.439  10.214  30.925 0.0000000000
106489  30.729  10.208  30.486 0.0000000000
106490  29.941  10.002  30.461 0.0000000000
106491  29.216  9.539  30.400 0.0000000000
106492  28.501  9.328  30.320 0.0000000000
106493  28.091  9.451  30.136 0.0000000000
106504  46.326  10.299  29.089 0.0000000000
106505  32.224  10.525  29.971 0.0000000000
106506  31.462  10.595  29.571 0.0000000000
106507  30.512  10.636  29.188 0.0000000000
106508  29.528  10.328  29.486 0.0000000000
106509  28.849  10.049  29.516 0.0000000000
106510  28.496  9.987  29.490 0.0000000000
106524  46.295  10.424  27.484 0.0000000000
106525  32.434  10.707  28.721 0.0000000000
106526  31.594  10.744  28.128 0.0000000000
106527  30.837  10.871  28.344 0.0000000000
106538  46.344  10.369  26.087 0.0000000000
106539  32.755  10.277  27.435 0.0000000000
106540  32.301  10.441  27.051 0.0000000000
106545  46.277  10.506  24.756 0.0000000000
106546  35.021  9.334  25.810 0.0000000000
106547  34.452  9.621  26.024 0.0000000000
106548  33.222  9.908  26.507 0.0000000000
106549  32.609  10.342  26.650 0.0000000000
106555  46.225  10.687  23.510 0.0000000000
106556  35.994  9.281  24.981 0.0000000000
106557  35.309  9.387  25.576 0.0000000000
106558  34.842  9.638  25.856 0.0000000000
106564  46.266  10.593  22.785 0.0000000000
106565  37.754  9.274  23.889 0.0000000000
106566  37.154  9.314  24.283 0.0000000000
106567  36.580  9.285  24.589 0.0000000000
106573  47.394  10.431  20.942 0.0000000000
106574  40.044  8.872  22.440 0.0000000000
106575  39.166  9.028  22.973 0.0000000000
106576  38.425  9.176  23.463 0.0000000000
106584  47.491  10.060  19.719 0.0000000000
106585  41.453  8.877  21.233 0.0000000000
106586  40.975  8.719  21.611 0.0000000000
106593  48.359  10.415  18.966 0.0000000000
106594  47.507  9.855  18.638 0.0000000000
106595  42.324  8.737  20.311 0.0000000000
106596  41.771  8.605  20.714 0.0000000000
106597  41.252  8.460  21.138 0.0000000000
106603  48.425  10.181  17.903 0.0000000000
106604  47.553  9.661  17.678 0.0000000000
106605  42.495  8.511  19.788 0.0000000000
106606  42.069  8.364  20.189 0.0000000000
106611  49.455  10.738  17.145 0.0000000000
106612  48.342  10.066  16.779 0.0000000000
106613  47.540  9.589  17.127 0.0000000000
106614  43.161  8.542  18.834 0.0000000000
106618  49.863  10.698  16.035 0.0000000000
106619  48.859  10.343  15.582 0.0000000000
106620  43.639  8.697  18.039 0.0000000000
106625  50.213  10.619  14.945 0.0000000000
106626  49.110  10.307  14.682 0.0000000000
106627  43.708  9.128  16.451 0.0000000000
106628  43.696  8.937  17.235 0.0000000000
106639  50.236  10.389  13.956 0.0000000000
106640  48.964  10.072  13.957 0.0000000000
106641  48.195  10.053  13.825 0.0000000000
106642  44.076  9.198  15.229 0.0000000000
106643  43.851  9.357  15.444 0.0000000000
106659  48.789  10.151  13.177 0.0000000000
106660  47.720  10.112  13.426 0.0000000000
106661  46.756  9.987  13.538 0.0000000000
106662  45.900  9.813  13.710 0.0000000000
106663  45.139  9.755  13.946 0.0000000000
106664  44.330  9.722  14.395 0.0000000000
106665  43.921  9.811  14.682 0.0000000000
106677  48.316  10.263  12.495 0.0000000000
106678  47.290  10.228  12.699 0.0000000000
106679  46.416  10.180  12.874 0.0000000000
106680  45.711  10.184  13.106 0.0000000000
106681  45.115  10.325  13.258 0.0000000000
106682  44.640  10.211  13.614 0.0000000000
106694  47.811  10.371  11.800 0.0000000000
106695  46.890  10.386  12.016 0.0000000000
106696  46.106  10.327  12.144 0.0000000000
106697  45.601  10.397  12.543 0.0000000000
106711  47.288  10.376  11.046 0.0000000000
106712  46.587  10.447  11.456 0.0000000000
106725  47.877  10.567  10.353 0.0000000000
107520  27.931  9.211  31.397 0.0000000000
107522  27.924  9.292  30.832 0.0000000000
107526  27.907  9.632  30.076 0.0000000000
107530  28.275  10.064  29.403 0.0000000000
107531  28.030  9.928  29.542 0.0000000000
107541  30.383  10.939  28.319 0.0000000000
107542  29.787  10.811  28.569 0.0000000000
107543  29.089  10.591  28.709 0.0000000000
107544  28.485  10.495  28.801 0.0000000000
107545  28.162  10.454  29.003 0.0000000000
107559  31.601  10.869  27.324 0.0000000000
107560  30.854  11.074  27.737 0.0000000000
107561  29.969  11.196  27.773 0.0000000000
107562  29.301  10.949  27.950 0.0000000000
107563  28.792  10.784  28.078 0.0000000000
107575  32.100  10.803  26.828 0.0000000000
107576  31.221  11.265  27.147 0.0000000000
107577  30.453  11.372  27.273 0.0000000000
107586  34.448  9.841  25.896 0.0000000000
107587  33.646  10.012  26.127 0.0000000000
107588  32.847  10.376  26.459 0.0000000000
107598  36.317  9.548  24.826 0.0000000000
107599  35.688  9.614  25.310 0.0000000000
107600  35.059  9.716  25.774 0.0000000000
107609  38.135  9.633  23.712 0.0000000000
107610  37.455  9.645  24.139 0.0000000000
107611  36.865  9.570  24.516 0.0000000000
107620  40.570  9.261  22.261 0.0000000000
107621  39.673  9.400  22.794 0.0000000000
107622  38.872  9.529  23.296 0.0000000000
107631  41.846  9.084  21.109 0.0000000000
107632  41.329  9.193  21.652 0.0000000000
107640  42.761  8.948  20.122 0.0000000000
107641  42.294  9.035  20.624 0.0000000000
107649  43.803  9.098  18.711 0.0000000000
107650  43.293  8.889  19.355 0.0000000000
107658  43.917  9.172  17.826 0.0000000000
107659  43.622  8.854  18.379 0.0000000000
107667  43.886  9.363  16.848 0.0000000000
107668  43.752  9.013  17.489 0.0000000000
107676  43.790  9.590  15.865 0.0000000000
107677  43.719  9.197  16.751 0.0000000000
107689  43.862  9.843  14.926 0.0000000000
107702  44.435  10.198  13.769 0.0000000000
107703  44.293  10.277  14.037 0.0000000000
107715  45.112  10.542  12.844 0.0000000000
107716  44.856  10.644  13.046 0.0000000000
107717  44.658  10.896  13.058 0.0000000000
107728  45.752  10.457  11.995 0.0000000000
107729  45.330  10.617  12.184 0.0000000000
107730  44.961  11.064  11.839 0.0000000000
107743  46.701  10.479  10.915 0.0000000000
107744  46.058  10.635  11.160 0.0000000000
107745  45.314  11.147  10.820 0.0000000000
107746  44.943  11.367  11.140 0.0000000000
107759  47.000  10.614  10.035 0.0000000000
107760  45.842  10.997  9.761 0.0000000000
107761  45.333  11.199  9.981 0.0000000000
107773  46.648  11.225  8.894 0.0000000000
107774  45.944  11.150  9.025 0.0000000000
108557  27.724  10.096  30.111 0.0000000000
108562  27.861  10.340  29.437 0.0000000000
108571  28.100  10.754  28.350 0.0000000000
108572  27.960  10.604  28.831 0.0000000000
108584  29.435  11.226  27.502 0.0000000000
108585  28.964  11.223  27.424 0.0000000000
108586  28.399  10.890  27.928 0.0000000000
108594  31.550  11.397  26.900 0.0000000000
108595  30.602  11.607  26.937 0.0000000000
108596  29.692  11.474  27.082 0.0000000000
108597  29.178  11.541  26.996 0.0000000000
108603  34.601  10.270  26.008 0.0000000000
108604  34.104  10.186  26.008 0.0000000000
108605  33.142  10.496  26.279 0.0000000000
108606  32.379  10.914  26.590 0.0000000000
108613  36.630  10.046  24.862 0.0000000000
108614  36.194  9.862  25.071 0.0000000000
108615  35.141  9.980  25.723 0.0000000000
108616  34.673  9.925  25.827 0.0000000000
108623  37.862  10.068  23.965 0.0000000000
108624  37.032  9.947  24.515 0.0000000000
108625  36.602  9.720  24.708 0.0000000000
108634  40.238  9.894  22.750 0.0000000000
108635  39.361  9.964  23.212 0.0000000000
108636  38.587  10.047  23.566 0.0000000000
108643  42.661  9.960  21.415 0.0000000000
108644  42.055  9.652  21.555 0.0000000000
108645  41.150  9.748  22.227 0.0000000000
108652  43.781  9.841  20.280 0.0000000000
108653  43.011  9.544  20.707 0.0000000000
108654  42.292  9.307  20.997 0.0000000000
108661  43.849  9.445  19.571 0.0000000000
108662  43.224  9.187  19.946 0.0000000000
108667  44.266  9.394  18.368 0.0000000000
108671  44.264  9.537  17.244 0.0000000000
108673  44.073  9.863  16.064 0.0000000000
108681  44.138  10.228  14.757 0.0000000000
108688  44.618  10.889  13.410 0.0000000000
108689  44.727  11.248  12.768 0.0000000000
108696  44.760  11.117  12.348 0.0000000000
108697  44.701  11.407  12.313 0.0000000000
108698  44.800  11.322  12.510 0.0000000000
108705  44.663  11.573  11.444 0.0000000000
108706  44.527  11.652  11.783 0.0000000000
108712  45.057  11.377  10.007 0.0000000000
108713  44.791  11.575  10.413 0.0000000000
108721  45.565  11.290  9.041 0.0000000000
108722  45.170  11.378  9.398 0.0000000000
108723  44.709  11.620  9.483 0.0000000000
108732  45.940  11.546  8.542 0.0000000000
108733  45.126  11.768  8.593 0.0000000000
108734  44.753  11.615  8.982 0.0000000000
108748  45.672  12.035  8.201 0.0000000000
109545  27.799  10.960  28.772 0.0000000000
109550  28.118  11.013  27.891 0.0000000000
109551  27.928  11.062  28.146 0.0000000000
109560  28.878  11.768  26.956 0.0000000000
109561  28.414  11.408  27.562 0.0000000000
109562  28.102  11.245  27.805 0.0000000000
109569  31.936  11.606  26.727 0.0000000000
109570  30.869  11.900  26.744 0.0000000000
109571  29.966  11.883  26.719 0.0000000000
109572  29.368  11.754  26.812 0.0000000000
109579  36.722  10.485  25.644 0.0000000000
109580  35.971  10.442  25.978 0.0000000000
109581  35.104  10.463  26.154 0.0000000000
109582  34.223  10.692  26.258 0.0000000000
109583  33.409  10.836  26.337 0.0000000000
109584  32.705  11.013  26.498 0.0000000000
109591  37.056  10.278  24.871 0.0000000000
109592  36.357  10.177  25.273 0.0000000000
109593  35.732  10.127  25.603 0.0000000000
109600  39.101  10.795  23.540 0.0000000000
109601  38.457  10.569  23.809 0.0000000000
109602  37.716  10.384  24.294 0.0000000000
109609  41.649  10.737  22.350 0.0000000000
109610  40.904  10.497  22.696 0.0000000000
109611  39.780  10.579  23.194 0.0000000000
109612  39.029  10.412  23.461 0.0000000000
109617  43.121  10.315  21.350 0.0000000000
109618  42.309  10.475  21.828 0.0000000000
109619  41.638  10.206  22.168 0.0000000000
109625  45.180  10.372  19.345 0.0000000000
109626  44.451  10.186  20.005 0.0000000000
109627  43.733  10.277  20.734 0.0000000000
109633  45.449  10.223  18.455 0.0000000000
109634  44.760  9.791  18.973 0.0000000000
109636  45.477  10.196  17.301 0.0000000000
109637  44.865  9.767  17.832 0.0000000000
109639  45.372  10.270  16.107 0.0000000000
109640  44.773  9.908  16.608 0.0000000000
109645  45.230  10.475  15.421 0.0000000000
109646  44.646  10.394  15.234 0.0000000000
109655  44.499  10.966  13.982 0.0000000000
109662  44.799  11.395  12.955 0.0000000000
109663  44.851  11.431  12.717 0.0000000000
109670  44.576  11.739  12.224 0.0000000000
109671  44.789  11.573  12.525 0.0000000000
109677  44.463  11.920  11.022 0.0000000000
109678  44.469  11.916  11.526 0.0000000000
109682  44.466  11.920  10.458 0.0000000000
109683  44.373  12.220  10.604 0.0000000000
109689  44.371  11.926  9.583 0.0000000000
109690  44.214  12.312  9.714 0.0000000000
109696  44.771  12.193  8.194 0.0000000000
109697  44.372  12.106  8.620 0.0000000000
109698  44.047  12.293  8.991 0.0000000000
109706  44.520  12.485  7.788 0.0000000000
110479  28.048  11.578  27.736 0.0000000000
110481  36.821  11.248  26.815 0.0000000000
110482  36.134  11.462  27.160 0.0000000000
110483  35.177  11.707  27.295 0.0000000000
110484  34.210  12.005  27.134 0.0000000000
110489  29.385  12.214  26.683 0.0000000000
110491  37.821  10.819  25.541 0.0000000000
110492  37.220  10.879  26.120 0.0000000000
110493  36.397  10.877  26.421 0.0000000000
110494  35.556  11.016  26.617 0.0000000000
110495  34.639  11.193  26.676 0.0000000000
110496  33.723  11.388  26.636 0.0000000000
110497  32.832  11.522  26.646 0.0000000000
110501  37.980  10.782  24.842 0.0000000000
110502  37.399  10.596  25.251 0.0000000000
110506  38.890  11.057  23.785 0.0000000000
110507  38.258  10.873  24.222 0.0000000000
110508  37.675  10.556  24.644 0.0000000000
110512  41.332  11.186  22.764 0.0000000000
110513  40.427  11.156  23.191 0.0000000000
110514  39.529  11.107  23.510 0.0000000000
110517  43.845  11.262  21.314 0.0000000000
110518  43.023  11.129  21.737 0.0000000000
110519  42.046  11.209  22.293 0.0000000000
110522  45.183  10.898  20.034 0.0000000000
110523  44.367  10.953  20.781 0.0000000000
110524  43.659  10.763  21.230 0.0000000000
110526  46.427  11.205  18.566 0.0000000000
110527  45.882  10.877  19.150 0.0000000000
110529  46.641  11.109  18.035 0.0000000000
110530  46.221  10.659  17.982 0.0000000000
110532  47.115  11.449  17.177 0.0000000000
110533  46.820  11.202  17.358 0.0000000000
110534  46.121  10.583  16.748 0.0000000000
110539  47.080  11.352  16.829 0.0000000000
110540  46.610  11.056  16.258 0.0000000000
110541  45.827  10.690  15.434 0.0000000000
110542  45.195  10.621  14.919 0.0000000000
110552  45.374  11.039  14.450 0.0000000000
110553  44.846  11.003  14.249 0.0000000000
110560  45.117  11.399  13.761 0.0000000000
110561  44.896  11.453  13.234 0.0000000000
110566  44.661  11.858  12.427 0.0000000000
110573  44.491  12.178  11.711 0.0000000000
110578  44.385  12.454  10.903 0.0000000000
110583  44.208  12.678  9.972 0.0000000000
110589  44.014  12.539  8.489 0.0000000000
110590  43.882  12.900  8.766 0.0000000000
111367  40.199  12.101  28.055 0.0000000000
111368  39.930  12.114  28.059 0.0000000000
111374  40.774  11.744  27.554 0.0000000000
111375  40.385  11.832  27.726 0.0000000000
111376  39.463  11.787  27.667 0.0000000000
111377  38.387  11.753  27.536 0.0000000000
111378  37.101  11.774  27.541 0.0000000000
111379  35.850  12.275  27.831 0.0000000000
111388  40.789  11.606  27.237 0.0000000000
111389  40.288  11.471  26.703 0.0000000000
111390  39.239  11.307  26.539 0.0000000000
111391  38.082  11.149  26.337 0.0000000000
111392  37.297  11.255  26.729 0.0000000000
111394  40.046  11.467  25.495 0.0000000000
111395  39.166  11.278  25.275 0.0000000000
111396  38.410  11.006  25.100 0.0000000000
111398  40.834  11.954  23.758 0.0000000000
111399  40.259  11.750  24.213 0.0000000000
111400  39.029  11.264  24.246 0.0000000000
111401  38.383  11.011  24.528 0.0000000000
111403  41.826  12.046  22.891 0.0000000000
111404  41.195  11.827  23.259 0.0000000000
111405  39.929  11.424  23.680 0.0000000000
111406  39.304  11.251  23.762 0.0000000000
111409  44.393  12.215  21.347 0.0000000000
111410  43.778  11.927  21.594 0.0000000000
111411  42.335  11.877  22.501 0.0000000000
111412  41.712  11.574  22.687 0.0000000000
111415  45.898  12.140  20.233 0.0000000000
111416  45.099  11.929  20.717 0.0000000000
111417  44.298  11.517  21.129 0.0000000000
111420  46.865  12.243  19.077 0.0000000000
111421  46.383  11.936  19.460 0.0000000000
111422  45.673  11.396  19.858 0.0000000000
111425  47.040  12.157  18.577 0.0000000000
111426  46.835  11.568  18.136 0.0000000000
111428  47.863  12.088  16.850 0.0000000000
111429  47.432  11.843  17.322 0.0000000000
111430  47.041  11.518  17.615 0.0000000000
111434  47.950  11.964  16.362 0.0000000000
111435  47.286  11.429  15.983 0.0000000000
111436  46.532  11.117  15.151 0.0000000000
111437  45.902  11.114  14.584 0.0000000000
111446  47.949  11.793  15.288 0.0000000000
111447  47.171  11.452  14.612 0.0000000000
111448  46.278  11.409  14.079 0.0000000000
111449  45.566  11.464  13.878 0.0000000000
111455  47.800  11.800  14.366 0.0000000000
111456  47.365  11.712  13.832 0.0000000000
111457  45.783  11.797  13.405 0.0000000000
111458  45.194  11.911  12.986 0.0000000000
111459  44.785  11.972  12.525 0.0000000000
111465  44.810  12.328  12.154 0.0000000000
111466  44.588  12.282  11.924 0.0000000000
111473  44.661  12.595  11.533 0.0000000000
111474  44.502  12.649  11.128 0.0000000000
111480  44.265  12.896  10.380 0.0000000000
111486  44.016  13.170  9.483 0.0000000000
112309  41.449  12.640  28.750 0.0000000000
112310  40.329  12.374  28.385 0.0000000000
112311  39.367  12.503  28.421 0.0000000000
112312  38.691  12.881  28.588 0.0000000000
112324  42.404  12.254  27.987 0.0000000000
112325  41.175  11.851  27.699 0.0000000000
112326  40.618  11.986  27.947 0.0000000000
112327  38.732  12.288  28.191 0.0000000000
112328  37.860  12.785  28.382 0.0000000000
112329  36.572  13.113  28.254 0.0000000000
112337  43.110  12.261  27.304 0.0000000000
112338  42.434  11.848  26.793 0.0000000000
112339  41.316  11.610  26.407 0.0000000000
112340  40.737  11.591  25.659 0.0000000000
112342  42.253  12.031  25.630 0.0000000000
112343  41.394  11.971  25.045 0.0000000000
112344  40.675  11.823  24.687 0.0000000000
112346  43.343  12.630  23.850 0.0000000000
112347  42.476  12.400  24.224 0.0000000000
112348  41.168  12.078  23.908 0.0000000000
112349  40.659  11.933  24.192 0.0000000000
112351  44.255  12.956  22.485 0.0000000000
112352  43.489  12.628  23.029 0.0000000000
112353  42.107  12.203  23.068 0.0000000000
112354  41.453  12.112  23.370 0.0000000000
112357  44.393  12.683  21.778 0.0000000000
112358  43.076  12.226  22.407 0.0000000000
112359  42.478  12.143  22.635 0.0000000000
112361  46.085  12.617  20.440 0.0000000000
112362  45.404  12.845  21.062 0.0000000000
112364  47.081  12.667  19.154 0.0000000000
112365  46.731  12.796  19.885 0.0000000000
112368  47.562  12.701  18.298 0.0000000000
112370  48.240  12.445  16.880 0.0000000000
112371  48.000  12.670  17.620 0.0000000000
112388  46.821  11.590  13.752 0.0000000000
112389  46.300  11.825  13.394 0.0000000000
112397  46.944  12.007  13.011 0.0000000000
112398  45.824  12.256  12.657 0.0000000000
112399  45.145  12.444  12.245 0.0000000000
112408  45.330  12.850  11.641 0.0000000000
112409  44.872  12.677  11.686 0.0000000000
112415  45.115  13.304  11.018 0.0000000000
112416  44.653  13.158  10.854 0.0000000000
112417  44.396  13.002  10.620 0.0000000000
112423  44.326  13.202  10.006 0.0000000000
113269  41.652  13.615  29.369 0.0000000000
113270  40.485  13.594  29.254 0.0000000000
113271  39.540  13.228  28.944 0.0000000000
113272  39.021  13.095  28.761 0.0000000000
113287  43.614  12.460  27.271 0.0000000000
113288  40.169  14.184  29.239 0.0000000000
113289  39.703  14.148  29.107 0.0000000000
113290  38.597  13.889  28.813 0.0000000000
113301  43.537  12.408  26.397 0.0000000000
113302  42.857  12.042  26.013 0.0000000000
113305  44.736  13.476  24.505 0.0000000000
113306  43.910  12.888  25.082 0.0000000000
113307  43.057  12.413  25.274 0.0000000000
113310  44.782  13.544  23.347 0.0000000000
113311  43.999  12.953  23.867 0.0000000000
113312  43.369  12.625  24.430 0.0000000000
113315  44.921  13.391  22.403 0.0000000000
113316  44.298  13.074  22.988 0.0000000000
113319  46.258  13.836  21.188 0.0000000000
113320  45.581  13.494  21.612 0.0000000000
113322  47.329  13.980  19.876 0.0000000000
113323  46.700  13.570  20.506 0.0000000000
113324  45.986  13.306  20.935 0.0000000000
113327  47.642  13.568  18.978 0.0000000000
113328  47.151  13.297  19.713 0.0000000000
113331  48.043  13.337  18.053 0.0000000000
113380  44.946  13.400  10.640 0.0000000000
114181  41.005  14.162  29.407 0.0000000000
114228  45.490  14.080  22.724 0.0000000000
114230  46.739  15.028  21.318 0.0000000000
114231  46.283  14.620  21.758 0.0000000000
114232  45.645  13.842  22.143 0.0000000000
114234  47.075  14.645  20.711 0.0000000000
114235  46.575  14.199  21.037 0.0000000000
