#!ascii label  , from subject subject001 vox2ras=TkReg
526
119561  35.342  24.739  0.022 0.0000000000
119569  35.761  24.718  -0.358 0.0000000000
120294  32.478  25.861  3.318 0.0000000000
120295  31.803  25.778  3.322 0.0000000000
120302  32.855  25.482  2.677 0.0000000000
120303  31.861  25.555  2.841 0.0000000000
120310  33.106  25.091  1.825 0.0000000000
120311  32.011  25.230  2.050 0.0000000000
120319  35.003  24.970  0.648 0.0000000000
120320  33.251  24.868  0.919 0.0000000000
120321  32.165  24.749  1.106 0.0000000000
120324  34.682  24.867  -0.321 0.0000000000
120325  33.108  24.858  -0.017 0.0000000000
120326  32.416  24.697  0.510 0.0000000000
120330  35.451  25.173  -1.136 0.0000000000
120331  33.930  25.208  -0.955 0.0000000000
120336  35.161  25.902  -2.290 0.0000000000
120337  34.504  25.603  -1.610 0.0000000000
121055  32.727  26.708  4.414 0.0000000000
121060  31.953  26.165  3.834 0.0000000000
121063  31.251  25.805  3.166 0.0000000000
121064  30.716  25.893  2.565 0.0000000000
121070  31.188  25.599  2.308 0.0000000000
121071  30.490  25.791  1.799 0.0000000000
121076  31.199  25.322  1.359 0.0000000000
121077  30.442  25.748  0.829 0.0000000000
121080  32.351  24.917  -0.209 0.0000000000
121081  31.613  25.238  0.040 0.0000000000
121082  30.535  25.953  0.204 0.0000000000
121084  32.739  25.322  -0.581 0.0000000000
121085  32.222  26.129  -0.954 0.0000000000
121089  34.475  26.274  -2.370 0.0000000000
121090  33.631  26.377  -1.971 0.0000000000
121091  32.398  26.670  -1.685 0.0000000000
121095  34.676  26.534  -2.787 0.0000000000
121096  34.272  27.272  -3.579 0.0000000000
121101  30.201  29.276  -6.857 0.0000000000
121102  29.116  29.082  -6.846 0.0000000000
121103  28.504  28.793  -6.795 0.0000000000
121109  30.766  29.148  -7.901 0.0000000000
121110  29.447  28.983  -7.737 0.0000000000
121111  28.486  28.608  -7.398 0.0000000000
121121  29.698  28.931  -8.972 0.0000000000
121122  28.469  28.543  -8.437 0.0000000000
121134  28.143  28.452  -9.895 0.0000000000
121135  27.134  27.909  -10.132 0.0000000000
121149  27.048  27.792  -11.089 0.0000000000
121182  25.237  26.918  -13.589 0.0000000000
121835  32.839  27.517  5.513 0.0000000000
121841  31.947  26.854  4.668 0.0000000000
121842  31.075  26.561  4.193 0.0000000000
121844  31.157  26.201  3.820 0.0000000000
121845  30.727  26.398  3.412 0.0000000000
121849  30.778  26.091  3.091 0.0000000000
121850  30.298  26.310  2.362 0.0000000000
121851  29.761  26.625  1.729 0.0000000000
121857  29.906  26.244  1.380 0.0000000000
121858  29.535  26.809  1.130 0.0000000000
121862  29.936  26.638  0.461 0.0000000000
121863  29.582  27.149  0.663 0.0000000000
121866  31.471  26.153  -0.671 0.0000000000
121867  30.771  26.674  -0.450 0.0000000000
121869  31.657  26.777  -1.303 0.0000000000
121870  31.168  27.762  -1.565 0.0000000000
121874  33.309  27.218  -2.880 0.0000000000
121875  32.293  27.389  -2.480 0.0000000000
121876  31.246  28.474  -2.871 0.0000000000
121880  33.084  27.665  -3.470 0.0000000000
121881  32.264  28.341  -3.749 0.0000000000
121882  31.156  29.086  -4.184 0.0000000000
121885  33.456  28.200  -4.407 0.0000000000
121886  32.344  28.877  -4.984 0.0000000000
121887  30.881  29.322  -5.657 0.0000000000
121888  29.593  29.429  -6.068 0.0000000000
121889  28.487  29.126  -6.193 0.0000000000
121890  27.481  28.654  -6.069 0.0000000000
121895  31.381  29.228  -6.871 0.0000000000
121896  27.868  28.513  -6.826 0.0000000000
121897  26.771  28.073  -6.773 0.0000000000
121905  27.438  28.037  -7.879 0.0000000000
121906  25.901  27.516  -7.849 0.0000000000
121907  25.155  27.396  -8.239 0.0000000000
121919  27.682  28.158  -8.849 0.0000000000
121920  26.757  27.721  -9.307 0.0000000000
121921  25.185  27.405  -9.210 0.0000000000
121922  24.473  27.386  -9.723 0.0000000000
121930  25.898  27.475  -10.713 0.0000000000
121931  24.580  27.556  -10.760 0.0000000000
121932  24.109  27.777  -11.558 0.0000000000
121941  24.253  27.725  -12.071 0.0000000000
121947  25.119  27.287  -13.059 0.0000000000
122645  29.056  26.384  11.858 0.0000000000
122646  28.755  26.993  12.354 0.0000000000
122652  30.012  26.540  11.954 0.0000000000
122677  33.032  28.257  6.630 0.0000000000
122680  32.342  27.779  5.647 0.0000000000
122682  31.430  27.154  4.694 0.0000000000
122683  30.756  26.766  3.954 0.0000000000
122685  30.453  26.769  2.804 0.0000000000
122686  29.914  26.968  2.211 0.0000000000
122691  29.924  26.732  2.137 0.0000000000
122692  29.589  27.071  1.638 0.0000000000
122698  29.447  27.468  0.894 0.0000000000
122702  30.072  27.218  -0.167 0.0000000000
122703  29.637  27.806  0.036 0.0000000000
122706  30.303  27.881  -0.809 0.0000000000
122707  29.688  28.741  -1.148 0.0000000000
122709  30.373  28.649  -1.972 0.0000000000
122710  29.571  29.317  -2.294 0.0000000000
122714  30.250  29.295  -3.216 0.0000000000
122715  29.117  29.616  -3.420 0.0000000000
122716  28.237  29.693  -3.766 0.0000000000
122720  29.835  29.546  -4.550 0.0000000000
122721  28.572  29.685  -4.483 0.0000000000
122722  27.385  29.449  -4.385 0.0000000000
122723  26.618  29.123  -4.615 0.0000000000
122727  29.826  29.530  -5.410 0.0000000000
122728  29.028  29.634  -5.367 0.0000000000
122729  27.883  29.283  -5.329 0.0000000000
122730  26.317  28.506  -5.472 0.0000000000
122731  25.300  28.284  -5.541 0.0000000000
122738  25.656  27.712  -6.868 0.0000000000
122739  24.825  27.844  -6.446 0.0000000000
122740  24.085  27.750  -6.876 0.0000000000
122749  25.455  27.517  -7.408 0.0000000000
122750  24.932  27.432  -7.702 0.0000000000
122751  23.948  27.584  -7.849 0.0000000000
122752  23.543  27.725  -8.755 0.0000000000
122761  24.818  27.386  -8.498 0.0000000000
122762  24.262  27.403  -9.145 0.0000000000
122763  23.652  27.721  -9.535 0.0000000000
122769  24.213  27.458  -10.124 0.0000000000
122770  23.845  27.931  -11.237 0.0000000000
122771  23.559  28.462  -12.686 0.0000000000
122778  23.851  27.965  -12.396 0.0000000000
122779  23.313  28.472  -13.434 0.0000000000
122786  23.937  27.793  -12.782 0.0000000000
123437  29.094  27.815  12.728 0.0000000000
123438  28.693  27.626  12.698 0.0000000000
123452  30.666  27.635  12.571 0.0000000000
123453  29.713  27.442  12.582 0.0000000000
123454  28.994  27.372  12.502 0.0000000000
123471  32.343  26.920  11.781 0.0000000000
123472  31.075  27.218  12.390 0.0000000000
123473  30.231  27.036  12.341 0.0000000000
123493  33.195  28.818  7.926 0.0000000000
123496  33.301  28.556  7.434 0.0000000000
123497  32.606  28.522  6.719 0.0000000000
123500  31.789  27.936  5.445 0.0000000000
123503  31.114  27.309  4.457 0.0000000000
123504  30.578  26.987  3.523 0.0000000000
123507  30.226  27.031  2.563 0.0000000000
123508  29.780  27.312  1.920 0.0000000000
123513  29.491  27.761  1.305 0.0000000000
123517  29.264  28.396  0.563 0.0000000000
123518  28.897  29.110  0.133 0.0000000000
123522  29.181  28.982  -0.445 0.0000000000
123523  28.790  29.478  -0.406 0.0000000000
123526  29.065  29.483  -1.539 0.0000000000
123527  28.580  29.830  -2.026 0.0000000000
123529  28.826  29.633  -2.508 0.0000000000
123530  28.153  29.825  -2.660 0.0000000000
123531  27.612  29.887  -2.991 0.0000000000
123535  28.412  29.661  -3.147 0.0000000000
123536  27.733  29.711  -3.453 0.0000000000
123537  27.105  29.763  -3.446 0.0000000000
123538  26.481  29.634  -3.632 0.0000000000
123542  27.223  29.553  -3.812 0.0000000000
123543  26.688  29.391  -4.050 0.0000000000
123544  25.959  29.283  -4.062 0.0000000000
123549  26.156  28.990  -4.579 0.0000000000
123550  25.359  28.688  -4.844 0.0000000000
123551  24.645  28.623  -5.337 0.0000000000
123559  24.813  28.294  -5.641 0.0000000000
123560  24.120  28.243  -6.364 0.0000000000
123561  23.657  28.235  -7.037 0.0000000000
123569  23.842  27.785  -7.173 0.0000000000
123570  23.605  27.950  -7.922 0.0000000000
123579  23.551  28.017  -10.083 0.0000000000
123580  23.687  28.480  -11.617 0.0000000000
123585  23.609  28.067  -10.762 0.0000000000
123586  23.508  28.664  -12.544 0.0000000000
123587  22.786  29.203  -13.991 0.0000000000
123595  23.251  28.742  -13.334 0.0000000000
124195  29.033  28.307  13.022 0.0000000000
124196  28.650  28.017  12.915 0.0000000000
124206  32.118  28.603  12.540 0.0000000000
124207  31.284  28.216  12.711 0.0000000000
124208  30.182  28.585  13.087 0.0000000000
124222  33.456  27.661  11.227 0.0000000000
124223  32.741  28.301  11.996 0.0000000000
124224  31.743  27.881  12.475 0.0000000000
124239  33.733  28.502  10.275 0.0000000000
124240  33.343  29.174  9.885 0.0000000000
124249  33.414  28.951  8.955 0.0000000000
124250  32.882  29.149  7.926 0.0000000000
124252  32.046  28.659  6.343 0.0000000000
124254  31.455  27.937  5.134 0.0000000000
124256  30.929  27.319  4.028 0.0000000000
124257  30.588  27.087  2.926 0.0000000000
124261  30.083  27.358  2.192 0.0000000000
124262  29.702  27.841  1.616 0.0000000000
124267  29.273  28.398  1.175 0.0000000000
124271  28.859  29.023  0.690 0.0000000000
124272  28.637  29.595  -0.014 0.0000000000
124275  28.807  29.567  -0.949 0.0000000000
124276  28.459  29.988  -0.955 0.0000000000
124279  28.599  29.818  -1.478 0.0000000000
124280  28.096  30.140  -1.951 0.0000000000
124281  27.639  30.229  -2.317 0.0000000000
124283  27.765  30.040  -2.556 0.0000000000
124284  27.258  30.178  -2.847 0.0000000000
124285  26.696  30.268  -3.023 0.0000000000
124288  26.725  29.964  -3.297 0.0000000000
124289  26.062  29.865  -3.457 0.0000000000
124293  25.277  29.384  -4.191 0.0000000000
124294  24.744  29.272  -4.586 0.0000000000
124302  24.784  28.941  -4.775 0.0000000000
124303  24.321  28.921  -5.320 0.0000000000
124304  23.985  28.921  -5.867 0.0000000000
124312  24.037  28.694  -5.966 0.0000000000
124313  23.870  28.615  -6.567 0.0000000000
124319  23.615  28.331  -7.624 0.0000000000
124326  23.526  28.226  -9.168 0.0000000000
124327  23.725  28.474  -11.005 0.0000000000
124333  23.433  28.878  -12.677 0.0000000000
124334  22.974  29.150  -13.704 0.0000000000
124346  22.785  29.394  -14.026 0.0000000000
124925  30.419  29.757  13.392 0.0000000000
124926  29.732  29.218  13.409 0.0000000000
124933  32.170  29.323  12.562 0.0000000000
124934  31.007  29.201  13.200 0.0000000000
124935  30.346  29.191  13.305 0.0000000000
124944  33.064  29.539  10.945 0.0000000000
124953  33.029  29.657  8.934 0.0000000000
124961  32.300  29.299  7.238 0.0000000000
124967  31.723  28.603  5.932 0.0000000000
124969  31.401  27.764  4.680 0.0000000000
124972  30.899  27.329  3.088 0.0000000000
124973  30.438  27.322  2.451 0.0000000000
124978  30.578  27.475  2.330 0.0000000000
124979  30.001  27.889  1.850 0.0000000000
124980  29.553  28.300  1.418 0.0000000000
124986  29.389  28.712  1.386 0.0000000000
124987  29.092  28.956  1.231 0.0000000000
124993  28.677  29.655  0.484 0.0000000000
124994  28.306  30.240  -0.455 0.0000000000
124999  27.576  30.511  -1.539 0.0000000000
125004  27.677  30.346  -2.005 0.0000000000
125005  27.350  30.392  -2.215 0.0000000000
125006  27.034  30.568  -2.059 0.0000000000
125011  26.951  30.440  -2.581 0.0000000000
125012  26.440  30.593  -2.759 0.0000000000
125017  25.405  30.025  -3.653 0.0000000000
125018  24.859  29.893  -4.027 0.0000000000
125023  24.899  29.625  -4.152 0.0000000000
125024  24.620  29.552  -4.699 0.0000000000
125033  24.176  29.265  -5.560 0.0000000000
125034  23.886  28.996  -6.311 0.0000000000
125041  23.783  28.721  -7.135 0.0000000000
125046  23.737  28.558  -8.453 0.0000000000
125052  23.684  28.690  -10.421 0.0000000000
125053  23.641  28.844  -12.009 0.0000000000
125060  23.626  29.116  -12.183 0.0000000000
125061  23.169  29.358  -13.489 0.0000000000
125630  32.069  30.180  12.582 0.0000000000
125631  31.235  30.267  13.099 0.0000000000
125640  32.598  30.197  11.692 0.0000000000
125648  32.920  30.037  9.891 0.0000000000
125655  32.624  29.799  7.998 0.0000000000
125661  31.957  29.456  6.232 0.0000000000
125662  31.971  29.355  6.662 0.0000000000
125665  31.884  28.510  5.013 0.0000000000
125666  31.785  28.486  5.471 0.0000000000
125671  32.184  27.845  3.756 0.0000000000
125672  31.798  27.682  3.887 0.0000000000
125673  31.535  27.690  4.163 0.0000000000
125682  32.655  27.613  2.769 0.0000000000
125683  32.076  27.518  2.770 0.0000000000
125684  31.536  27.449  2.790 0.0000000000
125685  30.988  27.459  2.632 0.0000000000
125686  30.418  27.756  1.979 0.0000000000
125695  35.150  27.980  2.783 0.0000000000
125696  34.619  27.964  2.647 0.0000000000
125697  33.317  27.657  2.057 0.0000000000
125698  32.685  27.567  1.923 0.0000000000
125699  31.914  27.600  1.702 0.0000000000
125700  31.314  27.664  1.857 0.0000000000
125701  30.666  27.935  1.758 0.0000000000
125702  29.921  28.499  1.546 0.0000000000
125703  28.961  29.594  1.084 0.0000000000
125704  28.702  30.250  0.618 0.0000000000
125714  34.364  27.834  1.816 0.0000000000
125715  33.468  27.667  1.381 0.0000000000
125716  32.814  27.612  1.257 0.0000000000
125717  32.186  27.745  1.065 0.0000000000
125718  28.743  29.663  0.889 0.0000000000
125719  28.463  30.285  0.213 0.0000000000
125730  33.635  27.819  0.578 0.0000000000
125731  32.826  27.879  0.581 0.0000000000
125732  32.405  27.889  0.721 0.0000000000
125733  27.480  30.857  -1.012 0.0000000000
125751  25.776  30.514  -3.329 0.0000000000
125760  25.145  30.213  -3.833 0.0000000000
125761  24.755  30.012  -4.276 0.0000000000
125771  24.518  29.787  -5.125 0.0000000000
125778  24.227  29.384  -6.448 0.0000000000
125779  23.866  29.008  -6.784 0.0000000000
125786  24.455  29.204  -8.122 0.0000000000
125787  23.989  28.901  -7.608 0.0000000000
125793  24.345  29.378  -9.957 0.0000000000
125794  24.022  28.891  -9.237 0.0000000000
125802  23.906  29.111  -11.215 0.0000000000
126390  31.897  30.866  12.378 0.0000000000
126399  32.805  31.068  11.002 0.0000000000
126400  32.629  30.940  11.228 0.0000000000
126408  33.251  30.678  10.206 0.0000000000
126409  33.093  30.677  10.463 0.0000000000
126410  33.029  30.236  9.872 0.0000000000
126419  33.261  30.496  9.840 0.0000000000
126420  33.030  30.227  9.107 0.0000000000
126421  32.766  29.999  8.552 0.0000000000
126431  32.787  30.398  7.096 0.0000000000
126432  32.591  30.187  7.397 0.0000000000
126433  32.252  29.859  7.302 0.0000000000
126440  33.398  29.938  6.182 0.0000000000
126441  32.961  30.040  6.428 0.0000000000
126442  32.222  29.429  5.676 0.0000000000
126451  35.818  28.890  5.815 0.0000000000
126452  34.776  29.097  5.499 0.0000000000
126453  33.664  29.469  5.519 0.0000000000
126454  32.699  28.821  4.729 0.0000000000
126455  32.151  28.401  4.607 0.0000000000
126464  36.299  28.451  5.089 0.0000000000
126465  35.256  28.570  4.669 0.0000000000
126466  34.239  28.650  4.291 0.0000000000
126467  33.271  28.324  3.775 0.0000000000
126468  32.618  27.881  3.592 0.0000000000
126476  35.720  28.153  3.917 0.0000000000
126477  34.721  28.206  3.400 0.0000000000
126478  33.845  28.025  2.993 0.0000000000
126479  33.177  27.716  2.719 0.0000000000
126480  31.595  27.825  1.279 0.0000000000
126481  31.307  28.024  1.250 0.0000000000
126482  30.669  28.500  1.220 0.0000000000
126483  29.969  29.153  1.190 0.0000000000
126484  29.299  29.804  1.042 0.0000000000
126485  28.870  30.267  0.816 0.0000000000
126491  34.279  27.958  2.591 0.0000000000
126492  33.860  27.808  2.157 0.0000000000
126493  31.605  28.032  0.966 0.0000000000
126494  30.865  28.738  0.521 0.0000000000
126495  30.175  29.659  0.703 0.0000000000
126496  29.494  30.276  0.665 0.0000000000
126497  28.959  30.665  0.605 0.0000000000
126498  28.520  30.736  0.284 0.0000000000
126505  32.836  28.282  -0.332 0.0000000000
126506  31.783  28.466  0.005 0.0000000000
126507  30.804  29.303  -0.238 0.0000000000
126508  27.929  30.976  -0.357 0.0000000000
126509  27.390  31.208  -0.873 0.0000000000
126517  32.028  28.900  -1.258 0.0000000000
126518  31.482  29.048  -0.962 0.0000000000
126519  26.875  31.236  -1.530 0.0000000000
126531  26.569  31.361  -2.069 0.0000000000
126532  26.355  31.038  -2.466 0.0000000000
126548  25.501  30.711  -3.724 0.0000000000
126549  24.989  30.300  -4.031 0.0000000000
126562  25.335  30.679  -4.850 0.0000000000
126563  24.896  30.294  -4.534 0.0000000000
126573  25.424  30.301  -6.178 0.0000000000
126574  24.818  30.063  -5.633 0.0000000000
126585  25.508  30.043  -7.787 0.0000000000
126586  24.845  29.781  -7.088 0.0000000000
126593  25.563  30.043  -9.568 0.0000000000
126594  24.993  29.567  -8.814 0.0000000000
127130  31.482  31.990  12.160 0.0000000000
127138  33.003  31.926  11.034 0.0000000000
127139  32.612  31.609  11.242 0.0000000000
127140  32.156  31.748  11.639 0.0000000000
127149  34.427  31.611  9.929 0.0000000000
127150  33.862  31.235  10.058 0.0000000000
127151  33.353  31.022  10.316 0.0000000000
127152  33.038  31.278  10.810 0.0000000000
127163  34.648  30.814  9.071 0.0000000000
127164  33.915  30.659  8.973 0.0000000000
127165  33.403  30.379  9.083 0.0000000000
127166  32.993  30.258  8.443 0.0000000000
127177  34.717  30.254  8.007 0.0000000000
127178  33.833  30.313  7.914 0.0000000000
127179  33.181  30.327  7.719 0.0000000000
127180  33.031  30.268  8.146 0.0000000000
127189  34.932  29.655  7.224 0.0000000000
127190  33.830  29.882  6.776 0.0000000000
127191  33.347  30.348  7.119 0.0000000000
127200  35.348  29.328  6.502 0.0000000000
127201  34.401  29.530  6.288 0.0000000000
127202  33.921  29.679  6.173 0.0000000000
127218  30.407  29.901  0.118 0.0000000000
127219  29.755  30.867  0.022 0.0000000000
127220  29.099  31.156  0.226 0.0000000000
127221  28.541  31.286  0.044 0.0000000000
127222  28.137  31.232  -0.189 0.0000000000
127225  31.059  29.340  -0.779 0.0000000000
127226  30.398  30.491  -0.822 0.0000000000
127227  29.839  31.177  -0.593 0.0000000000
127228  28.120  31.558  -0.369 0.0000000000
127229  27.720  31.554  -0.666 0.0000000000
127230  27.292  31.496  -1.111 0.0000000000
127239  31.873  29.507  -1.917 0.0000000000
127240  31.282  29.804  -1.635 0.0000000000
127241  30.554  30.739  -2.049 0.0000000000
127242  27.440  31.823  -1.115 0.0000000000
127243  27.138  31.757  -1.488 0.0000000000
127255  31.768  29.890  -2.701 0.0000000000
127256  31.023  30.506  -2.632 0.0000000000
127257  30.614  30.955  -2.649 0.0000000000
127258  26.751  31.727  -2.001 0.0000000000
127259  26.461  31.473  -2.438 0.0000000000
127274  26.572  31.795  -2.682 0.0000000000
127275  26.161  31.348  -3.092 0.0000000000
127285  26.410  31.623  -3.374 0.0000000000
127286  25.943  31.249  -4.099 0.0000000000
127293  26.503  30.871  -5.573 0.0000000000
127294  26.065  30.929  -5.315 0.0000000000
127306  26.634  30.737  -6.195 0.0000000000
127307  26.123  30.457  -6.888 0.0000000000
127314  26.845  30.674  -7.626 0.0000000000
127315  26.320  30.238  -8.575 0.0000000000
127832  33.483  33.006  10.950 0.0000000000
127833  33.152  32.825  11.060 0.0000000000
127834  32.161  32.953  11.507 0.0000000000
127835  31.831  32.351  11.706 0.0000000000
127848  34.518  32.479  10.253 0.0000000000
127849  33.909  32.638  10.670 0.0000000000
127850  33.502  31.909  10.727 0.0000000000
127862  35.120  32.364  9.805 0.0000000000
127898  29.149  31.604  -0.216 0.0000000000
127899  28.676  31.682  -0.267 0.0000000000
127900  28.353  31.641  -0.342 0.0000000000
127909  29.822  31.350  -1.094 0.0000000000
127910  29.406  31.692  -0.760 0.0000000000
127911  28.806  32.111  -0.748 0.0000000000
127912  28.112  32.035  -0.716 0.0000000000
127913  27.646  31.994  -0.922 0.0000000000
127925  30.031  31.292  -1.754 0.0000000000
127926  29.543  31.908  -1.707 0.0000000000
127927  29.075  32.320  -1.405 0.0000000000
127928  28.391  32.524  -1.643 0.0000000000
127929  27.506  32.224  -1.504 0.0000000000
127930  27.059  32.029  -1.790 0.0000000000
127942  31.381  30.668  -3.499 0.0000000000
127943  30.756  31.101  -3.180 0.0000000000
127944  30.269  31.528  -2.720 0.0000000000
127945  29.838  31.697  -2.189 0.0000000000
127946  28.267  32.598  -2.336 0.0000000000
127947  27.699  32.432  -2.558 0.0000000000
127948  27.010  32.153  -2.248 0.0000000000
127958  31.753  31.074  -4.383 0.0000000000
127959  31.045  31.577  -4.019 0.0000000000
127960  30.596  31.610  -3.410 0.0000000000
127961  27.545  31.912  -3.709 0.0000000000
127962  26.879  32.049  -3.078 0.0000000000
127972  31.514  31.634  -4.661 0.0000000000
127973  27.648  31.343  -4.857 0.0000000000
127974  26.639  31.523  -4.159 0.0000000000
127975  26.185  31.279  -4.528 0.0000000000
127983  27.784  31.207  -6.088 0.0000000000
127984  26.861  31.039  -5.404 0.0000000000
127985  26.364  31.237  -4.787 0.0000000000
127998  28.507  31.845  -7.904 0.0000000000
127999  27.921  31.368  -7.404 0.0000000000
128000  27.226  31.078  -6.802 0.0000000000
128011  28.639  32.072  -9.432 0.0000000000
128012  28.208  31.388  -8.852 0.0000000000
128013  27.557  30.998  -8.279 0.0000000000
128670  29.489  32.143  -2.084 0.0000000000
128671  29.305  32.319  -2.011 0.0000000000
128672  28.972  32.533  -1.969 0.0000000000
128683  30.112  31.932  -3.017 0.0000000000
128684  29.715  32.056  -2.616 0.0000000000
128685  29.254  32.379  -2.610 0.0000000000
128686  28.757  32.568  -2.524 0.0000000000
128687  28.335  32.504  -2.803 0.0000000000
128693  30.902  32.033  -4.261 0.0000000000
128694  30.433  32.128  -3.765 0.0000000000
128695  29.774  32.440  -3.513 0.0000000000
128696  29.289  32.453  -3.322 0.0000000000
128697  28.821  32.439  -3.386 0.0000000000
128698  28.266  32.226  -3.485 0.0000000000
128706  31.379  32.331  -4.987 0.0000000000
128707  30.799  32.782  -4.800 0.0000000000
128708  29.720  32.613  -3.936 0.0000000000
128709  29.442  32.542  -4.180 0.0000000000
128710  28.898  32.248  -4.278 0.0000000000
128711  28.355  31.737  -4.487 0.0000000000
128719  29.444  32.502  -5.033 0.0000000000
128720  28.985  31.986  -5.364 0.0000000000
128721  28.383  31.534  -5.668 0.0000000000
128735  29.553  32.542  -6.200 0.0000000000
128736  28.873  32.143  -6.819 0.0000000000
128737  28.290  31.593  -6.725 0.0000000000
128748  29.687  32.663  -7.704 0.0000000000
128749  29.099  32.402  -8.510 0.0000000000
128761  29.739  32.961  -9.333 0.0000000000
129444  30.239  32.683  -4.370 0.0000000000
129445  29.938  32.700  -4.106 0.0000000000
129450  31.451  33.351  -5.632 0.0000000000
129451  30.738  33.168  -5.262 0.0000000000
129452  30.052  32.894  -4.740 0.0000000000
129453  29.733  32.762  -4.834 0.0000000000
129462  31.339  33.641  -6.181 0.0000000000
129463  30.613  33.408  -5.994 0.0000000000
129464  29.947  32.935  -5.576 0.0000000000
129480  30.877  33.562  -7.001 0.0000000000
129481  30.292  33.145  -6.965 0.0000000000
129491  31.019  33.357  -8.095 0.0000000000
129492  30.413  33.105  -8.624 0.0000000000
130227  31.193  33.705  -6.701 0.0000000000
146497  27.153  30.755  -1.464 0.0000000000
146498  26.791  30.861  -1.769 0.0000000000
146499  27.050  30.683  -1.738 0.0000000000
146500  27.263  30.567  -1.770 0.0000000000
146501  26.796  30.703  -2.041 0.0000000000
146502  26.881  30.974  -1.477 0.0000000000
146503  26.668  31.066  -1.755 0.0000000000
