#!ascii label  , from subject subject001 vox2ras=TkReg
1486
76166  34.662  -17.993  -9.602 0.0000000000
76167  34.252  -18.076  -9.503 0.0000000000
76174  35.671  -17.291  -9.597 0.0000000000
76175  35.437  -17.458  -9.820 0.0000000000
76176  35.159  -17.548  -9.990 0.0000000000
76177  34.941  -17.496  -10.099 0.0000000000
77265  33.961  -18.069  -9.350 0.0000000000
77266  33.797  -17.578  -9.242 0.0000000000
77273  36.400  -16.536  -9.902 0.0000000000
77274  36.103  -16.754  -9.550 0.0000000000
77275  34.623  -17.569  -9.917 0.0000000000
77276  34.235  -17.507  -9.710 0.0000000000
77277  34.072  -17.140  -9.619 0.0000000000
77284  36.420  -16.568  -10.144 0.0000000000
77285  36.046  -16.861  -10.195 0.0000000000
77286  35.643  -16.980  -10.337 0.0000000000
77287  35.321  -17.037  -10.417 0.0000000000
77288  34.977  -17.089  -10.380 0.0000000000
78427  36.514  -15.899  -8.478 0.0000000000
78430  33.750  -16.952  -8.639 0.0000000000
78431  33.700  -16.640  -7.982 0.0000000000
78445  36.663  -15.765  -9.149 0.0000000000
78446  36.146  -16.436  -8.719 0.0000000000
78448  33.966  -16.865  -9.323 0.0000000000
78460  36.680  -16.203  -9.945 0.0000000000
78461  36.371  -16.281  -9.355 0.0000000000
78462  34.637  -17.091  -10.189 0.0000000000
78463  34.397  -16.760  -9.996 0.0000000000
78464  34.152  -16.821  -9.655 0.0000000000
78476  36.805  -16.253  -10.826 0.0000000000
78477  36.241  -16.557  -10.855 0.0000000000
78478  35.803  -16.633  -10.864 0.0000000000
78479  35.459  -16.493  -10.947 0.0000000000
78480  34.951  -16.642  -10.613 0.0000000000
78481  34.688  -16.723  -10.341 0.0000000000
78491  37.089  -15.978  -11.459 0.0000000000
78492  36.735  -16.142  -11.414 0.0000000000
78493  36.230  -16.270  -11.335 0.0000000000
78494  35.860  -16.383  -11.218 0.0000000000
79565  33.282  -15.769  -6.791 0.0000000000
79584  33.437  -15.988  -7.250 0.0000000000
79601  37.074  -15.343  -8.479 0.0000000000
79604  33.954  -15.988  -8.160 0.0000000000
79605  33.685  -16.165  -7.677 0.0000000000
79619  37.220  -15.192  -9.191 0.0000000000
79620  34.156  -16.150  -8.906 0.0000000000
79628  38.224  -14.553  -10.448 0.0000000000
79629  37.673  -14.945  -10.183 0.0000000000
79630  37.188  -15.438  -9.779 0.0000000000
79631  34.563  -15.875  -10.079 0.0000000000
79632  34.290  -16.351  -9.574 0.0000000000
79638  38.382  -14.636  -11.007 0.0000000000
79639  37.923  -15.059  -10.891 0.0000000000
79640  37.350  -15.631  -10.573 0.0000000000
79641  35.571  -16.083  -11.280 0.0000000000
79642  35.293  -15.925  -11.097 0.0000000000
79643  34.783  -16.255  -10.519 0.0000000000
79646  38.410  -14.579  -11.329 0.0000000000
79647  38.134  -14.856  -11.378 0.0000000000
79648  37.576  -15.444  -11.552 0.0000000000
79649  37.103  -15.772  -11.839 0.0000000000
79650  36.676  -15.685  -11.934 0.0000000000
79651  35.942  -15.945  -11.539 0.0000000000
79652  35.640  -15.843  -11.394 0.0000000000
79655  37.629  -15.129  -12.060 0.0000000000
79656  37.314  -15.335  -12.109 0.0000000000
79657  37.036  -15.520  -12.142 0.0000000000
80725  33.370  -15.237  -5.756 0.0000000000
80738  33.187  -15.098  -6.478 0.0000000000
80751  33.205  -15.133  -7.147 0.0000000000
80765  33.716  -15.187  -8.136 0.0000000000
80766  33.561  -15.465  -7.688 0.0000000000
80776  38.176  -14.347  -9.161 0.0000000000
80777  37.775  -14.676  -8.925 0.0000000000
80778  34.011  -15.318  -8.609 0.0000000000
80782  38.549  -14.087  -10.132 0.0000000000
80783  38.144  -14.410  -9.654 0.0000000000
80784  37.572  -14.904  -9.564 0.0000000000
80785  34.757  -15.035  -10.031 0.0000000000
80786  34.361  -15.330  -9.382 0.0000000000
80791  38.668  -14.192  -10.708 0.0000000000
80792  35.446  -15.124  -11.246 0.0000000000
80793  35.045  -15.300  -10.670 0.0000000000
80796  38.669  -14.290  -11.241 0.0000000000
80797  38.445  -14.481  -11.645 0.0000000000
80798  38.076  -14.835  -11.743 0.0000000000
80799  36.724  -15.294  -12.188 0.0000000000
80800  36.448  -15.066  -12.102 0.0000000000
80801  35.799  -15.285  -11.572 0.0000000000
80805  38.281  -14.582  -11.927 0.0000000000
80806  38.010  -14.773  -12.084 0.0000000000
80807  37.598  -14.775  -12.326 0.0000000000
80808  37.014  -14.976  -12.352 0.0000000000
80809  36.753  -14.436  -12.433 0.0000000000
81901  33.443  -14.454  -5.202 0.0000000000
81915  33.141  -14.301  -6.022 0.0000000000
81933  33.032  -14.229  -6.867 0.0000000000
81945  38.314  -13.861  -8.071 0.0000000000
81946  38.081  -14.251  -8.234 0.0000000000
81947  33.756  -14.803  -8.356 0.0000000000
81948  33.423  -14.306  -7.869 0.0000000000
81962  39.171  -13.125  -8.524 0.0000000000
81963  38.840  -13.382  -8.354 0.0000000000
81964  38.309  -14.105  -8.757 0.0000000000
81965  37.985  -14.444  -8.493 0.0000000000
81966  33.907  -14.385  -8.842 0.0000000000
81967  33.610  -13.521  -8.552 0.0000000000
81977  39.205  -13.173  -8.850 0.0000000000
81978  38.806  -13.669  -9.444 0.0000000000
81979  38.367  -14.136  -9.265 0.0000000000
81980  34.890  -14.434  -10.468 0.0000000000
81981  34.425  -14.159  -9.818 0.0000000000
81992  38.969  -13.696  -10.326 0.0000000000
81993  35.705  -14.706  -11.507 0.0000000000
81994  35.486  -14.181  -11.122 0.0000000000
82008  39.109  -13.798  -11.023 0.0000000000
82009  38.922  -13.947  -11.623 0.0000000000
82010  36.506  -14.334  -12.284 0.0000000000
82011  36.167  -14.059  -11.876 0.0000000000
82012  35.740  -13.369  -11.714 0.0000000000
82029  38.576  -14.148  -12.079 0.0000000000
82030  38.173  -14.100  -12.476 0.0000000000
82031  37.589  -14.096  -12.670 0.0000000000
82032  37.090  -13.945  -12.697 0.0000000000
82033  36.635  -13.677  -12.560 0.0000000000
82034  36.339  -13.144  -12.445 0.0000000000
83105  33.795  -13.876  -4.742 0.0000000000
83118  33.450  -13.608  -5.553 0.0000000000
83132  33.230  -13.414  -6.426 0.0000000000
83148  33.125  -13.217  -7.293 0.0000000000
83160  33.342  -12.891  -8.117 0.0000000000
83172  40.370  -12.159  -8.616 0.0000000000
83173  39.430  -12.808  -8.345 0.0000000000
83174  39.099  -13.058  -7.934 0.0000000000
83175  34.060  -13.238  -9.255 0.0000000000
83176  33.662  -12.815  -8.716 0.0000000000
83186  40.869  -12.187  -9.600 0.0000000000
83187  39.706  -12.839  -9.523 0.0000000000
83188  39.262  -13.356  -9.977 0.0000000000
83189  34.821  -13.446  -10.647 0.0000000000
83190  34.422  -13.181  -10.009 0.0000000000
83201  41.074  -12.071  -10.158 0.0000000000
83202  40.436  -12.472  -10.600 0.0000000000
83203  39.536  -13.232  -10.522 0.0000000000
83204  35.288  -13.054  -11.442 0.0000000000
83220  40.307  -12.263  -11.499 0.0000000000
83221  39.549  -13.114  -11.533 0.0000000000
83222  39.034  -13.649  -11.976 0.0000000000
83223  35.995  -12.859  -12.240 0.0000000000
83224  35.660  -12.754  -11.916 0.0000000000
83239  40.396  -11.884  -11.869 0.0000000000
83240  39.958  -12.214  -12.291 0.0000000000
83241  39.016  -13.198  -12.482 0.0000000000
83242  38.211  -13.285  -12.894 0.0000000000
83243  37.566  -13.223  -12.997 0.0000000000
83244  37.048  -13.037  -12.965 0.0000000000
83245  36.628  -12.623  -12.849 0.0000000000
83246  36.275  -12.509  -12.620 0.0000000000
83261  39.883  -11.905  -12.781 0.0000000000
83262  39.486  -12.150  -12.871 0.0000000000
83263  38.817  -12.382  -13.133 0.0000000000
83264  38.100  -12.412  -13.277 0.0000000000
83265  37.494  -12.351  -13.252 0.0000000000
83266  37.043  -12.247  -13.170 0.0000000000
84223  34.478  -13.591  -4.580 0.0000000000
84234  35.217  -13.150  -4.891 0.0000000000
84235  34.283  -13.168  -5.288 0.0000000000
84248  33.784  -12.821  -6.024 0.0000000000
84263  33.523  -12.383  -6.847 0.0000000000
84274  33.396  -12.246  -7.654 0.0000000000
84284  40.862  -11.525  -7.803 0.0000000000
84285  33.419  -12.061  -8.175 0.0000000000
84295  41.305  -11.649  -8.843 0.0000000000
84296  33.875  -12.250  -9.174 0.0000000000
84297  33.544  -12.186  -8.600 0.0000000000
84303  41.381  -11.625  -9.761 0.0000000000
84304  34.591  -12.678  -10.437 0.0000000000
84305  34.339  -12.326  -9.868 0.0000000000
84310  41.083  -11.590  -10.717 0.0000000000
84311  40.669  -12.047  -11.098 0.0000000000
84312  34.938  -12.332  -11.090 0.0000000000
84313  34.635  -12.030  -10.502 0.0000000000
84319  40.981  -10.977  -11.444 0.0000000000
84320  40.678  -11.688  -11.471 0.0000000000
84321  35.754  -12.315  -12.266 0.0000000000
84322  35.471  -12.174  -11.858 0.0000000000
84328  40.992  -10.663  -11.886 0.0000000000
84329  40.562  -11.265  -12.105 0.0000000000
84330  40.154  -11.546  -12.714 0.0000000000
84331  36.407  -12.041  -12.888 0.0000000000
84332  36.026  -11.923  -12.716 0.0000000000
84333  35.726  -11.824  -12.398 0.0000000000
84341  39.840  -11.549  -13.034 0.0000000000
84342  39.349  -11.535  -13.350 0.0000000000
84343  38.624  -11.450  -13.618 0.0000000000
84344  37.943  -11.638  -13.600 0.0000000000
84345  37.381  -11.506  -13.535 0.0000000000
84346  36.773  -11.684  -13.244 0.0000000000
84347  36.358  -11.510  -13.134 0.0000000000
84353  38.560  -10.951  -13.870 0.0000000000
84354  38.299  -11.001  -13.906 0.0000000000
84355  37.850  -11.046  -13.899 0.0000000000
85314  36.648  -11.885  -3.637 0.0000000000
85315  36.031  -12.384  -4.427 0.0000000000
85328  35.412  -12.425  -5.340 0.0000000000
85329  34.562  -12.525  -5.830 0.0000000000
85341  35.216  -12.037  -5.986 0.0000000000
85342  34.400  -12.026  -6.400 0.0000000000
85357  34.069  -11.664  -6.915 0.0000000000
85367  33.799  -11.591  -7.406 0.0000000000
85377  41.340  -10.814  -8.179 0.0000000000
85378  33.868  -11.173  -8.510 0.0000000000
85379  33.709  -11.359  -8.036 0.0000000000
85387  41.596  -10.290  -9.725 0.0000000000
85388  41.591  -10.818  -9.200 0.0000000000
85389  33.887  -11.434  -8.946 0.0000000000
85390  33.650  -11.663  -8.446 0.0000000000
85395  41.581  -10.079  -10.308 0.0000000000
85396  41.506  -10.859  -10.104 0.0000000000
85397  34.135  -11.458  -9.620 0.0000000000
85401  41.611  -9.836  -10.982 0.0000000000
85402  41.355  -10.580  -10.873 0.0000000000
85403  34.786  -11.367  -10.950 0.0000000000
85404  34.392  -11.369  -10.300 0.0000000000
85410  41.668  -9.621  -11.402 0.0000000000
85411  41.372  -10.130  -11.616 0.0000000000
85412  35.289  -11.422  -11.588 0.0000000000
85418  41.019  -10.241  -12.340 0.0000000000
85419  40.410  -10.855  -12.753 0.0000000000
85420  40.090  -11.200  -12.975 0.0000000000
85421  35.824  -11.258  -12.763 0.0000000000
85422  35.610  -11.380  -12.228 0.0000000000
85430  41.076  -9.750  -12.721 0.0000000000
85431  40.692  -10.079  -12.979 0.0000000000
85432  39.965  -10.695  -13.302 0.0000000000
85433  39.192  -10.691  -13.788 0.0000000000
85434  38.786  -10.874  -13.843 0.0000000000
85435  37.088  -11.010  -13.637 0.0000000000
85436  36.673  -10.841  -13.544 0.0000000000
85437  36.183  -11.043  -13.179 0.0000000000
85442  39.126  -10.289  -14.108 0.0000000000
85443  38.767  -10.472  -14.139 0.0000000000
85444  38.168  -10.435  -14.256 0.0000000000
85445  37.531  -10.600  -14.085 0.0000000000
85446  37.072  -10.473  -13.981 0.0000000000
86432  36.791  -11.217  -4.068 0.0000000000
86433  36.207  -11.715  -4.869 0.0000000000
86445  36.663  -10.991  -4.843 0.0000000000
86446  36.132  -11.493  -5.658 0.0000000000
86457  35.494  -11.405  -6.446 0.0000000000
86458  34.672  -11.433  -6.799 0.0000000000
86470  35.202  -11.000  -6.960 0.0000000000
86471  34.477  -11.052  -7.236 0.0000000000
86480  41.197  -9.845  -7.382 0.0000000000
86481  34.132  -10.863  -7.709 0.0000000000
86491  41.643  -9.351  -9.179 0.0000000000
86492  41.554  -9.671  -8.694 0.0000000000
86493  34.032  -10.784  -8.348 0.0000000000
86494  34.114  -10.563  -8.052 0.0000000000
86503  41.683  -9.562  -9.627 0.0000000000
86504  41.598  -10.089  -9.323 0.0000000000
86505  34.211  -10.554  -8.797 0.0000000000
86512  41.841  -9.360  -10.497 0.0000000000
86513  34.250  -10.679  -9.397 0.0000000000
86519  41.927  -9.239  -11.175 0.0000000000
86520  34.806  -10.565  -10.583 0.0000000000
86521  34.395  -10.662  -9.972 0.0000000000
86528  41.764  -9.267  -11.821 0.0000000000
86529  41.437  -9.755  -12.077 0.0000000000
86530  35.368  -10.554  -11.286 0.0000000000
86538  41.823  -8.860  -12.242 0.0000000000
86539  41.455  -9.292  -12.477 0.0000000000
86540  35.785  -10.829  -12.576 0.0000000000
86541  35.743  -10.620  -12.013 0.0000000000
86549  41.072  -9.325  -13.041 0.0000000000
86550  40.456  -9.449  -13.550 0.0000000000
86551  39.701  -9.995  -13.846 0.0000000000
86552  39.330  -10.177  -14.032 0.0000000000
86553  36.553  -10.209  -13.605 0.0000000000
86554  36.152  -10.424  -13.021 0.0000000000
86555  36.003  -10.324  -12.516 0.0000000000
86563  40.363  -8.951  -13.858 0.0000000000
86564  39.997  -9.204  -14.012 0.0000000000
86565  39.338  -9.688  -14.281 0.0000000000
86566  38.681  -9.599  -14.568 0.0000000000
86567  37.985  -9.692  -14.538 0.0000000000
86568  37.374  -9.867  -14.352 0.0000000000
86569  36.924  -9.990  -14.080 0.0000000000
86575  38.658  -9.160  -14.746 0.0000000000
86576  38.418  -9.195  -14.737 0.0000000000
87507  37.466  -9.688  -4.340 0.0000000000
87508  37.237  -10.190  -4.286 0.0000000000
87522  37.336  -9.756  -4.703 0.0000000000
87523  36.901  -10.314  -5.367 0.0000000000
87524  36.375  -10.896  -6.185 0.0000000000
87536  36.705  -10.227  -6.223 0.0000000000
87537  36.094  -10.556  -6.801 0.0000000000
87548  35.260  -10.363  -7.295 0.0000000000
87549  34.585  -10.474  -7.532 0.0000000000
87560  41.392  -8.937  -7.738 0.0000000000
87561  34.894  -9.996  -7.604 0.0000000000
87562  34.444  -10.161  -7.834 0.0000000000
87573  41.754  -8.845  -9.180 0.0000000000
87574  41.643  -8.717  -8.414 0.0000000000
87575  34.325  -10.170  -8.342 0.0000000000
87576  34.331  -10.110  -8.080 0.0000000000
87586  42.034  -8.826  -10.033 0.0000000000
87587  34.586  -9.810  -8.679 0.0000000000
87594  42.538  -8.207  -10.926 0.0000000000
87595  42.303  -8.599  -10.807 0.0000000000
87596  35.035  -9.601  -9.587 0.0000000000
87597  34.755  -9.762  -9.290 0.0000000000
87603  42.583  -8.145  -11.254 0.0000000000
87604  42.239  -8.658  -11.506 0.0000000000
87605  34.995  -9.828  -9.967 0.0000000000
87606  34.557  -10.244  -9.663 0.0000000000
87612  42.604  -8.085  -11.867 0.0000000000
87613  42.169  -8.558  -12.076 0.0000000000
87614  35.619  -9.723  -10.790 0.0000000000
87622  42.479  -8.046  -12.366 0.0000000000
87623  41.995  -8.399  -12.664 0.0000000000
87624  41.501  -8.762  -12.971 0.0000000000
87625  36.544  -9.300  -11.980 0.0000000000
87626  36.232  -9.632  -11.658 0.0000000000
87633  41.794  -8.283  -13.197 0.0000000000
87634  41.241  -8.571  -13.514 0.0000000000
87635  40.672  -8.730  -13.787 0.0000000000
87636  36.669  -9.489  -13.514 0.0000000000
87637  36.498  -9.473  -12.556 0.0000000000
87638  36.095  -10.047  -12.198 0.0000000000
87646  40.976  -8.295  -13.933 0.0000000000
87647  40.477  -8.500  -14.139 0.0000000000
87648  39.885  -8.739  -14.474 0.0000000000
87649  39.253  -8.857  -14.769 0.0000000000
87650  38.886  -9.082  -14.783 0.0000000000
87651  37.719  -9.211  -14.595 0.0000000000
87652  37.383  -9.091  -14.450 0.0000000000
87653  36.955  -9.330  -14.079 0.0000000000
87660  39.171  -8.456  -15.030 0.0000000000
87661  38.785  -8.698  -14.964 0.0000000000
87662  38.162  -8.770  -14.892 0.0000000000
87663  37.763  -8.602  -14.806 0.0000000000
88595  37.618  -9.276  -4.414 0.0000000000
88596  37.603  -9.533  -3.956 0.0000000000
88611  37.442  -9.332  -5.114 0.0000000000
88612  37.164  -9.520  -5.938 0.0000000000
88625  36.748  -9.646  -6.683 0.0000000000
88626  36.154  -9.763  -7.238 0.0000000000
88636  35.530  -9.620  -7.561 0.0000000000
88647  41.677  -8.308  -7.360 0.0000000000
88648  35.048  -9.544  -7.893 0.0000000000
88649  34.561  -9.830  -8.039 0.0000000000
88660  42.747  -7.090  -8.956 0.0000000000
88661  42.142  -7.843  -8.414 0.0000000000
88662  41.714  -8.450  -7.976 0.0000000000
88663  34.855  -9.500  -8.284 0.0000000000
88664  34.455  -9.938  -8.227 0.0000000000
88676  42.655  -7.345  -9.669 0.0000000000
88677  42.267  -8.175  -9.724 0.0000000000
88678  35.128  -9.175  -8.764 0.0000000000
88687  42.683  -7.831  -10.687 0.0000000000
88688  42.332  -8.366  -10.321 0.0000000000
88689  35.410  -9.107  -9.543 0.0000000000
88690  35.326  -8.997  -9.127 0.0000000000
88696  43.551  -6.931  -11.975 0.0000000000
88697  43.136  -7.472  -11.649 0.0000000000
88698  35.906  -8.846  -10.222 0.0000000000
88704  43.405  -7.057  -12.320 0.0000000000
88705  42.929  -7.586  -12.313 0.0000000000
88706  36.821  -8.228  -11.231 0.0000000000
88707  36.504  -8.783  -11.047 0.0000000000
88715  43.120  -7.136  -12.695 0.0000000000
88716  42.610  -7.566  -12.891 0.0000000000
88717  42.162  -7.908  -13.141 0.0000000000
88718  36.773  -8.624  -11.766 0.0000000000
88719  36.504  -9.046  -11.483 0.0000000000
88728  42.354  -7.532  -13.291 0.0000000000
88729  41.927  -7.694  -13.577 0.0000000000
88730  41.381  -7.942  -13.872 0.0000000000
88731  36.975  -8.761  -13.327 0.0000000000
88732  37.192  -8.218  -12.726 0.0000000000
88743  41.649  -7.461  -14.028 0.0000000000
88744  41.112  -7.743  -14.250 0.0000000000
88745  40.446  -7.890  -14.586 0.0000000000
88746  39.823  -8.194  -14.820 0.0000000000
88747  39.439  -8.250  -15.019 0.0000000000
88748  37.359  -8.543  -14.405 0.0000000000
88749  37.157  -8.411  -14.018 0.0000000000
88756  40.169  -7.631  -14.890 0.0000000000
88757  39.747  -7.691  -15.083 0.0000000000
88758  39.179  -7.917  -15.220 0.0000000000
88759  38.564  -7.965  -15.262 0.0000000000
88760  38.042  -7.928  -15.154 0.0000000000
88761  37.651  -7.967  -14.886 0.0000000000
89699  37.716  -8.371  -4.515 0.0000000000
89712  37.459  -8.600  -5.611 0.0000000000
89713  37.195  -8.752  -6.403 0.0000000000
89725  36.683  -8.780  -7.232 0.0000000000
89726  36.108  -9.263  -7.484 0.0000000000
89737  36.456  -8.372  -7.609 0.0000000000
89738  35.957  -8.813  -7.753 0.0000000000
89754  35.478  -8.864  -8.109 0.0000000000
89768  42.902  -6.732  -8.161 0.0000000000
89769  42.405  -7.273  -7.576 0.0000000000
89770  35.551  -8.572  -8.430 0.0000000000
89787  43.767  -5.787  -10.078 0.0000000000
89788  43.306  -6.431  -9.543 0.0000000000
89789  36.198  -7.582  -9.076 0.0000000000
89790  35.720  -8.224  -8.914 0.0000000000
89797  43.705  -6.104  -10.663 0.0000000000
89798  43.193  -6.923  -10.559 0.0000000000
89799  36.302  -7.923  -9.519 0.0000000000
89800  35.614  -8.546  -9.250 0.0000000000
89807  43.672  -6.590  -11.523 0.0000000000
89808  43.203  -7.233  -11.127 0.0000000000
89809  37.344  -6.995  -10.685 0.0000000000
89810  36.918  -7.668  -10.475 0.0000000000
89817  43.822  -6.465  -12.313 0.0000000000
89818  37.258  -7.411  -11.154 0.0000000000
89819  36.873  -8.048  -10.961 0.0000000000
89825  43.540  -6.530  -12.860 0.0000000000
89826  43.052  -6.932  -13.068 0.0000000000
89827  37.419  -7.237  -12.092 0.0000000000
89837  43.252  -6.464  -13.325 0.0000000000
89838  42.670  -6.961  -13.519 0.0000000000
89839  42.154  -6.980  -14.029 0.0000000000
89840  37.371  -7.897  -13.514 0.0000000000
89841  37.658  -6.946  -13.087 0.0000000000
89856  41.672  -7.024  -14.372 0.0000000000
89857  41.100  -7.085  -14.660 0.0000000000
89858  40.561  -7.290  -14.837 0.0000000000
89859  37.498  -7.723  -14.561 0.0000000000
89860  37.569  -6.807  -14.201 0.0000000000
89861  37.694  -6.307  -13.593 0.0000000000
89868  40.783  -6.767  -14.937 0.0000000000
89869  40.245  -7.019  -15.110 0.0000000000
89870  39.602  -7.006  -15.330 0.0000000000
89871  38.983  -7.139  -15.475 0.0000000000
89872  38.427  -7.168  -15.439 0.0000000000
89873  38.018  -6.992  -15.330 0.0000000000
89874  37.773  -6.701  -15.059 0.0000000000
89875  37.716  -5.924  -14.909 0.0000000000
89880  39.331  -6.682  -15.498 0.0000000000
89881  39.120  -6.471  -15.599 0.0000000000
90810  37.966  -7.022  -3.918 0.0000000000
90820  37.594  -7.276  -5.453 0.0000000000
90821  37.381  -8.090  -6.042 0.0000000000
90835  37.585  -6.820  -6.214 0.0000000000
90836  37.240  -7.541  -6.614 0.0000000000
90850  36.656  -7.578  -7.547 0.0000000000
90851  36.299  -8.160  -7.774 0.0000000000
90868  36.439  -7.069  -7.939 0.0000000000
90869  36.112  -7.839  -8.080 0.0000000000
90879  43.876  -5.081  -8.250 0.0000000000
90880  43.436  -5.824  -7.988 0.0000000000
90881  36.530  -7.028  -8.683 0.0000000000
90882  36.069  -7.715  -8.535 0.0000000000
90899  44.599  -4.595  -9.897 0.0000000000
90900  44.003  -5.299  -9.375 0.0000000000
90901  43.473  -6.114  -8.762 0.0000000000
90902  36.736  -6.718  -9.159 0.0000000000
90903  36.244  -7.479  -8.845 0.0000000000
90907  44.680  -4.770  -10.465 0.0000000000
90908  44.230  -5.396  -10.605 0.0000000000
90909  38.116  -5.266  -10.381 0.0000000000
90910  37.357  -6.154  -10.051 0.0000000000
90915  45.570  -4.527  -11.702 0.0000000000
90916  45.018  -4.824  -11.370 0.0000000000
90917  44.321  -5.629  -11.449 0.0000000000
90918  37.819  -6.053  -10.713 0.0000000000
90919  37.370  -6.746  -10.464 0.0000000000
90927  45.462  -4.703  -11.913 0.0000000000
90928  44.995  -5.078  -12.092 0.0000000000
90929  44.327  -5.806  -12.182 0.0000000000
90930  37.854  -6.109  -11.504 0.0000000000
90938  44.760  -5.280  -12.598 0.0000000000
90939  44.266  -5.759  -12.877 0.0000000000
90940  37.876  -5.981  -12.331 0.0000000000
90949  43.743  -5.867  -13.355 0.0000000000
90950  43.166  -6.006  -13.767 0.0000000000
90951  42.596  -6.392  -13.983 0.0000000000
90952  37.905  -5.754  -13.099 0.0000000000
90966  42.795  -5.813  -14.193 0.0000000000
90967  42.148  -6.197  -14.391 0.0000000000
90968  41.620  -6.545  -14.601 0.0000000000
90969  37.780  -5.444  -14.481 0.0000000000
90970  37.812  -5.627  -13.808 0.0000000000
90977  41.745  -6.108  -14.655 0.0000000000
90978  41.295  -6.219  -14.890 0.0000000000
90979  40.649  -6.182  -15.216 0.0000000000
90980  40.091  -6.443  -15.344 0.0000000000
90981  38.760  -6.589  -15.597 0.0000000000
90982  38.410  -6.301  -15.639 0.0000000000
90983  38.087  -5.817  -15.651 0.0000000000
90984  37.901  -5.496  -15.369 0.0000000000
90985  37.807  -5.058  -15.031 0.0000000000
90992  40.253  -5.886  -15.432 0.0000000000
90993  39.633  -6.070  -15.557 0.0000000000
90994  38.952  -5.841  -15.827 0.0000000000
90995  38.447  -5.419  -15.977 0.0000000000
90996  38.200  -5.027  -15.993 0.0000000000
91981  38.254  -5.654  -4.785 0.0000000000
91990  37.842  -6.065  -6.033 0.0000000000
91991  37.567  -6.251  -6.692 0.0000000000
92003  37.193  -6.504  -7.231 0.0000000000
92017  36.803  -6.125  -7.928 0.0000000000
92018  36.471  -6.790  -8.171 0.0000000000
92032  44.644  -3.788  -8.613 0.0000000000
92035  36.862  -5.865  -8.656 0.0000000000
92036  36.441  -7.086  -8.395 0.0000000000
92051  44.621  -4.254  -9.235 0.0000000000
92052  44.149  -4.726  -8.684 0.0000000000
92053  37.829  -4.914  -9.529 0.0000000000
92054  38.697  -3.667  -9.994 0.0000000000
92061  45.826  -3.772  -10.770 0.0000000000
92062  45.234  -4.135  -10.348 0.0000000000
92063  38.485  -4.550  -10.609 0.0000000000
92064  38.529  -4.198  -10.249 0.0000000000
92065  38.978  -3.208  -10.316 0.0000000000
92069  45.722  -4.171  -11.298 0.0000000000
92070  45.168  -4.473  -10.919 0.0000000000
92071  38.443  -4.913  -11.084 0.0000000000
92076  45.823  -4.262  -11.959 0.0000000000
92077  45.496  -4.608  -12.198 0.0000000000
92078  38.419  -4.974  -11.743 0.0000000000
92085  45.681  -4.226  -12.326 0.0000000000
92086  45.236  -4.601  -12.646 0.0000000000
92087  44.766  -5.069  -12.993 0.0000000000
92088  38.379  -4.856  -12.481 0.0000000000
92096  44.856  -4.537  -13.093 0.0000000000
92097  44.320  -4.956  -13.437 0.0000000000
92098  43.664  -5.338  -13.700 0.0000000000
92099  38.245  -4.717  -13.242 0.0000000000
92115  43.776  -4.708  -13.816 0.0000000000
92116  43.260  -5.123  -14.124 0.0000000000
92117  42.586  -5.225  -14.432 0.0000000000
92118  37.831  -4.484  -14.643 0.0000000000
92119  38.009  -4.614  -13.986 0.0000000000
92134  41.836  -5.379  -14.758 0.0000000000
92135  41.121  -5.332  -15.275 0.0000000000
92136  40.613  -5.545  -15.419 0.0000000000
92137  38.004  -4.798  -15.824 0.0000000000
92138  37.862  -4.578  -15.433 0.0000000000
92139  37.762  -4.333  -15.084 0.0000000000
92148  40.730  -5.127  -15.511 0.0000000000
92149  40.249  -5.196  -15.643 0.0000000000
92150  39.525  -5.068  -15.905 0.0000000000
92151  38.909  -4.877  -16.124 0.0000000000
92152  38.471  -4.637  -16.152 0.0000000000
92153  38.181  -4.424  -16.052 0.0000000000
93080  38.800  -4.351  -5.320 0.0000000000
93089  38.208  -4.702  -6.366 0.0000000000
93090  37.810  -5.498  -6.616 0.0000000000
93097  37.972  -4.099  -7.110 0.0000000000
93098  37.565  -4.824  -7.384 0.0000000000
93108  37.525  -4.531  -8.459 0.0000000000
93124  38.001  -4.188  -9.159 0.0000000000
93125  38.899  -2.947  -9.741 0.0000000000
93126  39.408  -2.109  -10.226 0.0000000000
93138  45.612  -2.939  -8.986 0.0000000000
93139  45.202  -3.565  -9.134 0.0000000000
93140  38.576  -3.617  -9.707 0.0000000000
93141  39.303  -2.470  -10.298 0.0000000000
93142  39.531  -1.749  -10.479 0.0000000000
93152  46.678  -2.700  -10.469 0.0000000000
93153  45.928  -3.188  -10.140 0.0000000000
93154  45.257  -3.795  -9.740 0.0000000000
93155  38.849  -3.636  -10.826 0.0000000000
93156  39.064  -3.167  -10.596 0.0000000000
93157  39.193  -2.578  -10.576 0.0000000000
93161  46.688  -2.887  -10.921 0.0000000000
93162  46.241  -3.474  -11.106 0.0000000000
93163  38.764  -3.870  -11.261 0.0000000000
93168  46.596  -3.037  -11.449 0.0000000000
93169  46.324  -3.535  -11.771 0.0000000000
93170  38.747  -3.809  -11.842 0.0000000000
93175  46.002  -3.659  -12.206 0.0000000000
93176  45.608  -3.755  -12.578 0.0000000000
93177  38.657  -3.637  -12.577 0.0000000000
93182  45.111  -3.840  -12.944 0.0000000000
93183  44.593  -3.917  -13.326 0.0000000000
93184  38.411  -3.595  -13.409 0.0000000000
93194  44.078  -3.979  -13.725 0.0000000000
93195  43.503  -4.059  -14.123 0.0000000000
93196  42.958  -4.487  -14.373 0.0000000000
93197  37.914  -3.720  -14.818 0.0000000000
93198  38.143  -3.686  -14.199 0.0000000000
93208  42.991  -3.740  -14.450 0.0000000000
93209  42.363  -4.203  -14.674 0.0000000000
93210  41.641  -4.335  -15.231 0.0000000000
93211  38.033  -4.250  -15.944 0.0000000000
93212  38.010  -3.913  -15.678 0.0000000000
93213  37.893  -3.813  -15.251 0.0000000000
93223  40.857  -4.410  -15.571 0.0000000000
93224  40.079  -4.224  -15.788 0.0000000000
93225  39.408  -4.116  -15.945 0.0000000000
93226  38.894  -4.010  -16.059 0.0000000000
93227  38.528  -3.897  -16.003 0.0000000000
93228  38.270  -3.791  -15.845 0.0000000000
93229  38.253  -3.497  -15.670 0.0000000000
94119  39.303  -3.601  -5.336 0.0000000000
94130  39.673  -2.120  -6.147 0.0000000000
94131  38.902  -2.981  -6.582 0.0000000000
94132  38.314  -2.118  -7.779 0.0000000000
94133  38.362  -1.833  -8.170 0.0000000000
94140  38.227  -3.732  -6.944 0.0000000000
94141  38.105  -3.031  -7.692 0.0000000000
94142  38.197  -2.111  -8.070 0.0000000000
94150  38.220  -2.953  -8.666 0.0000000000
94151  39.147  -2.001  -9.562 0.0000000000
94161  38.359  -3.314  -9.138 0.0000000000
94162  39.253  -2.087  -9.932 0.0000000000
94163  39.585  -1.361  -10.615 0.0000000000
94170  46.356  -2.020  -9.131 0.0000000000
94171  45.889  -2.350  -8.779 0.0000000000
94172  38.860  -0.993  -10.946 0.0000000000
94173  39.310  -1.083  -10.853 0.0000000000
94186  46.729  -2.338  -9.939 0.0000000000
94187  46.113  -2.570  -9.425 0.0000000000
94188  39.204  -2.943  -10.831 0.0000000000
94189  39.331  -2.330  -10.577 0.0000000000
94190  38.879  -1.358  -11.051 0.0000000000
94201  47.202  -2.329  -10.659 0.0000000000
94202  39.211  -2.943  -11.247 0.0000000000
94203  39.538  -2.140  -10.860 0.0000000000
94204  39.364  -1.201  -10.869 0.0000000000
94210  47.104  -2.349  -11.442 0.0000000000
94211  46.641  -2.929  -11.744 0.0000000000
94212  39.506  -1.751  -12.008 0.0000000000
94213  39.266  -2.547  -11.768 0.0000000000
94214  39.470  -2.396  -11.221 0.0000000000
94219  46.956  -2.087  -11.880 0.0000000000
94220  46.450  -2.657  -12.180 0.0000000000
94221  45.926  -3.240  -12.458 0.0000000000
94222  39.418  -1.652  -12.284 0.0000000000
94223  39.058  -2.264  -12.738 0.0000000000
94224  39.077  -1.925  -13.077 0.0000000000
94235  46.062  -2.141  -12.612 0.0000000000
94236  45.366  -2.644  -12.845 0.0000000000
94237  44.835  -3.287  -13.183 0.0000000000
94238  38.479  -2.549  -13.673 0.0000000000
94239  38.887  -2.118  -13.208 0.0000000000
94252  44.982  -2.110  -13.449 0.0000000000
94253  44.511  -2.791  -13.843 0.0000000000
94254  43.967  -3.467  -14.113 0.0000000000
94255  38.075  -2.893  -14.902 0.0000000000
94256  38.235  -2.991  -14.430 0.0000000000
94264  44.171  -2.309  -14.525 0.0000000000
94265  43.567  -2.912  -14.479 0.0000000000
94266  42.713  -3.115  -14.818 0.0000000000
94267  42.131  -3.287  -15.202 0.0000000000
94268  38.282  -3.093  -15.445 0.0000000000
94269  38.095  -3.279  -15.297 0.0000000000
94278  41.437  -3.280  -15.533 0.0000000000
94279  40.642  -3.284  -15.746 0.0000000000
94280  39.924  -3.246  -15.901 0.0000000000
94281  39.339  -3.200  -15.929 0.0000000000
94282  38.914  -3.162  -15.905 0.0000000000
94283  38.635  -3.134  -15.783 0.0000000000
94284  38.458  -3.040  -15.615 0.0000000000
95241  39.046  -1.232  -7.033 0.0000000000
95242  38.608  -1.416  -7.730 0.0000000000
95243  38.687  -1.445  -8.355 0.0000000000
95251  38.289  -2.170  -8.327 0.0000000000
95252  38.823  -1.599  -8.707 0.0000000000
95260  38.232  -2.455  -8.395 0.0000000000
95261  38.973  -1.867  -9.211 0.0000000000
95266  46.912  -0.957  -8.762 0.0000000000
95267  46.380  -1.392  -8.574 0.0000000000
95270  39.603  -1.143  -10.222 0.0000000000
95271  39.614  -0.897  -10.753 0.0000000000
95274  47.576  -0.969  -9.392 0.0000000000
95275  46.921  -1.569  -9.356 0.0000000000
95276  38.637  0.046  -11.393 0.0000000000
95277  39.185  -0.159  -11.273 0.0000000000
95286  48.173  -1.075  -10.164 0.0000000000
95287  47.513  -1.716  -10.102 0.0000000000
95288  37.195  1.585  -11.067 0.0000000000
95299  48.366  -1.014  -10.659 0.0000000000
95300  47.883  -1.551  -10.862 0.0000000000
95301  39.569  -0.872  -11.468 0.0000000000
95310  47.672  -1.606  -11.332 0.0000000000
95311  39.529  -1.104  -11.705 0.0000000000
95312  39.591  -1.601  -11.499 0.0000000000
95313  39.615  -2.002  -11.203 0.0000000000
95317  47.299  -1.574  -11.744 0.0000000000
95318  46.853  -1.613  -12.142 0.0000000000
95319  39.487  -1.191  -11.971 0.0000000000
95320  39.359  -1.326  -12.343 0.0000000000
95321  39.189  -1.492  -12.820 0.0000000000
95334  46.462  -1.650  -12.542 0.0000000000
95335  46.000  -1.596  -12.990 0.0000000000
95336  38.448  -1.930  -13.759 0.0000000000
95337  38.815  -1.695  -13.331 0.0000000000
95351  45.431  -1.571  -13.440 0.0000000000
95352  45.040  -1.633  -14.049 0.0000000000
95353  38.091  -1.889  -14.807 0.0000000000
95354  38.204  -1.941  -14.205 0.0000000000
95355  38.455  -1.479  -13.679 0.0000000000
95364  44.562  -1.599  -14.596 0.0000000000
95365  43.856  -1.817  -14.888 0.0000000000
95366  43.035  -2.061  -15.251 0.0000000000
95367  42.499  -2.647  -15.229 0.0000000000
95368  38.354  -2.095  -15.384 0.0000000000
95369  38.162  -2.436  -15.147 0.0000000000
95386  42.723  -1.580  -15.611 0.0000000000
95387  42.177  -2.138  -15.598 0.0000000000
95388  41.227  -2.225  -15.841 0.0000000000
95389  40.441  -2.301  -15.942 0.0000000000
95390  39.778  -2.275  -15.944 0.0000000000
95391  39.244  -2.254  -15.894 0.0000000000
95392  38.851  -2.290  -15.793 0.0000000000
95393  38.610  -2.406  -15.646 0.0000000000
96321  39.690  0.038  -7.857 0.0000000000
96322  39.224  -0.579  -8.260 0.0000000000
96323  39.363  -0.789  -8.898 0.0000000000
96331  39.475  -0.849  -9.404 0.0000000000
96339  39.599  -0.770  -10.105 0.0000000000
96343  47.312  -0.211  -8.234 0.0000000000
96349  49.045  0.009  -9.568 0.0000000000
96350  48.529  -0.240  -9.419 0.0000000000
96358  49.160  -0.125  -9.917 0.0000000000
96359  48.686  -0.582  -10.339 0.0000000000
96368  49.090  -0.167  -10.570 0.0000000000
96369  48.513  -0.692  -11.089 0.0000000000
96370  48.025  -1.269  -11.189 0.0000000000
96379  48.138  -0.405  -11.803 0.0000000000
96380  47.812  -1.021  -11.544 0.0000000000
96381  39.589  -0.431  -11.512 0.0000000000
96382  39.625  -0.048  -11.336 0.0000000000
96393  47.968  -0.199  -12.178 0.0000000000
96394  47.401  -0.661  -12.291 0.0000000000
96395  46.791  -1.134  -12.443 0.0000000000
96396  39.533  -0.799  -11.725 0.0000000000
96397  39.553  -0.536  -11.812 0.0000000000
96398  39.329  -0.792  -12.366 0.0000000000
96399  34.095  1.236  -10.535 0.0000000000
96400  33.990  1.381  -10.159 0.0000000000
96419  47.274  -0.313  -12.939 0.0000000000
96420  46.726  -0.767  -13.011 0.0000000000
96421  46.136  -0.905  -13.657 0.0000000000
96422  38.889  -0.382  -13.037 0.0000000000
96423  39.090  -0.798  -12.802 0.0000000000
96436  45.615  -0.904  -14.098 0.0000000000
96437  45.145  -0.849  -14.537 0.0000000000
96438  37.963  -0.938  -14.444 0.0000000000
96439  38.392  -0.740  -13.676 0.0000000000
96440  38.705  -1.029  -13.324 0.0000000000
96447  44.713  -0.712  -14.872 0.0000000000
96448  44.195  -0.912  -15.070 0.0000000000
96449  43.583  -1.102  -15.330 0.0000000000
96450  38.108  -0.968  -15.335 0.0000000000
96451  37.941  -1.195  -15.034 0.0000000000
96466  43.087  -1.078  -15.602 0.0000000000
96467  42.538  -0.970  -15.775 0.0000000000
96468  41.719  -0.936  -15.923 0.0000000000
96469  40.906  -1.309  -16.032 0.0000000000
96470  40.214  -1.367  -16.034 0.0000000000
96471  39.580  -1.158  -15.975 0.0000000000
96472  39.024  -1.284  -15.883 0.0000000000
96473  38.573  -1.343  -15.632 0.0000000000
96485  41.550  -0.276  -15.902 0.0000000000
96486  41.199  -0.371  -15.949 0.0000000000
96487  40.571  -0.490  -16.049 0.0000000000
96488  40.029  -0.537  -16.149 0.0000000000
97393  39.561  0.591  -10.329 0.0000000000
97403  49.714  1.646  -8.032 0.0000000000
97404  48.823  1.342  -7.689 0.0000000000
97405  48.344  0.381  -8.487 0.0000000000
97411  49.745  1.250  -8.583 0.0000000000
97412  49.302  0.480  -9.244 0.0000000000
97413  48.759  0.188  -9.092 0.0000000000
97422  49.603  0.336  -10.255 0.0000000000
97430  49.226  0.281  -11.071 0.0000000000
97431  48.684  -0.037  -11.570 0.0000000000
97438  48.879  0.521  -11.655 0.0000000000
97439  48.398  0.232  -12.112 0.0000000000
97440  39.118  0.038  -11.483 0.0000000000
97441  39.493  0.248  -11.253 0.0000000000
97442  34.535  1.709  -10.739 0.0000000000
97453  47.933  0.045  -12.472 0.0000000000
97454  47.652  0.109  -12.921 0.0000000000
97455  39.543  0.271  -11.489 0.0000000000
97456  39.509  -0.213  -12.055 0.0000000000
97457  33.939  1.394  -10.504 0.0000000000
97458  33.808  1.574  -10.363 0.0000000000
97474  47.246  0.080  -13.413 0.0000000000
97475  46.687  -0.045  -13.929 0.0000000000
97476  46.122  -0.363  -14.174 0.0000000000
97477  39.351  0.214  -12.283 0.0000000000
97478  39.364  -0.380  -12.380 0.0000000000
97483  46.252  0.250  -14.363 0.0000000000
97484  45.649  -0.032  -14.542 0.0000000000
97485  45.019  -0.052  -14.849 0.0000000000
97486  38.026  0.197  -13.895 0.0000000000
97487  38.875  0.439  -13.007 0.0000000000
97503  44.513  -0.106  -15.145 0.0000000000
97504  43.875  -0.116  -15.497 0.0000000000
97505  43.420  -0.589  -15.552 0.0000000000
97506  37.656  -0.061  -15.168 0.0000000000
97507  37.538  0.004  -14.713 0.0000000000
97525  43.656  0.392  -15.799 0.0000000000
97526  43.162  -0.046  -15.800 0.0000000000
97527  42.253  0.116  -15.923 0.0000000000
97528  41.775  -0.171  -15.898 0.0000000000
97529  39.165  -0.428  -16.102 0.0000000000
97530  38.674  -0.134  -15.982 0.0000000000
97531  38.088  -0.131  -15.585 0.0000000000
97543  42.023  0.688  -16.100 0.0000000000
97544  41.599  0.377  -16.029 0.0000000000
97545  40.890  0.395  -16.132 0.0000000000
97546  40.243  0.310  -16.275 0.0000000000
97547  39.599  0.125  -16.257 0.0000000000
97548  39.073  0.383  -16.230 0.0000000000
98467  50.125  1.146  -9.149 0.0000000000
98475  50.528  1.602  -9.394 0.0000000000
98476  50.152  0.929  -9.830 0.0000000000
98477  33.931  1.595  -10.311 0.0000000000
98483  50.349  1.537  -10.004 0.0000000000
98484  49.856  1.105  -10.591 0.0000000000
98485  34.277  1.481  -10.479 0.0000000000
98491  49.294  1.066  -11.405 0.0000000000
98492  48.693  1.028  -12.047 0.0000000000
98493  39.238  0.566  -11.613 0.0000000000
98494  39.218  0.798  -11.225 0.0000000000
98495  36.933  1.815  -11.043 0.0000000000
98496  35.722  1.949  -11.048 0.0000000000
98497  34.029  1.812  -10.264 0.0000000000
98512  48.143  0.796  -12.723 0.0000000000
98513  47.631  0.841  -13.375 0.0000000000
98514  39.231  0.990  -11.448 0.0000000000
98515  34.773  1.774  -10.523 0.0000000000
98516  34.278  1.783  -10.465 0.0000000000
98535  47.175  0.823  -13.940 0.0000000000
98536  46.633  0.863  -14.370 0.0000000000
98537  39.208  1.741  -12.655 0.0000000000
98538  39.215  1.241  -12.375 0.0000000000
98556  46.032  0.867  -14.712 0.0000000000
98557  45.380  0.782  -15.086 0.0000000000
98558  44.891  0.443  -15.248 0.0000000000
98559  38.753  1.287  -13.096 0.0000000000
98560  39.056  1.015  -12.837 0.0000000000
98580  44.928  0.989  -15.508 0.0000000000
98581  44.492  0.588  -15.566 0.0000000000
98582  44.038  0.789  -15.874 0.0000000000
98583  37.316  0.778  -14.960 0.0000000000
98584  37.550  1.180  -14.263 0.0000000000
98603  43.560  0.912  -16.080 0.0000000000
98604  42.900  1.004  -16.220 0.0000000000
98605  42.325  0.922  -16.189 0.0000000000
98606  38.213  0.758  -15.852 0.0000000000
98607  37.592  0.995  -15.454 0.0000000000
98625  42.488  1.461  -16.389 0.0000000000
98626  41.945  1.324  -16.336 0.0000000000
98627  41.240  1.284  -16.423 0.0000000000
98628  40.555  1.244  -16.468 0.0000000000
98629  39.918  1.193  -16.485 0.0000000000
98630  39.329  1.217  -16.395 0.0000000000
98631  38.733  1.221  -16.217 0.0000000000
99537  36.708  2.251  -11.213 0.0000000000
99538  36.952  2.670  -10.914 0.0000000000
99547  37.164  1.919  -11.097 0.0000000000
99548  36.888  1.879  -10.551 0.0000000000
99558  34.266  1.775  -10.125 0.0000000000
99566  34.514  1.850  -10.232 0.0000000000
99576  50.221  1.925  -10.319 0.0000000000
99577  38.302  1.217  -11.542 0.0000000000
99578  37.557  1.522  -11.073 0.0000000000
99579  34.353  1.730  -10.310 0.0000000000
99586  49.552  1.745  -10.923 0.0000000000
99587  48.803  1.824  -11.641 0.0000000000
99588  38.708  1.242  -11.236 0.0000000000
99589  37.729  1.659  -11.122 0.0000000000
99590  36.631  1.724  -10.918 0.0000000000
99591  34.531  1.835  -10.463 0.0000000000
99612  48.246  1.715  -12.425 0.0000000000
99613  47.792  1.674  -13.114 0.0000000000
99614  38.321  1.534  -11.512 0.0000000000
99615  36.990  1.923  -11.036 0.0000000000
99616  35.821  1.642  -10.792 0.0000000000
99617  35.003  1.812  -10.532 0.0000000000
99638  47.371  1.672  -13.726 0.0000000000
99639  46.892  1.681  -14.198 0.0000000000
99640  39.103  2.113  -12.867 0.0000000000
99641  39.108  2.061  -12.399 0.0000000000
99665  46.300  1.707  -14.552 0.0000000000
99666  45.638  1.709  -14.882 0.0000000000
99667  38.364  2.056  -13.498 0.0000000000
99683  45.054  1.690  -15.303 0.0000000000
99684  44.509  1.570  -15.891 0.0000000000
99685  43.980  1.429  -16.189 0.0000000000
99686  37.337  1.820  -14.939 0.0000000000
99687  37.535  2.179  -14.243 0.0000000000
99701  44.089  2.057  -16.307 0.0000000000
99702  43.507  1.919  -16.450 0.0000000000
99703  42.876  1.806  -16.506 0.0000000000
99704  38.138  1.855  -16.046 0.0000000000
99705  37.717  2.049  -15.567 0.0000000000
99712  43.028  2.435  -16.656 0.0000000000
99713  42.395  2.277  -16.614 0.0000000000
99714  41.602  2.269  -16.642 0.0000000000
99715  40.881  2.170  -16.699 0.0000000000
99716  40.224  2.133  -16.704 0.0000000000
99717  39.623  2.161  -16.686 0.0000000000
99718  39.063  2.184  -16.630 0.0000000000
99719  38.636  2.249  -16.470 0.0000000000
100589  37.449  3.284  -11.905 0.0000000000
100594  37.629  2.436  -11.419 0.0000000000
100595  37.056  3.007  -11.355 0.0000000000
100599  36.409  2.764  -11.280 0.0000000000
100608  35.752  2.673  -11.025 0.0000000000
100618  35.217  2.121  -11.005 0.0000000000
100628  37.059  3.104  -12.189 0.0000000000
100629  36.858  3.114  -11.533 0.0000000000
100630  36.424  3.056  -11.623 0.0000000000
100631  35.087  1.971  -10.505 0.0000000000
100636  48.967  2.408  -10.980 0.0000000000
100637  48.409  2.559  -11.425 0.0000000000
100638  37.702  3.006  -11.621 0.0000000000
100639  36.770  2.505  -11.300 0.0000000000
100640  36.240  2.654  -11.630 0.0000000000
100641  34.990  1.978  -10.710 0.0000000000
100660  48.083  2.514  -12.016 0.0000000000
100661  47.722  2.513  -12.753 0.0000000000
100662  38.068  2.495  -12.600 0.0000000000
100663  36.876  1.928  -11.324 0.0000000000
100664  36.113  1.887  -10.970 0.0000000000
100665  35.543  1.872  -10.859 0.0000000000
100684  47.397  2.513  -13.430 0.0000000000
100685  47.023  2.518  -13.948 0.0000000000
100686  38.932  2.575  -13.098 0.0000000000
100687  39.153  2.749  -12.702 0.0000000000
100711  46.507  2.560  -14.309 0.0000000000
100712  45.897  2.599  -14.685 0.0000000000
100713  38.079  2.916  -13.719 0.0000000000
100714  38.964  3.059  -13.017 0.0000000000
100726  45.261  2.591  -15.069 0.0000000000
100727  44.763  2.564  -15.585 0.0000000000
100728  37.685  2.814  -15.319 0.0000000000
100729  37.576  2.855  -14.553 0.0000000000
100735  44.376  2.642  -16.215 0.0000000000
100736  43.960  2.796  -16.609 0.0000000000
100737  38.460  2.903  -16.500 0.0000000000
100738  38.027  2.829  -16.019 0.0000000000
100745  43.452  2.998  -16.778 0.0000000000
100746  42.830  3.213  -16.861 0.0000000000
100747  41.993  3.445  -16.843 0.0000000000
100748  41.193  3.125  -16.853 0.0000000000
100749  40.521  3.005  -16.925 0.0000000000
100750  39.926  2.992  -16.977 0.0000000000
100751  39.370  3.168  -17.016 0.0000000000
100752  38.867  3.037  -16.826 0.0000000000
100757  41.801  4.087  -17.005 0.0000000000
100758  41.420  3.970  -17.037 0.0000000000
100759  40.795  3.832  -17.144 0.0000000000
100760  40.206  3.737  -17.243 0.0000000000
100761  39.758  3.691  -17.245 0.0000000000
101636  36.035  3.363  -11.159 0.0000000000
101646  36.750  3.780  -11.273 0.0000000000
101647  35.940  3.111  -11.209 0.0000000000
101655  37.282  3.811  -11.886 0.0000000000
101656  36.984  3.760  -11.330 0.0000000000
101657  36.068  2.856  -11.537 0.0000000000
101658  35.664  2.360  -11.060 0.0000000000
101669  48.381  2.913  -10.977 0.0000000000
101670  47.873  3.291  -11.479 0.0000000000
101671  38.083  3.539  -11.469 0.0000000000
101672  36.383  2.136  -11.099 0.0000000000
101673  36.078  2.259  -11.075 0.0000000000
101674  35.465  2.133  -10.884 0.0000000000
101693  47.556  3.370  -12.323 0.0000000000
101694  47.289  3.403  -13.094 0.0000000000
101695  38.555  3.552  -11.732 0.0000000000
101696  36.195  2.016  -10.950 0.0000000000
101697  35.330  1.966  -10.968 0.0000000000
101721  47.049  3.352  -13.711 0.0000000000
101722  46.736  3.390  -14.135 0.0000000000
101723  39.105  3.427  -12.381 0.0000000000
101742  46.224  3.508  -14.551 0.0000000000
101743  45.582  3.515  -15.014 0.0000000000
101744  38.587  3.682  -13.300 0.0000000000
101745  39.169  3.501  -12.697 0.0000000000
101750  45.027  3.425  -15.453 0.0000000000
101751  44.664  3.430  -16.001 0.0000000000
101752  37.935  3.714  -14.945 0.0000000000
101753  37.985  3.735  -14.095 0.0000000000
101758  44.288  3.559  -16.586 0.0000000000
101759  43.864  3.694  -16.971 0.0000000000
101760  38.431  3.708  -16.448 0.0000000000
101761  38.162  3.713  -15.783 0.0000000000
101768  43.338  3.890  -17.155 0.0000000000
101769  42.651  4.171  -17.241 0.0000000000
101770  42.087  4.226  -17.104 0.0000000000
101771  39.080  3.939  -17.157 0.0000000000
101772  38.746  3.795  -16.875 0.0000000000
101778  42.229  4.675  -17.378 0.0000000000
101779  41.707  4.617  -17.325 0.0000000000
101780  41.064  4.617  -17.374 0.0000000000
101781  40.457  4.528  -17.456 0.0000000000
101782  39.910  4.414  -17.480 0.0000000000
101783  39.474  4.160  -17.336 0.0000000000
102659  37.694  4.695  -12.160 0.0000000000
102673  38.349  4.596  -12.327 0.0000000000
102674  35.887  2.030  -10.541 0.0000000000
102675  35.825  1.888  -10.744 0.0000000000
102693  47.520  4.298  -11.931 0.0000000000
102694  47.290  4.351  -12.741 0.0000000000
102695  38.828  4.495  -12.740 0.0000000000
102718  47.023  4.424  -13.570 0.0000000000
102719  46.888  3.912  -13.966 0.0000000000
102720  39.199  4.116  -12.627 0.0000000000
102736  46.844  5.048  -13.940 0.0000000000
102737  46.611  4.482  -14.294 0.0000000000
102738  45.954  4.480  -14.924 0.0000000000
102739  38.488  4.529  -13.552 0.0000000000
102740  39.037  4.252  -12.837 0.0000000000
102746  45.253  4.482  -15.572 0.0000000000
102747  44.906  3.953  -15.828 0.0000000000
102748  38.435  4.646  -15.422 0.0000000000
102749  38.298  4.627  -14.478 0.0000000000
102755  44.899  5.018  -15.935 0.0000000000
102756  44.641  4.474  -16.274 0.0000000000
102757  44.195  4.432  -17.000 0.0000000000
102758  38.686  4.416  -16.817 0.0000000000
102759  38.562  4.722  -16.328 0.0000000000
102767  43.760  4.538  -17.301 0.0000000000
102768  43.208  4.744  -17.468 0.0000000000
102769  39.234  4.668  -17.399 0.0000000000
102770  38.927  4.859  -17.228 0.0000000000
102771  38.734  5.110  -16.911 0.0000000000
102776  42.621  5.039  -17.547 0.0000000000
102777  42.011  5.326  -17.584 0.0000000000
102778  41.320  5.488  -17.642 0.0000000000
102779  40.719  5.282  -17.625 0.0000000000
102780  40.125  5.334  -17.721 0.0000000000
102781  39.558  5.108  -17.601 0.0000000000
102782  39.192  5.312  -17.538 0.0000000000
102787  41.134  5.937  -17.781 0.0000000000
102788  40.895  5.894  -17.787 0.0000000000
102789  40.498  5.843  -17.771 0.0000000000
103697  47.498  5.212  -11.549 0.0000000000
103718  47.474  5.456  -12.462 0.0000000000
103719  47.302  5.180  -13.109 0.0000000000
103720  40.317  5.929  -11.884 0.0000000000
103721  39.420  5.539  -12.264 0.0000000000
103742  47.329  5.961  -13.055 0.0000000000
103743  46.993  5.654  -13.591 0.0000000000
103744  39.968  5.608  -12.202 0.0000000000
103745  39.238  5.015  -12.707 0.0000000000
103762  46.630  5.626  -14.195 0.0000000000
103763  46.208  5.445  -14.735 0.0000000000
103764  45.690  5.424  -15.273 0.0000000000
103765  39.269  5.203  -12.821 0.0000000000
103766  39.346  4.567  -12.596 0.0000000000
103774  45.185  5.550  -15.794 0.0000000000
103775  38.604  5.589  -14.918 0.0000000000
103776  38.725  5.494  -13.860 0.0000000000
103780  44.743  5.529  -16.296 0.0000000000
103781  44.397  5.372  -17.013 0.0000000000
103782  44.069  5.063  -17.306 0.0000000000
103783  38.642  5.685  -15.854 0.0000000000
103792  44.103  5.544  -17.355 0.0000000000
103793  43.649  5.510  -17.503 0.0000000000
103794  43.035  5.447  -17.591 0.0000000000
103795  38.841  5.715  -17.175 0.0000000000
103796  38.701  5.942  -16.690 0.0000000000
103802  43.096  6.032  -17.621 0.0000000000
103803  42.480  5.950  -17.686 0.0000000000
103804  41.660  6.221  -17.763 0.0000000000
103805  41.359  6.034  -17.774 0.0000000000
103806  39.727  6.015  -17.773 0.0000000000
103807  39.371  5.967  -17.677 0.0000000000
103808  39.034  6.060  -17.495 0.0000000000
103814  41.366  6.683  -17.767 0.0000000000
103815  41.124  6.427  -17.794 0.0000000000
103816  40.617  6.452  -17.797 0.0000000000
103817  40.155  6.293  -17.811 0.0000000000
104799  47.497  6.324  -11.970 0.0000000000
104800  40.642  6.237  -11.813 0.0000000000
104801  40.740  6.252  -11.340 0.0000000000
104824  47.388  6.783  -12.689 0.0000000000
104825  47.069  6.723  -13.322 0.0000000000
104826  40.088  6.027  -12.425 0.0000000000
104845  46.690  6.609  -13.903 0.0000000000
104846  46.282  6.520  -14.569 0.0000000000
104847  45.953  6.128  -15.054 0.0000000000
104848  39.521  6.302  -13.247 0.0000000000
104860  45.861  6.805  -15.019 0.0000000000
104861  45.499  6.444  -15.500 0.0000000000
104862  38.634  6.587  -15.332 0.0000000000
104863  38.929  6.539  -14.318 0.0000000000
104869  44.937  6.415  -16.107 0.0000000000
104870  44.590  6.354  -16.856 0.0000000000
104871  38.576  6.735  -16.170 0.0000000000
104879  44.112  6.259  -17.395 0.0000000000
104880  43.455  6.538  -17.615 0.0000000000
104881  38.814  6.731  -17.219 0.0000000000
104882  38.653  7.017  -16.765 0.0000000000
104887  42.763  6.736  -17.696 0.0000000000
104888  42.039  6.878  -17.701 0.0000000000
104889  41.503  7.012  -17.737 0.0000000000
104890  39.533  6.483  -17.746 0.0000000000
104891  39.307  7.004  -17.680 0.0000000000
104892  39.018  7.050  -17.500 0.0000000000
104897  41.159  7.095  -17.755 0.0000000000
104898  40.748  7.165  -17.804 0.0000000000
104899  40.261  7.158  -17.851 0.0000000000
104900  39.736  7.070  -17.814 0.0000000000
104901  39.393  7.528  -17.923 0.0000000000
105860  47.388  6.991  -11.533 0.0000000000
105875  47.527  7.443  -12.151 0.0000000000
105876  41.389  6.986  -11.308 0.0000000000
105891  47.485  7.842  -12.682 0.0000000000
105892  47.308  7.713  -13.143 0.0000000000
105893  40.657  7.101  -12.384 0.0000000000
105911  46.878  7.617  -13.641 0.0000000000
105912  46.481  7.527  -14.225 0.0000000000
105913  39.703  7.481  -13.728 0.0000000000
105925  46.025  7.504  -14.755 0.0000000000
105926  45.537  7.449  -15.247 0.0000000000
105927  38.510  7.382  -15.718 0.0000000000
105928  38.861  7.680  -14.911 0.0000000000
105934  45.055  7.346  -15.808 0.0000000000
105935  44.666  7.299  -16.523 0.0000000000
105936  38.479  7.824  -16.412 0.0000000000
105937  38.524  8.118  -15.708 0.0000000000
105944  44.283  7.217  -17.174 0.0000000000
105945  43.752  7.257  -17.505 0.0000000000
105946  38.788  7.556  -17.519 0.0000000000
105947  38.586  7.871  -17.204 0.0000000000
105952  43.041  7.423  -17.562 0.0000000000
105953  42.257  7.578  -17.500 0.0000000000
105954  41.491  7.792  -17.582 0.0000000000
105955  41.118  8.336  -17.724 0.0000000000
105956  39.133  7.991  -18.021 0.0000000000
105957  38.908  7.892  -17.833 0.0000000000
105958  38.696  8.248  -17.659 0.0000000000
105963  41.264  7.442  -17.694 0.0000000000
105964  40.918  7.936  -17.751 0.0000000000
105965  40.376  8.009  -17.950 0.0000000000
105966  39.891  8.034  -18.092 0.0000000000
105967  39.439  8.102  -18.098 0.0000000000
106931  47.469  8.701  -10.921 0.0000000000
106932  47.522  8.142  -11.454 0.0000000000
106943  47.604  8.572  -12.334 0.0000000000
106944  41.755  7.641  -10.836 0.0000000000
106958  47.433  8.699  -12.929 0.0000000000
106959  47.114  8.626  -13.418 0.0000000000
106960  41.498  8.431  -11.473 0.0000000000
106961  41.805  9.132  -10.944 0.0000000000
106977  46.656  8.508  -13.922 0.0000000000
106978  46.211  8.412  -14.476 0.0000000000
106979  40.597  8.594  -13.071 0.0000000000
106996  45.621  8.337  -14.923 0.0000000000
106997  45.150  8.278  -15.506 0.0000000000
106998  39.693  8.721  -14.376 0.0000000000
107006  44.765  8.250  -16.198 0.0000000000
107007  44.236  8.215  -16.801 0.0000000000
107008  43.547  8.474  -16.898 0.0000000000
107009  38.526  8.843  -16.184 0.0000000000
107010  38.898  8.828  -15.358 0.0000000000
107017  43.878  7.863  -17.227 0.0000000000
107018  43.195  8.154  -17.250 0.0000000000
107019  38.497  8.836  -16.945 0.0000000000
107025  42.444  8.236  -17.246 0.0000000000
107026  41.731  8.513  -17.395 0.0000000000
107027  41.216  8.780  -17.716 0.0000000000
107028  40.846  8.881  -17.935 0.0000000000
107029  38.969  8.487  -18.014 0.0000000000
107030  38.848  9.053  -17.923 0.0000000000
107031  38.610  8.958  -17.551 0.0000000000
107036  40.450  8.885  -18.104 0.0000000000
107037  39.997  8.958  -18.247 0.0000000000
107038  39.547  9.063  -18.232 0.0000000000
107039  39.116  9.109  -18.127 0.0000000000
107040  38.858  9.634  -18.202 0.0000000000
107933  47.501  9.971  -10.424 0.0000000000
107956  47.667  9.552  -11.098 0.0000000000
107957  47.668  8.979  -11.371 0.0000000000
107971  47.852  10.142  -11.576 0.0000000000
107972  47.811  9.582  -11.903 0.0000000000
107990  47.653  9.747  -12.680 0.0000000000
107991  47.382  9.715  -13.244 0.0000000000
107992  41.029  9.944  -12.589 0.0000000000
107993  41.460  9.947  -11.582 0.0000000000
108014  46.880  9.529  -13.679 0.0000000000
108015  46.367  9.354  -14.174 0.0000000000
108016  40.142  9.964  -13.799 0.0000000000
108038  45.811  9.252  -14.663 0.0000000000
108039  45.327  9.216  -15.267 0.0000000000
108040  39.461  9.902  -15.010 0.0000000000
108053  44.909  9.150  -15.899 0.0000000000
108054  44.377  9.111  -16.347 0.0000000000
108055  43.633  9.175  -16.587 0.0000000000
108056  38.627  9.738  -16.681 0.0000000000
108057  38.889  9.753  -15.944 0.0000000000
108066  42.740  9.186  -16.775 0.0000000000
108067  42.092  9.729  -16.789 0.0000000000
108068  38.593  9.878  -17.409 0.0000000000
108075  42.556  8.676  -17.019 0.0000000000
108076  41.910  9.294  -17.075 0.0000000000
108077  41.238  9.543  -17.580 0.0000000000
108078  40.806  9.666  -17.919 0.0000000000
108079  38.765  10.075  -18.255 0.0000000000
108080  38.650  9.902  -17.966 0.0000000000
108084  40.443  9.754  -18.164 0.0000000000
108085  40.053  9.867  -18.392 0.0000000000
108086  39.608  10.001  -18.485 0.0000000000
108087  39.198  10.154  -18.521 0.0000000000
108088  38.909  10.246  -18.435 0.0000000000
108907  47.492  10.884  -10.167 0.0000000000
108930  47.820  10.686  -11.169 0.0000000000
108956  48.061  10.774  -11.921 0.0000000000
108957  48.019  10.813  -12.494 0.0000000000
108976  47.797  10.974  -13.123 0.0000000000
108977  47.264  10.612  -13.600 0.0000000000
108978  40.982  11.264  -12.386 0.0000000000
109002  46.582  10.332  -13.969 0.0000000000
109003  45.966  10.143  -14.377 0.0000000000
109004  40.527  11.348  -13.429 0.0000000000
109024  45.521  10.120  -15.004 0.0000000000
109025  44.873  10.072  -15.513 0.0000000000
109026  44.165  10.267  -15.638 0.0000000000
109027  39.944  11.217  -14.630 0.0000000000
109028  39.366  12.466  -16.367 0.0000000000
109039  44.447  9.699  -15.899 0.0000000000
109040  43.689  9.949  -15.997 0.0000000000
109041  42.882  10.003  -16.313 0.0000000000
109042  38.833  10.333  -16.403 0.0000000000
109043  39.253  10.998  -15.889 0.0000000000
109050  42.180  10.170  -16.541 0.0000000000
109051  41.634  10.301  -16.849 0.0000000000
109052  38.800  10.946  -16.990 0.0000000000
109053  39.176  11.528  -16.502 0.0000000000
109059  41.175  10.419  -17.374 0.0000000000
109060  40.713  10.664  -17.943 0.0000000000
109061  40.468  10.423  -18.188 0.0000000000
109062  38.715  10.496  -18.269 0.0000000000
109063  38.639  10.992  -18.053 0.0000000000
109068  40.345  11.195  -18.375 0.0000000000
109069  40.120  10.839  -18.515 0.0000000000
109070  39.693  10.822  -18.680 0.0000000000
109071  39.289  11.097  -18.827 0.0000000000
109072  38.968  11.334  -18.892 0.0000000000
109073  38.783  11.063  -18.562 0.0000000000
109074  38.695  11.476  -18.522 0.0000000000
109083  39.078  11.693  -19.121 0.0000000000
109084  38.967  11.898  -19.172 0.0000000000
109871  48.038  11.821  -10.882 0.0000000000
109886  48.236  11.689  -11.713 0.0000000000
109910  48.290  11.735  -12.276 0.0000000000
109911  48.227  11.917  -12.800 0.0000000000
109927  48.022  12.055  -13.194 0.0000000000
109928  47.595  11.677  -13.535 0.0000000000
109945  46.871  11.312  -13.904 0.0000000000
109946  46.210  11.023  -14.295 0.0000000000
109947  40.108  12.630  -14.277 0.0000000000
109965  45.615  10.884  -14.590 0.0000000000
109966  44.908  10.842  -14.859 0.0000000000
109967  44.131  10.818  -15.138 0.0000000000
109968  39.650  12.337  -15.369 0.0000000000
109979  43.422  10.792  -15.456 0.0000000000
109980  42.809  10.704  -15.804 0.0000000000
109981  39.408  12.045  -16.230 0.0000000000
109982  39.423  12.274  -16.271 0.0000000000
109989  42.225  10.771  -16.098 0.0000000000
109990  41.632  11.016  -16.473 0.0000000000
109991  38.699  12.295  -17.722 0.0000000000
109992  39.187  12.123  -16.860 0.0000000000
109993  39.305  12.215  -16.644 0.0000000000
109994  39.351  12.273  -16.516 0.0000000000
109999  41.180  11.286  -17.106 0.0000000000
110000  40.781  11.563  -17.778 0.0000000000
110001  38.622  12.092  -18.411 0.0000000000
110006  40.436  11.875  -18.338 0.0000000000
110007  40.108  12.135  -18.790 0.0000000000
110008  39.744  11.656  -18.864 0.0000000000
110009  39.487  11.426  -18.894 0.0000000000
110010  38.952  12.341  -19.187 0.0000000000
110011  38.776  12.053  -18.941 0.0000000000
110012  38.689  11.876  -18.718 0.0000000000
110016  40.037  12.799  -19.097 0.0000000000
110017  39.829  12.542  -19.110 0.0000000000
110018  39.391  12.089  -19.139 0.0000000000
110019  39.088  12.152  -19.214 0.0000000000
110762  48.370  12.832  -10.496 0.0000000000
110772  48.532  12.771  -11.557 0.0000000000
110773  48.599  13.261  -11.906 0.0000000000
110785  48.492  12.277  -12.050 0.0000000000
110786  48.554  12.800  -12.353 0.0000000000
110802  48.301  12.808  -12.958 0.0000000000
110803  47.815  12.650  -13.309 0.0000000000
110821  47.038  12.304  -13.591 0.0000000000
110822  46.014  11.894  -13.911 0.0000000000
110823  45.295  12.122  -13.882 0.0000000000
110836  45.771  11.355  -14.298 0.0000000000
110837  45.097  11.663  -14.292 0.0000000000
110838  44.141  11.562  -14.614 0.0000000000
110839  39.566  13.802  -15.106 0.0000000000
110840  39.377  12.468  -16.363 0.0000000000
110845  43.333  11.590  -14.991 0.0000000000
110846  42.550  11.679  -15.548 0.0000000000
110847  42.049  12.246  -15.902 0.0000000000
110848  39.326  13.352  -16.149 0.0000000000
110849  39.365  12.679  -16.253 0.0000000000
110855  42.316  11.189  -15.806 0.0000000000
110856  41.892  11.670  -16.064 0.0000000000
110857  38.580  13.595  -17.757 0.0000000000
110858  39.031  13.350  -17.086 0.0000000000
110859  39.307  12.612  -16.537 0.0000000000
110865  41.360  12.077  -16.780 0.0000000000
110866  40.909  12.429  -17.536 0.0000000000
110867  38.517  13.260  -18.212 0.0000000000
110874  40.577  12.738  -18.220 0.0000000000
110875  40.324  12.913  -18.714 0.0000000000
110876  39.022  13.209  -19.184 0.0000000000
110877  38.835  13.027  -19.054 0.0000000000
110878  38.647  12.922  -18.707 0.0000000000
110885  40.169  13.154  -19.043 0.0000000000
110886  40.002  13.344  -19.222 0.0000000000
110887  39.672  13.214  -19.266 0.0000000000
110888  39.246  13.008  -19.246 0.0000000000
111646  48.293  14.220  -10.399 0.0000000000
111651  48.406  13.322  -10.921 0.0000000000
111652  48.322  13.703  -11.193 0.0000000000
111663  48.435  13.523  -11.981 0.0000000000
111680  48.231  13.484  -12.422 0.0000000000
111681  47.888  13.404  -12.808 0.0000000000
111699  47.136  13.222  -13.096 0.0000000000
111700  46.192  12.866  -13.378 0.0000000000
111701  45.336  12.632  -13.580 0.0000000000
111716  44.731  12.436  -13.842 0.0000000000
111717  44.133  12.304  -14.154 0.0000000000
111727  43.387  12.420  -14.581 0.0000000000
111728  42.718  12.585  -15.171 0.0000000000
111729  42.237  12.786  -15.801 0.0000000000
111730  39.036  15.168  -15.913 0.0000000000
111736  41.711  12.819  -16.392 0.0000000000
111737  38.703  14.691  -17.401 0.0000000000
111738  38.953  14.823  -16.762 0.0000000000
111744  41.180  13.273  -17.260 0.0000000000
111745  40.847  13.604  -18.083 0.0000000000
111746  38.536  14.627  -17.918 0.0000000000
111754  40.576  13.918  -18.750 0.0000000000
111755  40.298  13.558  -18.925 0.0000000000
111756  38.968  13.784  -19.069 0.0000000000
111757  38.792  14.227  -18.763 0.0000000000
111758  38.608  14.383  -18.335 0.0000000000
111765  40.609  14.582  -19.100 0.0000000000
111766  40.281  14.155  -19.152 0.0000000000
111767  39.953  14.218  -19.341 0.0000000000
111768  39.578  14.167  -19.254 0.0000000000
111769  39.218  14.165  -19.109 0.0000000000
111770  39.026  14.586  -18.926 0.0000000000
112590  47.910  14.603  -10.360 0.0000000000
112600  47.684  14.161  -11.393 0.0000000000
112601  46.763  14.406  -11.091 0.0000000000
112614  47.874  13.807  -12.309 0.0000000000
112615  46.942  13.859  -11.980 0.0000000000
112627  46.018  13.520  -12.596 0.0000000000
112628  45.241  13.347  -13.052 0.0000000000
112629  44.469  13.227  -13.449 0.0000000000
112630  43.823  13.384  -13.691 0.0000000000
112641  44.122  12.875  -13.832 0.0000000000
112642  43.524  13.208  -14.173 0.0000000000
112651  42.790  13.486  -14.762 0.0000000000
112652  42.339  13.644  -15.624 0.0000000000
112653  41.994  13.532  -16.212 0.0000000000
112660  41.960  14.160  -16.227 0.0000000000
112661  41.574  14.078  -16.872 0.0000000000
112662  38.500  15.546  -17.076 0.0000000000
112663  37.999  16.459  -16.719 0.0000000000
112667  41.183  14.508  -17.963 0.0000000000
112668  40.965  14.475  -18.584 0.0000000000
112669  38.249  16.183  -17.420 0.0000000000
112670  37.577  17.038  -17.145 0.0000000000
112676  41.082  15.060  -18.645 0.0000000000
112677  40.861  14.984  -18.989 0.0000000000
112678  38.508  15.730  -18.323 0.0000000000
112679  38.388  15.887  -17.936 0.0000000000
112687  40.579  15.132  -19.281 0.0000000000
112688  40.195  15.164  -19.446 0.0000000000
112689  39.787  15.237  -19.469 0.0000000000
112690  39.348  15.272  -19.218 0.0000000000
112691  39.017  15.400  -18.992 0.0000000000
112692  38.746  15.555  -18.681 0.0000000000
113563  47.002  15.220  -9.905 0.0000000000
113573  46.350  14.949  -10.263 0.0000000000
113574  45.478  14.896  -10.628 0.0000000000
113575  44.391  15.423  -11.260 0.0000000000
113576  43.789  15.398  -11.827 0.0000000000
113587  45.224  14.206  -11.644 0.0000000000
113588  44.238  14.535  -11.949 0.0000000000
113589  43.535  14.863  -12.528 0.0000000000
113590  42.931  14.618  -13.374 0.0000000000
113602  44.959  13.862  -12.354 0.0000000000
113603  44.264  13.849  -12.677 0.0000000000
113604  43.622  13.867  -13.171 0.0000000000
113605  43.342  13.798  -13.745 0.0000000000
113622  42.878  14.089  -14.184 0.0000000000
113634  42.539  14.273  -14.602 0.0000000000
113635  42.280  14.303  -15.055 0.0000000000
113647  42.030  14.572  -15.728 0.0000000000
113648  41.698  14.900  -16.466 0.0000000000
113649  36.551  17.770  -17.002 0.0000000000
113658  41.410  15.156  -17.417 0.0000000000
113659  37.751  16.915  -17.660 0.0000000000
113660  37.109  17.613  -17.325 0.0000000000
113668  41.176  15.466  -18.278 0.0000000000
113669  41.002  15.620  -18.856 0.0000000000
113670  37.918  17.032  -18.338 0.0000000000
113671  37.635  17.218  -17.828 0.0000000000
113672  37.226  17.617  -17.546 0.0000000000
113680  40.782  15.740  -19.192 0.0000000000
113681  40.362  15.932  -19.398 0.0000000000
113682  39.867  16.105  -19.475 0.0000000000
113683  39.330  16.298  -19.358 0.0000000000
113684  38.793  16.470  -19.090 0.0000000000
113685  38.516  16.433  -18.737 0.0000000000
114552  41.919  14.842  -15.131 0.0000000000
114553  41.468  15.511  -15.423 0.0000000000
114560  41.146  15.756  -16.633 0.0000000000
114568  40.988  15.957  -17.589 0.0000000000
114569  40.663  16.218  -18.333 0.0000000000
114570  40.111  16.743  -18.210 0.0000000000
114571  37.323  17.949  -18.019 0.0000000000
114580  40.785  16.027  -18.931 0.0000000000
114581  40.282  16.470  -18.849 0.0000000000
114582  39.798  16.712  -19.124 0.0000000000
114583  39.227  17.031  -19.034 0.0000000000
114584  38.566  17.384  -18.726 0.0000000000
114585  37.807  17.744  -18.256 0.0000000000
115469  40.554  16.521  -16.690 0.0000000000
115476  40.435  16.540  -17.398 0.0000000000
115477  39.818  17.026  -17.322 0.0000000000
115478  39.501  17.392  -17.826 0.0000000000
115479  39.096  17.751  -18.047 0.0000000000
115486  39.597  17.171  -18.620 0.0000000000
115487  39.056  17.620  -18.475 0.0000000000
145960  38.080  0.809  -11.198 0.0000000000
145961  38.533  0.939  -11.237 0.0000000000
145962  35.264  1.819  -10.855 0.0000000000
145963  34.596  1.466  -10.617 0.0000000000
145964  39.420  0.294  -10.942 0.0000000000
145965  38.611  1.685  -11.151 0.0000000000
145966  34.662  1.554  -10.495 0.0000000000
145967  38.709  -0.277  -11.583 0.0000000000
145968  35.508  1.729  -10.996 0.0000000000
145969  34.170  1.544  -10.327 0.0000000000
145970  34.277  1.277  -10.425 0.0000000000
145971  33.927  1.451  -10.408 0.0000000000
145972  39.651  -0.563  -10.540 0.0000000000
145973  38.818  1.574  -11.538 0.0000000000
145974  37.828  2.350  -10.829 0.0000000000
145975  35.101  1.500  -10.549 0.0000000000
145976  34.420  1.626  -10.308 0.0000000000
145977  37.750  1.866  -11.645 0.0000000000
145978  39.570  -1.283  -11.081 0.0000000000
145979  34.708  1.381  -10.301 0.0000000000
145980  34.524  1.423  -10.465 0.0000000000
145981  36.586  1.797  -11.032 0.0000000000
145982  35.011  1.490  -10.922 0.0000000000
145983  36.117  1.690  -11.163 0.0000000000
145984  39.423  1.388  -11.163 0.0000000000
145985  39.269  1.442  -11.517 0.0000000000
145986  39.347  1.649  -11.413 0.0000000000
145987  38.563  2.542  -11.608 0.0000000000
145988  37.748  2.662  -11.302 0.0000000000
145989  39.067  1.270  -11.328 0.0000000000
145990  35.281  1.606  -10.881 0.0000000000
145991  37.373  1.528  -11.251 0.0000000000
145992  38.255  2.387  -11.247 0.0000000000
145993  38.414  1.942  -11.441 0.0000000000
145994  37.875  2.435  -11.368 0.0000000000
145995  37.177  2.272  -11.335 0.0000000000
145996  38.311  1.919  -11.413 0.0000000000
145997  37.805  1.917  -11.587 0.0000000000
145998  34.846  1.729  -10.819 0.0000000000
145999  38.917  1.889  -12.098 0.0000000000
146001  37.877  2.820  -11.424 0.0000000000
146002  36.573  1.466  -11.083 0.0000000000
146003  38.314  2.351  -12.241 0.0000000000
146004  40.374  1.326  -9.119 0.0000000000
146016  39.723  2.832  -10.915 0.0000000000
146083  35.854  2.032  -11.093 0.0000000000
146148  39.461  12.466  -16.169 0.0000000000
