#!ascii label  , from subject subject001 vox2ras=TkReg
1053
103703  18.764  6.927  -14.298 0.0000000000
103704  19.284  7.404  -13.911 0.0000000000
104750  19.801  7.970  -13.820 0.0000000000
104751  19.606  8.103  -13.571 0.0000000000
104762  19.478  7.647  -14.141 0.0000000000
104763  19.584  7.929  -13.741 0.0000000000
104764  19.247  8.200  -13.499 0.0000000000
104765  18.606  8.618  -13.105 0.0000000000
104766  17.547  9.115  -12.755 0.0000000000
104780  18.305  7.121  -14.905 0.0000000000
104781  18.924  7.259  -14.532 0.0000000000
104782  19.134  7.359  -14.292 0.0000000000
104783  19.418  7.590  -13.981 0.0000000000
104784  19.266  7.871  -13.570 0.0000000000
104804  17.939  6.693  -15.032 0.0000000000
104805  18.623  6.923  -14.519 0.0000000000
105829  20.001  8.222  -13.834 0.0000000000
105830  19.785  8.165  -13.676 0.0000000000
105843  19.666  8.402  -13.587 0.0000000000
105844  19.340  8.580  -13.415 0.0000000000
105845  18.733  8.896  -13.194 0.0000000000
105846  17.921  9.224  -12.865 0.0000000000
106916  18.973  9.276  -13.266 0.0000000000
106917  18.233  9.582  -12.974 0.0000000000
106918  17.303  9.820  -12.783 0.0000000000
106919  16.297  9.923  -12.650 0.0000000000
107938  19.369  9.621  -13.359 0.0000000000
107939  18.631  10.010  -13.100 0.0000000000
107940  17.741  10.334  -12.760 0.0000000000
107941  16.718  10.457  -12.531 0.0000000000
107942  15.705  10.435  -12.440 0.0000000000
107964  19.813  9.620  -13.497 0.0000000000
108889  16.889  11.800  -11.781 0.0000000000
108890  16.311  11.701  -11.787 0.0000000000
108891  15.389  11.635  -11.770 0.0000000000
108892  14.441  11.582  -11.773 0.0000000000
108911  19.601  9.902  -13.384 0.0000000000
108912  19.201  10.354  -13.207 0.0000000000
108913  18.333  10.835  -12.767 0.0000000000
108914  17.237  11.291  -12.219 0.0000000000
108915  16.068  11.064  -12.172 0.0000000000
108941  19.492  10.695  -13.199 0.0000000000
109839  9.578  13.072  -10.638 0.0000000000
109855  17.893  12.239  -11.984 0.0000000000
109856  17.391  12.053  -11.804 0.0000000000
109857  16.547  12.264  -11.568 0.0000000000
109858  15.688  12.313  -11.486 0.0000000000
109859  14.744  12.324  -11.423 0.0000000000
109880  19.157  11.215  -12.853 0.0000000000
109881  18.096  11.719  -12.247 0.0000000000
109882  17.575  11.694  -12.080 0.0000000000
109897  19.449  10.936  -13.117 0.0000000000
110724  15.062  13.566  -10.814 0.0000000000
110725  14.632  13.555  -10.793 0.0000000000
110728  9.029  13.550  -10.679 0.0000000000
110745  18.645  12.869  -12.050 0.0000000000
110746  17.799  12.823  -11.805 0.0000000000
110747  16.915  12.884  -11.458 0.0000000000
110748  16.030  12.956  -11.277 0.0000000000
110749  15.111  13.065  -11.096 0.0000000000
110750  14.071  13.143  -11.004 0.0000000000
110751  13.157  12.924  -10.958 0.0000000000
110768  18.873  12.082  -12.286 0.0000000000
110769  18.268  12.349  -12.069 0.0000000000
111612  14.924  14.108  -10.700 0.0000000000
111613  13.954  13.932  -10.585 0.0000000000
111614  13.049  14.084  -10.451 0.0000000000
111615  12.597  14.098  -10.449 0.0000000000
111619  8.397  14.185  -10.661 0.0000000000
111632  20.014  13.744  -12.079 0.0000000000
111633  19.116  13.648  -11.982 0.0000000000
111634  18.205  13.672  -11.729 0.0000000000
111635  17.288  13.679  -11.401 0.0000000000
111636  16.372  13.663  -11.152 0.0000000000
111637  15.549  13.600  -10.935 0.0000000000
111638  13.817  13.520  -10.755 0.0000000000
111639  13.432  13.521  -10.700 0.0000000000
112553  15.901  15.083  -10.883 0.0000000000
112554  15.157  15.024  -10.805 0.0000000000
112555  14.266  14.930  -10.697 0.0000000000
112556  13.340  14.849  -10.513 0.0000000000
112557  12.390  14.663  -10.406 0.0000000000
112561  8.794  14.898  -10.568 0.0000000000
112562  7.814  14.944  -10.435 0.0000000000
112574  20.390  14.617  -12.021 0.0000000000
112575  19.556  14.497  -11.841 0.0000000000
112576  18.654  14.481  -11.608 0.0000000000
112577  17.715  14.518  -11.346 0.0000000000
112578  16.670  14.610  -11.085 0.0000000000
112579  15.771  14.324  -10.851 0.0000000000
112580  12.347  14.100  -10.441 0.0000000000
113527  16.389  15.664  -10.872 0.0000000000
113528  15.511  15.890  -10.762 0.0000000000
113529  14.588  15.906  -10.724 0.0000000000
113530  13.664  15.879  -10.660 0.0000000000
113531  12.737  15.794  -10.548 0.0000000000
113534  10.194  15.702  -10.565 0.0000000000
113537  7.251  15.737  -10.378 0.0000000000
113547  20.767  15.294  -11.979 0.0000000000
113548  19.983  15.263  -11.796 0.0000000000
113549  19.112  15.280  -11.524 0.0000000000
113550  18.183  15.333  -11.278 0.0000000000
113551  17.257  15.420  -11.084 0.0000000000
113552  11.094  15.994  -10.537 0.0000000000
113553  10.699  15.981  -10.544 0.0000000000
113554  10.436  16.103  -10.545 0.0000000000
114422  20.138  16.847  -11.621 0.0000000000
114423  19.107  17.068  -11.361 0.0000000000
114424  18.076  17.108  -11.044 0.0000000000
114425  17.106  17.021  -10.800 0.0000000000
114426  16.091  16.750  -10.642 0.0000000000
114427  14.966  16.775  -10.687 0.0000000000
114428  13.992  16.898  -10.614 0.0000000000
114429  13.129  16.988  -10.517 0.0000000000
114430  12.175  16.752  -10.646 0.0000000000
114432  10.745  16.928  -10.560 0.0000000000
114433  9.700  16.638  -10.492 0.0000000000
114434  8.766  16.729  -10.421 0.0000000000
114436  6.662  16.594  -10.272 0.0000000000
114448  20.452  15.918  -11.791 0.0000000000
114449  19.575  16.069  -11.565 0.0000000000
114450  18.618  16.170  -11.318 0.0000000000
114451  17.690  16.216  -11.011 0.0000000000
114452  16.907  16.235  -10.817 0.0000000000
114453  10.904  16.264  -10.551 0.0000000000
114454  10.613  16.493  -10.550 0.0000000000
114455  10.226  16.334  -10.527 0.0000000000
115364  20.787  17.485  -11.663 0.0000000000
115365  19.798  18.139  -11.093 0.0000000000
115366  18.540  18.096  -10.838 0.0000000000
115367  17.517  17.876  -10.834 0.0000000000
115368  16.503  17.479  -10.816 0.0000000000
115369  15.374  17.121  -10.854 0.0000000000
115370  14.234  17.219  -10.803 0.0000000000
115371  13.297  17.578  -10.740 0.0000000000
115373  11.635  17.735  -10.670 0.0000000000
115375  10.036  17.367  -10.543 0.0000000000
115376  9.247  17.607  -10.738 0.0000000000
115377  8.306  17.596  -10.986 0.0000000000
115388  10.467  17.017  -10.513 0.0000000000
115389  10.211  16.768  -10.515 0.0000000000
116314  19.052  18.696  -11.115 0.0000000000
116315  18.023  18.463  -10.940 0.0000000000
116316  16.977  18.035  -11.121 0.0000000000
116317  15.820  17.475  -11.472 0.0000000000
116318  14.501  16.849  -12.061 0.0000000000
116319  13.407  17.410  -11.396 0.0000000000
116320  12.768  18.056  -11.065 0.0000000000
116321  12.070  18.093  -11.270 0.0000000000
116322  10.919  18.180  -11.664 0.0000000000
116323  9.885  17.951  -11.491 0.0000000000
116324  8.824  18.050  -12.178 0.0000000000
116338  10.051  18.477  -12.624 0.0000000000
116339  9.357  18.417  -12.895 0.0000000000
116340  8.691  18.356  -13.077 0.0000000000
116341  8.528  18.605  -13.229 0.0000000000
116348  8.784  18.670  -13.243 0.0000000000
116349  8.564  18.781  -13.318 0.0000000000
117263  17.503  18.396  -11.858 0.0000000000
117264  16.334  17.492  -12.946 0.0000000000
117265  15.031  17.119  -13.229 0.0000000000
117266  13.628  17.061  -13.116 0.0000000000
117267  12.593  17.720  -12.602 0.0000000000
117268  12.075  18.309  -12.407 0.0000000000
117269  11.352  18.571  -12.792 0.0000000000
117270  10.316  18.949  -13.102 0.0000000000
117271  9.536  19.548  -12.954 0.0000000000
117272  9.201  19.764  -12.799 0.0000000000
117275  5.032  19.577  -11.331 0.0000000000
117287  12.193  17.744  -12.742 0.0000000000
117288  12.155  17.998  -12.605 0.0000000000
117289  9.795  18.692  -13.070 0.0000000000
117290  9.456  18.893  -13.252 0.0000000000
117292  8.393  19.096  -13.018 0.0000000000
117300  8.748  18.944  -13.308 0.0000000000
118110  18.102  18.243  -13.537 0.0000000000
118111  16.995  17.883  -13.803 0.0000000000
118112  15.730  17.778  -13.900 0.0000000000
118113  14.385  17.850  -13.816 0.0000000000
118114  13.056  18.085  -13.479 0.0000000000
118115  12.266  18.483  -13.122 0.0000000000
118116  11.719  19.203  -12.896 0.0000000000
118117  10.920  19.698  -12.773 0.0000000000
118118  10.096  20.439  -12.501 0.0000000000
118119  9.278  20.665  -12.190 0.0000000000
118120  8.334  20.605  -12.278 0.0000000000
118123  4.675  20.323  -11.805 0.0000000000
118132  12.324  17.873  -13.024 0.0000000000
118133  12.098  17.909  -12.914 0.0000000000
118134  8.888  20.131  -12.331 0.0000000000
118135  8.583  19.574  -12.822 0.0000000000
118884  17.626  18.388  -14.574 0.0000000000
118885  16.526  18.553  -14.212 0.0000000000
118886  15.181  18.747  -14.058 0.0000000000
118887  13.935  19.043  -13.811 0.0000000000
118888  12.965  19.436  -13.403 0.0000000000
118889  12.315  20.121  -12.853 0.0000000000
118890  11.569  20.759  -12.583 0.0000000000
118891  10.695  21.293  -12.571 0.0000000000
118892  9.805  21.564  -12.801 0.0000000000
118893  8.894  21.756  -13.107 0.0000000000
118894  7.745  22.439  -13.688 0.0000000000
118895  6.620  22.037  -13.239 0.0000000000
118910  18.057  18.893  -15.026 0.0000000000
118911  17.206  19.260  -14.744 0.0000000000
118912  16.028  20.061  -13.720 0.0000000000
118913  14.821  20.373  -13.402 0.0000000000
118914  13.734  20.678  -13.184 0.0000000000
118915  12.855  21.074  -12.969 0.0000000000
118916  11.970  21.486  -13.199 0.0000000000
118917  11.160  21.972  -13.390 0.0000000000
118918  10.278  22.453  -13.574 0.0000000000
118919  9.381  22.755  -14.206 0.0000000000
118921  7.917  23.514  -15.005 0.0000000000
119641  18.132  20.071  -14.857 0.0000000000
119642  16.667  20.767  -14.152 0.0000000000
119643  15.301  20.999  -13.985 0.0000000000
119644  14.040  21.345  -13.802 0.0000000000
119645  13.045  21.730  -13.720 0.0000000000
119646  12.240  22.074  -13.678 0.0000000000
119647  11.489  22.500  -13.723 0.0000000000
119648  10.680  22.982  -13.993 0.0000000000
119649  9.808  23.461  -14.444 0.0000000000
119650  8.929  23.772  -15.085 0.0000000000
119652  7.915  23.815  -15.276 0.0000000000
120362  10.617  25.692  -11.782 0.0000000000
120363  10.295  25.854  -11.759 0.0000000000
120364  8.491  25.810  -11.643 0.0000000000
120365  7.770  25.616  -11.285 0.0000000000
120366  7.144  25.492  -10.939 0.0000000000
120367  6.853  25.532  -10.832 0.0000000000
120375  12.042  24.487  -12.918 0.0000000000
120376  11.696  24.746  -12.586 0.0000000000
120377  11.054  25.030  -12.469 0.0000000000
120378  10.246  25.479  -12.411 0.0000000000
120379  9.441  25.536  -12.889 0.0000000000
120380  8.735  25.547  -13.147 0.0000000000
120381  7.980  25.274  -12.939 0.0000000000
120382  7.229  25.060  -12.396 0.0000000000
120383  6.595  25.127  -11.919 0.0000000000
120384  6.232  24.864  -12.089 0.0000000000
120394  12.317  23.402  -13.852 0.0000000000
120395  11.988  23.822  -13.432 0.0000000000
120396  11.457  24.207  -13.281 0.0000000000
120397  10.702  24.520  -13.270 0.0000000000
120398  9.840  24.818  -13.672 0.0000000000
120399  9.012  25.073  -14.295 0.0000000000
120400  8.251  25.017  -14.458 0.0000000000
120401  7.471  24.704  -14.166 0.0000000000
120402  6.765  24.170  -13.361 0.0000000000
120403  6.080  23.947  -13.250 0.0000000000
120419  13.077  22.299  -14.207 0.0000000000
120420  12.365  22.689  -13.925 0.0000000000
120421  11.789  23.140  -13.775 0.0000000000
120422  11.097  23.552  -13.746 0.0000000000
120423  10.292  23.978  -14.188 0.0000000000
120425  8.583  24.443  -15.136 0.0000000000
121112  9.109  26.603  -8.742 0.0000000000
121113  8.912  26.533  -8.447 0.0000000000
121114  8.262  26.567  -8.281 0.0000000000
121115  8.079  26.599  -8.200 0.0000000000
121123  9.778  26.329  -10.648 0.0000000000
121124  9.506  26.485  -10.280 0.0000000000
121125  9.195  26.740  -9.835 0.0000000000
121126  8.795  26.400  -9.040 0.0000000000
121127  8.277  26.264  -8.988 0.0000000000
121128  7.792  26.395  -8.812 0.0000000000
121129  7.478  26.384  -9.004 0.0000000000
121136  11.155  25.803  -11.284 0.0000000000
121137  10.542  25.954  -11.236 0.0000000000
121138  10.021  26.284  -11.301 0.0000000000
121139  9.443  26.522  -10.980 0.0000000000
121140  8.916  26.474  -10.604 0.0000000000
121141  8.312  26.032  -10.142 0.0000000000
121142  7.703  25.924  -9.917 0.0000000000
121143  7.055  25.933  -9.924 0.0000000000
121144  6.725  25.996  -10.059 0.0000000000
121151  12.111  25.120  -12.276 0.0000000000
121152  11.789  25.235  -11.936 0.0000000000
121153  11.234  25.463  -11.821 0.0000000000
121154  10.074  25.959  -11.790 0.0000000000
121155  9.733  26.138  -11.890 0.0000000000
121156  9.150  26.165  -11.911 0.0000000000
121157  6.660  25.538  -10.939 0.0000000000
121158  6.435  25.521  -11.254 0.0000000000
121159  6.106  25.393  -11.614 0.0000000000
121169  12.509  23.773  -14.033 0.0000000000
121170  12.239  24.164  -13.468 0.0000000000
121171  6.102  24.747  -12.254 0.0000000000
121172  5.994  24.553  -12.587 0.0000000000
121183  13.317  22.916  -14.879 0.0000000000
121184  12.800  23.012  -14.351 0.0000000000
121898  9.402  26.867  -9.015 0.0000000000
121899  9.230  26.825  -8.515 0.0000000000
121900  8.946  26.701  -8.121 0.0000000000
121901  8.503  26.865  -7.887 0.0000000000
121902  8.025  26.995  -7.862 0.0000000000
121903  7.789  27.440  -7.704 0.0000000000
121908  9.787  26.195  -10.565 0.0000000000
121909  9.540  26.406  -10.232 0.0000000000
121910  9.421  26.701  -9.808 0.0000000000
121911  9.365  26.702  -9.272 0.0000000000
121912  8.822  26.600  -8.224 0.0000000000
121913  8.652  26.524  -8.347 0.0000000000
121914  7.868  26.697  -8.264 0.0000000000
121915  7.540  26.882  -8.429 0.0000000000
121916  7.189  27.049  -8.665 0.0000000000
121923  11.461  25.946  -10.982 0.0000000000
121924  10.748  25.975  -10.994 0.0000000000
121925  10.288  26.262  -10.867 0.0000000000
121926  7.256  26.408  -9.115 0.0000000000
121927  6.961  26.546  -9.267 0.0000000000
121933  12.070  25.697  -11.582 0.0000000000
121934  11.726  25.651  -11.364 0.0000000000
121935  6.537  26.232  -10.142 0.0000000000
121936  6.228  25.932  -10.980 0.0000000000
121942  12.391  24.170  -13.806 0.0000000000
121943  12.340  24.932  -12.831 0.0000000000
121944  5.935  25.497  -11.840 0.0000000000
121953  12.712  23.691  -14.559 0.0000000000
121954  12.301  24.458  -13.834 0.0000000000
122732  8.580  27.762  -7.669 0.0000000000
122733  8.317  27.923  -7.389 0.0000000000
122734  8.052  28.117  -7.146 0.0000000000
122735  8.075  28.277  -6.969 0.0000000000
122741  9.243  27.167  -8.492 0.0000000000
122742  8.996  27.185  -7.995 0.0000000000
122743  8.636  27.279  -7.732 0.0000000000
122744  8.235  27.485  -7.524 0.0000000000
122745  7.935  27.858  -7.297 0.0000000000
122746  7.712  27.884  -7.416 0.0000000000
122753  9.637  26.450  -10.154 0.0000000000
122754  9.424  26.712  -9.778 0.0000000000
122755  9.463  26.877  -9.311 0.0000000000
122756  7.575  27.687  -7.800 0.0000000000
122757  7.316  27.569  -8.310 0.0000000000
122764  10.924  26.037  -11.025 0.0000000000
122765  10.213  25.953  -10.762 0.0000000000
122766  6.970  27.335  -8.831 0.0000000000
122772  11.637  26.164  -11.060 0.0000000000
122773  10.594  25.995  -10.926 0.0000000000
122774  6.652  27.033  -9.500 0.0000000000
122775  6.432  26.772  -10.319 0.0000000000
122783  12.206  25.942  -11.830 0.0000000000
122784  6.210  26.484  -11.246 0.0000000000
122793  12.349  25.492  -12.788 0.0000000000
122794  5.831  26.100  -12.249 0.0000000000
122795  5.978  26.598  -12.610 0.0000000000
123552  8.500  28.198  -7.633 0.0000000000
123553  8.322  28.400  -7.365 0.0000000000
123554  8.164  28.561  -7.068 0.0000000000
123555  7.965  28.651  -6.953 0.0000000000
123556  7.891  29.064  -6.916 0.0000000000
123562  8.921  27.674  -8.272 0.0000000000
123563  8.837  27.704  -7.939 0.0000000000
123564  7.885  28.309  -7.049 0.0000000000
123565  7.732  28.551  -7.209 0.0000000000
123566  7.550  28.849  -7.492 0.0000000000
123571  9.496  26.789  -10.063 0.0000000000
123572  9.317  27.102  -9.475 0.0000000000
123573  9.262  27.229  -8.938 0.0000000000
123574  7.584  28.092  -7.476 0.0000000000
123575  7.396  28.359  -7.780 0.0000000000
123581  9.768  26.496  -10.384 0.0000000000
123582  9.206  26.720  -9.985 0.0000000000
123583  7.058  28.105  -8.460 0.0000000000
123588  11.437  26.297  -11.032 0.0000000000
123589  10.192  26.276  -10.684 0.0000000000
123590  9.534  26.635  -10.394 0.0000000000
123591  6.816  27.906  -9.086 0.0000000000
123592  6.579  27.740  -9.801 0.0000000000
123601  11.988  26.381  -11.339 0.0000000000
123602  11.046  26.306  -11.087 0.0000000000
123603  6.509  27.563  -10.720 0.0000000000
123611  12.203  26.129  -12.104 0.0000000000
123612  11.666  26.501  -11.730 0.0000000000
123613  6.352  27.402  -11.820 0.0000000000
123614  6.151  26.863  -12.342 0.0000000000
123620  6.345  27.979  -12.236 0.0000000000
123621  6.079  27.421  -12.747 0.0000000000
124295  8.147  29.499  -7.065 0.0000000000
124296  7.970  29.487  -6.908 0.0000000000
124297  8.094  29.680  -7.000 0.0000000000
124298  7.837  29.753  -6.982 0.0000000000
124305  8.346  28.750  -7.455 0.0000000000
124306  8.204  29.236  -7.136 0.0000000000
124307  8.091  29.115  -6.939 0.0000000000
124308  7.959  29.308  -6.811 0.0000000000
124309  7.956  29.548  -6.945 0.0000000000
124314  8.754  27.957  -8.191 0.0000000000
124315  8.552  28.444  -7.874 0.0000000000
124316  7.807  29.435  -7.113 0.0000000000
124317  7.635  29.341  -7.392 0.0000000000
124320  9.096  27.387  -9.114 0.0000000000
124321  8.756  27.802  -8.614 0.0000000000
124322  8.449  28.867  -7.998 0.0000000000
124323  7.415  29.232  -7.748 0.0000000000
124328  9.101  27.284  -9.387 0.0000000000
124329  8.644  27.797  -9.144 0.0000000000
124330  7.139  29.024  -8.298 0.0000000000
124331  6.870  29.198  -8.800 0.0000000000
124338  9.654  26.466  -10.700 0.0000000000
124339  9.255  26.697  -10.240 0.0000000000
124340  8.554  27.649  -9.777 0.0000000000
124341  6.915  28.584  -8.768 0.0000000000
124342  6.739  28.776  -9.361 0.0000000000
124353  9.836  26.387  -10.813 0.0000000000
124354  9.180  26.657  -10.696 0.0000000000
124355  8.450  27.561  -10.593 0.0000000000
124356  8.053  27.907  -11.038 0.0000000000
124357  6.580  28.647  -10.231 0.0000000000
124362  10.193  26.282  -11.309 0.0000000000
124363  9.407  26.715  -11.479 0.0000000000
124364  8.746  27.335  -11.686 0.0000000000
124366  6.576  28.596  -11.239 0.0000000000
124367  6.465  28.995  -11.857 0.0000000000
124374  10.597  26.442  -12.222 0.0000000000
124378  6.459  28.344  -11.921 0.0000000000
124379  6.224  28.778  -12.497 0.0000000000
124391  5.793  28.548  -13.467 0.0000000000
125025  8.137  29.775  -7.169 0.0000000000
125026  8.069  30.010  -7.180 0.0000000000
125027  7.986  30.164  -7.080 0.0000000000
125028  8.020  29.921  -7.076 0.0000000000
125035  8.324  29.475  -7.434 0.0000000000
125036  8.273  30.098  -7.335 0.0000000000
125037  7.955  30.401  -7.117 0.0000000000
125038  7.920  30.157  -7.130 0.0000000000
125042  8.409  29.621  -7.599 0.0000000000
125043  7.716  30.093  -7.320 0.0000000000
125044  7.480  30.006  -7.622 0.0000000000
125047  8.354  28.805  -8.325 0.0000000000
125048  8.485  29.702  -7.822 0.0000000000
125049  7.200  29.925  -8.048 0.0000000000
125054  8.222  28.782  -8.826 0.0000000000
125055  6.885  29.880  -8.560 0.0000000000
125056  6.693  29.782  -9.146 0.0000000000
125067  8.009  28.621  -9.539 0.0000000000
125068  6.537  29.657  -9.850 0.0000000000
125078  7.800  28.517  -10.328 0.0000000000
125079  7.730  28.431  -11.065 0.0000000000
125080  6.392  29.616  -10.686 0.0000000000
125084  6.290  29.633  -11.493 0.0000000000
125085  6.219  29.599  -12.117 0.0000000000
125091  6.027  29.699  -12.531 0.0000000000
125099  5.833  29.673  -13.134 0.0000000000
125108  5.540  29.695  -14.092 0.0000000000
125772  8.198  30.381  -7.269 0.0000000000
125773  8.193  30.617  -7.209 0.0000000000
125774  7.968  30.651  -7.120 0.0000000000
125780  8.621  30.736  -7.367 0.0000000000
125781  8.452  30.886  -7.286 0.0000000000
125782  8.241  30.810  -7.233 0.0000000000
125783  7.985  30.858  -7.110 0.0000000000
125784  7.778  30.898  -7.238 0.0000000000
125788  8.873  30.919  -7.468 0.0000000000
125789  8.605  30.502  -7.509 0.0000000000
125790  7.530  30.801  -7.486 0.0000000000
125791  7.287  30.742  -7.843 0.0000000000
125795  8.939  30.837  -8.034 0.0000000000
125796  8.583  30.077  -7.995 0.0000000000
125797  8.608  30.308  -7.667 0.0000000000
125798  6.972  30.760  -8.360 0.0000000000
125808  8.837  30.659  -8.327 0.0000000000
125809  8.340  29.958  -8.660 0.0000000000
125810  6.671  30.633  -8.926 0.0000000000
125811  6.509  30.564  -9.527 0.0000000000
125823  8.064  29.541  -9.571 0.0000000000
125824  6.336  30.583  -10.307 0.0000000000
125834  8.465  30.488  -10.386 0.0000000000
125835  7.922  29.392  -10.589 0.0000000000
125836  7.688  28.803  -11.205 0.0000000000
125837  6.166  30.528  -11.206 0.0000000000
125845  8.486  30.603  -10.688 0.0000000000
125846  8.263  30.223  -11.226 0.0000000000
125848  6.112  30.410  -12.057 0.0000000000
125849  6.026  30.026  -12.319 0.0000000000
125859  6.004  30.766  -12.448 0.0000000000
125860  5.927  30.400  -12.688 0.0000000000
125872  5.570  31.421  -13.956 0.0000000000
125873  5.627  30.914  -13.653 0.0000000000
125881  5.431  31.431  -14.220 0.0000000000
126564  8.296  31.089  -7.227 0.0000000000
126565  8.143  30.912  -7.160 0.0000000000
126575  9.582  32.311  -6.943 0.0000000000
126576  9.247  31.964  -7.006 0.0000000000
126577  8.939  31.700  -7.052 0.0000000000
126578  8.563  31.426  -7.236 0.0000000000
126579  8.306  31.372  -7.249 0.0000000000
126580  8.157  31.574  -7.364 0.0000000000
126587  9.765  32.144  -7.139 0.0000000000
126588  9.403  31.820  -7.140 0.0000000000
126589  9.043  31.399  -7.193 0.0000000000
126590  7.828  31.696  -7.676 0.0000000000
126591  7.456  31.254  -7.724 0.0000000000
126599  9.547  31.752  -7.610 0.0000000000
126600  9.164  31.285  -7.521 0.0000000000
126601  7.804  32.140  -8.061 0.0000000000
126602  7.406  31.673  -8.189 0.0000000000
126613  9.270  31.246  -8.305 0.0000000000
126614  8.771  30.571  -8.544 0.0000000000
126615  6.976  31.615  -9.034 0.0000000000
126616  6.620  31.118  -9.292 0.0000000000
126623  9.263  31.244  -9.056 0.0000000000
126624  8.668  30.485  -8.937 0.0000000000
126625  7.076  32.075  -9.634 0.0000000000
126626  6.730  31.540  -9.922 0.0000000000
126634  9.036  31.193  -9.802 0.0000000000
126635  8.507  30.395  -9.683 0.0000000000
126636  6.478  31.481  -10.992 0.0000000000
126643  8.744  31.135  -10.562 0.0000000000
126645  6.222  31.376  -12.010 0.0000000000
126646  6.144  31.720  -12.539 0.0000000000
126655  6.059  30.966  -12.309 0.0000000000
126656  5.927  31.300  -12.797 0.0000000000
126667  5.589  31.864  -13.978 0.0000000000
126668  5.735  31.508  -13.434 0.0000000000
127295  9.979  32.824  -6.571 0.0000000000
127296  9.753  32.788  -6.677 0.0000000000
127297  9.476  32.682  -6.888 0.0000000000
127298  9.171  32.547  -7.089 0.0000000000
127299  8.836  32.409  -7.236 0.0000000000
127300  8.532  32.132  -7.331 0.0000000000
127308  10.177  32.533  -6.908 0.0000000000
127309  10.031  32.655  -6.746 0.0000000000
127310  8.838  32.757  -7.409 0.0000000000
127311  8.545  32.557  -7.661 0.0000000000
127321  10.167  32.454  -7.159 0.0000000000
127322  8.282  32.636  -8.156 0.0000000000
127323  7.919  32.516  -8.479 0.0000000000
127333  10.067  32.289  -7.718 0.0000000000
127334  7.548  32.438  -8.852 0.0000000000
127343  9.915  32.139  -8.444 0.0000000000
127344  7.458  32.567  -9.527 0.0000000000
127345  7.278  32.546  -10.154 0.0000000000
127355  9.789  32.090  -9.282 0.0000000000
127356  9.745  32.444  -9.863 0.0000000000
127357  6.917  32.453  -10.835 0.0000000000
127366  9.416  31.803  -10.032 0.0000000000
127367  9.368  32.131  -10.702 0.0000000000
127368  6.470  32.543  -11.826 0.0000000000
127369  6.251  32.118  -12.425 0.0000000000
127377  6.131  32.855  -12.791 0.0000000000
127378  6.022  32.112  -12.919 0.0000000000
127390  5.732  32.749  -13.622 0.0000000000
127391  5.837  31.911  -13.353 0.0000000000
127986  10.046  33.408  -6.541 0.0000000000
127987  9.790  33.508  -6.638 0.0000000000
127988  9.555  33.567  -6.861 0.0000000000
127989  9.331  33.587  -7.234 0.0000000000
127990  9.047  33.093  -7.339 0.0000000000
128001  10.390  32.851  -6.867 0.0000000000
128002  10.343  33.296  -6.693 0.0000000000
128003  9.375  34.193  -7.440 0.0000000000
128004  9.102  33.668  -7.598 0.0000000000
128005  8.774  33.639  -8.133 0.0000000000
128020  10.555  33.029  -7.210 0.0000000000
128021  10.502  33.220  -6.887 0.0000000000
128022  8.399  33.559  -8.820 0.0000000000
128023  8.030  32.880  -8.896 0.0000000000
128034  10.510  32.885  -7.893 0.0000000000
128035  8.065  34.096  -9.457 0.0000000000
128036  7.950  33.199  -9.336 0.0000000000
128047  10.362  32.842  -8.602 0.0000000000
128048  7.782  34.449  -9.702 0.0000000000
128049  7.575  33.795  -10.172 0.0000000000
128050  7.260  33.100  -10.642 0.0000000000
128061  10.209  32.927  -9.323 0.0000000000
128062  9.902  33.053  -10.181 0.0000000000
128063  7.099  34.362  -10.784 0.0000000000
128064  6.826  33.718  -11.247 0.0000000000
128073  9.494  32.938  -11.114 0.0000000000
128074  6.289  33.788  -12.489 0.0000000000
128083  5.778  33.771  -13.423 0.0000000000
128722  10.002  34.050  -6.564 0.0000000000
128723  9.886  34.192  -6.664 0.0000000000
128724  9.832  34.448  -6.901 0.0000000000
128725  9.759  34.724  -7.227 0.0000000000
128726  9.524  35.159  -7.440 0.0000000000
128738  10.180  33.942  -6.668 0.0000000000
128739  9.543  34.552  -7.385 0.0000000000
128740  9.595  34.909  -7.704 0.0000000000
128741  9.064  34.756  -7.969 0.0000000000
128756  10.572  33.509  -7.206 0.0000000000
128757  10.421  33.705  -6.973 0.0000000000
128758  8.731  34.810  -8.496 0.0000000000
128768  10.592  33.469  -7.527 0.0000000000
128769  8.283  34.951  -9.103 0.0000000000
128770  7.771  35.366  -9.273 0.0000000000
128778  10.592  33.549  -8.106 0.0000000000
128779  10.317  33.897  -8.439 0.0000000000
128780  7.876  34.782  -9.432 0.0000000000
128781  7.530  35.176  -9.780 0.0000000000
128793  10.372  33.401  -8.700 0.0000000000
128794  9.870  33.781  -9.220 0.0000000000
128795  7.139  35.033  -10.490 0.0000000000
128796  6.630  34.956  -11.149 0.0000000000
128808  9.317  34.057  -10.551 0.0000000000
128809  8.698  34.578  -11.058 0.0000000000
128810  6.147  34.789  -12.026 0.0000000000
129465  9.890  34.769  -6.779 0.0000000000
129466  9.700  35.158  -7.043 0.0000000000
129467  9.583  35.414  -7.126 0.0000000000
129468  9.469  35.644  -7.249 0.0000000000
129469  9.317  35.771  -7.412 0.0000000000
129470  8.963  36.142  -7.505 0.0000000000
129482  9.915  34.548  -6.969 0.0000000000
129483  9.308  35.562  -7.788 0.0000000000
129484  8.910  35.959  -8.080 0.0000000000
129501  10.532  33.831  -7.285 0.0000000000
129502  10.243  34.333  -7.302 0.0000000000
129503  8.294  35.959  -8.557 0.0000000000
129520  10.524  34.032  -7.634 0.0000000000
129521  10.042  34.613  -7.727 0.0000000000
129522  7.740  35.937  -8.895 0.0000000000
129523  7.413  36.031  -9.257 0.0000000000
129534  10.396  34.159  -8.030 0.0000000000
129535  9.701  34.562  -8.393 0.0000000000
129536  7.088  36.175  -9.653 0.0000000000
129537  6.751  36.359  -10.004 0.0000000000
129551  9.277  34.858  -9.336 0.0000000000
129552  8.798  35.290  -9.671 0.0000000000
129553  7.025  35.769  -10.127 0.0000000000
129554  6.446  36.101  -10.691 0.0000000000
129555  5.638  36.543  -11.332 0.0000000000
129566  9.034  34.844  -9.946 0.0000000000
129567  8.636  35.113  -10.370 0.0000000000
129568  5.922  35.726  -11.599 0.0000000000
129580  5.531  35.607  -12.426 0.0000000000
130232  9.435  35.868  -7.093 0.0000000000
130233  9.365  36.078  -6.944 0.0000000000
130234  9.268  36.370  -6.922 0.0000000000
130235  8.974  36.527  -6.787 0.0000000000
130236  8.686  36.685  -6.884 0.0000000000
130237  8.487  36.853  -7.393 0.0000000000
130250  9.530  35.593  -7.165 0.0000000000
130251  8.117  36.843  -7.918 0.0000000000
130272  9.519  35.333  -7.375 0.0000000000
130273  7.430  36.867  -8.406 0.0000000000
130274  6.889  37.386  -8.428 0.0000000000
130297  9.326  35.448  -7.905 0.0000000000
130298  7.325  36.441  -8.866 0.0000000000
130299  6.794  36.976  -9.041 0.0000000000
130300  6.326  37.557  -9.353 0.0000000000
130314  9.040  35.508  -8.548 0.0000000000
130315  6.732  36.638  -9.631 0.0000000000
130316  6.313  37.110  -9.913 0.0000000000
130331  8.740  35.754  -9.154 0.0000000000
130332  8.487  36.002  -9.834 0.0000000000
130333  5.620  37.157  -10.738 0.0000000000
130334  5.072  37.378  -11.664 0.0000000000
130343  8.053  35.999  -10.642 0.0000000000
130957  9.214  36.305  -7.102 0.0000000000
130958  9.176  36.713  -6.836 0.0000000000
130959  9.049  37.154  -6.605 0.0000000000
130960  8.755  37.324  -6.391 0.0000000000
130961  8.428  37.461  -6.370 0.0000000000
130962  8.043  37.534  -6.537 0.0000000000
130978  9.183  36.436  -7.048 0.0000000000
130979  9.070  37.306  -6.836 0.0000000000
130980  7.605  37.640  -7.065 0.0000000000
130981  7.110  38.046  -7.377 0.0000000000
130996  9.213  36.647  -7.165 0.0000000000
130997  8.973  37.574  -6.972 0.0000000000
130998  7.429  37.466  -7.720 0.0000000000
130999  6.892  37.863  -7.951 0.0000000000
131016  9.033  36.327  -7.587 0.0000000000
131017  6.582  37.905  -8.490 0.0000000000
131018  6.303  37.999  -8.964 0.0000000000
131030  8.950  36.394  -8.176 0.0000000000
131031  8.526  36.797  -8.465 0.0000000000
131032  5.842  38.136  -9.550 0.0000000000
131033  5.378  38.524  -10.199 0.0000000000
131048  8.641  36.216  -8.642 0.0000000000
131049  8.533  36.807  -9.188 0.0000000000
131050  5.592  37.806  -10.220 0.0000000000
131051  5.000  38.243  -10.969 0.0000000000
131059  8.011  37.025  -10.174 0.0000000000
131653  8.652  38.104  -6.462 0.0000000000
131654  8.535  38.200  -6.140 0.0000000000
131655  8.275  38.314  -6.009 0.0000000000
131656  7.935  38.392  -6.047 0.0000000000
131657  7.536  38.499  -6.436 0.0000000000
131677  8.749  38.270  -6.737 0.0000000000
131678  7.129  38.666  -6.960 0.0000000000
131679  6.790  38.739  -7.496 0.0000000000
131689  8.951  37.358  -7.311 0.0000000000
131690  8.795  38.288  -7.080 0.0000000000
131691  6.465  38.857  -8.179 0.0000000000
131692  6.189  39.479  -8.423 0.0000000000
131710  8.615  37.093  -7.801 0.0000000000
131711  8.672  38.109  -7.644 0.0000000000
131712  6.368  38.455  -8.630 0.0000000000
131713  6.035  39.044  -8.936 0.0000000000
131729  8.533  36.973  -8.159 0.0000000000
131730  8.524  37.710  -8.481 0.0000000000
131731  5.391  39.165  -9.736 0.0000000000
131732  4.794  39.198  -10.513 0.0000000000
131746  8.217  37.923  -9.523 0.0000000000
132339  8.521  39.106  -6.208 0.0000000000
132340  8.421  39.174  -6.025 0.0000000000
132341  8.207  39.268  -5.835 0.0000000000
132342  7.970  39.361  -5.801 0.0000000000
132343  7.636  39.486  -6.107 0.0000000000
132363  8.586  39.163  -6.417 0.0000000000
132364  7.241  39.542  -6.638 0.0000000000
132365  6.834  39.647  -7.165 0.0000000000
132366  6.532  40.075  -7.524 0.0000000000
132388  8.678  39.231  -6.777 0.0000000000
132389  6.579  39.446  -7.653 0.0000000000
132390  6.287  39.913  -8.000 0.0000000000
132412  8.705  39.187  -7.358 0.0000000000
132413  5.800  40.054  -8.565 0.0000000000
132429  8.593  39.046  -8.194 0.0000000000
132430  5.358  39.988  -9.279 0.0000000000
132431  4.676  40.048  -9.972 0.0000000000
132432  4.096  40.616  -10.596 0.0000000000
132441  8.338  38.961  -9.146 0.0000000000
132442  7.882  39.365  -9.700 0.0000000000
132443  4.353  39.983  -10.865 0.0000000000
132449  7.942  38.750  -9.839 0.0000000000
133017  8.406  40.076  -6.053 0.0000000000
133018  8.205  40.277  -5.760 0.0000000000
133019  8.006  40.387  -5.658 0.0000000000
133020  7.728  40.532  -5.779 0.0000000000
133021  7.193  40.734  -6.399 0.0000000000
133022  6.725  41.416  -6.588 0.0000000000
133033  8.492  40.182  -6.389 0.0000000000
133034  6.957  40.199  -6.826 0.0000000000
133035  6.489  40.873  -7.133 0.0000000000
133036  6.296  40.446  -7.638 0.0000000000
133053  8.556  40.301  -6.938 0.0000000000
133054  5.955  41.405  -7.441 0.0000000000
133055  5.808  40.923  -7.926 0.0000000000
133067  8.505  40.098  -7.769 0.0000000000
133068  5.017  40.979  -8.914 0.0000000000
133069  4.488  41.518  -9.283 0.0000000000
133079  8.215  40.088  -8.810 0.0000000000
133080  7.800  40.607  -9.242 0.0000000000
133081  4.833  40.522  -9.467 0.0000000000
133082  4.266  41.130  -9.836 0.0000000000
133088  8.037  39.649  -9.336 0.0000000000
133678  8.184  42.264  -5.572 0.0000000000
133679  8.068  42.089  -5.461 0.0000000000
133680  7.871  42.201  -5.416 0.0000000000
133689  8.444  41.164  -5.994 0.0000000000
133690  8.249  41.450  -5.683 0.0000000000
133691  8.039  41.334  -5.524 0.0000000000
133692  7.813  41.658  -5.517 0.0000000000
133693  7.414  41.736  -5.842 0.0000000000
133694  6.881  42.002  -6.211 0.0000000000
133701  8.484  41.186  -6.395 0.0000000000
133702  6.313  42.075  -6.667 0.0000000000
133703  5.784  42.381  -6.995 0.0000000000
133709  8.440  41.268  -6.862 0.0000000000
133710  6.027  41.767  -7.169 0.0000000000
133711  5.443  42.065  -7.576 0.0000000000
133712  4.751  42.388  -8.188 0.0000000000
133716  8.344  40.980  -7.393 0.0000000000
133717  5.153  41.713  -8.319 0.0000000000
133718  4.428  42.085  -8.913 0.0000000000
133719  3.919  42.443  -9.534 0.0000000000
133726  8.204  40.940  -8.095 0.0000000000
133727  7.878  41.103  -8.882 0.0000000000
133728  4.187  41.905  -9.579 0.0000000000
133729  3.547  42.291  -10.340 0.0000000000
134348  8.024  42.644  -5.374 0.0000000000
134349  7.870  42.856  -5.278 0.0000000000
134350  7.622  42.917  -5.257 0.0000000000
134351  7.197  43.248  -5.164 0.0000000000
134362  8.328  41.844  -5.782 0.0000000000
134363  8.165  42.537  -5.554 0.0000000000
134364  7.453  42.501  -5.461 0.0000000000
134365  6.914  42.845  -5.536 0.0000000000
134366  6.294  42.997  -5.983 0.0000000000
134372  8.394  42.210  -5.972 0.0000000000
134373  8.244  42.890  -5.647 0.0000000000
134374  5.762  42.994  -6.535 0.0000000000
134375  5.281  42.994  -7.062 0.0000000000
134384  8.422  41.987  -6.581 0.0000000000
134385  4.683  42.981  -7.637 0.0000000000
134386  3.957  43.125  -8.590 0.0000000000
134387  3.331  43.681  -9.182 0.0000000000
134394  8.293  41.901  -7.286 0.0000000000
134395  8.080  42.386  -7.565 0.0000000000
134396  3.903  42.698  -9.152 0.0000000000
134397  3.333  43.220  -9.761 0.0000000000
134403  8.213  41.438  -7.706 0.0000000000
134404  7.940  41.951  -8.176 0.0000000000
134946  7.767  43.476  -5.155 0.0000000000
134947  7.502  43.723  -4.887 0.0000000000
134948  7.162  43.920  -4.735 0.0000000000
134949  6.592  43.995  -4.956 0.0000000000
134950  6.190  44.494  -5.080 0.0000000000
134960  8.011  43.499  -5.368 0.0000000000
134961  6.442  43.474  -5.463 0.0000000000
134962  5.887  44.062  -5.512 0.0000000000
134963  5.357  44.556  -5.763 0.0000000000
134971  8.393  42.702  -6.340 0.0000000000
134972  8.191  43.308  -5.845 0.0000000000
134973  5.749  43.506  -6.096 0.0000000000
134974  5.028  43.998  -6.451 0.0000000000
134975  4.398  44.571  -6.978 0.0000000000
134987  8.351  42.625  -6.935 0.0000000000
134988  8.162  43.326  -6.572 0.0000000000
134989  4.796  43.506  -7.177 0.0000000000
134990  4.106  44.047  -7.611 0.0000000000
134991  3.299  44.139  -8.740 0.0000000000
134998  8.215  42.534  -7.323 0.0000000000
134999  7.861  43.172  -7.640 0.0000000000
135000  7.335  43.820  -8.095 0.0000000000
135501  6.818  45.352  -4.026 0.0000000000
135502  6.636  45.530  -3.956 0.0000000000
135508  7.625  44.534  -4.858 0.0000000000
135509  7.364  44.489  -4.609 0.0000000000
135510  7.110  44.611  -4.395 0.0000000000
135511  6.653  44.991  -4.209 0.0000000000
135512  6.053  45.072  -4.646 0.0000000000
135513  5.565  45.488  -4.705 0.0000000000
135518  7.849  44.278  -5.348 0.0000000000
135519  5.961  44.701  -5.126 0.0000000000
135520  5.542  45.102  -5.269 0.0000000000
135526  7.833  44.310  -6.030 0.0000000000
135527  7.591  44.906  -6.188 0.0000000000
135528  4.960  45.075  -5.912 0.0000000000
135529  4.419  45.075  -6.551 0.0000000000
135536  7.684  43.865  -6.890 0.0000000000
135537  7.493  44.621  -6.642 0.0000000000
135538  3.842  45.107  -7.293 0.0000000000
135539  2.976  45.156  -8.456 0.0000000000
135540  2.328  45.810  -9.305 0.0000000000
135543  7.626  43.739  -7.294 0.0000000000
135544  7.322  44.212  -7.473 0.0000000000
135545  2.774  44.685  -9.132 0.0000000000
136015  6.835  46.079  -4.137 0.0000000000
136016  6.697  45.913  -4.077 0.0000000000
136017  6.486  46.124  -3.887 0.0000000000
136018  6.227  46.285  -3.744 0.0000000000
136022  7.408  45.377  -4.571 0.0000000000
136023  7.181  45.453  -4.282 0.0000000000
136024  7.085  45.121  -4.135 0.0000000000
136025  6.443  45.756  -3.934 0.0000000000
136026  6.068  45.885  -3.958 0.0000000000
136027  5.574  45.916  -4.308 0.0000000000
136033  7.598  45.213  -4.947 0.0000000000
136034  7.560  45.538  -5.267 0.0000000000
136035  5.137  45.927  -4.814 0.0000000000
136036  4.691  46.252  -5.274 0.0000000000
136042  7.721  44.923  -5.416 0.0000000000
136043  7.550  45.342  -5.813 0.0000000000
136044  4.937  45.670  -5.444 0.0000000000
136045  4.318  45.995  -6.004 0.0000000000
136046  3.630  46.342  -6.669 0.0000000000
136050  7.373  45.359  -6.435 0.0000000000
136051  3.825  45.692  -6.741 0.0000000000
136052  3.183  46.135  -7.568 0.0000000000
136056  7.112  45.154  -7.081 0.0000000000
136603  6.400  47.476  -3.342 0.0000000000
136604  6.205  47.418  -3.267 0.0000000000
136609  6.611  46.556  -4.005 0.0000000000
136610  6.394  47.059  -3.602 0.0000000000
136611  6.158  46.954  -3.462 0.0000000000
136612  5.904  46.754  -3.556 0.0000000000
136619  7.196  45.904  -4.381 0.0000000000
136620  6.845  46.426  -4.190 0.0000000000
136621  5.579  46.634  -3.828 0.0000000000
136622  5.119  46.661  -4.252 0.0000000000
136623  4.702  47.193  -4.543 0.0000000000
136629  7.350  45.888  -4.623 0.0000000000
136630  7.411  46.061  -4.937 0.0000000000
136631  4.761  46.600  -4.812 0.0000000000
136632  4.334  47.147  -5.432 0.0000000000
136633  3.705  47.609  -6.262 0.0000000000
136638  7.346  46.205  -5.456 0.0000000000
136639  3.887  46.881  -6.296 0.0000000000
136640  3.100  47.221  -7.035 0.0000000000
136644  7.179  46.158  -6.179 0.0000000000
136645  6.656  46.465  -6.616 0.0000000000
136646  2.332  47.164  -8.182 0.0000000000
136651  6.947  45.880  -6.810 0.0000000000
137193  6.278  47.780  -3.055 0.0000000000
137194  5.925  47.774  -2.962 0.0000000000
137195  5.612  48.096  -2.870 0.0000000000
137200  6.571  47.346  -3.703 0.0000000000
137201  6.471  47.752  -3.214 0.0000000000
137202  5.885  47.270  -3.292 0.0000000000
137203  5.458  47.639  -3.327 0.0000000000
137204  4.764  48.258  -3.586 0.0000000000
137205  4.489  48.527  -3.779 0.0000000000
137206  4.371  48.723  -3.812 0.0000000000
137211  7.108  46.498  -4.471 0.0000000000
137212  6.832  47.305  -4.127 0.0000000000
137213  5.282  47.085  -3.814 0.0000000000
137214  4.918  47.468  -3.935 0.0000000000
137215  4.386  48.230  -4.462 0.0000000000
137216  4.299  48.696  -4.021 0.0000000000
137220  7.276  46.395  -4.702 0.0000000000
137221  7.114  47.157  -4.873 0.0000000000
137222  6.804  47.857  -4.997 0.0000000000
137223  3.665  48.299  -5.667 0.0000000000
137224  2.843  48.218  -6.608 0.0000000000
137228  6.898  46.897  -5.819 0.0000000000
137229  6.491  47.704  -5.517 0.0000000000
137234  6.725  46.701  -6.296 0.0000000000
137778  6.536  48.601  -2.938 0.0000000000
137779  6.365  48.438  -2.803 0.0000000000
137780  6.012  48.512  -2.593 0.0000000000
137781  5.509  48.708  -2.563 0.0000000000
137782  5.131  49.176  -2.407 0.0000000000
137787  6.618  48.164  -3.451 0.0000000000
137788  6.541  48.076  -3.169 0.0000000000
137789  5.401  48.298  -2.859 0.0000000000
137790  4.987  48.782  -2.835 0.0000000000
137791  4.412  49.031  -3.450 0.0000000000
137792  4.418  48.834  -3.606 0.0000000000
137798  6.718  48.216  -4.159 0.0000000000
137799  6.305  48.751  -4.303 0.0000000000
137800  4.084  49.105  -4.074 0.0000000000
137801  4.286  48.947  -3.781 0.0000000000
137806  6.827  47.940  -4.721 0.0000000000
137807  6.353  48.457  -4.948 0.0000000000
137808  3.603  49.134  -4.936 0.0000000000
137809  2.558  49.293  -6.111 0.0000000000
138392  6.066  49.564  -2.486 0.0000000000
138393  5.884  49.587  -2.329 0.0000000000
138394  5.697  49.765  -2.107 0.0000000000
138395  5.394  49.973  -1.941 0.0000000000
138399  6.481  48.898  -2.776 0.0000000000
138400  6.301  49.190  -2.646 0.0000000000
138401  6.047  49.127  -2.380 0.0000000000
138402  5.667  49.322  -2.267 0.0000000000
138403  5.130  49.714  -2.074 0.0000000000
138404  4.693  50.050  -2.135 0.0000000000
138410  6.550  48.841  -3.002 0.0000000000
138411  6.370  49.242  -3.071 0.0000000000
138412  4.875  49.498  -2.356 0.0000000000
138413  4.405  49.845  -2.703 0.0000000000
138418  6.532  48.694  -3.410 0.0000000000
138419  6.205  49.073  -3.752 0.0000000000
138420  3.823  49.903  -3.530 0.0000000000
138421  3.263  50.248  -4.027 0.0000000000
138424  5.758  49.274  -4.519 0.0000000000
138425  5.113  49.705  -5.142 0.0000000000
138426  3.545  49.675  -4.273 0.0000000000
138427  2.831  50.028  -4.831 0.0000000000
138428  2.211  50.390  -5.826 0.0000000000
138434  5.479  49.119  -5.330 0.0000000000
138952  5.798  49.801  -2.236 0.0000000000
138953  5.643  50.161  -2.123 0.0000000000
138954  5.341  50.435  -1.909 0.0000000000
138955  4.964  50.643  -1.806 0.0000000000
138956  4.510  51.089  -1.825 0.0000000000
138962  5.913  49.765  -2.440 0.0000000000
138963  5.622  50.251  -2.431 0.0000000000
138964  4.729  50.447  -1.897 0.0000000000
138965  4.224  50.840  -2.115 0.0000000000
138971  5.975  49.801  -2.729 0.0000000000
138972  5.651  50.239  -2.673 0.0000000000
138973  3.594  50.799  -2.792 0.0000000000
138974  3.047  51.221  -3.272 0.0000000000
138977  5.858  49.780  -3.287 0.0000000000
138978  5.450  50.228  -3.741 0.0000000000
138979  3.271  50.609  -3.491 0.0000000000
138980  2.543  50.952  -4.001 0.0000000000
138981  2.049  51.593  -4.874 0.0000000000
138982  1.512  52.043  -5.637 0.0000000000
138986  5.661  49.697  -3.920 0.0000000000
138987  5.088  50.288  -4.562 0.0000000000
138989  2.310  50.819  -5.014 0.0000000000
138990  1.819  51.256  -5.770 0.0000000000
139463  5.244  50.860  -1.927 0.0000000000
139464  4.930  51.261  -1.813 0.0000000000
139465  4.465  51.673  -1.772 0.0000000000
139466  3.952  51.855  -1.717 0.0000000000
139472  5.305  50.922  -2.189 0.0000000000
139473  3.438  51.865  -2.229 0.0000000000
139474  2.842  52.288  -2.625 0.0000000000
139478  5.670  50.183  -2.919 0.0000000000
139479  5.282  50.809  -2.832 0.0000000000
139480  3.115  51.636  -2.804 0.0000000000
139481  2.461  52.075  -3.357 0.0000000000
139482  1.833  52.605  -4.009 0.0000000000
139487  5.477  50.389  -3.284 0.0000000000
139488  5.015  50.995  -3.828 0.0000000000
139489  2.170  51.954  -4.185 0.0000000000
139490  1.531  52.564  -4.861 0.0000000000
139497  4.513  51.316  -4.839 0.0000000000
139977  4.898  51.608  -1.917 0.0000000000
139978  4.417  52.399  -1.706 0.0000000000
139979  3.913  52.777  -1.498 0.0000000000
139980  3.129  53.094  -1.826 0.0000000000
139981  2.512  53.845  -2.233 0.0000000000
139988  4.858  51.882  -2.390 0.0000000000
139989  4.597  52.466  -1.904 0.0000000000
139990  2.907  52.615  -2.258 0.0000000000
139991  2.253  53.429  -2.952 0.0000000000
139992  1.240  54.126  -3.493 0.0000000000
139997  4.790  51.838  -3.315 0.0000000000
139998  1.961  52.947  -3.633 0.0000000000
139999  1.029  53.710  -4.369 0.0000000000
140006  4.294  52.092  -4.421 0.0000000000
140008  0.957  53.288  -5.282 0.0000000000
140440  4.255  53.347  -1.610 0.0000000000
140441  3.914  53.636  -1.354 0.0000000000
140442  3.333  54.050  -1.336 0.0000000000
140443  2.305  54.659  -1.959 0.0000000000
140444  1.351  55.426  -2.034 0.0000000000
140448  4.617  52.560  -2.898 0.0000000000
140449  4.501  53.080  -2.190 0.0000000000
140450  2.046  54.218  -2.491 0.0000000000
140451  1.014  55.090  -3.155 0.0000000000
140455  4.423  52.671  -3.749 0.0000000000
140456  4.295  53.326  -3.174 0.0000000000
140457  0.730  54.562  -3.913 0.0000000000
140464  4.194  52.722  -4.329 0.0000000000
140909  3.570  54.827  -1.230 0.0000000000
140910  3.388  54.980  -1.150 0.0000000000
140911  3.070  55.276  -1.113 0.0000000000
140917  4.199  53.888  -1.710 0.0000000000
140918  3.744  54.492  -1.346 0.0000000000
140919  3.437  54.662  -1.187 0.0000000000
140920  2.553  55.511  -1.214 0.0000000000
140921  1.461  55.927  -1.412 0.0000000000
140926  4.041  53.950  -2.423 0.0000000000
140927  0.716  56.333  -2.255 0.0000000000
140933  3.715  54.221  -3.562 0.0000000000
141365  3.256  55.336  -1.347 0.0000000000
141366  3.002  55.536  -1.170 0.0000000000
141367  2.594  55.919  -1.167 0.0000000000
141372  3.786  54.483  -1.864 0.0000000000
141373  3.334  55.528  -1.858 0.0000000000
141374  2.086  56.563  -0.844 0.0000000000
141375  1.394  56.970  -1.054 0.0000000000
141376  0.547  57.818  -1.526 0.0000000000
141379  3.634  54.884  -2.628 0.0000000000
141380  2.903  55.851  -2.806 0.0000000000
141381  0.812  56.935  -1.517 0.0000000000
141382  0.053  57.933  -2.743 0.0000000000
141792  2.897  55.860  -1.366 0.0000000000
141793  2.662  56.267  -1.226 0.0000000000
141794  2.293  56.750  -0.943 0.0000000000
141800  2.799  56.634  -1.508 0.0000000000
141801  2.313  57.353  -1.174 0.0000000000
141802  1.572  57.709  -1.155 0.0000000000
141803  0.655  58.474  -1.469 0.0000000000
141804  -0.188  59.063  -2.389 0.0000000000
141809  2.702  57.176  -2.190 0.0000000000
142179  2.363  57.696  -1.437 0.0000000000
142180  1.413  58.723  -1.963 0.0000000000
142181  0.563  59.478  -1.932 0.0000000000
142182  -0.276  60.078  -2.322 0.0000000000
142188  2.309  57.843  -1.761 0.0000000000
142566  -0.289  61.321  -2.581 0.0000000000
