#!ascii label  , from subject subject001 vox2ras=TkReg
1619
80593  34.252  -13.979  9.788 0.0000000000
81755  34.211  -13.817  10.580 0.0000000000
81756  33.985  -13.527  10.311 0.0000000000
81768  34.310  -14.087  10.329 0.0000000000
81769  34.059  -13.737  10.051 0.0000000000
81775  34.012  -13.638  9.493 0.0000000000
81782  34.248  -13.753  8.914 0.0000000000
82944  34.772  -13.520  11.411 0.0000000000
82945  34.464  -13.163  11.199 0.0000000000
82963  34.592  -13.817  11.266 0.0000000000
82964  34.290  -13.454  11.008 0.0000000000
82965  33.957  -13.288  10.444 0.0000000000
82979  33.785  -13.308  10.106 0.0000000000
82990  33.598  -13.158  9.603 0.0000000000
82991  33.321  -12.782  9.094 0.0000000000
82998  33.532  -13.245  8.993 0.0000000000
82999  33.264  -12.678  8.618 0.0000000000
83006  33.699  -13.063  8.224 0.0000000000
83007  33.213  -12.529  8.211 0.0000000000
83025  34.836  -12.504  6.963 0.0000000000
84079  36.684  -12.338  11.158 0.0000000000
84080  36.230  -12.502  11.396 0.0000000000
84081  35.700  -12.723  11.478 0.0000000000
84082  35.111  -12.825  11.450 0.0000000000
84083  34.635  -12.848  11.207 0.0000000000
84090  38.263  -12.297  9.281 0.0000000000
84091  37.688  -12.495  9.838 0.0000000000
84092  37.106  -12.680  10.658 0.0000000000
84093  34.327  -12.846  10.933 0.0000000000
84094  34.006  -12.816  10.518 0.0000000000
84105  33.694  -12.799  9.954 0.0000000000
84119  33.384  -12.514  9.345 0.0000000000
84120  33.184  -12.262  8.789 0.0000000000
84130  33.054  -12.120  8.270 0.0000000000
84138  33.831  -12.717  7.701 0.0000000000
84139  33.262  -12.156  7.726 0.0000000000
84148  34.117  -12.318  7.254 0.0000000000
84149  33.667  -11.544  7.045 0.0000000000
84157  35.749  -12.082  6.302 0.0000000000
84158  34.740  -11.778  6.366 0.0000000000
84159  33.936  -11.167  6.615 0.0000000000
84168  36.217  -11.616  5.798 0.0000000000
84169  35.163  -11.351  5.757 0.0000000000
84179  36.746  -10.960  5.497 0.0000000000
85166  37.029  -11.106  11.135 0.0000000000
85167  36.507  -11.603  11.308 0.0000000000
85168  35.903  -11.883  11.390 0.0000000000
85169  35.408  -12.160  11.240 0.0000000000
85170  34.882  -12.219  10.879 0.0000000000
85171  34.542  -12.565  10.878 0.0000000000
85176  38.078  -11.260  9.965 0.0000000000
85177  37.368  -11.596  10.624 0.0000000000
85178  36.985  -11.827  11.121 0.0000000000
85179  34.695  -11.860  10.425 0.0000000000
85180  34.353  -12.254  10.442 0.0000000000
85181  33.906  -12.247  9.943 0.0000000000
85186  38.539  -11.604  9.126 0.0000000000
85187  33.569  -12.179  9.513 0.0000000000
85200  33.301  -11.844  8.963 0.0000000000
85201  33.052  -11.586  8.351 0.0000000000
85213  32.985  -11.380  7.844 0.0000000000
85225  33.064  -11.088  7.317 0.0000000000
85236  33.397  -10.773  6.769 0.0000000000
85246  34.745  -11.153  5.848 0.0000000000
85247  34.112  -10.683  6.122 0.0000000000
85254  36.261  -10.902  5.401 0.0000000000
85255  35.231  -10.695  5.321 0.0000000000
85256  34.301  -10.255  5.566 0.0000000000
85265  36.791  -10.345  5.043 0.0000000000
85266  35.607  -10.182  4.905 0.0000000000
85270  37.368  -9.813  4.628 0.0000000000
86295  37.006  -10.635  11.025 0.0000000000
86296  36.622  -10.784  11.171 0.0000000000
86297  36.059  -11.082  11.219 0.0000000000
86298  35.550  -11.482  11.072 0.0000000000
86299  35.222  -11.812  10.919 0.0000000000
86304  38.852  -9.756  9.564 0.0000000000
86305  38.310  -10.104  10.104 0.0000000000
86306  37.497  -10.455  10.665 0.0000000000
86307  36.823  -10.225  10.700 0.0000000000
86308  36.251  -10.398  10.655 0.0000000000
86309  35.695  -10.799  10.589 0.0000000000
86310  35.088  -11.413  10.405 0.0000000000
86311  34.509  -11.601  9.893 0.0000000000
86312  34.140  -11.894  9.893 0.0000000000
86317  39.313  -10.075  9.098 0.0000000000
86318  38.673  -10.640  9.408 0.0000000000
86319  34.484  -11.124  9.314 0.0000000000
86320  33.934  -11.423  9.183 0.0000000000
86333  33.324  -10.987  8.388 0.0000000000
86334  32.983  -10.731  7.866 0.0000000000
86345  32.937  -10.469  7.388 0.0000000000
86356  32.908  -10.143  6.860 0.0000000000
86357  32.875  -9.662  6.405 0.0000000000
86369  33.245  -10.082  6.367 0.0000000000
86370  32.976  -9.565  6.033 0.0000000000
86380  33.585  -9.788  5.710 0.0000000000
86381  33.112  -9.386  5.771 0.0000000000
86386  35.164  -10.138  4.824 0.0000000000
86387  34.448  -9.866  4.960 0.0000000000
86390  36.894  -9.697  4.625 0.0000000000
86391  35.696  -9.525  4.622 0.0000000000
86392  34.593  -9.327  4.607 0.0000000000
86396  37.561  -9.259  4.177 0.0000000000
86397  36.293  -8.916  4.337 0.0000000000
87379  38.865  -9.318  9.511 0.0000000000
87380  38.428  -9.312  9.762 0.0000000000
87381  37.760  -9.496  10.164 0.0000000000
87382  37.083  -9.599  10.250 0.0000000000
87383  36.399  -9.558  9.752 0.0000000000
87384  35.864  -10.038  9.759 0.0000000000
87385  35.326  -10.580  9.600 0.0000000000
87386  34.834  -11.030  9.575 0.0000000000
87391  39.305  -9.229  9.338 0.0000000000
87392  38.771  -9.037  9.486 0.0000000000
87393  35.993  -8.996  8.886 0.0000000000
87394  35.756  -9.212  8.871 0.0000000000
87395  35.318  -9.568  8.742 0.0000000000
87396  34.639  -10.243  8.668 0.0000000000
87397  33.792  -10.087  8.296 0.0000000000
87409  33.260  -9.941  7.878 0.0000000000
87410  32.923  -9.799  7.417 0.0000000000
87424  32.767  -9.616  6.945 0.0000000000
87437  32.716  -9.398  6.502 0.0000000000
87438  32.730  -9.228  6.093 0.0000000000
87449  32.877  -9.189  5.805 0.0000000000
87459  33.737  -9.466  5.244 0.0000000000
87460  33.238  -9.056  5.380 0.0000000000
87462  33.939  -9.157  4.855 0.0000000000
87463  33.518  -8.576  4.771 0.0000000000
87466  35.662  -8.820  4.289 0.0000000000
87467  34.561  -8.600  4.320 0.0000000000
87468  33.686  -8.292  4.507 0.0000000000
87470  37.618  -8.576  3.722 0.0000000000
87471  36.267  -8.261  3.950 0.0000000000
87472  34.962  -8.127  3.864 0.0000000000
87475  36.854  -7.791  3.450 0.0000000000
88476  38.298  -8.842  9.356 0.0000000000
88477  37.728  -8.925  9.431 0.0000000000
88478  37.109  -9.108  9.538 0.0000000000
88479  36.748  -9.260  9.642 0.0000000000
88483  39.374  -8.726  8.891 0.0000000000
88484  38.633  -8.682  9.033 0.0000000000
88485  37.628  -8.440  8.595 0.0000000000
88486  36.793  -8.445  8.524 0.0000000000
88487  36.205  -8.702  8.730 0.0000000000
88488  35.598  -8.416  8.374 0.0000000000
88489  35.149  -8.375  8.389 0.0000000000
88490  34.639  -8.476  8.405 0.0000000000
88491  34.074  -8.673  8.306 0.0000000000
88498  37.072  -8.053  7.959 0.0000000000
88499  36.866  -8.137  8.071 0.0000000000
88500  33.596  -8.893  8.016 0.0000000000
88501  33.161  -8.977  7.558 0.0000000000
88513  32.775  -8.944  7.011 0.0000000000
88528  32.635  -8.926  6.519 0.0000000000
88529  32.600  -8.852  6.123 0.0000000000
88543  32.747  -8.688  5.647 0.0000000000
88554  32.894  -8.347  4.983 0.0000000000
88558  33.246  -7.598  4.182 0.0000000000
88559  33.186  -8.080  4.535 0.0000000000
88562  34.211  -7.694  4.020 0.0000000000
88563  33.708  -8.022  4.334 0.0000000000
88565  35.927  -7.435  3.431 0.0000000000
88566  35.141  -7.742  3.686 0.0000000000
89553  35.336  -5.730  9.767 0.0000000000
89554  35.148  -5.597  10.134 0.0000000000
89555  35.045  -5.476  10.363 0.0000000000
89561  35.420  -6.443  8.877 0.0000000000
89562  35.072  -6.402  9.226 0.0000000000
89563  34.803  -6.024  9.751 0.0000000000
89564  34.393  -6.066  9.702 0.0000000000
89565  34.190  -5.955  9.699 0.0000000000
89571  39.205  -8.380  8.294 0.0000000000
89572  38.501  -8.333  8.412 0.0000000000
89573  38.065  -8.356  8.480 0.0000000000
89574  36.420  -7.896  7.923 0.0000000000
89575  35.837  -7.582  8.021 0.0000000000
89576  35.361  -7.505  8.359 0.0000000000
89577  35.024  -7.295  8.667 0.0000000000
89578  34.588  -7.091  8.877 0.0000000000
89579  34.240  -6.870  8.928 0.0000000000
89588  38.943  -8.037  7.539 0.0000000000
89589  37.978  -7.875  7.619 0.0000000000
89590  37.271  -7.861  7.795 0.0000000000
89591  36.567  -7.734  7.730 0.0000000000
89592  36.176  -7.573  7.745 0.0000000000
89593  33.841  -7.639  8.407 0.0000000000
89594  33.521  -8.072  7.848 0.0000000000
89603  33.229  -8.184  7.202 0.0000000000
89616  32.796  -8.164  6.323 0.0000000000
89617  32.584  -8.567  6.181 0.0000000000
89632  32.682  -7.678  5.368 0.0000000000
89633  32.576  -8.323  5.786 0.0000000000
89650  32.766  -7.368  4.640 0.0000000000
89651  32.683  -8.001  5.158 0.0000000000
89663  32.874  -7.155  4.077 0.0000000000
89664  32.871  -7.726  4.592 0.0000000000
89667  33.447  -7.067  3.731 0.0000000000
89669  35.457  -6.970  3.365 0.0000000000
89670  34.672  -7.034  3.547 0.0000000000
89673  35.223  -6.637  3.311 0.0000000000
90623  37.171  -4.540  12.234 0.0000000000
90624  36.933  -4.595  12.253 0.0000000000
90635  36.977  -4.642  11.931 0.0000000000
90636  36.560  -4.688  11.688 0.0000000000
90637  36.083  -4.803  11.401 0.0000000000
90638  35.849  -4.719  11.448 0.0000000000
90646  36.809  -4.744  10.650 0.0000000000
90647  36.663  -4.754  10.878 0.0000000000
90648  35.870  -5.319  10.116 0.0000000000
90649  35.582  -5.181  10.661 0.0000000000
90650  35.447  -4.957  10.942 0.0000000000
90651  35.267  -4.821  10.884 0.0000000000
90656  36.605  -4.857  10.096 0.0000000000
90657  36.141  -5.403  9.409 0.0000000000
90658  35.796  -6.325  8.605 0.0000000000
90659  35.033  -5.313  10.551 0.0000000000
90660  34.807  -5.281  10.465 0.0000000000
90661  34.442  -5.459  10.153 0.0000000000
90666  36.384  -5.310  8.891 0.0000000000
90667  36.193  -6.289  8.240 0.0000000000
90668  36.085  -7.084  7.883 0.0000000000
90669  34.244  -5.733  9.793 0.0000000000
90677  37.642  -7.176  6.864 0.0000000000
90678  36.526  -6.336  7.441 0.0000000000
90679  36.353  -7.141  7.560 0.0000000000
90680  36.261  -7.368  7.638 0.0000000000
90681  34.053  -6.277  8.891 0.0000000000
90682  33.776  -7.251  8.190 0.0000000000
90698  37.954  -6.544  6.346 0.0000000000
90699  36.988  -6.046  6.844 0.0000000000
90700  36.737  -5.756  7.222 0.0000000000
90701  33.934  -6.757  7.819 0.0000000000
90702  33.588  -7.522  7.625 0.0000000000
90719  38.474  -6.460  5.737 0.0000000000
90720  34.056  -6.859  7.201 0.0000000000
90721  33.598  -7.344  6.895 0.0000000000
90734  33.246  -7.249  5.761 0.0000000000
90748  32.927  -6.913  4.817 0.0000000000
90761  32.961  -6.738  4.134 0.0000000000
90770  33.232  -6.544  3.783 0.0000000000
90773  33.857  -6.426  3.466 0.0000000000
90777  34.630  -6.361  3.356 0.0000000000
91778  37.573  -4.186  12.364 0.0000000000
91779  37.277  -4.394  12.405 0.0000000000
91780  36.855  -4.395  12.636 0.0000000000
91781  36.567  -4.238  12.751 0.0000000000
91782  36.335  -4.129  12.655 0.0000000000
91792  37.818  -4.038  11.812 0.0000000000
91793  37.641  -4.243  11.963 0.0000000000
91794  37.129  -4.605  11.607 0.0000000000
91795  36.466  -4.561  12.194 0.0000000000
91796  36.210  -4.504  12.144 0.0000000000
91797  35.968  -4.347  12.062 0.0000000000
91806  37.731  -4.040  11.318 0.0000000000
91807  37.105  -4.564  10.882 0.0000000000
91808  36.987  -4.667  11.192 0.0000000000
91809  35.712  -4.374  11.595 0.0000000000
91810  35.516  -4.413  11.208 0.0000000000
91816  37.774  -3.861  9.595 0.0000000000
91817  37.438  -4.126  10.026 0.0000000000
91818  36.830  -4.708  9.735 0.0000000000
91819  34.962  -4.815  10.680 0.0000000000
91820  34.568  -5.021  10.354 0.0000000000
91827  37.865  -3.817  9.206 0.0000000000
91828  37.482  -4.360  8.722 0.0000000000
91829  36.819  -4.916  8.717 0.0000000000
91830  34.389  -5.167  9.795 0.0000000000
91841  37.263  -4.839  7.660 0.0000000000
91842  36.922  -5.291  7.755 0.0000000000
91843  34.351  -5.225  9.118 0.0000000000
91859  37.878  -5.497  6.092 0.0000000000
91860  37.263  -5.246  6.778 0.0000000000
91861  36.930  -5.411  7.188 0.0000000000
91862  34.373  -5.698  8.275 0.0000000000
91878  34.435  -6.235  7.071 0.0000000000
91879  34.070  -6.850  6.872 0.0000000000
91898  34.482  -6.084  5.920 0.0000000000
91899  33.985  -6.756  6.268 0.0000000000
91916  34.321  -5.935  5.352 0.0000000000
91917  33.768  -6.327  5.186 0.0000000000
91927  33.283  -6.152  4.254 0.0000000000
91936  33.408  -6.049  3.723 0.0000000000
91938  33.611  -5.791  3.405 0.0000000000
92870  37.116  -3.522  13.719 0.0000000000
92871  36.946  -3.495  13.752 0.0000000000
92872  36.773  -3.408  13.660 0.0000000000
92881  38.299  -3.481  12.389 0.0000000000
92882  37.808  -3.860  12.612 0.0000000000
92883  37.233  -3.854  13.298 0.0000000000
92884  36.846  -3.880  13.281 0.0000000000
92885  36.569  -3.659  13.235 0.0000000000
92886  36.305  -3.674  12.839 0.0000000000
92896  38.101  -3.836  11.954 0.0000000000
92897  37.848  -3.985  12.206 0.0000000000
92898  36.060  -3.715  12.434 0.0000000000
92911  39.112  -2.747  10.241 0.0000000000
92912  38.868  -2.982  10.427 0.0000000000
92913  38.359  -3.500  10.952 0.0000000000
92914  35.863  -3.813  12.104 0.0000000000
92915  35.829  -3.720  11.872 0.0000000000
92929  38.875  -2.887  9.644 0.0000000000
92930  38.262  -3.495  9.824 0.0000000000
92931  37.952  -3.726  10.121 0.0000000000
92932  35.660  -3.903  11.286 0.0000000000
92933  35.130  -4.626  10.700 0.0000000000
92944  38.710  -3.020  8.355 0.0000000000
92945  38.064  -3.763  8.630 0.0000000000
92946  37.649  -4.376  8.153 0.0000000000
92947  35.698  -3.780  10.969 0.0000000000
92948  35.235  -4.355  10.458 0.0000000000
92960  38.473  -3.291  7.095 0.0000000000
92961  38.081  -3.893  7.449 0.0000000000
92962  37.639  -4.446  7.558 0.0000000000
92963  34.845  -4.486  9.587 0.0000000000
92975  38.087  -4.425  6.181 0.0000000000
92976  37.644  -4.622  6.733 0.0000000000
92977  34.700  -4.634  8.698 0.0000000000
92986  34.822  -4.953  7.660 0.0000000000
92997  34.991  -5.297  6.472 0.0000000000
93013  34.729  -5.400  5.307 0.0000000000
93014  34.243  -5.816  5.052 0.0000000000
93024  34.659  -5.101  4.696 0.0000000000
93025  34.126  -5.508  4.452 0.0000000000
93034  33.649  -5.397  3.672 0.0000000000
93037  33.714  -5.167  3.278 0.0000000000
93925  37.387  -2.867  13.889 0.0000000000
93926  37.181  -3.111  13.949 0.0000000000
93927  36.854  -2.975  14.004 0.0000000000
93928  36.568  -2.917  13.753 0.0000000000
93929  36.380  -2.617  13.579 0.0000000000
93938  38.338  -3.084  12.844 0.0000000000
93939  37.645  -3.167  13.518 0.0000000000
93940  37.289  -3.426  13.660 0.0000000000
93941  36.435  -3.173  13.365 0.0000000000
93942  36.232  -2.889  13.150 0.0000000000
93953  39.859  -2.041  11.116 0.0000000000
93954  39.465  -2.357  11.452 0.0000000000
93955  38.834  -3.030  11.953 0.0000000000
93956  36.196  -2.985  12.737 0.0000000000
93957  36.176  -2.726  12.672 0.0000000000
93969  39.509  -2.380  10.514 0.0000000000
93970  38.967  -2.888  11.153 0.0000000000
93971  38.754  -3.162  11.393 0.0000000000
93972  36.148  -3.312  12.362 0.0000000000
93973  36.233  -2.992  12.228 0.0000000000
93985  40.406  -1.645  9.054 0.0000000000
93986  39.710  -2.152  9.248 0.0000000000
93987  36.356  -2.894  11.846 0.0000000000
93993  40.089  -1.816  8.343 0.0000000000
93994  39.250  -2.491  7.862 0.0000000000
93995  36.322  -3.176  11.280 0.0000000000
93996  35.847  -3.651  10.722 0.0000000000
94005  39.590  -2.052  7.247 0.0000000000
94006  38.840  -2.715  6.679 0.0000000000
94007  36.411  -3.205  10.748 0.0000000000
94008  35.754  -3.738  10.066 0.0000000000
94021  35.346  -3.924  9.167 0.0000000000
94031  35.643  -3.531  8.094 0.0000000000
94032  35.412  -3.879  8.227 0.0000000000
94042  35.658  -3.574  7.781 0.0000000000
94043  35.507  -4.177  7.065 0.0000000000
94054  35.506  -4.556  5.846 0.0000000000
94062  35.120  -4.560  4.807 0.0000000000
94063  34.551  -4.824  4.303 0.0000000000
94071  34.731  -4.225  4.031 0.0000000000
94072  34.158  -4.694  3.614 0.0000000000
94075  33.616  -4.585  3.114 0.0000000000
95028  37.253  -2.708  14.045 0.0000000000
95029  37.023  -2.363  14.155 0.0000000000
95030  36.625  -2.295  14.034 0.0000000000
95031  36.321  -2.108  13.853 0.0000000000
95032  36.123  -1.979  13.565 0.0000000000
95043  38.191  -2.387  13.363 0.0000000000
95044  37.533  -2.352  13.856 0.0000000000
95045  37.236  -1.924  14.071 0.0000000000
95046  35.987  -1.923  13.208 0.0000000000
95047  35.838  -1.526  13.103 0.0000000000
95060  39.836  -1.769  11.491 0.0000000000
95061  39.426  -2.051  12.074 0.0000000000
95062  38.816  -2.232  12.716 0.0000000000
95063  36.019  -2.238  12.976 0.0000000000
95064  36.008  -1.894  12.821 0.0000000000
95075  40.606  -1.158  10.307 0.0000000000
95076  40.224  -1.576  10.725 0.0000000000
95077  36.349  -2.017  12.385 0.0000000000
95088  40.593  -1.440  9.729 0.0000000000
95089  40.075  -1.875  10.108 0.0000000000
95090  36.572  -2.087  11.871 0.0000000000
95091  36.642  -1.575  11.798 0.0000000000
95101  41.224  -0.878  8.410 0.0000000000
95102  40.880  -1.245  8.691 0.0000000000
95103  36.749  -2.062  11.313 0.0000000000
95104  36.687  -1.343  11.730 0.0000000000
95110  41.047  -0.972  7.911 0.0000000000
95111  40.397  -1.458  7.656 0.0000000000
95112  36.734  -2.824  10.267 0.0000000000
95113  36.016  -3.453  9.485 0.0000000000
95125  40.529  -1.039  6.941 0.0000000000
95127  36.550  -3.014  9.222 0.0000000000
95128  35.753  -3.452  8.805 0.0000000000
95138  36.024  -3.198  8.254 0.0000000000
95139  35.674  -3.491  8.438 0.0000000000
95148  36.024  -3.215  7.267 0.0000000000
95182  34.250  -3.946  3.437 0.0000000000
96123  36.661  -1.795  14.096 0.0000000000
96124  36.336  -1.443  13.910 0.0000000000
96125  36.083  -1.195  13.667 0.0000000000
96126  35.858  -0.975  13.420 0.0000000000
96136  37.979  -1.789  13.578 0.0000000000
96137  37.508  -1.429  13.742 0.0000000000
96138  36.918  -1.448  13.999 0.0000000000
96139  36.504  -1.240  13.958 0.0000000000
96140  35.682  -0.741  13.251 0.0000000000
96141  35.611  -0.750  13.038 0.0000000000
96151  39.663  -1.445  11.886 0.0000000000
96152  39.226  -1.214  12.403 0.0000000000
96153  38.473  -1.483  13.133 0.0000000000
96154  38.017  -1.236  13.449 0.0000000000
96155  35.683  -0.767  12.794 0.0000000000
96156  35.309  -0.029  12.801 0.0000000000
96166  40.452  -0.755  10.624 0.0000000000
96167  40.034  -1.057  11.416 0.0000000000
96168  39.648  -1.051  11.898 0.0000000000
96169  36.302  -1.289  12.311 0.0000000000
96170  35.745  -0.423  12.497 0.0000000000
96182  40.785  -0.755  9.961 0.0000000000
96183  36.529  -1.473  12.018 0.0000000000
96184  36.415  -0.967  12.075 0.0000000000
96196  41.305  -0.670  8.714 0.0000000000
96197  41.096  -0.807  9.317 0.0000000000
96198  37.587  -0.599  10.716 0.0000000000
96199  37.291  -1.224  10.994 0.0000000000
96200  36.671  -0.880  11.723 0.0000000000
96206  41.372  -0.510  8.111 0.0000000000
96207  37.834  -1.056  10.228 0.0000000000
96208  37.495  -2.190  9.845 0.0000000000
96219  41.071  -0.453  7.250 0.0000000000
96220  37.893  -1.494  9.287 0.0000000000
96221  37.209  -2.446  8.773 0.0000000000
96232  36.905  -2.397  7.673 0.0000000000
97185  36.244  -0.796  13.808 0.0000000000
97186  35.968  -0.396  13.651 0.0000000000
97187  35.695  -0.140  13.458 0.0000000000
97198  38.144  -0.420  13.001 0.0000000000
97199  37.755  -0.604  13.330 0.0000000000
97200  37.115  -0.579  13.626 0.0000000000
97201  36.498  -0.507  13.719 0.0000000000
97202  36.100  -0.178  13.680 0.0000000000
97203  35.373  0.107  13.311 0.0000000000
97204  34.876  0.418  13.198 0.0000000000
97205  34.114  1.120  13.217 0.0000000000
97214  38.970  -0.295  12.281 0.0000000000
97215  38.540  -0.594  12.767 0.0000000000
97216  38.226  -0.862  13.197 0.0000000000
97217  35.246  -0.122  12.995 0.0000000000
97218  34.683  0.496  12.978 0.0000000000
97229  40.298  -0.225  10.548 0.0000000000
97230  39.976  -0.174  10.950 0.0000000000
97231  39.526  -0.424  11.756 0.0000000000
97232  34.955  0.474  12.666 0.0000000000
97242  40.528  -0.055  10.126 0.0000000000
97243  40.191  0.177  10.483 0.0000000000
97244  35.715  0.116  12.157 0.0000000000
97255  41.275  -0.305  9.015 0.0000000000
97256  40.984  -0.067  9.459 0.0000000000
97257  37.763  -0.261  10.492 0.0000000000
97258  37.258  0.157  11.057 0.0000000000
97259  36.461  0.093  11.605 0.0000000000
97267  41.477  0.001  8.469 0.0000000000
97268  41.255  0.210  8.937 0.0000000000
97270  38.197  -0.226  9.836 0.0000000000
97271  37.645  0.420  10.518 0.0000000000
97279  41.500  0.204  7.595 0.0000000000
97289  41.127  0.178  6.412 0.0000000000
98246  35.807  0.411  13.597 0.0000000000
98247  35.379  0.752  13.590 0.0000000000
98248  34.629  1.357  13.852 0.0000000000
98249  33.934  1.586  14.052 0.0000000000
98261  38.225  -0.154  12.746 0.0000000000
98262  37.885  0.132  12.856 0.0000000000
98263  37.323  0.254  13.262 0.0000000000
98264  36.686  0.376  13.489 0.0000000000
98265  36.104  0.553  13.599 0.0000000000
98266  35.150  0.665  13.505 0.0000000000
98267  34.565  1.039  13.531 0.0000000000
98268  33.294  1.579  13.715 0.0000000000
98269  32.280  1.783  13.669 0.0000000000
98279  38.950  0.430  11.812 0.0000000000
98280  38.374  0.314  12.429 0.0000000000
98281  37.967  0.652  12.644 0.0000000000
98282  33.327  1.381  13.167 0.0000000000
98283  32.090  1.700  13.365 0.0000000000
98284  31.510  1.839  13.157 0.0000000000
98294  39.876  0.685  10.629 0.0000000000
98295  39.468  0.533  11.211 0.0000000000
98296  33.738  1.224  12.806 0.0000000000
98297  32.301  1.540  12.869 0.0000000000
98298  31.666  1.726  13.055 0.0000000000
98307  40.672  0.751  9.676 0.0000000000
98308  40.294  0.754  10.186 0.0000000000
98309  34.300  1.146  12.336 0.0000000000
98310  32.795  1.534  12.357 0.0000000000
98321  41.030  0.835  9.116 0.0000000000
98322  36.253  0.958  11.274 0.0000000000
98323  35.120  1.216  11.721 0.0000000000
98324  33.380  1.725  11.787 0.0000000000
98333  41.534  0.604  8.116 0.0000000000
98334  41.297  0.840  8.526 0.0000000000
98335  38.484  0.670  9.654 0.0000000000
98336  37.890  1.020  10.217 0.0000000000
98337  36.784  1.259  10.674 0.0000000000
98338  35.492  1.794  11.011 0.0000000000
98339  34.098  2.182  11.108 0.0000000000
98349  41.512  0.993  7.689 0.0000000000
98350  41.451  1.064  8.111 0.0000000000
98352  38.138  1.609  9.548 0.0000000000
98353  37.087  1.980  10.117 0.0000000000
98354  35.871  2.241  10.362 0.0000000000
98355  34.731  2.386  10.467 0.0000000000
98365  41.511  0.993  6.836 0.0000000000
99329  35.915  1.759  13.699 0.0000000000
99330  35.633  1.391  13.706 0.0000000000
99331  34.782  1.737  14.059 0.0000000000
99332  34.044  1.877  14.332 0.0000000000
99333  33.363  1.922  14.286 0.0000000000
99339  37.585  1.013  12.863 0.0000000000
99340  36.909  1.232  13.277 0.0000000000
99341  36.198  1.342  13.559 0.0000000000
99342  35.954  1.101  13.589 0.0000000000
99343  32.752  1.989  14.158 0.0000000000
99344  32.217  2.015  13.836 0.0000000000
99345  31.672  2.193  13.572 0.0000000000
99352  39.086  1.352  11.419 0.0000000000
99353  38.519  1.264  12.012 0.0000000000
99354  38.044  1.167  12.498 0.0000000000
99355  31.869  1.918  13.579 0.0000000000
99356  31.434  2.041  13.301 0.0000000000
99365  40.081  1.509  10.378 0.0000000000
99366  39.590  1.437  10.847 0.0000000000
99367  31.639  1.701  12.816 0.0000000000
99368  31.298  1.966  12.821 0.0000000000
99378  40.835  1.667  9.380 0.0000000000
99379  40.483  1.570  9.907 0.0000000000
99380  31.759  1.712  12.478 0.0000000000
99381  31.377  2.214  12.111 0.0000000000
99393  41.511  2.371  8.512 0.0000000000
99394  41.242  1.839  8.764 0.0000000000
99395  32.077  1.888  11.843 0.0000000000
99396  31.638  2.584  11.415 0.0000000000
99406  41.504  2.077  8.243 0.0000000000
99407  41.451  1.511  8.209 0.0000000000
99408  32.591  2.466  11.086 0.0000000000
99409  31.824  2.979  10.818 0.0000000000
99419  41.602  1.854  7.501 0.0000000000
99420  41.519  1.361  7.898 0.0000000000
99421  37.237  2.437  9.531 0.0000000000
99422  36.189  2.690  9.713 0.0000000000
99423  34.905  2.783  9.779 0.0000000000
99424  33.444  2.917  10.046 0.0000000000
99432  41.460  2.012  6.127 0.0000000000
99434  38.026  2.469  8.970 0.0000000000
99435  36.643  3.101  9.111 0.0000000000
99436  35.303  3.204  9.079 0.0000000000
99437  34.091  3.294  9.064 0.0000000000
99443  37.271  3.404  8.510 0.0000000000
99444  35.688  3.686  8.352 0.0000000000
99445  34.560  3.523  8.434 0.0000000000
99451  37.835  3.639  7.832 0.0000000000
99452  36.576  3.990  7.941 0.0000000000
100399  36.062  2.514  13.758 0.0000000000
100400  35.808  2.293  13.832 0.0000000000
100401  35.083  2.336  14.163 0.0000000000
100402  34.333  2.349  14.395 0.0000000000
100403  33.579  2.355  14.420 0.0000000000
100404  32.904  2.356  14.279 0.0000000000
100409  37.591  2.514  12.662 0.0000000000
100410  37.312  2.066  12.946 0.0000000000
100411  36.383  2.269  13.521 0.0000000000
100412  36.074  1.948  13.658 0.0000000000
100413  32.355  2.445  14.029 0.0000000000
100414  31.784  2.600  13.701 0.0000000000
100415  31.352  2.573  13.335 0.0000000000
100423  38.763  2.197  11.676 0.0000000000
100424  38.044  2.133  12.397 0.0000000000
100425  37.746  1.600  12.669 0.0000000000
100426  31.180  2.559  12.974 0.0000000000
100433  39.970  2.291  10.640 0.0000000000
100434  39.420  2.272  11.118 0.0000000000
100435  31.214  2.750  12.350 0.0000000000
100441  40.817  2.419  9.756 0.0000000000
100442  40.437  2.331  10.222 0.0000000000
100443  31.301  3.038  11.660 0.0000000000
100453  41.614  2.758  8.845 0.0000000000
100454  41.227  2.547  9.319 0.0000000000
100455  31.477  3.357  11.030 0.0000000000
100466  41.783  2.759  8.080 0.0000000000
100467  32.341  3.154  10.412 0.0000000000
100468  31.763  3.668  10.339 0.0000000000
100480  42.384  3.789  6.447 0.0000000000
100481  41.944  3.092  6.784 0.0000000000
100482  32.369  3.675  9.682 0.0000000000
100483  31.868  4.008  9.809 0.0000000000
100490  42.238  3.609  5.662 0.0000000000
100491  41.671  2.857  5.284 0.0000000000
100492  33.083  3.680  9.017 0.0000000000
100497  34.445  3.874  7.714 0.0000000000
100498  33.660  3.798  8.235 0.0000000000
100505  36.710  4.438  7.196 0.0000000000
100506  35.374  4.127  7.409 0.0000000000
100513  36.712  4.726  6.661 0.0000000000
101423  36.005  2.802  13.796 0.0000000000
101424  35.450  2.884  14.132 0.0000000000
101425  34.716  2.889  14.311 0.0000000000
101426  33.945  2.846  14.263 0.0000000000
101427  33.046  2.981  14.026 0.0000000000
101428  32.600  2.727  14.045 0.0000000000
101432  37.331  2.758  12.832 0.0000000000
101433  36.877  2.880  13.195 0.0000000000
101434  36.372  2.928  13.542 0.0000000000
101435  32.655  3.366  13.543 0.0000000000
101436  32.213  3.136  13.657 0.0000000000
101437  31.525  3.218  13.094 0.0000000000
101438  31.219  2.898  13.059 0.0000000000
101442  38.439  3.007  11.905 0.0000000000
101443  37.706  3.042  12.483 0.0000000000
101444  37.193  3.163  12.817 0.0000000000
101445  31.539  3.614  12.538 0.0000000000
101446  31.367  3.348  12.477 0.0000000000
101451  40.589  3.388  10.513 0.0000000000
101452  40.039  3.142  10.896 0.0000000000
101453  39.212  3.064  11.357 0.0000000000
101454  31.338  3.802  11.660 0.0000000000
101455  31.461  4.421  11.310 0.0000000000
101461  41.391  3.504  9.798 0.0000000000
101462  40.925  3.178  10.143 0.0000000000
101463  40.430  2.901  10.545 0.0000000000
101464  31.364  3.809  11.173 0.0000000000
101465  31.369  4.323  11.102 0.0000000000
101472  41.670  3.360  9.403 0.0000000000
101473  41.250  3.023  9.726 0.0000000000
101474  31.421  4.124  10.606 0.0000000000
101475  31.368  4.329  10.851 0.0000000000
101484  42.445  4.118  8.036 0.0000000000
101485  42.086  3.613  8.663 0.0000000000
101486  31.672  4.337  9.980 0.0000000000
101495  42.584  4.103  7.149 0.0000000000
101496  42.173  3.549  7.792 0.0000000000
101497  32.503  4.090  8.971 0.0000000000
101498  32.104  4.373  9.324 0.0000000000
101503  43.269  4.567  5.355 0.0000000000
101504  42.812  4.286  6.051 0.0000000000
101505  32.824  4.255  8.223 0.0000000000
101506  32.426  4.471  8.663 0.0000000000
101512  42.742  4.076  4.844 0.0000000000
101513  34.378  4.242  7.017 0.0000000000
101514  33.568  4.378  7.318 0.0000000000
101521  35.969  4.757  6.485 0.0000000000
101522  34.907  4.572  6.434 0.0000000000
101523  33.989  4.535  6.534 0.0000000000
101532  36.569  5.063  6.175 0.0000000000
101533  35.338  4.891  5.977 0.0000000000
102431  36.154  3.094  13.622 0.0000000000
102432  35.778  3.191  13.668 0.0000000000
102433  35.069  3.265  13.809 0.0000000000
102434  34.301  3.246  13.865 0.0000000000
102435  33.631  3.265  13.804 0.0000000000
102439  36.905  3.296  12.948 0.0000000000
102440  36.390  3.348  13.162 0.0000000000
102441  35.414  3.644  12.807 0.0000000000
102442  34.519  3.582  13.077 0.0000000000
102443  33.777  3.621  13.130 0.0000000000
102444  33.062  3.619  13.189 0.0000000000
102445  32.448  3.710  12.973 0.0000000000
102446  31.987  3.755  12.843 0.0000000000
102450  38.857  3.701  11.493 0.0000000000
102451  38.048  3.679  11.964 0.0000000000
102452  37.148  3.675  12.485 0.0000000000
102453  36.234  3.859  12.377 0.0000000000
102454  35.619  3.954  12.108 0.0000000000
102455  31.795  3.929  12.418 0.0000000000
102456  31.689  4.197  12.051 0.0000000000
102461  40.863  3.647  10.288 0.0000000000
102462  40.571  3.849  10.513 0.0000000000
102463  39.712  3.760  11.060 0.0000000000
102464  31.649  4.397  11.702 0.0000000000
102465  31.612  4.735  11.358 0.0000000000
102469  41.665  3.785  9.673 0.0000000000
102470  41.334  3.964  9.926 0.0000000000
102471  40.962  4.084  10.123 0.0000000000
102472  31.526  4.934  11.092 0.0000000000
102476  42.031  4.149  9.325 0.0000000000
102477  41.771  4.318  9.517 0.0000000000
102478  31.412  4.554  10.617 0.0000000000
102479  31.453  4.944  10.746 0.0000000000
102483  42.967  4.647  7.791 0.0000000000
102484  42.498  4.427  8.530 0.0000000000
102485  31.479  4.905  10.271 0.0000000000
102486  31.460  5.250  10.501 0.0000000000
102490  43.859  5.219  6.277 0.0000000000
102491  43.417  4.829  6.697 0.0000000000
102492  31.853  4.974  9.541 0.0000000000
102496  43.894  5.097  5.474 0.0000000000
102497  43.411  4.685  5.955 0.0000000000
102498  32.547  4.652  8.229 0.0000000000
102499  32.302  4.958  8.551 0.0000000000
102505  32.827  4.947  7.565 0.0000000000
102506  32.546  5.221  7.944 0.0000000000
102513  34.075  4.724  6.038 0.0000000000
102514  33.555  5.069  6.276 0.0000000000
102521  35.444  5.153  5.693 0.0000000000
102522  34.384  5.192  5.381 0.0000000000
102523  33.644  5.477  5.480 0.0000000000
102533  35.998  5.697  5.327 0.0000000000
102534  34.655  5.882  4.565 0.0000000000
102543  35.395  6.289  4.382 0.0000000000
102544  34.679  6.325  4.143 0.0000000000
103470  34.557  3.947  12.224 0.0000000000
103471  33.883  4.029  12.228 0.0000000000
103472  33.233  4.223  12.246 0.0000000000
103473  32.704  4.354  12.245 0.0000000000
103474  32.260  4.343  12.253 0.0000000000
103475  32.011  4.226  12.325 0.0000000000
103479  38.425  4.095  11.513 0.0000000000
103480  37.662  4.170  11.705 0.0000000000
103481  36.731  4.165  11.704 0.0000000000
103482  35.794  4.156  11.507 0.0000000000
103483  34.952  4.224  11.599 0.0000000000
103484  34.041  4.436  11.416 0.0000000000
103485  33.306  5.003  11.386 0.0000000000
103486  32.840  5.302  11.539 0.0000000000
103487  32.495  5.336  11.587 0.0000000000
103488  32.128  4.951  11.732 0.0000000000
103489  31.911  5.258  11.546 0.0000000000
103494  40.050  4.131  10.709 0.0000000000
103495  39.180  4.248  11.047 0.0000000000
103496  38.156  4.455  11.027 0.0000000000
103497  37.133  4.418  10.901 0.0000000000
103498  36.071  4.402  10.682 0.0000000000
103499  35.071  4.649  10.481 0.0000000000
103500  34.210  4.895  10.653 0.0000000000
103501  33.640  5.234  10.897 0.0000000000
103502  31.739  5.458  11.376 0.0000000000
103503  31.579  5.609  11.181 0.0000000000
103507  41.148  4.233  9.874 0.0000000000
103508  40.638  4.245  10.081 0.0000000000
103509  39.743  4.426  10.276 0.0000000000
103510  38.682  4.647  10.292 0.0000000000
103511  37.545  4.778  10.139 0.0000000000
103512  36.351  4.702  9.849 0.0000000000
103513  35.483  4.782  9.859 0.0000000000
103514  31.490  5.687  10.927 0.0000000000
103518  42.051  4.621  9.237 0.0000000000
103519  41.539  4.465  9.531 0.0000000000
103520  41.116  4.416  9.681 0.0000000000
103521  31.537  5.927  10.384 0.0000000000
103522  31.467  5.707  10.628 0.0000000000
103526  42.877  4.961  8.153 0.0000000000
103527  42.419  4.765  8.782 0.0000000000
103528  31.690  5.720  9.955 0.0000000000
103529  31.489  5.491  10.350 0.0000000000
103533  43.695  5.411  6.684 0.0000000000
103534  43.309  5.185  7.458 0.0000000000
103535  32.205  5.709  9.163 0.0000000000
103539  44.137  5.579  5.994 0.0000000000
103540  32.571  5.667  8.315 0.0000000000
103545  33.124  5.619  6.673 0.0000000000
103546  32.815  5.602  7.545 0.0000000000
103553  33.414  5.788  5.680 0.0000000000
103559  34.055  5.901  4.519 0.0000000000
103560  33.762  5.978  4.866 0.0000000000
103566  34.272  6.389  4.107 0.0000000000
103567  33.927  6.512  4.144 0.0000000000
103575  36.061  6.947  4.100 0.0000000000
103576  34.706  6.877  3.623 0.0000000000
103577  34.052  6.835  3.637 0.0000000000
103583  35.485  7.468  3.427 0.0000000000
104555  32.926  7.651  11.642 0.0000000000
104556  32.779  7.537  11.548 0.0000000000
104561  33.309  6.174  10.934 0.0000000000
104562  32.996  6.441  11.271 0.0000000000
104563  32.789  6.830  11.451 0.0000000000
104564  32.471  6.641  11.475 0.0000000000
104565  32.146  6.392  11.513 0.0000000000
104571  34.974  5.111  9.716 0.0000000000
104572  34.353  5.711  9.821 0.0000000000
104573  33.685  5.955  10.417 0.0000000000
104574  31.925  6.447  11.422 0.0000000000
104575  31.683  6.407  11.277 0.0000000000
104581  40.855  4.467  9.692 0.0000000000
104582  40.315  4.558  9.647 0.0000000000
104583  39.243  4.820  9.529 0.0000000000
104584  38.018  5.122  9.398 0.0000000000
104585  36.727  5.195  9.132 0.0000000000
104586  35.215  5.672  9.032 0.0000000000
104587  34.523  6.313  9.384 0.0000000000
104588  31.546  6.395  11.069 0.0000000000
104593  42.278  4.926  8.884 0.0000000000
104594  41.996  4.899  9.038 0.0000000000
104595  41.121  4.744  9.234 0.0000000000
104596  39.991  4.974  8.928 0.0000000000
104597  38.540  5.389  8.458 0.0000000000
104598  37.226  5.558  8.474 0.0000000000
104599  36.091  5.912  8.371 0.0000000000
104600  35.475  6.379  8.456 0.0000000000
104601  31.491  6.173  10.562 0.0000000000
104602  31.480  6.472  10.792 0.0000000000
104606  43.133  5.282  7.783 0.0000000000
104607  42.664  5.265  8.194 0.0000000000
104608  41.835  5.168  8.565 0.0000000000
104609  40.825  5.179  8.413 0.0000000000
104610  39.668  5.444  8.129 0.0000000000
104612  31.639  6.568  10.359 0.0000000000
104613  31.539  6.909  10.679 0.0000000000
104617  43.948  5.729  6.434 0.0000000000
104618  43.463  5.703  6.999 0.0000000000
104619  43.056  5.709  7.513 0.0000000000
104620  32.092  6.561  9.632 0.0000000000
104625  43.949  6.079  6.313 0.0000000000
104626  32.637  6.525  8.819 0.0000000000
104632  33.116  6.225  7.126 0.0000000000
104633  33.129  6.458  7.998 0.0000000000
104639  33.400  6.491  6.208 0.0000000000
104644  33.638  6.511  5.077 0.0000000000
104649  33.805  6.781  4.194 0.0000000000
104653  33.966  7.363  2.944 0.0000000000
104654  33.941  7.144  3.483 0.0000000000
104660  34.512  7.802  2.608 0.0000000000
105619  33.726  8.612  11.718 0.0000000000
105620  33.438  8.604  11.931 0.0000000000
105621  33.215  8.562  12.028 0.0000000000
105622  33.022  8.374  11.909 0.0000000000
105623  32.754  8.138  11.671 0.0000000000
105624  32.717  8.600  11.756 0.0000000000
105634  34.132  8.117  10.611 0.0000000000
105635  33.821  8.035  11.023 0.0000000000
105636  33.312  7.549  11.253 0.0000000000
105637  33.076  7.683  11.577 0.0000000000
105638  32.990  7.872  11.713 0.0000000000
105639  32.442  7.259  11.432 0.0000000000
105640  32.435  7.773  11.466 0.0000000000
105644  34.248  7.787  10.030 0.0000000000
105645  33.863  7.075  10.221 0.0000000000
105646  33.476  6.969  10.681 0.0000000000
105647  32.007  7.349  11.351 0.0000000000
105648  31.722  7.097  11.207 0.0000000000
105654  34.507  7.177  9.290 0.0000000000
105655  34.239  6.810  9.707 0.0000000000
105656  31.595  6.984  11.027 0.0000000000
105663  37.527  5.773  7.966 0.0000000000
105665  35.654  6.921  7.948 0.0000000000
105666  35.051  7.191  8.663 0.0000000000
105667  31.669  7.209  10.878 0.0000000000
105672  42.237  5.410  8.057 0.0000000000
105673  41.583  5.453  7.850 0.0000000000
105674  40.440  5.584  7.571 0.0000000000
105679  32.074  7.398  10.089 0.0000000000
105680  31.780  7.316  10.595 0.0000000000
105685  43.204  5.886  7.126 0.0000000000
105686  42.583  5.817  7.362 0.0000000000
105692  32.585  7.485  9.340 0.0000000000
105704  33.497  7.806  8.082 0.0000000000
105705  33.254  7.361  8.444 0.0000000000
105716  33.517  7.246  7.484 0.0000000000
105717  33.381  6.978  8.013 0.0000000000
105725  33.835  7.430  6.428 0.0000000000
105731  33.896  7.233  5.479 0.0000000000
105735  33.882  7.301  4.408 0.0000000000
105737  33.742  7.774  2.611 0.0000000000
105738  33.841  7.541  3.449 0.0000000000
105740  33.640  7.992  2.035 0.0000000000
105748  34.106  8.523  1.555 0.0000000000
106629  34.026  9.861  13.370 0.0000000000
106630  33.789  9.827  13.323 0.0000000000
106631  33.418  9.799  13.252 0.0000000000
106632  33.155  9.785  13.115 0.0000000000
106644  34.765  9.474  11.566 0.0000000000
106645  34.337  9.170  11.765 0.0000000000
106646  33.974  9.460  12.699 0.0000000000
106647  33.550  9.318  12.620 0.0000000000
106648  33.279  9.285  12.511 0.0000000000
106649  33.046  9.338  12.441 0.0000000000
106650  32.876  9.225  12.180 0.0000000000
106666  35.245  9.522  10.633 0.0000000000
106667  34.638  9.046  10.792 0.0000000000
106668  34.230  8.581  11.061 0.0000000000
106669  32.739  9.096  11.982 0.0000000000
106683  35.106  8.945  9.950 0.0000000000
106684  34.556  8.264  9.797 0.0000000000
106685  32.615  8.682  11.631 0.0000000000
106686  32.107  7.671  11.298 0.0000000000
106698  35.596  9.102  9.087 0.0000000000
106699  35.231  8.615  9.192 0.0000000000
106700  34.779  8.103  9.202 0.0000000000
106701  32.491  8.774  11.281 0.0000000000
106702  31.985  7.731  11.131 0.0000000000
106713  35.748  9.063  8.520 0.0000000000
106714  35.338  8.170  8.451 0.0000000000
106715  35.034  8.047  8.827 0.0000000000
106716  32.527  8.770  10.799 0.0000000000
106717  32.104  7.902  10.904 0.0000000000
106727  35.610  8.417  8.088 0.0000000000
106728  32.636  8.494  10.043 0.0000000000
106729  32.234  7.925  10.526 0.0000000000
106736  33.585  8.852  8.608 0.0000000000
106737  33.186  8.506  9.114 0.0000000000
106747  33.740  8.462  7.945 0.0000000000
106748  33.477  8.184  8.453 0.0000000000
106760  34.051  8.265  7.022 0.0000000000
106773  34.327  8.105  6.025 0.0000000000
106784  34.311  8.030  4.916 0.0000000000
106789  34.004  8.147  3.718 0.0000000000
106791  33.418  8.265  2.001 0.0000000000
106792  33.526  8.298  2.567 0.0000000000
106794  33.620  8.866  1.616 0.0000000000
106795  33.315  8.704  1.941 0.0000000000
107678  34.282  10.467  13.509 0.0000000000
107679  33.952  10.342  13.684 0.0000000000
107680  33.508  10.363  13.756 0.0000000000
107681  33.120  10.296  13.681 0.0000000000
107682  32.927  10.122  13.321 0.0000000000
107690  35.492  10.442  12.153 0.0000000000
107691  35.067  9.958  12.067 0.0000000000
107692  34.605  10.145  12.928 0.0000000000
107693  34.217  10.006  13.351 0.0000000000
107694  32.889  9.816  12.916 0.0000000000
107695  32.781  9.970  12.765 0.0000000000
107704  36.160  10.542  11.281 0.0000000000
107705  35.639  10.245  11.412 0.0000000000
107706  35.040  9.688  11.501 0.0000000000
107707  32.771  10.024  12.526 0.0000000000
107718  36.228  10.471  10.871 0.0000000000
107719  35.674  9.807  10.374 0.0000000000
107720  32.785  10.173  12.325 0.0000000000
107731  36.811  10.764  9.526 0.0000000000
107732  36.297  10.254  9.663 0.0000000000
107733  35.581  9.335  9.661 0.0000000000
107734  32.869  9.887  11.865 0.0000000000
107747  36.840  10.764  8.961 0.0000000000
107749  33.031  9.812  11.336 0.0000000000
107764  33.167  9.694  10.647 0.0000000000
107777  33.668  9.551  9.127 0.0000000000
107778  33.347  9.530  9.840 0.0000000000
107789  34.056  9.489  8.472 0.0000000000
107795  34.293  9.322  7.617 0.0000000000
107806  34.449  9.137  6.628 0.0000000000
107818  34.586  8.941  5.566 0.0000000000
107831  34.405  8.904  4.355 0.0000000000
107838  33.812  9.701  2.484 0.0000000000
107839  33.880  9.080  2.920 0.0000000000
107841  33.456  9.530  1.905 0.0000000000
107842  33.386  8.879  2.215 0.0000000000
108674  34.494  10.923  13.448 0.0000000000
108675  34.071  11.028  13.788 0.0000000000
108676  33.608  11.031  14.026 0.0000000000
108677  33.145  10.985  14.077 0.0000000000
108678  32.778  10.957  13.857 0.0000000000
108679  32.496  11.301  13.659 0.0000000000
108682  35.808  10.883  12.243 0.0000000000
108683  35.240  10.740  12.640 0.0000000000
108684  34.811  10.928  13.083 0.0000000000
108685  32.684  10.513  13.388 0.0000000000
108686  32.425  11.027  13.236 0.0000000000
108690  36.453  10.871  11.396 0.0000000000
108691  36.195  10.986  11.876 0.0000000000
108692  32.378  11.200  12.886 0.0000000000
108693  32.122  11.871  12.839 0.0000000000
108694  31.917  12.150  12.898 0.0000000000
108699  37.272  11.352  10.466 0.0000000000
108700  36.883  10.997  10.775 0.0000000000
108701  32.626  11.133  12.434 0.0000000000
108702  32.079  12.143  12.562 0.0000000000
108703  31.889  12.278  12.734 0.0000000000
108707  37.271  11.195  9.820 0.0000000000
108708  36.988  10.950  10.248 0.0000000000
108709  33.050  10.864  11.840 0.0000000000
108710  32.557  11.736  12.016 0.0000000000
108716  33.303  11.061  11.201 0.0000000000
108717  32.907  11.469  11.634 0.0000000000
108726  33.634  10.619  10.371 0.0000000000
108737  34.309  10.455  9.157 0.0000000000
108738  33.909  10.274  9.731 0.0000000000
108751  34.557  10.341  8.291 0.0000000000
108762  35.084  10.645  6.733 0.0000000000
108763  34.749  10.271  7.291 0.0000000000
108775  34.809  9.889  6.238 0.0000000000
108781  34.891  9.706  5.184 0.0000000000
108794  34.636  9.694  4.005 0.0000000000
108805  34.208  10.382  2.480 0.0000000000
108806  34.294  9.812  3.053 0.0000000000
109641  32.830  12.156  14.041 0.0000000000
109642  32.606  12.281  13.875 0.0000000000
109643  32.438  12.489  13.764 0.0000000000
109647  34.453  11.846  13.006 0.0000000000
109648  34.166  11.706  13.404 0.0000000000
109649  33.633  11.781  13.783 0.0000000000
109650  33.149  11.797  14.050 0.0000000000
109651  32.822  11.675  14.063 0.0000000000
109652  32.466  12.090  13.804 0.0000000000
109653  32.246  12.127  13.555 0.0000000000
109656  35.380  11.574  12.376 0.0000000000
109657  34.822  11.572  12.779 0.0000000000
109658  34.556  11.391  13.187 0.0000000000
109659  31.956  12.266  13.266 0.0000000000
109660  31.579  12.943  13.235 0.0000000000
109664  36.390  11.569  11.626 0.0000000000
109665  35.917  11.597  11.998 0.0000000000
109666  32.005  11.981  13.031 0.0000000000
109667  31.661  12.563  12.970 0.0000000000
109668  31.774  12.335  12.951 0.0000000000
109672  37.315  11.709  10.858 0.0000000000
109673  36.886  11.580  11.310 0.0000000000
109674  31.539  12.723  12.562 0.0000000000
109675  31.732  12.460  12.742 0.0000000000
109679  37.678  11.803  10.320 0.0000000000
109680  31.839  12.481  12.012 0.0000000000
109686  33.023  11.854  11.028 0.0000000000
109687  32.575  12.146  11.394 0.0000000000
109693  33.309  11.792  10.572 0.0000000000
109694  32.794  12.253  10.838 0.0000000000
109701  34.445  11.170  9.323 0.0000000000
109702  34.030  11.434  9.799 0.0000000000
109709  34.689  11.139  8.890 0.0000000000
109710  34.471  11.687  9.255 0.0000000000
109719  35.190  11.110  7.341 0.0000000000
109720  35.056  11.309  8.164 0.0000000000
110535  32.912  12.445  13.939 0.0000000000
110536  32.645  12.687  13.811 0.0000000000
110537  32.408  12.733  13.759 0.0000000000
110543  34.551  12.101  12.735 0.0000000000
110544  34.211  12.520  12.829 0.0000000000
110545  33.687  12.655  13.285 0.0000000000
110546  33.163  12.716  13.676 0.0000000000
110547  32.429  13.125  13.755 0.0000000000
110548  32.205  13.038  13.782 0.0000000000
110549  31.996  13.152  13.799 0.0000000000
110550  31.669  13.606  13.723 0.0000000000
110554  35.448  12.196  12.017 0.0000000000
110555  34.741  12.486  12.292 0.0000000000
110556  34.278  13.390  12.390 0.0000000000
110557  31.875  12.901  13.591 0.0000000000
110558  31.488  13.403  13.499 0.0000000000
110562  36.584  12.011  11.419 0.0000000000
110563  35.874  12.416  11.414 0.0000000000
110564  31.161  13.480  13.246 0.0000000000
110567  37.417  12.232  10.543 0.0000000000
110568  36.703  12.430  10.879 0.0000000000
110570  30.987  13.469  12.830 0.0000000000
110571  30.668  13.841  12.532 0.0000000000
110575  31.157  13.306  12.194 0.0000000000
110576  30.697  13.919  12.129 0.0000000000
110581  31.636  13.052  11.506 0.0000000000
110586  32.877  12.446  10.529 0.0000000000
110587  32.295  13.027  10.684 0.0000000000
110593  33.134  12.640  9.999 0.0000000000
110594  32.495  13.566  9.902 0.0000000000
110599  34.790  11.904  8.855 0.0000000000
110600  34.092  12.712  9.165 0.0000000000
110605  35.004  12.588  8.354 0.0000000000
110606  34.293  13.525  8.422 0.0000000000
111431  32.801  12.975  13.731 0.0000000000
111432  32.587  13.310  13.701 0.0000000000
111438  33.870  13.628  12.771 0.0000000000
111439  33.382  13.802  13.203 0.0000000000
111440  32.850  13.835  13.532 0.0000000000
111441  32.389  13.966  13.745 0.0000000000
111442  32.010  14.112  13.977 0.0000000000
111443  31.644  14.245  13.967 0.0000000000
111444  31.263  14.307  13.848 0.0000000000
111450  35.027  12.922  11.636 0.0000000000
111451  34.634  13.906  11.896 0.0000000000
111452  34.278  14.464  12.445 0.0000000000
111453  30.915  14.264  13.609 0.0000000000
111462  30.587  14.258  13.255 0.0000000000
111463  30.320  14.590  13.044 0.0000000000
111470  30.492  14.104  12.873 0.0000000000
111471  30.427  14.481  12.508 0.0000000000
111477  31.086  13.712  11.743 0.0000000000
111478  30.798  14.463  11.694 0.0000000000
111483  31.437  13.879  11.148 0.0000000000
111484  31.293  14.738  10.968 0.0000000000
111488  31.824  14.367  10.290 0.0000000000
111489  31.502  14.925  10.557 0.0000000000
111494  33.018  13.469  9.353 0.0000000000
111495  32.406  14.371  9.270 0.0000000000
111500  33.242  14.149  8.572 0.0000000000
111501  32.614  14.712  8.666 0.0000000000
111504  34.936  13.699  7.918 0.0000000000
111505  33.891  14.384  7.814 0.0000000000
111509  34.545  14.577  7.401 0.0000000000
111510  33.924  14.786  7.357 0.0000000000
112372  32.163  15.952  14.526 0.0000000000
112373  31.881  15.851  14.537 0.0000000000
112374  31.466  15.832  14.479 0.0000000000
112378  33.850  14.993  12.912 0.0000000000
112379  33.313  15.012  13.441 0.0000000000
112380  32.789  15.074  13.817 0.0000000000
112381  32.241  15.304  14.222 0.0000000000
112382  31.735  15.094  14.255 0.0000000000
112383  31.232  15.264  14.219 0.0000000000
112384  30.854  15.140  13.983 0.0000000000
112391  34.356  15.501  12.581 0.0000000000
112392  30.571  15.124  13.657 0.0000000000
112393  30.434  15.447  13.510 0.0000000000
112402  30.364  14.926  13.336 0.0000000000
112403  30.340  15.411  13.003 0.0000000000
112412  30.507  15.337  12.081 0.0000000000
112420  30.888  15.374  11.290 0.0000000000
112426  31.327  15.393  10.675 0.0000000000
112432  31.946  15.340  9.653 0.0000000000
112433  31.629  15.197  10.266 0.0000000000
112438  32.403  15.296  8.873 0.0000000000
112442  33.218  14.786  7.857 0.0000000000
112443  32.778  15.152  8.151 0.0000000000
112446  33.506  15.183  7.353 0.0000000000
112447  33.145  15.271  7.736 0.0000000000
112450  34.767  15.091  6.692 0.0000000000
112451  34.024  15.044  7.040 0.0000000000
113332  31.689  17.076  14.611 0.0000000000
113333  31.323  17.145  14.691 0.0000000000
113334  31.094  17.270  14.751 0.0000000000
113338  32.556  16.758  14.361 0.0000000000
113339  32.086  16.628  14.547 0.0000000000
113340  31.552  16.491  14.605 0.0000000000
113341  31.037  16.575  14.555 0.0000000000
113342  30.782  16.885  14.479 0.0000000000
113346  33.743  16.205  13.322 0.0000000000
113347  33.263  16.107  13.812 0.0000000000
113348  32.816  16.202  14.197 0.0000000000
113349  32.391  16.145  14.441 0.0000000000
113350  30.899  15.786  14.243 0.0000000000
113351  30.652  16.253  14.135 0.0000000000
113352  30.480  16.723  14.069 0.0000000000
113357  34.213  16.263  12.867 0.0000000000
113358  30.508  15.733  13.752 0.0000000000
113359  30.468  16.267  13.665 0.0000000000
113365  30.471  16.435  13.071 0.0000000000
113373  30.503  16.271  12.378 0.0000000000
113383  30.699  16.226  11.534 0.0000000000
113393  31.135  16.174  10.766 0.0000000000
113400  31.800  16.074  9.607 0.0000000000
113401  31.581  15.942  10.118 0.0000000000
113408  32.095  16.081  9.101 0.0000000000
113414  32.490  16.168  8.326 0.0000000000
113417  33.436  15.635  7.162 0.0000000000
113418  33.062  15.982  7.474 0.0000000000
113420  34.368  15.525  6.411 0.0000000000
113421  33.737  15.729  6.655 0.0000000000
113422  32.806  16.786  6.521 0.0000000000
113425  34.700  15.751  5.933 0.0000000000
113426  33.545  16.815  5.707 0.0000000000
113427  32.631  17.342  5.764 0.0000000000
113432  33.512  17.348  4.882 0.0000000000
114244  32.007  17.458  14.615 0.0000000000
114245  31.646  17.743  14.738 0.0000000000
114246  31.253  17.825  14.819 0.0000000000
114251  33.312  17.812  13.966 0.0000000000
114252  33.018  17.380  14.163 0.0000000000
114253  32.428  17.533  14.458 0.0000000000
114254  31.033  17.630  14.801 0.0000000000
114255  30.881  17.473  14.671 0.0000000000
114261  34.232  17.435  13.151 0.0000000000
114262  33.543  17.407  13.763 0.0000000000
114263  33.204  16.756  14.044 0.0000000000
114264  30.719  17.304  14.497 0.0000000000
114265  30.567  17.223  14.307 0.0000000000
114274  30.460  17.261  14.015 0.0000000000
114281  30.442  17.217  13.436 0.0000000000
114287  30.537  17.221  12.665 0.0000000000
114292  30.664  17.180  11.784 0.0000000000
114301  30.965  17.123  10.904 0.0000000000
114310  31.625  16.398  9.756 0.0000000000
114311  31.412  16.984  9.934 0.0000000000
114317  31.712  16.620  9.318 0.0000000000
114318  31.599  17.391  8.937 0.0000000000
114325  31.868  16.825  8.512 0.0000000000
114326  31.567  17.558  8.039 0.0000000000
114330  32.045  17.184  7.306 0.0000000000
114331  31.554  17.718  7.451 0.0000000000
114334  32.042  17.435  6.073 0.0000000000
114337  32.817  17.498  5.154 0.0000000000
114338  31.951  17.544  5.047 0.0000000000
114340  33.835  17.385  4.206 0.0000000000
114341  32.517  17.596  4.047 0.0000000000
114342  31.761  17.665  4.371 0.0000000000
114344  33.582  17.532  3.215 0.0000000000
114345  32.634  17.750  2.789 0.0000000000
114347  33.500  17.718  2.124 0.0000000000
114348  32.806  17.969  1.989 0.0000000000
114355  33.050  18.032  1.696 0.0000000000
115138  33.512  19.169  14.872 0.0000000000
115139  33.047  18.926  14.858 0.0000000000
115140  32.273  18.363  14.848 0.0000000000
115141  31.605  18.523  15.198 0.0000000000
115142  31.168  18.545  15.174 0.0000000000
115143  30.979  18.741  15.198 0.0000000000
115154  34.488  19.178  14.081 0.0000000000
115155  33.512  18.585  14.189 0.0000000000
115156  32.762  18.165  14.451 0.0000000000
115157  32.453  18.036  14.533 0.0000000000
115158  30.992  18.152  14.901 0.0000000000
115159  30.865  18.354  14.837 0.0000000000
115160  30.742  18.900  14.913 0.0000000000
115173  33.972  18.280  13.615 0.0000000000
115174  33.640  18.122  13.793 0.0000000000
115175  30.717  17.754  14.518 0.0000000000
115176  30.652  18.240  14.459 0.0000000000
115189  30.529  18.163  13.849 0.0000000000
115200  30.666  18.166  13.077 0.0000000000
115211  30.922  18.175  12.158 0.0000000000
115222  31.070  18.131  11.201 0.0000000000
115231  31.349  18.085  10.279 0.0000000000
115244  31.442  18.118  9.332 0.0000000000
115257  31.462  18.200  8.434 0.0000000000
115268  31.453  18.197  7.636 0.0000000000
115275  31.686  17.724  6.309 0.0000000000
115276  31.481  18.033  6.862 0.0000000000
115282  31.574  17.787  5.499 0.0000000000
115283  31.449  18.103  5.932 0.0000000000
115288  31.463  17.862  4.694 0.0000000000
115289  31.339  18.055  5.254 0.0000000000
115292  32.091  17.829  3.225 0.0000000000
115293  31.697  17.832  3.816 0.0000000000
115295  32.192  18.023  2.559 0.0000000000
115296  31.917  18.034  3.135 0.0000000000
115298  32.612  18.151  1.994 0.0000000000
115303  33.335  18.216  1.487 0.0000000000
116086  33.208  19.954  15.895 0.0000000000
116087  32.579  19.843  16.010 0.0000000000
116088  31.951  19.804  16.184 0.0000000000
116089  31.599  19.861  16.261 0.0000000000
116100  35.183  19.989  15.611 0.0000000000
116101  34.392  19.802  15.568 0.0000000000
116102  33.633  19.648  15.500 0.0000000000
116103  32.781  19.377  15.468 0.0000000000
116104  32.076  19.253  15.637 0.0000000000
116105  31.450  19.448  15.868 0.0000000000
116106  31.016  19.349  15.670 0.0000000000
116107  30.888  19.269  15.488 0.0000000000
116120  34.462  19.502  14.914 0.0000000000
116121  33.908  19.389  15.000 0.0000000000
116122  30.770  19.241  15.274 0.0000000000
116123  30.643  19.361  15.118 0.0000000000
116135  30.611  19.301  14.842 0.0000000000
116143  30.624  19.180  14.288 0.0000000000
116150  30.800  19.191  13.534 0.0000000000
116157  31.229  19.247  12.593 0.0000000000
116168  31.382  19.197  11.590 0.0000000000
116178  31.456  19.105  10.615 0.0000000000
116188  31.504  19.066  9.665 0.0000000000
116199  31.483  19.057  8.767 0.0000000000
116210  31.537  19.018  7.947 0.0000000000
116217  31.494  18.853  7.164 0.0000000000
116225  31.449  18.669  6.350 0.0000000000
116233  31.280  18.265  4.865 0.0000000000
116234  31.383  18.482  5.538 0.0000000000
116238  31.465  18.183  4.222 0.0000000000
116243  31.988  18.173  2.855 0.0000000000
116244  31.760  18.308  3.363 0.0000000000
116248  32.141  18.399  2.488 0.0000000000
116249  31.918  18.579  3.029 0.0000000000
116253  33.723  18.512  1.089 0.0000000000
116254  32.880  18.493  1.763 0.0000000000
117025  34.460  20.679  16.434 0.0000000000
117026  33.927  20.404  16.183 0.0000000000
117027  33.086  20.414  16.116 0.0000000000
117028  32.364  20.312  16.264 0.0000000000
117029  31.712  20.240  16.401 0.0000000000
117030  31.258  20.328  16.459 0.0000000000
117038  35.833  20.556  16.089 0.0000000000
117039  34.783  20.452  16.103 0.0000000000
117040  34.196  20.093  15.879 0.0000000000
117041  31.375  19.965  16.328 0.0000000000
117042  31.011  20.011  16.240 0.0000000000
117043  30.682  19.974  15.974 0.0000000000
117044  30.407  20.293  15.832 0.0000000000
117052  30.642  19.761  15.625 0.0000000000
117053  30.446  20.010  15.324 0.0000000000
117061  30.392  20.141  14.730 0.0000000000
117075  30.529  20.196  13.989 0.0000000000
117090  30.967  20.408  13.013 0.0000000000
117104  31.434  20.251  11.948 0.0000000000
117116  31.476  20.089  10.950 0.0000000000
117125  31.362  20.016  9.962 0.0000000000
117133  31.205  19.961  9.045 0.0000000000
117140  31.092  19.825  8.234 0.0000000000
117149  31.251  19.658  7.486 0.0000000000
117158  31.420  19.392  6.759 0.0000000000
117167  31.425  19.078  5.967 0.0000000000
117176  31.357  18.506  4.535 0.0000000000
117177  31.375  18.796  5.116 0.0000000000
117182  31.507  18.580  4.025 0.0000000000
117183  31.439  18.844  4.477 0.0000000000
117190  32.376  19.243  3.029 0.0000000000
117191  31.752  18.907  3.504 0.0000000000
117192  31.542  18.865  4.059 0.0000000000
117196  32.682  18.986  2.145 0.0000000000
117197  32.066  18.833  2.780 0.0000000000
117204  34.119  18.862  0.576 0.0000000000
117205  33.507  18.857  1.385 0.0000000000
117206  33.508  18.999  1.185 0.0000000000
117215  34.249  19.096  0.682 0.0000000000
117216  33.745  19.071  1.123 0.0000000000
117919  34.338  20.906  16.554 0.0000000000
117920  33.628  20.837  16.392 0.0000000000
117921  32.837  20.761  16.239 0.0000000000
117922  32.097  20.705  16.333 0.0000000000
117923  31.465  20.731  16.460 0.0000000000
117924  30.860  20.749  16.436 0.0000000000
117925  30.551  21.112  16.275 0.0000000000
117944  35.485  20.875  16.388 0.0000000000
117945  34.766  20.837  16.441 0.0000000000
117946  30.707  20.380  16.256 0.0000000000
117947  30.396  20.814  16.123 0.0000000000
117948  30.088  20.929  15.674 0.0000000000
117965  29.992  21.043  15.103 0.0000000000
117980  30.121  21.159  14.390 0.0000000000
117993  30.361  21.224  13.600 0.0000000000
117999  30.536  21.403  12.871 0.0000000000
118001  30.972  21.234  12.155 0.0000000000
118003  31.155  21.075  11.215 0.0000000000
118005  30.887  20.864  10.249 0.0000000000
118007  30.534  20.760  9.336 0.0000000000
118009  30.438  20.617  8.538 0.0000000000
118011  30.664  20.400  7.822 0.0000000000
118016  31.081  20.114  7.190 0.0000000000
118022  31.621  19.909  6.321 0.0000000000
118023  31.452  19.713  6.519 0.0000000000
118029  31.825  19.635  5.508 0.0000000000
118030  31.563  19.340  5.727 0.0000000000
118035  31.973  19.528  4.694 0.0000000000
118036  31.578  19.191  4.938 0.0000000000
118042  32.139  19.417  3.875 0.0000000000
118043  31.645  19.153  4.236 0.0000000000
118051  33.412  19.414  2.650 0.0000000000
118061  33.760  19.269  1.636 0.0000000000
118062  33.432  19.091  1.403 0.0000000000
118069  34.210  19.239  1.044 0.0000000000
118070  33.624  19.173  1.303 0.0000000000
118710  34.565  20.977  16.616 0.0000000000
118711  34.071  20.999  16.588 0.0000000000
118712  33.327  20.953  16.315 0.0000000000
118713  32.525  20.966  16.243 0.0000000000
118714  31.803  21.067  16.311 0.0000000000
118715  31.201  21.199  16.366 0.0000000000
118716  30.732  21.372  16.228 0.0000000000
118733  36.083  21.069  16.318 0.0000000000
118734  34.921  21.001  16.409 0.0000000000
118735  34.394  21.109  16.540 0.0000000000
118736  30.370  21.511  16.009 0.0000000000
118737  30.033  21.630  15.749 0.0000000000
118745  29.786  21.846  15.280 0.0000000000
118748  29.607  22.230  14.546 0.0000000000
118749  29.337  22.929  14.217 0.0000000000
118752  29.760  22.054  13.873 0.0000000000
118753  29.330  22.834  13.948 0.0000000000
118756  29.954  22.050  13.112 0.0000000000
118757  29.437  22.824  13.329 0.0000000000
118759  30.260  22.036  12.306 0.0000000000
118760  29.571  22.791  12.548 0.0000000000
118762  30.466  21.896  11.444 0.0000000000
118763  29.668  22.662  11.685 0.0000000000
118765  30.316  21.664  10.510 0.0000000000
118766  29.649  22.410  10.783 0.0000000000
118768  30.037  21.446  9.688 0.0000000000
118769  29.575  22.017  9.982 0.0000000000
118771  29.847  21.461  9.015 0.0000000000
118772  29.671  21.781  9.492 0.0000000000
118774  30.167  21.110  8.236 0.0000000000
118777  30.895  20.965  7.398 0.0000000000
118778  30.662  20.781  7.603 0.0000000000
118781  31.211  20.335  7.042 0.0000000000
119465  34.033  21.164  16.411 0.0000000000
119466  33.697  21.165  16.285 0.0000000000
119467  32.938  21.147  15.986 0.0000000000
119468  32.159  21.300  15.931 0.0000000000
119469  31.483  21.490  15.998 0.0000000000
119470  31.005  21.633  16.069 0.0000000000
119484  35.575  21.305  16.081 0.0000000000
119485  34.349  21.219  16.114 0.0000000000
119486  33.409  21.338  15.552 0.0000000000
119487  32.534  21.525  15.291 0.0000000000
119488  31.758  21.783  15.328 0.0000000000
119489  31.124  22.011  15.565 0.0000000000
119490  30.588  22.003  15.750 0.0000000000
119491  30.137  22.220  15.583 0.0000000000
119494  29.845  22.504  15.245 0.0000000000
119496  29.576  22.829  14.775 0.0000000000
119497  29.333  23.204  14.314 0.0000000000
119499  29.093  23.453  13.977 0.0000000000
119501  28.979  23.523  13.506 0.0000000000
119503  28.924  23.491  12.832 0.0000000000
119505  28.928  23.407  12.008 0.0000000000
119507  28.990  23.201  11.144 0.0000000000
119509  29.315  22.828  10.355 0.0000000000
119511  29.670  21.898  9.076 0.0000000000
119512  29.606  22.181  9.534 0.0000000000
119514  29.882  21.874  8.822 0.0000000000
119515  29.605  22.094  9.201 0.0000000000
119520  30.367  21.409  8.026 0.0000000000
120231  36.258  21.585  15.510 0.0000000000
120232  35.090  21.451  15.183 0.0000000000
120233  33.972  21.499  14.808 0.0000000000
120234  32.980  21.741  14.498 0.0000000000
120235  32.087  22.230  14.443 0.0000000000
120236  31.348  22.435  14.801 0.0000000000
120237  30.715  22.682  15.073 0.0000000000
120238  30.265  22.631  15.351 0.0000000000
120240  36.805  21.864  15.017 0.0000000000
120241  35.813  21.714  14.305 0.0000000000
120242  34.569  21.811  13.825 0.0000000000
120243  33.518  22.074  13.698 0.0000000000
120244  32.647  22.518  13.651 0.0000000000
120245  31.965  22.897  13.696 0.0000000000
120246  30.264  23.156  14.924 0.0000000000
120247  29.982  23.147  14.987 0.0000000000
120249  35.215  21.993  13.358 0.0000000000
120250  34.590  22.295  12.993 0.0000000000
120251  29.682  23.495  14.683 0.0000000000
120252  29.370  23.798  14.342 0.0000000000
120254  28.948  24.031  14.089 0.0000000000
120256  28.603  24.167  13.710 0.0000000000
120258  28.375  24.163  13.145 0.0000000000
120260  28.329  24.118  12.420 0.0000000000
120262  28.486  24.052  11.674 0.0000000000
120264  28.907  23.764  11.017 0.0000000000
120267  29.426  23.212  10.172 0.0000000000
120273  29.706  22.355  9.411 0.0000000000
120977  31.540  22.848  14.125 0.0000000000
120978  31.062  23.188  14.393 0.0000000000
120979  30.573  23.422  14.605 0.0000000000
120984  35.917  22.075  13.446 0.0000000000
120985  33.945  22.363  13.051 0.0000000000
120986  33.224  23.025  12.949 0.0000000000
120987  32.400  23.489  13.325 0.0000000000
120988  31.601  23.697  13.844 0.0000000000
120989  30.901  24.052  14.274 0.0000000000
120990  30.253  24.056  14.534 0.0000000000
120991  29.780  24.319  14.573 0.0000000000
120995  35.264  22.593  12.696 0.0000000000
120996  34.091  23.138  12.634 0.0000000000
120997  33.484  23.782  12.743 0.0000000000
120998  29.361  24.553  14.470 0.0000000000
120999  28.892  24.742  14.309 0.0000000000
121001  28.451  24.903  13.978 0.0000000000
121003  28.034  24.983  13.482 0.0000000000
121004  27.696  25.389  13.162 0.0000000000
121006  27.906  24.800  12.844 0.0000000000
121007  27.698  25.461  12.719 0.0000000000
121011  28.026  24.816  12.223 0.0000000000
121012  27.873  25.546  12.229 0.0000000000
121016  28.358  24.839  11.679 0.0000000000
121017  28.100  25.696  11.928 0.0000000000
121021  28.982  24.456  11.052 0.0000000000
121759  33.420  24.471  12.975 0.0000000000
121760  33.134  24.235  13.077 0.0000000000
121761  32.262  24.572  13.732 0.0000000000
121762  31.485  24.816  14.309 0.0000000000
121763  30.738  25.038  14.651 0.0000000000
121764  30.071  25.230  14.760 0.0000000000
121765  29.491  25.409  14.746 0.0000000000
121770  34.745  23.800  12.257 0.0000000000
121771  33.753  24.362  12.788 0.0000000000
121772  33.432  24.132  12.810 0.0000000000
121773  28.951  25.551  14.624 0.0000000000
121774  28.437  25.689  14.356 0.0000000000
121779  27.918  25.818  13.978 0.0000000000
121780  27.629  26.213  13.728 0.0000000000
121787  27.710  25.690  13.523 0.0000000000
121788  27.556  26.060  13.254 0.0000000000
121793  27.632  26.147  12.737 0.0000000000
121798  27.872  26.238  12.319 0.0000000000
121801  28.604  25.509  11.583 0.0000000000
121802  28.290  26.302  12.004 0.0000000000
122581  33.439  24.803  13.224 0.0000000000
122582  33.049  25.401  13.917 0.0000000000
122583  32.168  25.673  14.553 0.0000000000
122584  31.321  25.913  14.967 0.0000000000
122585  30.514  26.121  15.126 0.0000000000
122586  29.787  26.291  15.126 0.0000000000
122587  29.135  26.415  15.014 0.0000000000
122596  34.578  25.116  12.696 0.0000000000
122597  33.966  25.600  13.650 0.0000000000
122598  33.533  26.319  14.402 0.0000000000
122599  28.560  26.522  14.765 0.0000000000
122600  28.039  26.611  14.463 0.0000000000
122605  27.673  26.726  14.116 0.0000000000
122606  27.555  26.778  13.715 0.0000000000
122618  27.593  26.769  13.271 0.0000000000
122629  27.784  26.819  12.842 0.0000000000
122639  28.148  26.911  12.491 0.0000000000
123347  32.833  26.557  14.807 0.0000000000
123348  31.927  26.861  15.176 0.0000000000
123349  31.003  27.075  15.336 0.0000000000
123350  30.175  27.220  15.468 0.0000000000
123351  29.423  27.348  15.368 0.0000000000
123352  28.755  27.409  15.175 0.0000000000
123369  34.765  26.303  13.536 0.0000000000
123370  34.090  26.819  14.275 0.0000000000
123371  33.337  27.275  14.718 0.0000000000
123372  28.192  27.443  14.894 0.0000000000
123373  27.807  27.478  14.528 0.0000000000
123389  27.574  27.476  14.121 0.0000000000
123390  27.565  27.431  13.731 0.0000000000
123406  27.720  27.439  13.348 0.0000000000
123421  28.030  27.510  12.969 0.0000000000
124127  32.569  27.945  15.164 0.0000000000
124128  31.524  28.029  15.540 0.0000000000
124129  30.601  28.150  15.762 0.0000000000
124130  29.757  28.283  15.777 0.0000000000
124131  28.998  28.370  15.594 0.0000000000
124132  28.409  28.322  15.252 0.0000000000
124139  33.687  27.895  14.461 0.0000000000
124140  33.167  28.032  14.819 0.0000000000
124141  28.006  28.306  14.929 0.0000000000
124142  27.809  28.282  14.493 0.0000000000
124153  27.613  28.102  14.065 0.0000000000
124154  27.637  28.005  13.761 0.0000000000
124167  28.182  28.434  13.462 0.0000000000
124168  27.908  28.145  13.469 0.0000000000
124182  28.495  28.595  13.410 0.0000000000
124183  28.358  28.104  13.098 0.0000000000
124876  32.476  28.766  15.146 0.0000000000
124877  31.953  29.028  15.448 0.0000000000
124878  31.029  29.044  15.795 0.0000000000
124879  30.129  29.192  15.979 0.0000000000
124880  29.313  29.354  15.923 0.0000000000
124881  28.582  29.446  15.563 0.0000000000
124882  28.375  30.031  15.404 0.0000000000
124888  33.844  28.566  14.115 0.0000000000
124889  32.995  28.913  14.694 0.0000000000
124890  32.392  29.136  15.129 0.0000000000
124891  28.242  28.875  15.186 0.0000000000
124892  28.153  29.361  15.010 0.0000000000
124900  33.537  29.136  14.156 0.0000000000
124901  28.006  28.955  14.334 0.0000000000
124902  27.662  28.355  14.042 0.0000000000
124909  28.255  28.980  13.854 0.0000000000
124910  27.805  28.478  13.887 0.0000000000
124918  28.920  29.245  13.599 0.0000000000
125574  31.831  29.561  15.364 0.0000000000
125575  31.408  29.826  15.522 0.0000000000
125576  30.533  30.032  15.884 0.0000000000
125577  29.663  30.264  16.098 0.0000000000
125578  28.944  30.423  16.032 0.0000000000
125579  28.517  30.578  15.719 0.0000000000
125583  32.739  29.764  14.550 0.0000000000
125584  32.148  29.832  15.055 0.0000000000
125585  31.524  30.633  15.358 0.0000000000
125586  28.284  30.535  15.318 0.0000000000
125593  28.249  30.277  14.845 0.0000000000
125601  28.374  30.125  14.384 0.0000000000
125608  28.748  30.176  13.974 0.0000000000
125619  30.425  30.338  13.392 0.0000000000
125620  29.607  30.318  13.617 0.0000000000
126330  30.934  30.658  15.685 0.0000000000
126331  30.148  31.182  15.937 0.0000000000
126332  29.270  31.319  16.144 0.0000000000
126333  28.728  31.370  16.000 0.0000000000
126334  28.385  31.361  15.628 0.0000000000
126338  32.582  30.405  14.487 0.0000000000
126339  32.017  31.212  14.878 0.0000000000
126340  31.025  31.561  15.454 0.0000000000
126341  30.251  32.040  15.678 0.0000000000
126342  28.229  31.279  15.152 0.0000000000
126350  28.276  31.169  14.670 0.0000000000
126362  28.539  31.121  14.193 0.0000000000
126371  28.981  31.196  13.755 0.0000000000
126381  30.342  30.997  13.305 0.0000000000
126382  29.526  31.475  13.390 0.0000000000
126391  30.991  31.402  12.846 0.0000000000
127069  29.580  32.301  15.914 0.0000000000
127070  28.953  32.179  16.083 0.0000000000
127071  28.568  32.083  15.858 0.0000000000
127072  28.273  32.014  15.433 0.0000000000
127076  31.556  32.504  14.888 0.0000000000
127077  30.605  32.554  15.426 0.0000000000
127078  30.045  32.545  15.703 0.0000000000
127079  28.191  31.969  14.912 0.0000000000
127092  28.381  31.916  14.360 0.0000000000
127104  28.669  31.888  13.822 0.0000000000
127112  29.307  32.513  13.116 0.0000000000
127113  29.053  31.945  13.405 0.0000000000
127121  30.015  32.064  12.878 0.0000000000
127122  29.415  32.024  13.171 0.0000000000
127131  30.709  32.060  12.575 0.0000000000
127737  29.470  32.829  15.916 0.0000000000
127738  29.219  32.829  15.998 0.0000000000
127739  28.798  32.741  15.906 0.0000000000
127740  28.513  32.540  15.596 0.0000000000
127757  30.945  33.255  14.964 0.0000000000
127758  29.809  33.105  15.605 0.0000000000
127759  29.090  33.267  15.639 0.0000000000
127760  28.640  33.117  15.400 0.0000000000
127761  28.325  32.608  15.159 0.0000000000
127778  28.491  33.151  14.847 0.0000000000
127779  28.369  32.606  14.577 0.0000000000
127788  28.647  33.188  14.193 0.0000000000
127789  28.572  32.573  13.943 0.0000000000
127798  29.021  33.142  13.378 0.0000000000
127799  28.871  32.438  13.502 0.0000000000
127807  30.185  33.586  12.214 0.0000000000
127808  29.835  33.266  12.545 0.0000000000
127819  30.955  33.248  11.989 0.0000000000
127820  30.523  32.592  12.409 0.0000000000
128507  30.289  33.828  14.843 0.0000000000
128508  29.494  33.736  15.072 0.0000000000
128509  28.935  33.577  15.100 0.0000000000
128510  28.675  33.405  15.020 0.0000000000
128524  29.916  34.155  14.312 0.0000000000
128525  29.271  33.881  14.426 0.0000000000
128526  28.808  33.538  14.600 0.0000000000
128540  29.748  34.158  13.446 0.0000000000
128541  29.112  33.688  13.827 0.0000000000
128554  29.847  34.106  12.774 0.0000000000
128555  29.615  33.783  12.933 0.0000000000
128567  30.114  33.897  12.300 0.0000000000
128568  29.798  33.755  12.522 0.0000000000
