#!ascii label  , from subject subject001 vox2ras=TkReg
342
70862  49.215  -23.841  -5.717 0.0000000000
70863  48.519  -24.048  -6.746 0.0000000000
70879  48.271  -23.819  -7.552 0.0000000000
70880  47.744  -23.880  -7.873 0.0000000000
71938  45.758  -24.220  -4.984 0.0000000000
71939  45.498  -24.296  -5.010 0.0000000000
71940  44.752  -24.480  -4.841 0.0000000000
71955  45.736  -24.256  -5.240 0.0000000000
71956  45.330  -24.460  -5.749 0.0000000000
71968  49.844  -23.267  -5.540 0.0000000000
71969  49.075  -23.329  -6.606 0.0000000000
71970  48.591  -23.523  -7.232 0.0000000000
71971  45.069  -24.502  -6.839 0.0000000000
71981  48.805  -23.172  -7.195 0.0000000000
71982  48.311  -23.352  -7.593 0.0000000000
71983  47.621  -23.516  -7.874 0.0000000000
71984  46.894  -23.822  -7.939 0.0000000000
71985  46.048  -24.194  -7.943 0.0000000000
73003  46.584  -23.238  -4.397 0.0000000000
73004  45.955  -23.931  -4.761 0.0000000000
73005  45.230  -24.070  -4.578 0.0000000000
73006  44.943  -24.174  -4.531 0.0000000000
73019  46.700  -23.583  -5.270 0.0000000000
73020  46.042  -24.156  -5.795 0.0000000000
73021  45.591  -24.377  -6.398 0.0000000000
73032  49.513  -22.738  -6.326 0.0000000000
73033  49.070  -22.982  -6.903 0.0000000000
73034  46.723  -23.643  -6.505 0.0000000000
73035  45.932  -24.206  -6.703 0.0000000000
73036  45.521  -24.351  -6.814 0.0000000000
73043  49.252  -22.580  -6.612 0.0000000000
73044  48.879  -22.828  -7.082 0.0000000000
73045  48.199  -22.934  -7.534 0.0000000000
73046  47.597  -23.162  -7.633 0.0000000000
73047  46.908  -23.492  -7.494 0.0000000000
73048  46.053  -24.097  -7.346 0.0000000000
73049  45.524  -24.350  -7.146 0.0000000000
74043  46.729  -22.706  -3.881 0.0000000000
74064  47.658  -22.761  -4.563 0.0000000000
74065  47.304  -22.933  -4.557 0.0000000000
74076  47.746  -22.860  -5.091 0.0000000000
74077  47.314  -23.221  -5.681 0.0000000000
74086  50.150  -22.205  -5.705 0.0000000000
74087  49.527  -22.356  -6.150 0.0000000000
74088  48.006  -22.503  -6.841 0.0000000000
74089  47.766  -22.727  -6.266 0.0000000000
74090  47.308  -23.178  -6.382 0.0000000000
74099  49.086  -22.414  -6.638 0.0000000000
74100  48.627  -22.563  -7.027 0.0000000000
74101  48.109  -22.598  -7.212 0.0000000000
74102  47.631  -22.841  -7.176 0.0000000000
74103  47.293  -23.134  -6.859 0.0000000000
75073  47.347  -22.608  -3.992 0.0000000000
75093  48.476  -22.068  -3.742 0.0000000000
75094  47.891  -22.506  -4.020 0.0000000000
75095  47.522  -22.672  -4.196 0.0000000000
75107  50.155  -21.784  -5.129 0.0000000000
75108  49.558  -21.981  -4.958 0.0000000000
75109  48.838  -22.256  -4.552 0.0000000000
75110  48.180  -22.632  -5.416 0.0000000000
75118  49.999  -22.007  -5.693 0.0000000000
75119  49.485  -22.116  -5.955 0.0000000000
75120  48.977  -22.229  -5.901 0.0000000000
75121  48.340  -22.458  -6.160 0.0000000000
75122  48.080  -22.532  -6.026 0.0000000000
75131  48.942  -22.294  -6.519 0.0000000000
75132  48.540  -22.425  -6.679 0.0000000000
75133  48.236  -22.418  -6.827 0.0000000000
76118  48.193  -21.830  -3.326 0.0000000000
76133  49.352  -21.645  -3.909 0.0000000000
76134  49.008  -21.822  -3.892 0.0000000000
77228  46.044  -18.546  -3.977 0.0000000000
77229  45.453  -18.797  -4.412 0.0000000000
77239  45.776  -18.046  -4.919 0.0000000000
77240  45.199  -18.313  -5.433 0.0000000000
77252  45.741  -17.659  -5.841 0.0000000000
77253  45.279  -17.681  -6.373 0.0000000000
77254  44.737  -17.655  -6.580 0.0000000000
77255  44.511  -17.505  -6.569 0.0000000000
78368  46.541  -18.213  -3.829 0.0000000000
78385  47.442  -17.191  -4.186 0.0000000000
78386  46.743  -17.552  -4.474 0.0000000000
78387  46.254  -17.913  -4.509 0.0000000000
78404  47.546  -16.685  -5.015 0.0000000000
78405  47.010  -16.815  -5.613 0.0000000000
78406  46.322  -17.500  -5.410 0.0000000000
78422  46.934  -16.568  -6.588 0.0000000000
78423  46.323  -16.896  -6.719 0.0000000000
78424  45.529  -17.012  -7.049 0.0000000000
78425  45.005  -17.146  -6.962 0.0000000000
78426  44.741  -17.245  -6.784 0.0000000000
78443  46.387  -16.405  -7.334 0.0000000000
78444  46.146  -16.517  -7.309 0.0000000000
79537  51.492  -15.473  -3.519 0.0000000000
79538  50.721  -16.044  -3.376 0.0000000000
79556  51.342  -15.042  -4.108 0.0000000000
79557  50.765  -15.137  -4.441 0.0000000000
79558  49.761  -15.648  -4.424 0.0000000000
79559  48.682  -16.138  -4.388 0.0000000000
79560  47.946  -16.630  -4.367 0.0000000000
79575  50.548  -14.777  -5.165 0.0000000000
79576  49.867  -15.035  -5.622 0.0000000000
79577  48.868  -15.538  -5.693 0.0000000000
79578  47.876  -16.282  -5.843 0.0000000000
79579  47.271  -16.477  -6.408 0.0000000000
79593  49.406  -14.816  -6.273 0.0000000000
79594  48.970  -15.072  -6.436 0.0000000000
79595  48.170  -15.451  -7.018 0.0000000000
79596  47.209  -16.250  -7.101 0.0000000000
79597  46.636  -16.369  -7.306 0.0000000000
79598  45.455  -16.762  -7.092 0.0000000000
79599  45.162  -16.785  -7.052 0.0000000000
79600  44.573  -17.101  -6.673 0.0000000000
79614  47.917  -15.099  -7.660 0.0000000000
79615  47.477  -15.453  -7.691 0.0000000000
79616  46.672  -15.997  -7.564 0.0000000000
79617  45.943  -16.390  -7.359 0.0000000000
79618  45.608  -16.545  -7.137 0.0000000000
80705  53.667  -15.428  -2.761 0.0000000000
80706  52.568  -15.775  -2.906 0.0000000000
80707  51.985  -15.747  -3.035 0.0000000000
80718  53.312  -14.446  -3.748 0.0000000000
80719  52.703  -14.986  -3.547 0.0000000000
80720  52.107  -15.333  -3.385 0.0000000000
80730  53.217  -14.098  -4.255 0.0000000000
80731  52.709  -14.237  -4.334 0.0000000000
80732  51.834  -14.772  -4.077 0.0000000000
80733  51.273  -14.844  -4.380 0.0000000000
80741  52.474  -13.989  -4.711 0.0000000000
80742  52.002  -14.141  -4.646 0.0000000000
80743  51.128  -14.450  -4.840 0.0000000000
80744  50.336  -14.449  -5.500 0.0000000000
80745  45.160  -16.151  -6.433 0.0000000000
80755  49.704  -14.466  -6.041 0.0000000000
80756  48.910  -14.456  -6.608 0.0000000000
80757  48.592  -14.942  -6.965 0.0000000000
80758  45.920  -15.759  -7.207 0.0000000000
80759  45.442  -16.290  -6.993 0.0000000000
80760  44.825  -16.723  -6.690 0.0000000000
80770  48.536  -14.159  -6.999 0.0000000000
80771  48.290  -14.611  -7.374 0.0000000000
80772  47.688  -14.752  -7.764 0.0000000000
80773  47.162  -15.058  -7.773 0.0000000000
80774  46.444  -15.557  -7.489 0.0000000000
80775  45.754  -16.244  -7.276 0.0000000000
81879  54.576  -14.856  -2.834 0.0000000000
81894  54.912  -14.062  -3.454 0.0000000000
81895  54.039  -14.348  -3.377 0.0000000000
81908  54.282  -13.840  -3.737 0.0000000000
81909  53.660  -13.785  -4.058 0.0000000000
81910  53.151  -13.913  -4.442 0.0000000000
81922  53.241  -13.552  -4.399 0.0000000000
81923  52.782  -13.683  -4.616 0.0000000000
81924  52.155  -13.640  -4.663 0.0000000000
81925  51.438  -13.715  -4.838 0.0000000000
81926  50.629  -13.749  -5.261 0.0000000000
81927  49.947  -13.478  -5.471 0.0000000000
81929  45.629  -15.490  -6.013 0.0000000000
81940  50.062  -14.029  -5.742 0.0000000000
81941  49.464  -13.718  -6.079 0.0000000000
81942  46.473  -14.934  -6.677 0.0000000000
81943  45.704  -15.741  -6.787 0.0000000000
81957  48.771  -13.697  -6.636 0.0000000000
81958  48.360  -13.787  -7.166 0.0000000000
81959  47.968  -13.983  -7.474 0.0000000000
81960  47.587  -14.189  -7.539 0.0000000000
81961  47.140  -14.346  -7.522 0.0000000000
83113  55.460  -13.266  -3.667 0.0000000000
83124  54.546  -13.281  -4.064 0.0000000000
83125  53.622  -12.995  -4.229 0.0000000000
83126  52.964  -12.723  -4.174 0.0000000000
83137  53.022  -13.217  -4.417 0.0000000000
83138  52.406  -13.006  -4.404 0.0000000000
83139  51.633  -13.061  -4.531 0.0000000000
83140  50.846  -13.040  -4.638 0.0000000000
83141  50.139  -12.910  -4.918 0.0000000000
83142  49.598  -12.850  -5.449 0.0000000000
83143  46.960  -13.930  -5.418 0.0000000000
83154  49.037  -12.930  -6.127 0.0000000000
83155  47.679  -12.949  -6.879 0.0000000000
83156  47.427  -13.513  -6.657 0.0000000000
83167  48.500  -13.076  -6.699 0.0000000000
83168  48.177  -13.163  -7.134 0.0000000000
83169  47.920  -13.243  -7.245 0.0000000000
83170  47.687  -13.390  -7.190 0.0000000000
83171  47.485  -13.794  -7.222 0.0000000000
84241  56.757  -12.177  -2.916 0.0000000000
84242  55.879  -12.282  -3.545 0.0000000000
84243  55.129  -12.619  -3.939 0.0000000000
84252  55.133  -12.016  -3.628 0.0000000000
84253  54.361  -12.278  -3.846 0.0000000000
84254  53.324  -12.150  -3.752 0.0000000000
84255  52.346  -12.118  -3.771 0.0000000000
84256  51.391  -11.830  -3.617 0.0000000000
84257  50.683  -11.704  -3.785 0.0000000000
84258  50.216  -11.663  -4.155 0.0000000000
84267  51.760  -12.489  -4.092 0.0000000000
84268  51.059  -12.409  -4.071 0.0000000000
84269  50.408  -12.293  -4.318 0.0000000000
84270  49.780  -12.055  -4.686 0.0000000000
84271  49.287  -12.068  -5.537 0.0000000000
84272  47.485  -12.948  -5.528 0.0000000000
84280  48.703  -12.151  -6.319 0.0000000000
84281  48.542  -11.718  -6.486 0.0000000000
84282  47.661  -12.448  -6.542 0.0000000000
84283  47.560  -12.494  -6.137 0.0000000000
84291  48.360  -12.659  -6.783 0.0000000000
84292  48.234  -12.248  -6.771 0.0000000000
84293  47.972  -12.344  -6.907 0.0000000000
84294  47.775  -12.422  -6.784 0.0000000000
85322  56.318  -10.614  -2.778 0.0000000000
85334  56.353  -11.451  -3.076 0.0000000000
85335  55.447  -11.065  -2.996 0.0000000000
85336  54.483  -10.709  -2.884 0.0000000000
85347  54.664  -11.484  -3.359 0.0000000000
85348  53.768  -11.233  -3.145 0.0000000000
85349  52.786  -11.288  -3.270 0.0000000000
85350  51.925  -11.181  -3.344 0.0000000000
85351  51.073  -11.007  -3.459 0.0000000000
85352  50.403  -10.970  -3.884 0.0000000000
85353  49.960  -11.329  -4.350 0.0000000000
85361  50.034  -10.782  -4.397 0.0000000000
85362  49.554  -11.155  -4.914 0.0000000000
85363  49.166  -11.243  -5.822 0.0000000000
85365  47.565  -12.172  -4.966 0.0000000000
85372  48.839  -11.221  -6.287 0.0000000000
85373  48.544  -11.283  -6.475 0.0000000000
85374  47.849  -10.860  -6.215 0.0000000000
85375  47.702  -11.440  -5.827 0.0000000000
85376  47.528  -12.231  -5.699 0.0000000000
85384  48.246  -11.408  -6.578 0.0000000000
85385  47.962  -11.373  -6.470 0.0000000000
85386  47.733  -11.894  -6.498 0.0000000000
86439  55.879  -9.757  -2.705 0.0000000000
86449  54.861  -9.787  -2.728 0.0000000000
86450  53.744  -9.891  -2.663 0.0000000000
86451  52.824  -9.694  -2.874 0.0000000000
86452  52.196  -9.660  -3.204 0.0000000000
86463  53.065  -10.526  -2.855 0.0000000000
86464  52.400  -10.447  -3.092 0.0000000000
86465  51.704  -10.218  -3.386 0.0000000000
86466  50.964  -10.102  -3.718 0.0000000000
86467  50.426  -10.173  -4.258 0.0000000000
86476  49.996  -10.207  -4.870 0.0000000000
86477  49.508  -10.281  -5.539 0.0000000000
86478  49.151  -10.618  -6.047 0.0000000000
86486  49.324  -10.012  -5.983 0.0000000000
86487  48.985  -10.373  -6.293 0.0000000000
86488  48.636  -10.748  -6.399 0.0000000000
86489  47.944  -10.528  -5.957 0.0000000000
86490  48.133  -10.365  -5.353 0.0000000000
86500  48.846  -10.149  -6.344 0.0000000000
86501  48.514  -10.466  -6.286 0.0000000000
86502  48.259  -10.344  -6.107 0.0000000000
87528  55.435  -8.644  -2.861 0.0000000000
87529  54.324  -8.708  -2.845 0.0000000000
87530  53.259  -8.649  -2.926 0.0000000000
87531  52.499  -9.031  -3.170 0.0000000000
87541  52.634  -8.368  -3.417 0.0000000000
87542  51.762  -8.937  -3.728 0.0000000000
87543  50.877  -9.359  -4.248 0.0000000000
87544  50.438  -9.587  -4.753 0.0000000000
87555  51.343  -8.643  -4.642 0.0000000000
87556  50.770  -8.894  -4.991 0.0000000000
87557  50.147  -9.270  -5.414 0.0000000000
87558  49.629  -9.550  -5.771 0.0000000000
87568  49.861  -8.957  -5.809 0.0000000000
87569  49.448  -9.302  -6.077 0.0000000000
87570  49.081  -9.674  -6.310 0.0000000000
87571  48.378  -9.899  -5.714 0.0000000000
87582  49.256  -9.090  -6.237 0.0000000000
87583  48.916  -9.488  -6.325 0.0000000000
87584  48.626  -9.608  -6.161 0.0000000000
87585  48.477  -9.558  -5.963 0.0000000000
88619  55.012  -7.552  -3.269 0.0000000000
88620  53.999  -7.903  -3.208 0.0000000000
88630  54.329  -7.195  -3.607 0.0000000000
88631  53.409  -7.530  -3.672 0.0000000000
88632  52.505  -7.928  -3.935 0.0000000000
88640  53.000  -7.372  -4.447 0.0000000000
88641  52.149  -7.845  -4.978 0.0000000000
88642  51.366  -8.256  -5.441 0.0000000000
88643  50.767  -8.478  -5.613 0.0000000000
88654  51.844  -7.644  -5.901 0.0000000000
88655  51.245  -7.821  -6.183 0.0000000000
88656  50.435  -8.342  -5.976 0.0000000000
88657  49.949  -8.543  -5.989 0.0000000000
88658  48.548  -9.109  -5.636 0.0000000000
88670  50.882  -7.671  -6.481 0.0000000000
88671  50.383  -7.953  -6.308 0.0000000000
88672  49.765  -8.398  -6.071 0.0000000000
88673  49.319  -8.684  -6.136 0.0000000000
88674  48.873  -8.904  -6.218 0.0000000000
88675  48.652  -8.990  -6.074 0.0000000000
89732  55.087  -6.065  -3.685 0.0000000000
89733  54.207  -6.841  -3.930 0.0000000000
89747  54.780  -5.728  -4.506 0.0000000000
89748  53.966  -6.437  -4.663 0.0000000000
89749  53.038  -7.037  -5.310 0.0000000000
89763  53.530  -6.363  -6.049 0.0000000000
89764  52.609  -7.071  -6.155 0.0000000000
89765  51.928  -7.254  -6.466 0.0000000000
89766  49.309  -8.114  -5.852 0.0000000000
89767  48.938  -8.440  -5.781 0.0000000000
89779  53.189  -6.340  -6.799 0.0000000000
89780  52.461  -6.645  -6.860 0.0000000000
89781  51.576  -7.081  -6.801 0.0000000000
89782  50.902  -7.314  -6.737 0.0000000000
89783  50.378  -7.607  -6.347 0.0000000000
89784  49.819  -7.954  -6.184 0.0000000000
89785  49.362  -8.301  -5.982 0.0000000000
89786  48.896  -8.658  -6.076 0.0000000000
90863  54.637  -5.632  -4.927 0.0000000000
90874  54.887  -4.621  -6.485 0.0000000000
90875  54.364  -5.532  -5.693 0.0000000000
90876  50.071  -7.289  -6.143 0.0000000000
90877  49.646  -7.721  -5.901 0.0000000000
90878  49.315  -7.953  -5.666 0.0000000000
90891  54.674  -4.585  -7.281 0.0000000000
90892  54.062  -5.428  -7.024 0.0000000000
90893  53.213  -5.825  -7.250 0.0000000000
90894  52.371  -6.233  -7.145 0.0000000000
90895  51.528  -6.675  -6.946 0.0000000000
90896  50.844  -7.020  -6.809 0.0000000000
90897  50.353  -7.271  -6.383 0.0000000000
90898  49.870  -7.696  -6.113 0.0000000000
92045  54.579  -4.442  -7.742 0.0000000000
92046  53.955  -4.921  -7.701 0.0000000000
92047  53.352  -5.209  -7.509 0.0000000000
92048  52.268  -5.935  -7.178 0.0000000000
92049  51.369  -6.425  -6.821 0.0000000000
92050  50.750  -6.840  -6.687 0.0000000000
92057  55.077  -3.786  -8.315 0.0000000000
92058  54.540  -4.015  -8.136 0.0000000000
92059  54.098  -4.388  -8.003 0.0000000000
92060  53.890  -4.547  -7.900 0.0000000000
93135  53.730  -4.488  -7.741 0.0000000000
93136  52.976  -5.148  -7.298 0.0000000000
93137  52.130  -5.778  -7.037 0.0000000000
93149  55.118  -3.354  -8.836 0.0000000000
93150  54.608  -3.585  -8.453 0.0000000000
93151  54.206  -3.954  -8.101 0.0000000000
