#!ascii label  , from subject subject001 vox2ras=TkReg
1514
803  14.577  -90.061  -24.455 0.0000000000
804  13.544  -89.971  -24.770 0.0000000000
811  14.146  -89.391  -25.182 0.0000000000
812  13.251  -89.285  -25.405 0.0000000000
813  12.458  -89.568  -25.950 0.0000000000
818  11.784  -89.795  -27.049 0.0000000000
824  11.787  -89.845  -27.965 0.0000000000
834  11.055  -90.675  -28.859 0.0000000000
845  10.848  -90.741  -29.059 0.0000000000
846  10.564  -90.931  -29.120 0.0000000000
847  9.970  -91.270  -29.109 0.0000000000
848  9.198  -91.659  -28.953 0.0000000000
1123  15.660  -89.607  -24.473 0.0000000000
1130  15.303  -88.562  -25.455 0.0000000000
1131  15.099  -88.940  -25.208 0.0000000000
1137  15.083  -88.482  -25.694 0.0000000000
1138  14.222  -88.586  -25.787 0.0000000000
1139  13.208  -88.510  -26.264 0.0000000000
1140  12.592  -88.891  -26.726 0.0000000000
1145  12.998  -88.180  -27.058 0.0000000000
1146  12.594  -88.652  -27.493 0.0000000000
1153  12.184  -89.168  -28.287 0.0000000000
1154  11.724  -89.795  -28.287 0.0000000000
1162  12.112  -89.068  -28.860 0.0000000000
1163  11.635  -89.638  -28.730 0.0000000000
1164  10.100  -90.102  -29.106 0.0000000000
1165  9.502  -90.762  -28.930 0.0000000000
1174  11.097  -90.162  -29.044 0.0000000000
1175  10.816  -90.131  -29.187 0.0000000000
1176  10.258  -90.349  -29.138 0.0000000000
1177  9.775  -90.691  -29.059 0.0000000000
1500  16.365  -88.985  -24.375 0.0000000000
1501  15.658  -88.865  -24.936 0.0000000000
1510  16.897  -88.111  -24.485 0.0000000000
1511  15.742  -88.315  -25.384 0.0000000000
1512  15.491  -88.681  -25.198 0.0000000000
1519  14.969  -87.927  -26.346 0.0000000000
1520  14.011  -87.898  -26.509 0.0000000000
1521  13.488  -87.847  -26.884 0.0000000000
1528  14.480  -87.522  -26.817 0.0000000000
1529  14.026  -87.377  -27.134 0.0000000000
1530  13.357  -87.514  -27.624 0.0000000000
1531  12.904  -88.003  -27.575 0.0000000000
1532  9.811  -89.781  -27.487 0.0000000000
1539  13.222  -87.347  -28.207 0.0000000000
1540  12.775  -87.875  -28.216 0.0000000000
1541  10.375  -89.130  -28.723 0.0000000000
1542  9.953  -89.671  -28.267 0.0000000000
1543  9.188  -90.404  -28.025 0.0000000000
1547  12.334  -88.330  -28.979 0.0000000000
1548  11.988  -88.983  -29.054 0.0000000000
1549  10.391  -89.414  -29.014 0.0000000000
1550  9.702  -90.183  -28.695 0.0000000000
1551  9.104  -90.587  -28.407 0.0000000000
1556  12.247  -87.876  -29.372 0.0000000000
1557  11.694  -88.853  -29.193 0.0000000000
1558  11.117  -89.177  -29.254 0.0000000000
1559  10.650  -89.461  -29.170 0.0000000000
1943  18.132  -87.568  -23.005 0.0000000000
1944  17.566  -87.817  -23.843 0.0000000000
1958  17.883  -87.339  -23.957 0.0000000000
1959  17.448  -87.277  -24.576 0.0000000000
1960  16.604  -87.304  -25.368 0.0000000000
1961  10.173  -88.746  -26.141 0.0000000000
1976  15.802  -87.250  -26.262 0.0000000000
1977  10.296  -88.949  -26.941 0.0000000000
1990  15.010  -86.975  -27.227 0.0000000000
1991  14.023  -86.734  -27.840 0.0000000000
1992  13.496  -87.010  -28.166 0.0000000000
1993  10.890  -88.055  -27.898 0.0000000000
1994  10.548  -88.546  -27.617 0.0000000000
2002  13.712  -86.614  -28.449 0.0000000000
2003  13.252  -87.016  -28.729 0.0000000000
2004  12.766  -87.467  -28.949 0.0000000000
2005  10.750  -88.403  -28.328 0.0000000000
2006  10.299  -89.095  -27.951 0.0000000000
2010  13.036  -87.005  -29.279 0.0000000000
2011  12.611  -87.312  -29.369 0.0000000000
2012  11.117  -88.114  -28.989 0.0000000000
2016  12.409  -87.371  -29.524 0.0000000000
2017  12.182  -87.597  -29.547 0.0000000000
2018  11.792  -87.956  -29.469 0.0000000000
2019  11.318  -88.320  -29.244 0.0000000000
2438  14.821  -87.186  -23.746 0.0000000000
2451  14.658  -86.664  -24.356 0.0000000000
2452  14.092  -86.841  -24.528 0.0000000000
2453  13.330  -87.151  -24.388 0.0000000000
2465  13.750  -86.622  -24.860 0.0000000000
2466  13.600  -86.791  -24.667 0.0000000000
2475  19.148  -86.628  -22.067 0.0000000000
2476  18.640  -86.559  -22.875 0.0000000000
2477  10.470  -87.706  -25.022 0.0000000000
2485  18.219  -86.704  -24.136 0.0000000000
2486  17.350  -86.363  -25.325 0.0000000000
2487  16.461  -86.578  -26.018 0.0000000000
2488  10.596  -87.825  -25.803 0.0000000000
2501  16.679  -85.803  -26.204 0.0000000000
2502  15.972  -86.209  -26.842 0.0000000000
2503  11.221  -86.906  -27.444 0.0000000000
2504  10.812  -87.764  -26.980 0.0000000000
2518  15.449  -86.060  -27.624 0.0000000000
2519  14.830  -86.161  -28.120 0.0000000000
2520  11.183  -87.374  -27.992 0.0000000000
2521  10.886  -87.918  -27.625 0.0000000000
2532  14.174  -86.157  -28.568 0.0000000000
2533  13.676  -86.305  -28.928 0.0000000000
2534  11.382  -87.295  -28.846 0.0000000000
2539  13.335  -86.557  -29.283 0.0000000000
2540  13.072  -86.634  -29.603 0.0000000000
2541  11.543  -87.201  -29.245 0.0000000000
2548  12.676  -86.839  -29.756 0.0000000000
2549  12.301  -86.888  -29.843 0.0000000000
2550  11.934  -87.061  -29.737 0.0000000000
2551  11.710  -87.070  -29.523 0.0000000000
3077  15.585  -86.401  -23.676 0.0000000000
3089  15.147  -86.259  -24.394 0.0000000000
3090  14.556  -86.387  -24.746 0.0000000000
3091  12.534  -87.112  -24.294 0.0000000000
3092  12.064  -86.862  -24.305 0.0000000000
3093  10.818  -86.982  -23.713 0.0000000000
3094  10.516  -87.113  -23.792 0.0000000000
3105  20.298  -85.383  -21.545 0.0000000000
3106  14.800  -85.885  -25.073 0.0000000000
3107  14.060  -86.235  -25.298 0.0000000000
3108  13.188  -86.628  -24.910 0.0000000000
3109  10.617  -87.097  -24.548 0.0000000000
3118  19.087  -85.373  -22.695 0.0000000000
3119  18.615  -86.036  -23.676 0.0000000000
3120  13.736  -85.838  -25.812 0.0000000000
3121  13.341  -86.127  -25.577 0.0000000000
3122  11.296  -86.444  -25.912 0.0000000000
3123  10.884  -87.068  -25.425 0.0000000000
3132  18.661  -84.497  -23.986 0.0000000000
3133  18.295  -85.446  -24.621 0.0000000000
3134  17.446  -85.320  -25.796 0.0000000000
3135  11.381  -86.299  -26.745 0.0000000000
3136  11.110  -87.039  -26.288 0.0000000000
3146  16.839  -85.086  -26.556 0.0000000000
3147  16.361  -85.467  -26.826 0.0000000000
3148  11.361  -86.383  -27.332 0.0000000000
3149  11.184  -86.821  -26.955 0.0000000000
3160  16.439  -85.051  -27.004 0.0000000000
3161  15.976  -85.248  -27.506 0.0000000000
3162  15.328  -85.556  -28.145 0.0000000000
3163  11.414  -86.357  -27.954 0.0000000000
3176  15.553  -84.930  -28.331 0.0000000000
3177  14.702  -85.272  -28.891 0.0000000000
3178  14.019  -85.846  -28.969 0.0000000000
3179  11.544  -86.329  -28.810 0.0000000000
3185  14.280  -84.688  -29.704 0.0000000000
3186  13.594  -85.764  -29.445 0.0000000000
3187  13.064  -86.284  -29.786 0.0000000000
3188  11.811  -86.037  -30.064 0.0000000000
3189  11.699  -86.399  -29.579 0.0000000000
3195  14.191  -84.269  -30.040 0.0000000000
3196  13.752  -84.855  -29.804 0.0000000000
3197  12.963  -85.870  -29.920 0.0000000000
3198  12.286  -86.190  -30.120 0.0000000000
3199  11.929  -86.321  -30.036 0.0000000000
3200  11.770  -86.376  -29.887 0.0000000000
3691  16.623  -85.780  -22.147 0.0000000000
3692  16.215  -85.851  -23.121 0.0000000000
3701  15.838  -85.657  -24.002 0.0000000000
3702  11.330  -86.877  -23.869 0.0000000000
3703  11.102  -86.802  -23.914 0.0000000000
3710  25.424  -86.469  -21.626 0.0000000000
3711  15.475  -85.248  -24.763 0.0000000000
3712  12.353  -86.644  -24.628 0.0000000000
3713  11.675  -86.665  -24.396 0.0000000000
3714  11.106  -86.690  -24.269 0.0000000000
3715  10.900  -86.779  -24.410 0.0000000000
3721  25.305  -86.042  -22.366 0.0000000000
3723  21.900  -84.670  -21.833 0.0000000000
3724  20.767  -84.303  -21.773 0.0000000000
3725  19.769  -84.125  -22.186 0.0000000000
3726  14.940  -85.218  -25.528 0.0000000000
3727  14.524  -85.711  -25.488 0.0000000000
3728  12.433  -86.237  -25.268 0.0000000000
3729  11.619  -86.326  -25.013 0.0000000000
3730  11.183  -86.506  -24.812 0.0000000000
3731  10.933  -86.672  -24.703 0.0000000000
3738  25.258  -86.533  -23.399 0.0000000000
3739  25.090  -86.070  -23.672 0.0000000000
3742  19.173  -83.783  -23.267 0.0000000000
3743  14.739  -84.960  -25.925 0.0000000000
3744  14.273  -85.425  -25.980 0.0000000000
3745  13.213  -85.464  -26.267 0.0000000000
3746  12.151  -85.889  -25.916 0.0000000000
3747  11.517  -86.237  -25.518 0.0000000000
3748  11.064  -86.592  -25.118 0.0000000000
3758  18.686  -83.720  -24.331 0.0000000000
3759  18.306  -84.253  -25.086 0.0000000000
3760  17.897  -84.756  -25.532 0.0000000000
3761  13.082  -85.008  -26.772 0.0000000000
3762  12.683  -85.233  -26.835 0.0000000000
3763  11.829  -85.826  -26.540 0.0000000000
3771  17.852  -84.287  -25.691 0.0000000000
3772  17.425  -84.446  -26.216 0.0000000000
3773  12.307  -85.206  -27.478 0.0000000000
3774  11.687  -85.783  -27.539 0.0000000000
3785  16.611  -84.402  -27.063 0.0000000000
3786  15.999  -84.240  -27.950 0.0000000000
3787  12.183  -85.215  -28.283 0.0000000000
3788  11.716  -85.721  -28.489 0.0000000000
3805  15.503  -84.245  -28.824 0.0000000000
3806  14.934  -84.206  -29.505 0.0000000000
3807  12.100  -85.224  -29.101 0.0000000000
3808  11.716  -85.721  -29.007 0.0000000000
3819  14.517  -83.991  -30.021 0.0000000000
3820  14.313  -83.857  -30.145 0.0000000000
3821  12.022  -85.562  -29.780 0.0000000000
3822  11.732  -85.785  -29.368 0.0000000000
3830  14.290  -84.106  -30.207 0.0000000000
3831  14.049  -84.085  -30.120 0.0000000000
3832  13.479  -84.755  -29.783 0.0000000000
3833  12.817  -85.402  -29.873 0.0000000000
3834  12.162  -85.804  -29.998 0.0000000000
4279  22.731  -83.398  -13.924 0.0000000000
4320  23.061  -84.045  -19.699 0.0000000000
4349  17.619  -84.335  -20.786 0.0000000000
4350  17.210  -85.004  -21.493 0.0000000000
4358  17.525  -84.166  -21.710 0.0000000000
4359  16.891  -84.626  -22.701 0.0000000000
4360  16.333  -85.065  -23.615 0.0000000000
4370  26.756  -86.018  -19.029 0.0000000000
4371  26.023  -86.432  -19.734 0.0000000000
4372  25.720  -86.887  -20.278 0.0000000000
4373  16.533  -84.150  -23.886 0.0000000000
4374  16.065  -84.902  -24.214 0.0000000000
4384  27.863  -83.938  -18.960 0.0000000000
4385  27.308  -84.258  -19.141 0.0000000000
4386  26.358  -84.723  -19.580 0.0000000000
4387  25.431  -85.533  -20.383 0.0000000000
4388  25.023  -84.948  -21.375 0.0000000000
4389  16.280  -83.789  -24.362 0.0000000000
4390  15.955  -84.215  -24.613 0.0000000000
4399  24.684  -84.736  -22.253 0.0000000000
4400  24.338  -84.478  -22.424 0.0000000000
4401  22.432  -83.829  -22.364 0.0000000000
4402  21.233  -83.328  -22.037 0.0000000000
4403  20.150  -82.988  -22.358 0.0000000000
4404  19.617  -83.360  -22.654 0.0000000000
4405  15.445  -84.411  -25.336 0.0000000000
4415  25.005  -85.363  -22.944 0.0000000000
4416  24.599  -85.247  -22.989 0.0000000000
4417  24.213  -85.122  -23.026 0.0000000000
4418  23.862  -85.050  -22.957 0.0000000000
4419  23.442  -85.003  -22.662 0.0000000000
4420  19.810  -82.337  -22.818 0.0000000000
4421  19.485  -82.705  -23.185 0.0000000000
4422  15.070  -84.609  -25.867 0.0000000000
4423  14.686  -84.552  -26.320 0.0000000000
4424  14.030  -84.864  -26.576 0.0000000000
4433  24.954  -85.897  -23.704 0.0000000000
4434  24.794  -86.030  -23.742 0.0000000000
4436  18.901  -82.903  -24.146 0.0000000000
4437  18.373  -83.223  -25.088 0.0000000000
4438  14.348  -84.239  -26.866 0.0000000000
4439  13.542  -84.521  -27.165 0.0000000000
4440  12.887  -84.718  -27.535 0.0000000000
4450  17.847  -83.715  -25.822 0.0000000000
4451  17.333  -83.520  -26.708 0.0000000000
4452  13.336  -84.171  -28.046 0.0000000000
4453  12.721  -84.655  -28.180 0.0000000000
4464  16.653  -83.418  -27.614 0.0000000000
4465  16.047  -83.404  -28.489 0.0000000000
4466  13.107  -84.002  -28.815 0.0000000000
4467  12.541  -84.707  -28.748 0.0000000000
4486  15.450  -83.360  -29.278 0.0000000000
4487  14.977  -83.710  -29.686 0.0000000000
4488  13.072  -84.113  -29.338 0.0000000000
4489  12.674  -84.548  -29.127 0.0000000000
4502  15.306  -82.827  -29.447 0.0000000000
4503  14.951  -83.288  -29.687 0.0000000000
4504  14.485  -83.629  -29.874 0.0000000000
4505  13.570  -83.892  -29.830 0.0000000000
4506  13.155  -84.336  -29.598 0.0000000000
4507  12.655  -84.837  -29.430 0.0000000000
4516  14.162  -83.683  -30.117 0.0000000000
4517  13.832  -83.922  -30.049 0.0000000000
4518  13.306  -84.553  -29.714 0.0000000000
4519  12.712  -85.114  -29.656 0.0000000000
4952  22.917  -82.961  -11.548 0.0000000000
4973  22.430  -82.551  -12.827 0.0000000000
4974  22.279  -81.886  -13.181 0.0000000000
4985  22.382  -82.187  -13.725 0.0000000000
4986  22.331  -81.672  -13.469 0.0000000000
4996  22.883  -82.642  -14.679 0.0000000000
5003  24.206  -82.630  -16.800 0.0000000000
5004  23.742  -82.969  -15.946 0.0000000000
5011  24.378  -82.872  -17.804 0.0000000000
5012  24.336  -83.555  -17.271 0.0000000000
5024  24.177  -82.965  -18.842 0.0000000000
5025  24.153  -83.718  -18.516 0.0000000000
5041  23.954  -82.919  -19.263 0.0000000000
5042  23.557  -83.421  -19.436 0.0000000000
5043  22.515  -83.687  -20.042 0.0000000000
5060  19.084  -83.222  -19.723 0.0000000000
5061  18.449  -83.405  -19.929 0.0000000000
5062  17.961  -83.736  -20.369 0.0000000000
5069  29.304  -83.487  -17.191 0.0000000000
5071  18.195  -83.022  -20.570 0.0000000000
5072  17.826  -83.497  -21.125 0.0000000000
5079  28.752  -83.151  -18.418 0.0000000000
5080  28.526  -84.719  -18.091 0.0000000000
5081  18.033  -82.760  -21.262 0.0000000000
5082  17.576  -83.175  -22.301 0.0000000000
5083  17.024  -83.710  -23.242 0.0000000000
5090  28.534  -82.302  -19.204 0.0000000000
5091  28.243  -83.652  -18.787 0.0000000000
5092  17.080  -82.960  -23.456 0.0000000000
5093  16.747  -83.483  -23.702 0.0000000000
5098  28.644  -81.558  -19.735 0.0000000000
5099  28.125  -82.292  -19.563 0.0000000000
5100  26.975  -82.941  -19.492 0.0000000000
5101  26.104  -83.179  -19.968 0.0000000000
5102  25.377  -83.560  -20.679 0.0000000000
5103  24.858  -83.459  -21.336 0.0000000000
5104  16.856  -82.657  -23.902 0.0000000000
5105  16.415  -83.113  -24.241 0.0000000000
5106  16.089  -83.608  -24.569 0.0000000000
5112  28.278  -81.375  -20.112 0.0000000000
5113  27.638  -81.640  -19.853 0.0000000000
5114  26.811  -82.010  -19.782 0.0000000000
5115  24.446  -83.178  -21.742 0.0000000000
5116  24.147  -83.497  -22.197 0.0000000000
5117  23.731  -83.053  -22.332 0.0000000000
5118  23.279  -82.828  -22.479 0.0000000000
5119  22.596  -82.558  -22.443 0.0000000000
5120  21.659  -82.326  -22.343 0.0000000000
5121  20.758  -82.188  -22.415 0.0000000000
5122  16.075  -82.738  -24.764 0.0000000000
5123  15.768  -83.297  -25.054 0.0000000000
5131  24.175  -84.318  -22.491 0.0000000000
5132  23.989  -84.192  -22.575 0.0000000000
5133  23.688  -84.039  -22.576 0.0000000000
5134  23.214  -83.877  -22.550 0.0000000000
5135  20.102  -81.958  -22.764 0.0000000000
5136  19.613  -81.861  -23.247 0.0000000000
5137  15.283  -83.748  -26.045 0.0000000000
5138  14.811  -83.813  -26.684 0.0000000000
5146  19.140  -81.906  -24.042 0.0000000000
5147  18.589  -82.207  -24.986 0.0000000000
5148  15.038  -83.108  -26.649 0.0000000000
5149  14.485  -83.343  -27.322 0.0000000000
5150  13.885  -83.654  -27.855 0.0000000000
5159  17.874  -82.597  -25.998 0.0000000000
5160  17.295  -82.562  -27.128 0.0000000000
5161  14.192  -82.813  -28.058 0.0000000000
5162  13.717  -83.385  -28.467 0.0000000000
5172  16.556  -82.493  -28.088 0.0000000000
5173  15.953  -82.769  -28.798 0.0000000000
5174  14.086  -82.556  -28.696 0.0000000000
5175  13.656  -83.247  -28.940 0.0000000000
5188  16.073  -82.244  -28.695 0.0000000000
5189  15.621  -82.521  -29.174 0.0000000000
5190  13.955  -82.946  -29.229 0.0000000000
5191  13.454  -83.556  -29.215 0.0000000000
5203  15.360  -82.524  -29.394 0.0000000000
5204  15.147  -82.617  -29.504 0.0000000000
5205  14.636  -83.013  -29.603 0.0000000000
5206  14.111  -83.218  -29.630 0.0000000000
5207  13.543  -83.646  -29.540 0.0000000000
5212  14.379  -83.425  -29.790 0.0000000000
5213  14.164  -83.492  -29.891 0.0000000000
5655  23.519  -81.091  -9.318 0.0000000000
5656  23.401  -81.717  -8.625 0.0000000000
5662  23.520  -81.010  -9.850 0.0000000000
5663  23.412  -81.788  -10.266 0.0000000000
5674  22.773  -81.734  -11.884 0.0000000000
5695  22.420  -81.683  -12.708 0.0000000000
5696  22.376  -81.374  -13.104 0.0000000000
5713  22.318  -81.678  -13.757 0.0000000000
5714  22.357  -81.283  -13.608 0.0000000000
5727  22.456  -81.566  -14.203 0.0000000000
5728  22.387  -81.144  -13.885 0.0000000000
5734  23.710  -81.756  -16.057 0.0000000000
5735  23.003  -81.806  -15.132 0.0000000000
5741  24.497  -81.593  -17.787 0.0000000000
5742  24.350  -81.906  -17.135 0.0000000000
5752  24.544  -81.655  -18.539 0.0000000000
5753  24.467  -82.255  -18.279 0.0000000000
5763  24.515  -81.623  -19.075 0.0000000000
5764  24.052  -82.291  -19.498 0.0000000000
5765  22.872  -82.907  -20.213 0.0000000000
5766  21.580  -83.114  -20.369 0.0000000000
5767  20.268  -83.063  -20.016 0.0000000000
5768  19.515  -83.059  -19.821 0.0000000000
5779  23.669  -81.848  -20.180 0.0000000000
5780  23.085  -82.147  -20.447 0.0000000000
5781  21.938  -82.327  -20.605 0.0000000000
5782  20.682  -82.327  -20.413 0.0000000000
5783  19.286  -82.428  -20.205 0.0000000000
5784  18.587  -82.749  -20.319 0.0000000000
5791  29.571  -82.207  -17.252 0.0000000000
5792  18.959  -81.918  -20.655 0.0000000000
5793  18.534  -82.300  -20.767 0.0000000000
5796  29.082  -81.835  -18.561 0.0000000000
5797  18.869  -81.760  -21.162 0.0000000000
5798  18.327  -82.106  -21.877 0.0000000000
5799  17.865  -82.373  -22.430 0.0000000000
5802  29.055  -81.356  -19.727 0.0000000000
5803  18.092  -81.918  -22.650 0.0000000000
5804  17.591  -82.379  -22.956 0.0000000000
5807  29.014  -80.874  -20.571 0.0000000000
5808  28.695  -81.092  -20.450 0.0000000000
5809  25.843  -82.171  -20.412 0.0000000000
5810  25.367  -82.305  -20.981 0.0000000000
5811  24.887  -82.152  -21.518 0.0000000000
5812  17.810  -81.785  -23.202 0.0000000000
5813  17.264  -82.134  -23.742 0.0000000000
5814  16.774  -82.405  -24.186 0.0000000000
5818  29.042  -80.484  -21.116 0.0000000000
5819  28.371  -80.733  -20.686 0.0000000000
5820  27.293  -81.037  -20.320 0.0000000000
5821  26.414  -81.653  -20.147 0.0000000000
5822  24.440  -82.048  -22.011 0.0000000000
5823  24.005  -81.847  -22.378 0.0000000000
5824  23.564  -81.895  -22.477 0.0000000000
5825  22.981  -81.618  -22.570 0.0000000000
5826  22.062  -81.062  -22.457 0.0000000000
5827  21.087  -81.264  -22.573 0.0000000000
5828  20.454  -81.469  -22.729 0.0000000000
5829  16.959  -81.937  -24.304 0.0000000000
5830  16.427  -82.159  -24.713 0.0000000000
5831  15.912  -82.447  -25.153 0.0000000000
5835  23.846  -81.224  -22.646 0.0000000000
5836  23.515  -80.918  -22.749 0.0000000000
5837  22.805  -80.461  -22.584 0.0000000000
5838  22.171  -80.248  -22.619 0.0000000000
5839  20.531  -81.039  -22.883 0.0000000000
5840  19.940  -81.067  -23.291 0.0000000000
5841  19.427  -81.401  -23.682 0.0000000000
5842  16.036  -81.871  -25.331 0.0000000000
5843  15.498  -82.277  -25.996 0.0000000000
5847  19.600  -80.507  -23.684 0.0000000000
5848  19.219  -80.912  -24.311 0.0000000000
5849  18.791  -81.522  -24.756 0.0000000000
5850  15.020  -82.368  -27.045 0.0000000000
5851  14.603  -82.282  -27.657 0.0000000000
5857  18.742  -80.515  -24.831 0.0000000000
5858  18.382  -81.220  -25.713 0.0000000000
5859  17.693  -81.943  -26.561 0.0000000000
5860  14.752  -81.626  -28.341 0.0000000000
5861  14.472  -81.967  -28.145 0.0000000000
5867  17.833  -80.779  -26.574 0.0000000000
5868  17.303  -81.555  -27.248 0.0000000000
5869  14.748  -81.699  -28.770 0.0000000000
5870  14.423  -81.913  -28.645 0.0000000000
5879  16.453  -81.756  -28.190 0.0000000000
5880  15.755  -81.912  -28.884 0.0000000000
5881  15.494  -81.823  -29.056 0.0000000000
5882  14.712  -81.906  -29.184 0.0000000000
5883  14.369  -82.167  -29.032 0.0000000000
5894  15.406  -82.279  -29.331 0.0000000000
5895  15.211  -82.114  -29.377 0.0000000000
5896  14.700  -82.362  -29.403 0.0000000000
5897  14.392  -82.473  -29.312 0.0000000000
6348  24.647  -80.835  -3.070 0.0000000000
6360  25.092  -80.984  -3.768 0.0000000000
6372  25.378  -80.964  -4.978 0.0000000000
6383  25.487  -81.312  -6.093 0.0000000000
6392  26.145  -80.979  -7.667 0.0000000000
6393  25.784  -81.219  -6.891 0.0000000000
6394  22.609  -79.750  -5.991 0.0000000000
6395  22.271  -79.975  -5.483 0.0000000000
6404  26.202  -81.113  -8.582 0.0000000000
6405  23.205  -79.780  -6.898 0.0000000000
6406  22.855  -80.234  -6.372 0.0000000000
6414  26.039  -81.125  -9.416 0.0000000000
6415  23.381  -80.084  -7.333 0.0000000000
6416  23.247  -80.894  -7.302 0.0000000000
6421  23.517  -80.572  -8.351 0.0000000000
6422  23.354  -81.230  -7.936 0.0000000000
6429  23.548  -80.393  -9.555 0.0000000000
6430  23.432  -80.779  -10.272 0.0000000000
6439  23.400  -80.166  -10.385 0.0000000000
6440  23.046  -80.540  -11.307 0.0000000000
6457  22.524  -80.920  -12.503 0.0000000000
6458  22.388  -80.859  -13.166 0.0000000000
6473  22.393  -80.824  -13.660 0.0000000000
6488  22.596  -80.849  -14.630 0.0000000000
6489  22.395  -80.953  -14.074 0.0000000000
6498  23.452  -80.817  -15.789 0.0000000000
6499  23.037  -81.090  -15.368 0.0000000000
6506  24.479  -81.076  -17.192 0.0000000000
6507  24.079  -80.986  -16.448 0.0000000000
6517  24.554  -81.017  -17.895 0.0000000000
6531  24.707  -80.949  -18.740 0.0000000000
6532  24.469  -81.399  -19.438 0.0000000000
6545  29.631  -81.594  -16.769 0.0000000000
6546  24.861  -80.645  -19.696 0.0000000000
6547  24.104  -81.341  -20.119 0.0000000000
6548  23.260  -81.503  -20.629 0.0000000000
6549  22.268  -81.639  -20.860 0.0000000000
6550  21.117  -81.579  -20.770 0.0000000000
6551  20.104  -81.668  -20.635 0.0000000000
6562  29.217  -80.942  -17.496 0.0000000000
6563  24.405  -80.624  -20.511 0.0000000000
6564  23.602  -80.856  -20.865 0.0000000000
6565  22.654  -81.082  -21.207 0.0000000000
6566  21.599  -81.058  -21.282 0.0000000000
6567  20.303  -80.848  -21.287 0.0000000000
6568  19.410  -81.561  -20.909 0.0000000000
6575  29.397  -80.829  -18.660 0.0000000000
6576  19.884  -80.528  -21.886 0.0000000000
6577  19.215  -81.120  -22.063 0.0000000000
6578  18.550  -81.615  -22.418 0.0000000000
6588  29.564  -80.436  -19.983 0.0000000000
6589  19.101  -80.924  -22.872 0.0000000000
6590  18.549  -81.311  -23.052 0.0000000000
6601  29.762  -80.047  -21.094 0.0000000000
6602  26.130  -81.355  -20.398 0.0000000000
6603  25.802  -81.293  -20.717 0.0000000000
6604  25.399  -81.370  -21.283 0.0000000000
6605  17.814  -81.374  -23.711 0.0000000000
6606  17.337  -81.593  -24.157 0.0000000000
6618  29.531  -79.898  -21.534 0.0000000000
6619  29.038  -79.770  -21.580 0.0000000000
6620  27.978  -79.775  -20.948 0.0000000000
6621  26.665  -80.516  -20.699 0.0000000000
6622  25.883  -80.494  -21.275 0.0000000000
6623  25.100  -80.793  -22.003 0.0000000000
6624  24.445  -81.010  -22.445 0.0000000000
6625  21.826  -80.338  -22.439 0.0000000000
6626  21.484  -80.504  -22.487 0.0000000000
6627  16.955  -81.368  -24.621 0.0000000000
6628  16.445  -81.473  -25.121 0.0000000000
6639  28.633  -79.298  -21.602 0.0000000000
6640  28.235  -79.079  -21.251 0.0000000000
6641  24.756  -80.237  -22.770 0.0000000000
6642  24.091  -80.336  -23.032 0.0000000000
6643  23.435  -80.083  -23.283 0.0000000000
6644  22.609  -79.628  -23.068 0.0000000000
6645  21.665  -79.932  -22.764 0.0000000000
6646  20.745  -80.455  -23.033 0.0000000000
6647  20.065  -80.265  -23.552 0.0000000000
6648  16.756  -80.949  -25.164 0.0000000000
6649  16.178  -81.200  -25.781 0.0000000000
6650  15.680  -81.418  -26.322 0.0000000000
6661  23.774  -79.658  -23.845 0.0000000000
6662  23.280  -79.589  -23.979 0.0000000000
6663  22.883  -79.486  -23.970 0.0000000000
6664  19.597  -80.178  -24.021 0.0000000000
6665  19.057  -80.144  -24.534 0.0000000000
6666  15.913  -80.913  -26.594 0.0000000000
6667  15.325  -81.523  -26.920 0.0000000000
6668  14.912  -81.818  -27.455 0.0000000000
6682  18.671  -80.262  -25.087 0.0000000000
6683  18.379  -80.267  -25.847 0.0000000000
6684  15.509  -80.990  -27.238 0.0000000000
6685  15.035  -81.389  -27.744 0.0000000000
6686  14.694  -81.793  -27.759 0.0000000000
6699  17.876  -80.353  -26.441 0.0000000000
6700  17.135  -80.824  -27.260 0.0000000000
6701  16.355  -80.967  -27.874 0.0000000000
6702  15.724  -81.130  -28.209 0.0000000000
6703  15.223  -81.343  -28.251 0.0000000000
6716  16.788  -81.305  -27.766 0.0000000000
6717  16.348  -81.315  -28.177 0.0000000000
6718  15.633  -81.565  -28.662 0.0000000000
6719  15.178  -81.561  -28.769 0.0000000000
6733  15.282  -81.797  -29.159 0.0000000000
6734  15.085  -81.822  -29.186 0.0000000000
7200  23.524  -80.145  -2.178 0.0000000000
7211  24.594  -80.011  -3.512 0.0000000000
7212  24.226  -80.243  -2.815 0.0000000000
7223  25.072  -79.842  -4.396 0.0000000000
7237  25.426  -79.604  -5.230 0.0000000000
7252  26.111  -79.369  -6.405 0.0000000000
7253  25.823  -79.900  -6.013 0.0000000000
7265  26.233  -79.843  -6.895 0.0000000000
7266  25.847  -80.533  -6.483 0.0000000000
7267  22.793  -79.519  -6.241 0.0000000000
7268  22.492  -79.276  -5.823 0.0000000000
7269  21.689  -79.110  -5.248 0.0000000000
7278  26.655  -78.962  -8.166 0.0000000000
7279  26.599  -79.541  -7.936 0.0000000000
7280  23.413  -79.387  -7.214 0.0000000000
7281  23.115  -79.403  -6.658 0.0000000000
7286  26.612  -79.229  -8.397 0.0000000000
7287  26.450  -79.929  -8.864 0.0000000000
7288  23.626  -79.545  -7.935 0.0000000000
7293  25.814  -80.305  -9.898 0.0000000000
7294  23.709  -79.604  -8.896 0.0000000000
7298  25.110  -80.224  -11.027 0.0000000000
7300  23.552  -79.569  -9.931 0.0000000000
7309  23.188  -79.580  -10.878 0.0000000000
7310  22.792  -79.591  -11.650 0.0000000000
7323  22.462  -79.857  -12.511 0.0000000000
7324  22.407  -80.483  -12.862 0.0000000000
7336  22.333  -79.742  -13.593 0.0000000000
7337  22.347  -80.352  -13.284 0.0000000000
7352  22.550  -79.932  -14.386 0.0000000000
7353  22.382  -80.431  -13.950 0.0000000000
7364  23.609  -80.043  -15.988 0.0000000000
7365  22.927  -80.176  -15.167 0.0000000000
7374  24.570  -80.629  -17.409 0.0000000000
7375  24.392  -80.213  -16.871 0.0000000000
7387  24.762  -80.174  -17.813 0.0000000000
7388  24.653  -79.426  -17.206 0.0000000000
7399  25.180  -79.973  -18.780 0.0000000000
7411  29.746  -80.502  -16.732 0.0000000000
7412  29.474  -80.658  -17.035 0.0000000000
7413  25.237  -79.753  -19.602 0.0000000000
7424  29.621  -79.521  -18.574 0.0000000000
7425  29.244  -79.953  -18.161 0.0000000000
7426  24.879  -79.900  -20.431 0.0000000000
7427  24.101  -80.080  -21.241 0.0000000000
7428  23.063  -80.506  -21.616 0.0000000000
7429  22.079  -80.650  -21.799 0.0000000000
7430  21.169  -80.471  -21.718 0.0000000000
7437  29.953  -79.325  -19.256 0.0000000000
7438  30.005  -79.615  -19.866 0.0000000000
7439  23.375  -79.811  -21.957 0.0000000000
7440  22.463  -80.239  -22.349 0.0000000000
7441  21.555  -80.234  -22.336 0.0000000000
7442  20.438  -80.131  -22.262 0.0000000000
7443  19.751  -80.450  -22.234 0.0000000000
7451  30.215  -79.489  -21.090 0.0000000000
7452  20.233  -79.872  -22.839 0.0000000000
7453  19.601  -80.371  -23.018 0.0000000000
7454  18.982  -80.822  -23.260 0.0000000000
7460  30.238  -79.377  -21.659 0.0000000000
7461  19.485  -80.369  -23.920 0.0000000000
7462  18.599  -80.621  -23.994 0.0000000000
7463  17.607  -81.095  -24.251 0.0000000000
7470  30.074  -79.303  -21.922 0.0000000000
7471  29.674  -79.196  -22.129 0.0000000000
7472  27.960  -78.887  -21.242 0.0000000000
7473  27.432  -79.404  -21.218 0.0000000000
7474  26.656  -79.642  -21.425 0.0000000000
7475  25.895  -79.723  -21.950 0.0000000000
7476  18.055  -80.130  -24.991 0.0000000000
7477  17.470  -80.721  -24.792 0.0000000000
7483  29.058  -78.973  -22.027 0.0000000000
7484  28.404  -78.579  -21.318 0.0000000000
7485  25.337  -79.681  -22.698 0.0000000000
7486  24.791  -79.557  -23.398 0.0000000000
7487  22.552  -79.366  -23.878 0.0000000000
7488  21.888  -79.281  -23.267 0.0000000000
7489  21.009  -79.699  -23.368 0.0000000000
7490  20.515  -79.996  -23.484 0.0000000000
7491  17.760  -79.879  -25.614 0.0000000000
7492  17.013  -80.404  -25.619 0.0000000000
7493  16.424  -80.728  -26.135 0.0000000000
7500  24.188  -79.398  -23.990 0.0000000000
7501  23.674  -79.319  -24.415 0.0000000000
7502  22.991  -79.251  -24.325 0.0000000000
7503  22.219  -79.068  -24.030 0.0000000000
7504  21.262  -79.204  -23.842 0.0000000000
7505  20.331  -79.600  -23.973 0.0000000000
7506  19.596  -79.863  -24.451 0.0000000000
7507  18.006  -79.676  -25.840 0.0000000000
7508  17.384  -80.078  -26.124 0.0000000000
7509  16.610  -80.510  -26.447 0.0000000000
7517  19.866  -79.388  -24.503 0.0000000000
7518  19.056  -79.657  -24.936 0.0000000000
7519  18.396  -79.784  -25.858 0.0000000000
7520  17.893  -79.902  -26.121 0.0000000000
7521  16.885  -80.379  -26.802 0.0000000000
7522  16.042  -80.747  -27.199 0.0000000000
7523  15.501  -80.963  -27.608 0.0000000000
7530  17.620  -80.310  -26.492 0.0000000000
7531  17.005  -80.498  -27.035 0.0000000000
7532  16.281  -80.746  -27.546 0.0000000000
7533  15.669  -80.922  -27.829 0.0000000000
7534  15.363  -81.118  -27.881 0.0000000000
8044  23.027  -79.147  -1.957 0.0000000000
8056  24.446  -78.965  -4.034 0.0000000000
8057  23.851  -79.206  -2.952 0.0000000000
8071  25.024  -78.783  -4.916 0.0000000000
8086  26.012  -78.226  -6.227 0.0000000000
8087  25.715  -78.600  -5.810 0.0000000000
8103  26.210  -78.685  -6.497 0.0000000000
8104  25.993  -79.120  -6.192 0.0000000000
8105  21.125  -78.473  -4.435 0.0000000000
8117  26.605  -78.294  -7.625 0.0000000000
8118  26.534  -78.672  -7.264 0.0000000000
8119  22.912  -78.929  -6.279 0.0000000000
8120  22.512  -78.358  -5.757 0.0000000000
8121  21.782  -78.206  -5.138 0.0000000000
8130  26.671  -78.530  -7.977 0.0000000000
8131  26.646  -78.747  -7.705 0.0000000000
8132  23.601  -78.929  -7.581 0.0000000000
8133  23.416  -78.558  -6.893 0.0000000000
8134  23.048  -78.420  -6.273 0.0000000000
8138  26.546  -78.611  -8.526 0.0000000000
8139  26.509  -79.187  -8.712 0.0000000000
8140  23.889  -78.655  -8.286 0.0000000000
8141  23.702  -78.516  -7.565 0.0000000000
8146  26.422  -78.380  -9.010 0.0000000000
8147  26.292  -79.069  -9.227 0.0000000000
8148  23.806  -78.857  -9.454 0.0000000000
8152  25.630  -79.097  -10.224 0.0000000000
8153  24.944  -79.080  -11.334 0.0000000000
8154  23.443  -78.863  -10.463 0.0000000000
8164  24.550  -79.221  -12.603 0.0000000000
8165  22.851  -78.828  -11.529 0.0000000000
8166  22.597  -79.292  -12.000 0.0000000000
8178  22.639  -78.518  -12.144 0.0000000000
8179  22.495  -78.968  -12.336 0.0000000000
8188  22.322  -79.030  -13.167 0.0000000000
8202  22.725  -78.677  -14.589 0.0000000000
8203  22.517  -78.965  -14.217 0.0000000000
8216  23.012  -79.019  -15.163 0.0000000000
8217  22.711  -79.509  -14.738 0.0000000000
8230  23.969  -79.013  -16.418 0.0000000000
8244  25.177  -78.938  -17.937 0.0000000000
8245  24.615  -78.689  -17.119 0.0000000000
8254  29.921  -80.223  -16.462 0.0000000000
8255  25.391  -79.018  -19.024 0.0000000000
8265  29.465  -80.152  -17.049 0.0000000000
8266  29.388  -80.247  -17.159 0.0000000000
8267  25.276  -78.504  -20.597 0.0000000000
8268  25.272  -78.954  -20.053 0.0000000000
8276  29.381  -79.697  -18.021 0.0000000000
8277  29.130  -80.064  -17.398 0.0000000000
8278  25.243  -78.465  -20.969 0.0000000000
8279  24.845  -79.016  -21.285 0.0000000000
8280  24.097  -79.525  -21.743 0.0000000000
8283  30.116  -79.060  -19.172 0.0000000000
8284  30.423  -78.971  -20.075 0.0000000000
8285  24.563  -78.681  -21.934 0.0000000000
8286  23.881  -79.030  -22.294 0.0000000000
8287  22.775  -79.639  -22.693 0.0000000000
8288  21.830  -79.857  -22.767 0.0000000000
8289  21.106  -79.852  -22.585 0.0000000000
8294  30.482  -78.898  -21.011 0.0000000000
8295  23.498  -78.617  -22.707 0.0000000000
8296  22.960  -78.875  -22.813 0.0000000000
8297  22.069  -79.210  -22.977 0.0000000000
8298  20.873  -79.465  -23.067 0.0000000000
8299  20.115  -79.783  -23.135 0.0000000000
8306  30.399  -78.873  -21.864 0.0000000000
8307  20.606  -79.353  -23.720 0.0000000000
8308  19.986  -79.865  -23.898 0.0000000000
8309  19.390  -80.233  -24.164 0.0000000000
8315  30.046  -78.674  -22.306 0.0000000000
8316  29.464  -78.474  -22.263 0.0000000000
8317  27.714  -78.742  -21.268 0.0000000000
8318  27.320  -78.829  -21.485 0.0000000000
8319  26.575  -78.978  -21.970 0.0000000000
8320  25.972  -79.126  -22.541 0.0000000000
8321  19.893  -79.586  -24.359 0.0000000000
8322  19.231  -79.865  -24.578 0.0000000000
8328  28.591  -78.037  -21.597 0.0000000000
8329  27.921  -78.161  -21.321 0.0000000000
8330  27.113  -78.250  -21.938 0.0000000000
8331  26.301  -78.451  -22.528 0.0000000000
8332  25.493  -78.809  -23.182 0.0000000000
8333  24.714  -78.805  -23.938 0.0000000000
8334  18.581  -79.738  -25.357 0.0000000000
8341  24.101  -78.823  -24.523 0.0000000000
8342  23.398  -78.817  -24.656 0.0000000000
8343  22.646  -78.764  -24.411 0.0000000000
8344  21.746  -78.541  -24.059 0.0000000000
8345  20.836  -78.803  -23.995 0.0000000000
8346  20.271  -79.034  -24.246 0.0000000000
8347  18.977  -79.405  -25.439 0.0000000000
8348  18.620  -79.632  -25.659 0.0000000000
8354  21.321  -78.523  -24.386 0.0000000000
8355  20.656  -78.705  -24.410 0.0000000000
8356  19.912  -78.983  -24.662 0.0000000000
8357  19.248  -79.230  -25.196 0.0000000000
8358  18.828  -79.509  -25.607 0.0000000000
8359  18.389  -79.543  -25.830 0.0000000000
8903  22.818  -78.481  -1.676 0.0000000000
8917  23.328  -77.966  -2.322 0.0000000000
8918  22.957  -77.399  -1.858 0.0000000000
8930  24.646  -77.943  -4.438 0.0000000000
8931  24.081  -78.038  -3.516 0.0000000000
8943  25.263  -77.770  -5.227 0.0000000000
8959  25.951  -77.778  -6.117 0.0000000000
8960  25.694  -77.645  -5.764 0.0000000000
8976  26.170  -77.909  -6.428 0.0000000000
8977  21.620  -77.574  -4.704 0.0000000000
8991  26.579  -77.813  -7.369 0.0000000000
8992  26.421  -77.868  -6.837 0.0000000000
8993  22.616  -77.519  -5.803 0.0000000000
8994  22.153  -77.571  -5.326 0.0000000000
9003  26.642  -77.787  -7.803 0.0000000000
9004  23.551  -77.675  -6.856 0.0000000000
9005  23.109  -77.797  -6.287 0.0000000000
9008  26.617  -77.837  -8.254 0.0000000000
9009  24.288  -77.745  -8.301 0.0000000000
9010  23.878  -77.904  -7.506 0.0000000000
9014  26.480  -77.856  -8.818 0.0000000000
9015  26.162  -78.067  -9.572 0.0000000000
9016  24.276  -78.071  -9.214 0.0000000000
9021  25.503  -77.997  -10.654 0.0000000000
9022  24.998  -77.946  -11.800 0.0000000000
9023  23.923  -78.292  -10.063 0.0000000000
9035  24.578  -78.280  -13.101 0.0000000000
9036  23.450  -78.087  -10.936 0.0000000000
9049  24.665  -78.713  -14.603 0.0000000000
9050  22.844  -77.930  -12.006 0.0000000000
9051  22.549  -78.424  -12.737 0.0000000000
9062  25.139  -79.241  -16.237 0.0000000000
9063  22.731  -77.774  -13.162 0.0000000000
9064  22.542  -78.444  -13.630 0.0000000000
9077  26.051  -79.627  -17.585 0.0000000000
9078  22.798  -78.100  -14.356 0.0000000000
9079  22.597  -78.490  -14.078 0.0000000000
9090  28.918  -80.090  -17.653 0.0000000000
9091  27.395  -80.054  -18.183 0.0000000000
9092  26.268  -79.378  -18.252 0.0000000000
9093  23.498  -77.817  -15.622 0.0000000000
9109  28.270  -79.940  -18.296 0.0000000000
9110  27.171  -79.511  -18.678 0.0000000000
9111  26.062  -78.840  -18.522 0.0000000000
9112  24.751  -77.475  -17.232 0.0000000000
9113  24.224  -77.858  -16.672 0.0000000000
9128  27.741  -79.175  -19.433 0.0000000000
9129  27.311  -79.167  -19.153 0.0000000000
9130  26.465  -78.706  -18.926 0.0000000000
9131  25.370  -77.781  -17.826 0.0000000000
9132  24.830  -78.143  -17.366 0.0000000000
9143  29.996  -79.975  -16.474 0.0000000000
9144  27.610  -78.777  -19.712 0.0000000000
9145  27.190  -78.567  -19.483 0.0000000000
9146  26.723  -78.499  -19.234 0.0000000000
9147  25.707  -77.790  -19.348 0.0000000000
9148  25.722  -78.030  -18.576 0.0000000000
9157  29.391  -79.724  -17.526 0.0000000000
9158  27.507  -78.469  -19.840 0.0000000000
9159  27.338  -78.386  -19.725 0.0000000000
9160  25.403  -78.095  -19.979 0.0000000000
9161  25.461  -78.364  -19.375 0.0000000000
9170  29.929  -79.201  -19.095 0.0000000000
9171  25.372  -77.925  -20.650 0.0000000000
9172  25.212  -78.298  -21.211 0.0000000000
9176  30.319  -78.753  -19.966 0.0000000000
9177  30.421  -78.491  -20.793 0.0000000000
9178  25.310  -77.789  -21.186 0.0000000000
9179  24.967  -78.168  -21.777 0.0000000000
9180  24.457  -78.467  -22.268 0.0000000000
9189  30.357  -78.318  -21.671 0.0000000000
9190  24.645  -78.045  -22.369 0.0000000000
9191  24.025  -78.312  -22.714 0.0000000000
9192  23.208  -78.354  -23.041 0.0000000000
9193  22.453  -78.635  -23.156 0.0000000000
9194  21.719  -78.879  -23.307 0.0000000000
9206  30.061  -78.162  -22.163 0.0000000000
9207  22.775  -78.264  -23.335 0.0000000000
9208  22.178  -78.457  -23.547 0.0000000000
9209  21.153  -78.774  -23.720 0.0000000000
9210  20.292  -79.126  -24.026 0.0000000000
9219  29.602  -77.979  -22.292 0.0000000000
9220  28.731  -77.782  -21.897 0.0000000000
9221  20.677  -78.739  -24.251 0.0000000000
9222  19.855  -79.043  -24.518 0.0000000000
9223  19.152  -79.354  -24.974 0.0000000000
9235  28.372  -77.697  -21.645 0.0000000000
9236  28.142  -77.579  -21.662 0.0000000000
9237  27.526  -77.556  -21.942 0.0000000000
9238  26.711  -77.729  -22.414 0.0000000000
9239  25.923  -77.971  -22.959 0.0000000000
9240  25.206  -78.164  -23.688 0.0000000000
9241  19.399  -79.093  -25.061 0.0000000000
9242  18.929  -79.341  -25.299 0.0000000000
9255  24.554  -78.236  -24.340 0.0000000000
9256  23.789  -78.174  -24.749 0.0000000000
9257  22.930  -78.338  -24.615 0.0000000000
9258  22.288  -78.305  -24.328 0.0000000000
9259  19.679  -78.821  -25.042 0.0000000000
9260  19.285  -79.075  -25.276 0.0000000000
9261  19.097  -79.212  -25.371 0.0000000000
9273  23.526  -77.863  -24.714 0.0000000000
9274  23.115  -77.935  -24.661 0.0000000000
9275  22.071  -77.986  -24.329 0.0000000000
9276  21.257  -78.191  -24.508 0.0000000000
9277  20.526  -78.465  -24.633 0.0000000000
9278  19.889  -78.719  -24.959 0.0000000000
9279  19.465  -78.955  -25.199 0.0000000000
9904  23.280  -76.833  -2.231 0.0000000000
9917  24.430  -77.249  -3.968 0.0000000000
9918  23.961  -76.900  -3.188 0.0000000000
9935  24.948  -76.880  -4.674 0.0000000000
9936  24.469  -76.557  -3.991 0.0000000000
9959  25.882  -77.318  -5.989 0.0000000000
9960  25.606  -76.836  -5.648 0.0000000000
9979  26.196  -77.074  -6.421 0.0000000000
9980  25.850  -76.319  -6.211 0.0000000000
9981  22.097  -76.145  -4.807 0.0000000000
9982  21.662  -76.639  -4.458 0.0000000000
10002  26.665  -77.179  -7.585 0.0000000000
10003  26.590  -77.172  -7.074 0.0000000000
10004  22.881  -76.264  -6.073 0.0000000000
10005  22.432  -76.658  -5.521 0.0000000000
10006  21.956  -77.110  -5.012 0.0000000000
10013  26.676  -77.150  -8.068 0.0000000000
10014  23.897  -76.366  -6.981 0.0000000000
10015  23.374  -76.791  -6.548 0.0000000000
10016  22.843  -77.188  -6.089 0.0000000000
10021  26.583  -77.190  -8.576 0.0000000000
10022  24.279  -76.816  -7.618 0.0000000000
10023  23.811  -77.304  -7.111 0.0000000000
10028  26.488  -77.185  -9.201 0.0000000000
10029  26.173  -77.081  -10.114 0.0000000000
10030  24.511  -77.132  -8.981 0.0000000000
10038  25.598  -77.018  -11.355 0.0000000000
10039  25.336  -77.330  -11.789 0.0000000000
10040  24.211  -77.446  -10.211 0.0000000000
10050  25.503  -76.720  -11.845 0.0000000000
10051  25.201  -77.141  -12.254 0.0000000000
10052  23.499  -77.207  -11.359 0.0000000000
10063  24.701  -77.405  -13.544 0.0000000000
10064  23.155  -77.025  -12.496 0.0000000000
10075  24.719  -77.711  -15.015 0.0000000000
10076  23.025  -76.945  -13.732 0.0000000000
10092  25.154  -78.133  -16.504 0.0000000000
10093  23.323  -77.075  -14.756 0.0000000000
10106  29.513  -79.664  -17.247 0.0000000000
10107  25.598  -78.357  -17.747 0.0000000000
10108  24.239  -76.408  -15.841 0.0000000000
10109  23.837  -76.610  -15.541 0.0000000000
10126  30.142  -79.496  -16.647 0.0000000000
10127  29.148  -79.788  -18.081 0.0000000000
10128  28.170  -79.739  -18.592 0.0000000000
10129  25.763  -78.007  -18.488 0.0000000000
10130  24.460  -76.790  -16.425 0.0000000000
10131  23.926  -77.230  -16.116 0.0000000000
10144  29.825  -79.801  -16.710 0.0000000000
10145  29.853  -79.682  -17.204 0.0000000000
10146  28.359  -79.552  -18.810 0.0000000000
10147  27.756  -79.534  -18.843 0.0000000000
10148  26.191  -78.019  -18.986 0.0000000000
10149  25.373  -76.951  -17.375 0.0000000000
10159  29.426  -79.623  -17.734 0.0000000000
10160  28.243  -79.204  -19.443 0.0000000000
10161  26.927  -78.026  -19.673 0.0000000000
10162  26.541  -77.978  -19.319 0.0000000000
10163  26.039  -77.181  -18.967 0.0000000000
10164  25.882  -77.215  -18.105 0.0000000000
10174  29.721  -79.351  -19.042 0.0000000000
10175  29.693  -78.685  -19.598 0.0000000000
10176  27.696  -78.610  -19.893 0.0000000000
10177  27.325  -78.182  -19.857 0.0000000000
10178  25.878  -77.248  -19.921 0.0000000000
10179  26.398  -77.047  -20.104 0.0000000000
10192  30.056  -78.674  -19.623 0.0000000000
10193  29.908  -78.553  -19.780 0.0000000000
10194  25.601  -77.158  -20.663 0.0000000000
10195  26.174  -76.969  -20.030 0.0000000000
10206  30.192  -78.606  -19.810 0.0000000000
10207  30.108  -78.360  -20.353 0.0000000000
10208  25.319  -77.366  -21.494 0.0000000000
10209  25.076  -77.571  -22.176 0.0000000000
10222  29.994  -78.040  -21.442 0.0000000000
10223  24.542  -77.708  -22.717 0.0000000000
10224  23.706  -77.861  -23.193 0.0000000000
10225  23.158  -78.088  -23.317 0.0000000000
10236  29.730  -77.813  -22.122 0.0000000000
10237  23.502  -77.734  -23.436 0.0000000000
10238  22.954  -77.914  -23.517 0.0000000000
10239  21.974  -78.203  -23.934 0.0000000000
10240  21.276  -78.566  -24.261 0.0000000000
10246  29.399  -77.376  -22.043 0.0000000000
10247  28.724  -77.341  -22.269 0.0000000000
10248  21.586  -78.327  -24.367 0.0000000000
10249  20.817  -78.603  -24.411 0.0000000000
10250  20.261  -78.750  -24.545 0.0000000000
10259  28.139  -77.183  -22.169 0.0000000000
10260  27.924  -77.030  -22.217 0.0000000000
10261  27.133  -77.086  -22.409 0.0000000000
10262  26.312  -77.251  -22.629 0.0000000000
10263  25.496  -77.550  -23.137 0.0000000000
10264  24.875  -77.786  -23.894 0.0000000000
10265  21.265  -78.133  -24.477 0.0000000000
10266  20.520  -78.456  -24.506 0.0000000000
10267  19.929  -78.838  -24.791 0.0000000000
10276  24.402  -77.804  -24.390 0.0000000000
10277  23.810  -77.690  -24.547 0.0000000000
10278  23.257  -77.526  -24.536 0.0000000000
10279  22.519  -77.536  -24.437 0.0000000000
10280  21.896  -77.702  -24.605 0.0000000000
10281  21.130  -78.038  -24.830 0.0000000000
10282  19.939  -78.573  -24.832 0.0000000000
10283  19.645  -78.932  -25.015 0.0000000000
10290  23.317  -77.737  -24.655 0.0000000000
10291  22.744  -77.717  -24.568 0.0000000000
10292  21.910  -77.798  -24.495 0.0000000000
10293  21.189  -78.121  -24.603 0.0000000000
10294  20.385  -78.378  -24.831 0.0000000000
10295  19.721  -78.557  -24.884 0.0000000000
10939  23.755  -75.888  -2.705 0.0000000000
10957  24.369  -75.875  -3.589 0.0000000000
10973  25.149  -75.963  -5.168 0.0000000000
10974  24.714  -75.940  -4.447 0.0000000000
10991  25.541  -75.833  -5.869 0.0000000000
11005  26.174  -76.127  -6.648 0.0000000000
11006  25.843  -75.765  -6.369 0.0000000000
11007  22.328  -75.663  -5.022 0.0000000000
11027  26.601  -76.707  -7.398 0.0000000000
11028  26.489  -76.500  -7.008 0.0000000000
11029  23.164  -75.899  -6.312 0.0000000000
11030  22.757  -75.747  -5.739 0.0000000000
11042  26.635  -76.499  -7.862 0.0000000000
11043  26.514  -76.228  -7.479 0.0000000000
11044  24.105  -75.882  -7.189 0.0000000000
11045  23.615  -75.945  -6.698 0.0000000000
11051  26.623  -76.476  -8.482 0.0000000000
11052  26.643  -76.005  -8.747 0.0000000000
11053  24.442  -75.839  -7.856 0.0000000000
11058  26.572  -76.757  -8.871 0.0000000000
11059  26.571  -76.274  -9.344 0.0000000000
11060  24.616  -76.133  -8.713 0.0000000000
11068  26.193  -76.118  -10.610 0.0000000000
11069  24.518  -76.409  -9.900 0.0000000000
11075  25.515  -76.091  -11.988 0.0000000000
11076  25.087  -76.683  -12.837 0.0000000000
11077  24.121  -76.623  -10.851 0.0000000000
11088  25.302  -75.285  -12.766 0.0000000000
11089  24.877  -76.245  -13.693 0.0000000000
11090  23.677  -76.329  -11.799 0.0000000000
11105  24.944  -76.754  -15.410 0.0000000000
11106  23.435  -76.142  -13.005 0.0000000000
11127  25.308  -77.130  -16.683 0.0000000000
11128  24.126  -75.510  -14.672 0.0000000000
11129  23.641  -76.016  -14.471 0.0000000000
11147  29.649  -79.450  -17.227 0.0000000000
11148  25.594  -77.301  -17.649 0.0000000000
11149  24.424  -75.901  -15.508 0.0000000000
11150  23.851  -76.082  -15.228 0.0000000000
11168  29.610  -79.418  -17.467 0.0000000000
11169  29.314  -79.668  -18.052 0.0000000000
11170  25.974  -77.331  -18.251 0.0000000000
11171  24.937  -76.125  -16.767 0.0000000000
11183  29.532  -79.523  -17.687 0.0000000000
11184  29.508  -79.300  -17.586 0.0000000000
11185  29.319  -79.557  -18.015 0.0000000000
11186  29.001  -79.508  -18.520 0.0000000000
11187  26.043  -77.242  -18.998 0.0000000000
11188  26.008  -77.513  -18.813 0.0000000000
11189  25.888  -76.256  -18.270 0.0000000000
11190  25.692  -76.387  -17.702 0.0000000000
11201  29.389  -79.518  -18.077 0.0000000000
11202  29.005  -79.446  -18.558 0.0000000000
11203  28.824  -79.320  -18.828 0.0000000000
11204  28.701  -79.287  -19.036 0.0000000000
11205  26.176  -77.326  -19.417 0.0000000000
11206  26.019  -77.588  -19.149 0.0000000000
11207  25.955  -76.462  -18.984 0.0000000000
11208  25.800  -76.770  -18.414 0.0000000000
11219  29.456  -79.552  -18.625 0.0000000000
11220  29.247  -78.965  -19.325 0.0000000000
11221  28.662  -78.803  -19.748 0.0000000000
11222  28.046  -78.795  -20.009 0.0000000000
11223  27.002  -77.666  -20.007 0.0000000000
11224  26.345  -76.757  -19.634 0.0000000000
11225  26.093  -76.849  -19.929 0.0000000000
11241  29.610  -78.385  -20.177 0.0000000000
11242  28.702  -78.281  -20.780 0.0000000000
11243  28.066  -78.226  -20.875 0.0000000000
11244  27.520  -77.446  -20.618 0.0000000000
11245  25.986  -76.535  -20.157 0.0000000000
11246  26.382  -76.825  -19.999 0.0000000000
11263  29.250  -78.148  -21.327 0.0000000000
11264  28.431  -77.615  -21.788 0.0000000000
11265  25.522  -76.534  -21.109 0.0000000000
11266  25.344  -77.002  -21.887 0.0000000000
11279  28.845  -77.603  -22.053 0.0000000000
11280  28.528  -77.317  -22.022 0.0000000000
11281  25.450  -76.486  -21.857 0.0000000000
11282  25.287  -77.098  -22.579 0.0000000000
11283  24.460  -77.466  -23.056 0.0000000000
11292  28.784  -77.262  -22.178 0.0000000000
11293  28.369  -76.697  -22.387 0.0000000000
11294  24.847  -77.147  -23.067 0.0000000000
11295  23.860  -77.508  -23.499 0.0000000000
11296  22.718  -77.664  -23.854 0.0000000000
11297  22.106  -78.002  -24.252 0.0000000000
11303  28.727  -76.955  -22.409 0.0000000000
11304  28.151  -76.596  -22.332 0.0000000000
11305  27.658  -76.275  -22.332 0.0000000000
11306  27.094  -76.082  -22.536 0.0000000000
11307  26.545  -76.053  -22.540 0.0000000000
11308  26.203  -76.061  -22.556 0.0000000000
11309  23.331  -77.352  -23.871 0.0000000000
11310  22.338  -77.586  -24.157 0.0000000000
11311  21.839  -78.043  -24.371 0.0000000000
11319  27.982  -76.534  -22.169 0.0000000000
11320  27.829  -76.619  -22.152 0.0000000000
11321  27.440  -76.530  -22.376 0.0000000000
11322  26.761  -76.578  -22.509 0.0000000000
11323  25.902  -76.694  -22.592 0.0000000000
11324  24.999  -77.306  -23.321 0.0000000000
11325  24.559  -77.391  -23.403 0.0000000000
11326  23.779  -77.270  -23.978 0.0000000000
11327  23.206  -77.299  -24.132 0.0000000000
11328  22.513  -77.441  -24.228 0.0000000000
11329  21.813  -77.731  -24.527 0.0000000000
11338  24.676  -77.616  -23.989 0.0000000000
11339  24.409  -77.509  -24.022 0.0000000000
11340  23.852  -77.382  -24.185 0.0000000000
11341  23.193  -77.348  -24.368 0.0000000000
11342  22.635  -77.378  -24.434 0.0000000000
11343  22.092  -77.605  -24.753 0.0000000000
12085  24.206  -74.983  -3.243 0.0000000000
12101  24.847  -75.361  -4.896 0.0000000000
12102  24.564  -75.041  -4.310 0.0000000000
12117  25.185  -74.988  -5.499 0.0000000000
12118  24.786  -74.886  -4.956 0.0000000000
12139  26.090  -75.404  -6.747 0.0000000000
12140  25.691  -75.169  -6.239 0.0000000000
12159  26.372  -75.791  -7.188 0.0000000000
12160  23.425  -75.000  -6.415 0.0000000000
12161  23.195  -75.144  -6.135 0.0000000000
12162  22.595  -74.859  -5.292 0.0000000000
12177  26.601  -76.130  -8.155 0.0000000000
12178  26.540  -75.664  -7.930 0.0000000000
12179  23.654  -75.186  -6.717 0.0000000000
12180  23.398  -75.542  -6.475 0.0000000000
12185  26.603  -75.925  -8.411 0.0000000000
12186  26.627  -75.428  -8.821 0.0000000000
12187  24.223  -75.113  -7.504 0.0000000000
12192  26.522  -75.279  -9.891 0.0000000000
12193  24.597  -75.214  -8.419 0.0000000000
12202  26.128  -75.111  -10.988 0.0000000000
12203  24.678  -75.291  -9.629 0.0000000000
12209  25.613  -74.801  -11.955 0.0000000000
12210  24.426  -75.713  -11.003 0.0000000000
12215  25.344  -74.493  -12.743 0.0000000000
12216  25.132  -74.965  -13.565 0.0000000000
12217  23.926  -75.529  -12.244 0.0000000000
12224  24.812  -75.469  -14.703 0.0000000000
12225  24.408  -74.907  -13.471 0.0000000000
12226  23.834  -75.389  -13.331 0.0000000000
12243  24.944  -75.970  -15.912 0.0000000000
12244  24.632  -75.060  -14.530 0.0000000000
12245  24.031  -75.285  -14.121 0.0000000000
12265  25.277  -76.321  -16.928 0.0000000000
12266  24.986  -75.128  -15.418 0.0000000000
12279  25.862  -75.789  -17.900 0.0000000000
12280  25.757  -76.564  -17.824 0.0000000000
12281  25.003  -75.476  -16.167 0.0000000000
12292  26.052  -76.534  -18.696 0.0000000000
12293  25.979  -77.021  -18.602 0.0000000000
12294  25.786  -75.795  -17.821 0.0000000000
12295  25.199  -75.441  -17.085 0.0000000000
12305  26.343  -76.374  -19.423 0.0000000000
12306  25.863  -75.779  -18.546 0.0000000000
12315  26.782  -76.367  -20.264 0.0000000000
12316  26.314  -75.962  -19.488 0.0000000000
12332  28.160  -77.722  -21.480 0.0000000000
12333  27.774  -77.226  -21.494 0.0000000000
12334  27.357  -76.244  -20.900 0.0000000000
12335  25.874  -75.800  -20.408 0.0000000000
12355  27.971  -77.205  -22.021 0.0000000000
12356  27.874  -76.477  -21.785 0.0000000000
12357  25.638  -75.725  -21.321 0.0000000000
12369  28.369  -77.101  -22.229 0.0000000000
12370  28.203  -76.947  -22.100 0.0000000000
12371  25.569  -76.199  -22.275 0.0000000000
12372  25.459  -76.691  -22.839 0.0000000000
12378  28.541  -77.237  -22.251 0.0000000000
12379  28.223  -76.570  -22.347 0.0000000000
12380  24.899  -77.114  -23.300 0.0000000000
12381  24.046  -77.345  -23.667 0.0000000000
12391  27.928  -76.301  -22.291 0.0000000000
12392  27.661  -76.026  -22.338 0.0000000000
12393  27.247  -75.727  -22.470 0.0000000000
12394  26.796  -75.589  -22.571 0.0000000000
12395  26.366  -75.667  -22.577 0.0000000000
12396  24.669  -77.143  -23.414 0.0000000000
12397  24.294  -77.324  -23.635 0.0000000000
12408  25.942  -76.061  -22.520 0.0000000000
12409  25.516  -76.647  -22.817 0.0000000000
12410  24.832  -77.118  -23.418 0.0000000000
12411  24.345  -77.170  -23.463 0.0000000000
12412  23.912  -77.322  -23.641 0.0000000000
12422  24.312  -77.422  -23.574 0.0000000000
12423  24.177  -77.298  -23.729 0.0000000000
13136  24.374  -74.123  -3.860 0.0000000000
13150  25.116  -74.289  -5.650 0.0000000000
13151  24.729  -74.165  -5.018 0.0000000000
13172  25.933  -74.763  -6.725 0.0000000000
13173  25.516  -74.319  -6.205 0.0000000000
13174  22.670  -73.822  -5.186 0.0000000000
13198  26.265  -74.914  -7.366 0.0000000000
13199  25.891  -74.095  -7.125 0.0000000000
13200  23.445  -74.672  -6.377 0.0000000000
13201  23.105  -74.255  -5.759 0.0000000000
13202  22.615  -74.244  -5.203 0.0000000000
13219  26.415  -74.534  -8.267 0.0000000000
13220  26.211  -74.297  -7.696 0.0000000000
13221  23.790  -74.204  -6.940 0.0000000000
13222  23.460  -74.236  -6.311 0.0000000000
13234  26.532  -74.516  -9.263 0.0000000000
13235  24.371  -74.332  -8.059 0.0000000000
13247  26.429  -74.378  -10.281 0.0000000000
13248  24.605  -74.551  -8.945 0.0000000000
13257  26.081  -74.177  -11.274 0.0000000000
13258  24.531  -73.787  -9.904 0.0000000000
13259  24.568  -74.233  -9.740 0.0000000000
13264  25.587  -74.022  -12.226 0.0000000000
13265  24.580  -73.908  -10.434 0.0000000000
13266  24.625  -74.710  -10.685 0.0000000000
13275  25.337  -74.019  -12.795 0.0000000000
13276  25.233  -74.179  -13.300 0.0000000000
13277  24.601  -74.122  -11.436 0.0000000000
13278  24.423  -74.892  -11.771 0.0000000000
13287  25.126  -74.142  -14.348 0.0000000000
13288  25.004  -74.329  -14.176 0.0000000000
13289  24.502  -74.298  -12.607 0.0000000000
13290  24.247  -74.999  -12.670 0.0000000000
13307  25.174  -74.313  -14.852 0.0000000000
13308  25.013  -75.022  -15.319 0.0000000000
13309  24.769  -74.302  -13.757 0.0000000000
13327  25.405  -74.790  -16.051 0.0000000000
13328  25.065  -75.496  -16.283 0.0000000000
13329  25.129  -74.418  -14.872 0.0000000000
13344  25.566  -74.938  -17.380 0.0000000000
13345  25.378  -75.628  -17.085 0.0000000000
13346  25.358  -74.591  -16.907 0.0000000000
13347  25.382  -74.814  -16.105 0.0000000000
13362  25.893  -75.357  -18.599 0.0000000000
13363  25.514  -75.005  -17.714 0.0000000000
13364  25.272  -74.909  -16.988 0.0000000000
13378  26.299  -75.228  -19.658 0.0000000000
13379  25.871  -75.109  -18.846 0.0000000000
13392  26.747  -75.389  -20.494 0.0000000000
13393  26.302  -75.195  -19.801 0.0000000000
13409  27.665  -76.016  -21.436 0.0000000000
13410  27.250  -75.379  -21.101 0.0000000000
13411  25.916  -75.190  -20.552 0.0000000000
13427  27.986  -76.485  -22.024 0.0000000000
13428  27.811  -75.752  -21.818 0.0000000000
13429  27.513  -75.404  -21.543 0.0000000000
13430  25.918  -74.985  -21.064 0.0000000000
13441  27.976  -76.161  -22.060 0.0000000000
13442  27.736  -75.646  -22.074 0.0000000000
13443  25.611  -75.241  -21.821 0.0000000000
13444  25.628  -76.001  -22.462 0.0000000000
13453  27.986  -76.249  -22.348 0.0000000000
13454  27.580  -75.591  -22.245 0.0000000000
13455  25.661  -75.413  -22.191 0.0000000000
13456  25.477  -76.349  -22.571 0.0000000000
13468  27.786  -76.102  -22.310 0.0000000000
13469  27.577  -75.804  -22.321 0.0000000000
13470  27.304  -75.450  -22.390 0.0000000000
13471  26.959  -75.195  -22.521 0.0000000000
13472  26.493  -75.131  -22.622 0.0000000000
13473  26.053  -75.161  -22.509 0.0000000000
13474  25.606  -75.661  -22.352 0.0000000000
13475  25.194  -76.700  -22.877 0.0000000000
13485  26.118  -75.507  -22.584 0.0000000000
13486  25.699  -75.984  -22.426 0.0000000000
13487  25.325  -76.462  -22.869 0.0000000000
13488  24.824  -76.921  -23.146 0.0000000000
14240  24.097  -73.271  -3.403 0.0000000000
14250  24.485  -73.227  -4.385 0.0000000000
14262  25.082  -73.716  -5.800 0.0000000000
14263  24.789  -73.104  -5.335 0.0000000000
14284  25.426  -73.343  -6.489 0.0000000000
14285  25.087  -73.172  -5.913 0.0000000000
14312  25.739  -73.388  -7.304 0.0000000000
14313  23.333  -72.792  -6.015 0.0000000000
14314  23.076  -73.253  -5.601 0.0000000000
14334  26.295  -74.037  -8.360 0.0000000000
14335  26.115  -73.727  -8.073 0.0000000000
14336  23.558  -73.139  -6.574 0.0000000000
14337  23.437  -73.815  -6.209 0.0000000000
14352  26.346  -73.899  -8.758 0.0000000000
14353  26.174  -73.498  -8.675 0.0000000000
14354  24.306  -72.899  -8.091 0.0000000000
14355  24.135  -73.194  -7.757 0.0000000000
14365  26.407  -73.786  -9.639 0.0000000000
14366  24.475  -73.049  -8.581 0.0000000000
14367  24.503  -73.758  -8.924 0.0000000000
14376  26.368  -73.591  -10.625 0.0000000000
14377  24.620  -73.319  -9.797 0.0000000000
14378  24.558  -73.762  -9.605 0.0000000000
14387  26.098  -73.458  -11.704 0.0000000000
14388  24.665  -73.423  -11.002 0.0000000000
14398  25.367  -73.612  -12.999 0.0000000000
14399  25.146  -73.944  -13.510 0.0000000000
14400  24.713  -73.555  -12.031 0.0000000000
14405  25.213  -73.822  -14.145 0.0000000000
14406  25.060  -73.840  -13.717 0.0000000000
14407  24.875  -73.676  -13.018 0.0000000000
14420  25.345  -73.913  -15.314 0.0000000000
14421  25.320  -73.423  -14.580 0.0000000000
14422  25.215  -73.703  -13.990 0.0000000000
14436  25.708  -74.051  -16.551 0.0000000000
14437  25.355  -73.603  -15.362 0.0000000000
14438  25.194  -73.769  -14.882 0.0000000000
14452  25.947  -74.317  -17.836 0.0000000000
14453  25.617  -74.107  -16.310 0.0000000000
14454  25.258  -74.075  -15.522 0.0000000000
14465  26.024  -74.444  -18.871 0.0000000000
14466  25.756  -74.380  -17.249 0.0000000000
14474  26.021  -74.427  -19.603 0.0000000000
14475  25.901  -74.474  -18.117 0.0000000000
14483  26.259  -74.650  -20.181 0.0000000000
14484  25.941  -74.562  -19.238 0.0000000000
14495  26.590  -74.767  -20.840 0.0000000000
14496  26.286  -74.638  -20.296 0.0000000000
14507  27.543  -75.241  -21.730 0.0000000000
14508  27.199  -74.868  -21.498 0.0000000000
14509  26.474  -74.105  -21.216 0.0000000000
14510  26.239  -74.424  -21.188 0.0000000000
14521  27.569  -75.143  -21.922 0.0000000000
14522  27.332  -74.754  -21.877 0.0000000000
14523  26.343  -74.208  -21.525 0.0000000000
14524  25.770  -74.636  -21.915 0.0000000000
14535  27.467  -75.109  -22.118 0.0000000000
14536  27.208  -74.638  -22.093 0.0000000000
14537  26.929  -74.420  -22.215 0.0000000000
14538  26.633  -74.346  -22.266 0.0000000000
14539  25.955  -74.324  -22.027 0.0000000000
14540  25.777  -74.818  -22.225 0.0000000000
14549  27.363  -75.224  -22.293 0.0000000000
14550  27.105  -74.881  -22.358 0.0000000000
14551  26.764  -74.702  -22.464 0.0000000000
14552  26.342  -74.585  -22.432 0.0000000000
14553  25.974  -74.623  -22.302 0.0000000000
14554  25.773  -74.963  -22.419 0.0000000000
15369  24.250  -72.431  -3.936 0.0000000000
15377  24.582  -72.485  -4.753 0.0000000000
15389  24.730  -72.514  -5.324 0.0000000000
15407  25.335  -72.784  -6.545 0.0000000000
15408  25.004  -72.656  -5.966 0.0000000000
15428  25.541  -72.864  -7.024 0.0000000000
15429  23.471  -72.497  -6.297 0.0000000000
15430  23.178  -72.387  -5.623 0.0000000000
15447  25.695  -73.019  -7.796 0.0000000000
15448  24.031  -72.306  -7.427 0.0000000000
15449  23.836  -72.434  -7.099 0.0000000000
15466  26.207  -73.448  -9.132 0.0000000000
15467  25.902  -73.081  -8.782 0.0000000000
15468  24.283  -72.544  -7.917 0.0000000000
15469  24.042  -72.676  -7.616 0.0000000000
15483  26.169  -73.145  -9.865 0.0000000000
15484  25.936  -72.737  -9.690 0.0000000000
15485  24.683  -72.710  -9.069 0.0000000000
15497  26.359  -72.846  -10.979 0.0000000000
15498  26.170  -72.745  -10.280 0.0000000000
15499  24.784  -72.763  -9.919 0.0000000000
15508  26.096  -72.928  -12.181 0.0000000000
15509  24.919  -72.602  -11.126 0.0000000000
15510  24.752  -72.897  -10.654 0.0000000000
15516  25.626  -73.139  -13.398 0.0000000000
15517  25.050  -72.706  -11.978 0.0000000000
15518  24.788  -72.986  -11.565 0.0000000000
15525  25.607  -73.398  -14.572 0.0000000000
15526  25.503  -73.039  -12.782 0.0000000000
15527  24.974  -73.152  -12.446 0.0000000000
15541  25.573  -73.423  -15.754 0.0000000000
15542  25.587  -73.255  -13.766 0.0000000000
15543  25.370  -73.388  -13.182 0.0000000000
15554  25.853  -73.534  -16.469 0.0000000000
15555  25.674  -73.155  -15.365 0.0000000000
15556  25.594  -73.228  -14.845 0.0000000000
15566  25.956  -73.611  -17.234 0.0000000000
15567  25.656  -73.112  -15.797 0.0000000000
15568  25.565  -73.411  -15.957 0.0000000000
15578  25.967  -73.754  -18.287 0.0000000000
15579  25.879  -73.354  -16.651 0.0000000000
15580  25.886  -73.892  -17.211 0.0000000000
15589  25.945  -73.877  -19.166 0.0000000000
15590  25.920  -73.718  -19.535 0.0000000000
15591  25.920  -73.574  -17.794 0.0000000000
15592  25.977  -74.031  -18.491 0.0000000000
15600  26.036  -74.081  -19.838 0.0000000000
15601  25.979  -73.818  -19.980 0.0000000000
15602  25.827  -73.618  -19.017 0.0000000000
15603  25.969  -74.148  -19.660 0.0000000000
15612  26.298  -74.212  -20.403 0.0000000000
15613  26.373  -73.950  -20.441 0.0000000000
15614  25.996  -73.812  -20.107 0.0000000000
15615  26.328  -74.139  -20.553 0.0000000000
15625  26.444  -74.403  -21.049 0.0000000000
15626  26.519  -74.048  -21.027 0.0000000000
15627  26.395  -73.864  -20.945 0.0000000000
15628  26.480  -74.078  -20.983 0.0000000000
15640  26.901  -74.401  -21.613 0.0000000000
15641  26.412  -74.180  -21.499 0.0000000000
15642  26.438  -73.838  -21.730 0.0000000000
15643  26.507  -74.030  -21.611 0.0000000000
15654  26.872  -74.301  -21.912 0.0000000000
15655  26.645  -74.146  -21.915 0.0000000000
15656  26.383  -74.148  -22.064 0.0000000000
15657  26.151  -74.101  -21.971 0.0000000000
15666  26.191  -74.381  -22.328 0.0000000000
15667  26.126  -74.224  -22.162 0.0000000000
16601  24.169  -71.953  -3.978 0.0000000000
16609  24.389  -71.988  -4.417 0.0000000000
16610  24.139  -71.711  -4.121 0.0000000000
16617  24.613  -72.020  -5.177 0.0000000000
16618  24.396  -71.763  -4.615 0.0000000000
16632  25.276  -72.462  -6.664 0.0000000000
16633  24.871  -72.157  -6.109 0.0000000000
16634  23.260  -71.685  -5.325 0.0000000000
16655  25.486  -72.508  -7.399 0.0000000000
16656  25.192  -72.151  -6.924 0.0000000000
16657  23.790  -71.712  -6.491 0.0000000000
16658  23.478  -71.949  -6.135 0.0000000000
16659  23.224  -71.942  -5.527 0.0000000000
16676  25.580  -72.666  -8.148 0.0000000000
16677  25.394  -72.282  -7.887 0.0000000000
16678  24.035  -72.094  -7.216 0.0000000000
16679  23.777  -71.990  -6.746 0.0000000000
16693  25.559  -72.609  -8.878 0.0000000000
16694  25.394  -72.369  -8.450 0.0000000000
16695  24.384  -72.137  -7.750 0.0000000000
16714  25.747  -72.582  -9.703 0.0000000000
16715  24.801  -72.150  -8.867 0.0000000000
16716  24.686  -72.250  -8.626 0.0000000000
16732  26.322  -72.547  -11.027 0.0000000000
16733  26.110  -72.475  -10.602 0.0000000000
16734  24.903  -72.232  -9.301 0.0000000000
16735  24.857  -72.449  -9.639 0.0000000000
16748  26.278  -72.500  -11.485 0.0000000000
16749  26.187  -72.170  -11.595 0.0000000000
16750  25.287  -72.243  -10.971 0.0000000000
16751  25.094  -72.345  -10.514 0.0000000000
16752  24.889  -72.584  -10.387 0.0000000000
16761  26.044  -72.502  -12.545 0.0000000000
16762  26.058  -72.194  -12.289 0.0000000000
16763  25.422  -72.216  -11.589 0.0000000000
16764  25.138  -72.422  -11.521 0.0000000000
16776  25.844  -72.800  -13.866 0.0000000000
16777  25.864  -72.472  -13.092 0.0000000000
16778  25.710  -72.462  -12.657 0.0000000000
16779  25.368  -72.524  -12.303 0.0000000000
16791  25.878  -72.941  -15.095 0.0000000000
16792  25.728  -72.666  -14.354 0.0000000000
16793  25.709  -72.703  -14.117 0.0000000000
16794  25.801  -72.733  -13.609 0.0000000000
16795  25.719  -72.861  -13.179 0.0000000000
16802  25.997  -73.018  -16.439 0.0000000000
16803  25.833  -72.736  -15.793 0.0000000000
16804  25.844  -72.836  -15.275 0.0000000000
16805  25.733  -72.946  -14.888 0.0000000000
16806  25.614  -72.943  -14.067 0.0000000000
16814  25.954  -73.239  -17.708 0.0000000000
16815  25.819  -72.957  -17.093 0.0000000000
16816  25.931  -72.967  -16.504 0.0000000000
16817  25.728  -73.015  -16.058 0.0000000000
16826  25.839  -73.485  -18.690 0.0000000000
16827  25.840  -73.222  -18.265 0.0000000000
16828  25.888  -73.166  -17.695 0.0000000000
16829  25.939  -73.227  -17.158 0.0000000000
16841  25.842  -73.597  -19.209 0.0000000000
16842  25.863  -73.462  -19.392 0.0000000000
16843  25.803  -73.380  -18.861 0.0000000000
16844  25.832  -73.406  -18.334 0.0000000000
16855  26.060  -73.582  -20.040 0.0000000000
16856  25.927  -73.494  -19.831 0.0000000000
16857  25.861  -73.540  -19.589 0.0000000000
16867  26.229  -73.713  -20.490 0.0000000000
16868  26.101  -73.637  -20.295 0.0000000000
16869  26.191  -73.798  -20.519 0.0000000000
16883  26.411  -73.806  -20.912 0.0000000000
16884  26.173  -73.812  -20.986 0.0000000000
16885  26.421  -73.895  -21.203 0.0000000000
16900  26.482  -73.904  -21.261 0.0000000000
16901  26.435  -73.677  -21.331 0.0000000000
16902  26.481  -73.883  -21.461 0.0000000000
16913  26.520  -73.943  -21.482 0.0000000000
16914  26.500  -74.030  -21.717 0.0000000000
17901  24.537  -71.752  -5.153 0.0000000000
17902  24.349  -71.579  -4.817 0.0000000000
17920  24.580  -71.822  -5.526 0.0000000000
17921  24.467  -71.592  -5.636 0.0000000000
17922  23.565  -71.278  -5.261 0.0000000000
17939  24.758  -71.945  -6.309 0.0000000000
17940  24.624  -71.821  -6.459 0.0000000000
17941  23.958  -71.223  -6.099 0.0000000000
17942  23.806  -71.307  -5.931 0.0000000000
17943  23.536  -71.532  -5.769 0.0000000000
17952  25.085  -71.953  -7.191 0.0000000000
17953  24.984  -71.828  -7.338 0.0000000000
17954  24.169  -71.606  -6.535 0.0000000000
17955  24.216  -71.872  -7.036 0.0000000000
17965  25.397  -72.447  -8.782 0.0000000000
17966  25.252  -72.171  -8.284 0.0000000000
17967  25.003  -71.932  -8.071 0.0000000000
17968  24.611  -71.996  -7.572 0.0000000000
17969  24.572  -72.076  -8.004 0.0000000000
17985  25.562  -72.505  -9.559 0.0000000000
17986  25.223  -72.311  -9.108 0.0000000000
17987  24.999  -72.049  -8.810 0.0000000000
17988  24.828  -72.071  -8.630 0.0000000000
17989  24.690  -72.095  -8.426 0.0000000000
18010  25.937  -72.193  -10.871 0.0000000000
18011  25.518  -72.403  -10.223 0.0000000000
18012  25.219  -72.311  -9.757 0.0000000000
18013  25.015  -72.218  -9.526 0.0000000000
18027  26.030  -71.971  -11.761 0.0000000000
18028  25.822  -72.040  -11.237 0.0000000000
18029  25.416  -72.237  -10.757 0.0000000000
18030  25.176  -72.370  -10.137 0.0000000000
18050  25.898  -72.246  -12.541 0.0000000000
18051  25.868  -71.944  -12.033 0.0000000000
18052  25.703  -72.006  -11.592 0.0000000000
18064  25.893  -72.485  -13.331 0.0000000000
18065  25.922  -72.287  -12.787 0.0000000000
18066  25.741  -72.076  -12.280 0.0000000000
18073  25.806  -72.509  -13.829 0.0000000000
18074  25.789  -72.509  -13.536 0.0000000000
18075  25.830  -72.438  -12.969 0.0000000000
19158  24.165  -71.260  -4.987 0.0000000000
19159  23.962  -71.118  -5.132 0.0000000000
19160  23.751  -71.139  -5.259 0.0000000000
19170  24.304  -71.373  -5.802 0.0000000000
19171  24.153  -71.269  -6.012 0.0000000000
19172  23.942  -71.128  -5.837 0.0000000000
19181  24.467  -71.729  -6.606 0.0000000000
19182  24.443  -71.803  -6.840 0.0000000000
19191  24.782  -71.909  -7.278 0.0000000000
19192  24.586  -71.944  -7.206 0.0000000000
