#!ascii label  , from subject subject001 vox2ras=TkReg
778
43829  38.081  -49.383  -37.338 0.0000000000
43830  37.718  -49.300  -37.304 0.0000000000
43831  37.048  -49.478  -37.177 0.0000000000
43846  39.134  -48.389  -38.373 0.0000000000
43847  38.457  -48.747  -37.773 0.0000000000
43848  37.984  -48.625  -37.656 0.0000000000
43849  36.860  -49.283  -37.373 0.0000000000
44872  37.549  -48.941  -37.509 0.0000000000
44873  37.275  -48.939  -37.530 0.0000000000
44897  39.210  -47.258  -38.642 0.0000000000
44898  38.441  -47.863  -38.052 0.0000000000
44899  37.810  -48.285  -37.842 0.0000000000
44900  37.213  -48.650  -37.779 0.0000000000
44901  36.714  -49.000  -37.783 0.0000000000
44920  39.835  -46.275  -38.993 0.0000000000
44921  37.220  -48.412  -38.074 0.0000000000
44939  37.366  -48.288  -38.427 0.0000000000
45960  43.364  -45.233  -33.994 0.0000000000
46033  38.913  -46.953  -38.561 0.0000000000
46034  38.355  -47.405  -38.298 0.0000000000
46035  37.975  -47.610  -38.279 0.0000000000
46036  37.604  -48.117  -38.150 0.0000000000
46052  40.407  -45.433  -39.104 0.0000000000
46053  39.599  -46.261  -38.896 0.0000000000
46054  38.011  -47.129  -38.461 0.0000000000
46055  37.843  -47.671  -38.488 0.0000000000
46068  37.715  -47.450  -38.821 0.0000000000
46079  37.850  -47.330  -39.345 0.0000000000
46085  38.499  -46.699  -40.711 0.0000000000
46086  38.381  -47.145  -39.952 0.0000000000
47143  43.679  -44.253  -32.889 0.0000000000
47144  43.215  -44.321  -33.129 0.0000000000
47145  43.023  -44.384  -33.252 0.0000000000
47159  44.258  -44.436  -33.155 0.0000000000
47160  43.474  -44.791  -33.419 0.0000000000
47161  42.835  -44.935  -33.889 0.0000000000
47162  42.628  -44.753  -34.117 0.0000000000
47181  42.845  -45.137  -35.100 0.0000000000
47182  42.664  -44.950  -34.677 0.0000000000
47190  42.963  -44.987  -35.757 0.0000000000
47203  43.393  -44.780  -36.859 0.0000000000
47219  43.246  -44.642  -37.473 0.0000000000
47220  39.345  -46.219  -38.886 0.0000000000
47221  38.770  -46.667  -38.682 0.0000000000
47222  38.350  -47.018  -38.476 0.0000000000
47231  42.661  -44.534  -38.208 0.0000000000
47232  41.489  -44.603  -38.742 0.0000000000
47233  40.185  -45.304  -38.890 0.0000000000
47234  39.389  -45.828  -38.963 0.0000000000
47235  38.503  -46.488  -38.820 0.0000000000
47236  37.991  -46.936  -38.618 0.0000000000
47244  38.508  -46.106  -39.311 0.0000000000
47245  37.958  -46.799  -38.833 0.0000000000
47253  38.432  -45.933  -39.714 0.0000000000
47254  37.993  -46.613  -39.200 0.0000000000
47261  38.417  -46.147  -40.256 0.0000000000
47262  38.167  -46.564  -39.613 0.0000000000
47272  38.822  -45.805  -41.224 0.0000000000
48325  43.777  -43.476  -32.398 0.0000000000
48326  43.584  -43.519  -32.545 0.0000000000
48335  44.940  -43.819  -32.652 0.0000000000
48336  44.165  -43.889  -32.478 0.0000000000
48337  43.511  -43.686  -32.651 0.0000000000
48338  43.012  -43.825  -33.020 0.0000000000
48339  42.978  -43.552  -33.188 0.0000000000
48355  44.754  -44.106  -32.845 0.0000000000
48356  42.899  -44.341  -33.445 0.0000000000
48357  42.861  -44.112  -33.643 0.0000000000
48375  42.673  -44.399  -34.388 0.0000000000
48383  42.686  -44.700  -35.102 0.0000000000
48393  43.240  -44.565  -35.880 0.0000000000
48405  43.473  -44.439  -36.829 0.0000000000
48406  43.357  -44.304  -37.358 0.0000000000
48415  43.160  -44.455  -37.605 0.0000000000
48416  42.594  -44.294  -38.071 0.0000000000
48417  41.297  -44.371  -38.611 0.0000000000
48418  40.136  -44.746  -38.799 0.0000000000
48419  39.408  -45.420  -39.083 0.0000000000
48426  39.715  -44.674  -39.019 0.0000000000
48427  39.214  -45.263  -39.319 0.0000000000
48434  38.902  -45.209  -39.701 0.0000000000
48444  39.251  -44.466  -40.576 0.0000000000
48445  38.819  -45.095  -40.427 0.0000000000
48454  39.337  -44.931  -41.240 0.0000000000
48455  38.880  -45.223  -40.977 0.0000000000
49472  44.190  -43.114  -32.482 0.0000000000
49473  43.710  -43.079  -32.477 0.0000000000
49474  43.503  -42.924  -32.481 0.0000000000
49482  44.631  -43.455  -32.515 0.0000000000
49483  43.599  -43.304  -32.523 0.0000000000
49484  43.430  -43.136  -32.599 0.0000000000
49485  43.283  -43.091  -32.975 0.0000000000
49500  43.158  -43.222  -33.394 0.0000000000
49516  43.021  -43.559  -34.043 0.0000000000
49526  42.992  -44.039  -34.920 0.0000000000
49538  43.494  -43.940  -35.768 0.0000000000
49550  43.834  -44.132  -36.743 0.0000000000
49551  43.229  -44.009  -37.527 0.0000000000
49559  42.305  -43.891  -38.203 0.0000000000
49560  41.109  -43.881  -38.566 0.0000000000
49561  40.199  -44.043  -38.789 0.0000000000
49567  39.770  -44.164  -39.112 0.0000000000
49568  39.356  -44.541  -39.496 0.0000000000
49573  39.690  -43.812  -39.481 0.0000000000
49574  39.213  -44.382  -39.916 0.0000000000
49584  40.762  -43.371  -40.537 0.0000000000
49585  39.968  -43.712  -40.369 0.0000000000
49586  39.243  -44.368  -40.296 0.0000000000
49593  42.430  -43.718  -41.576 0.0000000000
49594  41.472  -43.645  -41.136 0.0000000000
49595  40.372  -44.312  -41.509 0.0000000000
49606  43.200  -44.325  -42.655 0.0000000000
49607  41.400  -44.491  -42.112 0.0000000000
50560  44.588  -42.289  -32.771 0.0000000000
50561  44.167  -42.471  -32.713 0.0000000000
50562  43.922  -42.608  -32.757 0.0000000000
50563  44.126  -42.142  -33.156 0.0000000000
50572  44.869  -42.803  -32.623 0.0000000000
50573  43.676  -42.842  -32.573 0.0000000000
50574  43.803  -42.453  -32.915 0.0000000000
50589  43.879  -42.274  -33.139 0.0000000000
50590  44.249  -41.727  -33.172 0.0000000000
50607  43.518  -42.691  -33.650 0.0000000000
50608  44.173  -42.035  -33.334 0.0000000000
50618  44.012  -43.039  -34.295 0.0000000000
50619  43.976  -42.317  -33.701 0.0000000000
50630  44.582  -43.769  -35.705 0.0000000000
50638  44.000  -43.726  -37.153 0.0000000000
50639  42.993  -43.679  -37.795 0.0000000000
50645  43.754  -43.421  -37.627 0.0000000000
50646  42.367  -43.325  -38.323 0.0000000000
50647  40.793  -43.478  -38.755 0.0000000000
50648  40.198  -43.747  -38.912 0.0000000000
50653  41.787  -42.777  -38.716 0.0000000000
50654  41.093  -42.888  -38.868 0.0000000000
50655  40.240  -43.474  -39.036 0.0000000000
50665  40.884  -42.743  -39.281 0.0000000000
50666  40.345  -43.215  -39.395 0.0000000000
50675  42.097  -42.919  -40.489 0.0000000000
50676  41.168  -43.055  -40.129 0.0000000000
50677  40.514  -43.107  -39.702 0.0000000000
50686  44.336  -43.517  -41.696 0.0000000000
50687  42.765  -43.295  -41.198 0.0000000000
50688  41.782  -43.118  -40.756 0.0000000000
50704  43.745  -43.996  -41.927 0.0000000000
51677  44.747  -41.586  -32.763 0.0000000000
51678  44.571  -41.788  -32.920 0.0000000000
51679  44.389  -41.714  -33.064 0.0000000000
51680  44.235  -41.892  -33.165 0.0000000000
51688  45.124  -41.798  -32.822 0.0000000000
51689  44.285  -41.343  -33.025 0.0000000000
51690  44.117  -41.564  -33.042 0.0000000000
51706  44.197  -41.365  -33.082 0.0000000000
51707  44.205  -41.163  -33.147 0.0000000000
51727  44.320  -41.248  -33.339 0.0000000000
51738  44.998  -41.524  -33.986 0.0000000000
51739  44.568  -41.615  -33.505 0.0000000000
51747  46.175  -41.273  -35.614 0.0000000000
51748  45.765  -41.788  -35.267 0.0000000000
51749  45.209  -42.452  -34.781 0.0000000000
51751  46.395  -41.544  -36.302 0.0000000000
51752  45.927  -42.374  -36.169 0.0000000000
51753  45.409  -43.213  -35.981 0.0000000000
51756  46.495  -41.771  -36.786 0.0000000000
51757  46.028  -42.514  -36.890 0.0000000000
51758  44.980  -43.357  -37.204 0.0000000000
51759  43.662  -43.260  -37.940 0.0000000000
51763  42.483  -42.876  -38.594 0.0000000000
51764  41.570  -42.692  -38.802 0.0000000000
51774  43.521  -42.592  -39.387 0.0000000000
51775  42.384  -42.662  -39.070 0.0000000000
51776  41.440  -42.601  -38.955 0.0000000000
51786  46.897  -42.374  -40.497 0.0000000000
51787  45.164  -42.606  -40.280 0.0000000000
51788  43.642  -42.568  -40.110 0.0000000000
51789  42.379  -42.755  -39.833 0.0000000000
51790  41.517  -42.667  -39.325 0.0000000000
51802  48.739  -42.379  -42.309 0.0000000000
51803  47.547  -42.982  -41.675 0.0000000000
51804  45.671  -43.060  -41.362 0.0000000000
51805  43.929  -42.885  -40.776 0.0000000000
51806  42.832  -42.597  -40.558 0.0000000000
52869  44.650  -41.300  -32.713 0.0000000000
52870  44.503  -41.104  -32.740 0.0000000000
52871  44.320  -40.952  -32.823 0.0000000000
52882  45.338  -40.795  -33.271 0.0000000000
52883  44.786  -40.760  -32.754 0.0000000000
52884  44.442  -40.387  -32.788 0.0000000000
52885  44.180  -40.448  -32.892 0.0000000000
52886  44.022  -40.322  -33.068 0.0000000000
52904  43.922  -40.394  -33.173 0.0000000000
52905  44.038  -40.279  -33.339 0.0000000000
52927  44.285  -40.223  -33.526 0.0000000000
52935  45.276  -40.872  -33.910 0.0000000000
52936  44.858  -40.286  -33.830 0.0000000000
52939  46.399  -40.683  -35.337 0.0000000000
52940  46.058  -40.684  -35.046 0.0000000000
52941  45.602  -40.722  -34.267 0.0000000000
52942  44.933  -39.541  -34.297 0.0000000000
52944  46.598  -40.700  -35.809 0.0000000000
52948  48.163  -40.365  -37.270 0.0000000000
52949  47.249  -40.887  -36.750 0.0000000000
52950  46.139  -42.171  -37.462 0.0000000000
52951  45.160  -43.012  -37.654 0.0000000000
52952  44.479  -43.271  -37.761 0.0000000000
52959  49.615  -39.953  -38.384 0.0000000000
52960  49.244  -40.183  -38.173 0.0000000000
52961  48.338  -40.871  -37.770 0.0000000000
52962  47.055  -41.838  -37.801 0.0000000000
52963  45.783  -42.305  -38.246 0.0000000000
52964  45.001  -42.964  -38.276 0.0000000000
52965  44.076  -43.185  -38.218 0.0000000000
52974  49.682  -39.766  -38.589 0.0000000000
52975  49.467  -40.140  -38.641 0.0000000000
52976  48.927  -40.952  -38.658 0.0000000000
52977  47.684  -41.662  -38.611 0.0000000000
52978  46.059  -42.145  -38.769 0.0000000000
52979  44.840  -42.829  -38.903 0.0000000000
52980  43.628  -42.857  -38.776 0.0000000000
52987  49.624  -39.557  -38.702 0.0000000000
52988  49.535  -39.766  -38.807 0.0000000000
52989  49.092  -40.493  -39.624 0.0000000000
52990  48.201  -41.731  -39.545 0.0000000000
52991  46.454  -42.212  -39.508 0.0000000000
52992  44.909  -42.632  -39.541 0.0000000000
53003  49.197  -40.979  -41.483 0.0000000000
53004  48.481  -41.919  -40.790 0.0000000000
53019  49.566  -41.623  -42.908 0.0000000000
53926  45.027  -39.709  -33.207 0.0000000000
53927  44.644  -39.633  -33.091 0.0000000000
53928  44.433  -39.505  -33.383 0.0000000000
53929  44.290  -39.304  -33.547 0.0000000000
53930  44.179  -39.108  -33.539 0.0000000000
53931  44.249  -38.400  -33.842 0.0000000000
53952  44.163  -39.699  -33.436 0.0000000000
53953  44.185  -38.985  -33.707 0.0000000000
53974  44.301  -38.886  -33.866 0.0000000000
53980  44.378  -38.764  -34.221 0.0000000000
53983  46.505  -40.135  -35.273 0.0000000000
53984  46.042  -39.799  -34.816 0.0000000000
53985  45.267  -39.338  -34.668 0.0000000000
53986  44.657  -38.580  -34.746 0.0000000000
53990  46.897  -39.915  -35.882 0.0000000000
53991  46.464  -39.130  -35.472 0.0000000000
53992  45.436  -38.897  -35.280 0.0000000000
53993  44.974  -38.626  -35.070 0.0000000000
53998  47.998  -39.907  -37.036 0.0000000000
53999  47.409  -39.412  -36.435 0.0000000000
54000  46.831  -39.288  -36.009 0.0000000000
54010  49.460  -39.831  -38.190 0.0000000000
54011  49.222  -39.729  -38.056 0.0000000000
54012  48.833  -39.809  -37.535 0.0000000000
54013  48.253  -39.122  -37.185 0.0000000000
54024  49.525  -39.713  -38.399 0.0000000000
54025  49.297  -39.534  -38.294 0.0000000000
54026  48.992  -39.259  -38.261 0.0000000000
54027  48.673  -39.089  -37.714 0.0000000000
54035  49.471  -39.507  -38.508 0.0000000000
54036  49.392  -39.415  -38.725 0.0000000000
54037  49.325  -39.263  -39.123 0.0000000000
54038  49.131  -38.630  -39.736 0.0000000000
54052  49.232  -39.475  -40.632 0.0000000000
54053  48.905  -38.405  -40.551 0.0000000000
54067  49.938  -40.079  -42.722 0.0000000000
54974  45.581  -38.767  -33.977 0.0000000000
54975  45.231  -38.758  -33.600 0.0000000000
54976  44.758  -38.716  -33.477 0.0000000000
54977  44.395  -38.604  -33.660 0.0000000000
54978  44.156  -38.431  -33.759 0.0000000000
54979  43.994  -38.266  -33.677 0.0000000000
54980  43.862  -38.069  -33.757 0.0000000000
55003  43.701  -37.999  -33.773 0.0000000000
55021  43.641  -37.848  -33.915 0.0000000000
55028  43.525  -37.815  -34.221 0.0000000000
55031  43.870  -37.636  -34.734 0.0000000000
55035  46.396  -38.661  -35.738 0.0000000000
55036  45.921  -38.379  -35.759 0.0000000000
55037  44.658  -37.642  -35.632 0.0000000000
55042  47.136  -38.929  -36.544 0.0000000000
55043  46.630  -38.682  -36.292 0.0000000000
55044  45.512  -37.783  -36.644 0.0000000000
55045  44.257  -36.992  -37.218 0.0000000000
55054  47.352  -38.785  -37.012 0.0000000000
55055  46.518  -38.107  -37.488 0.0000000000
55056  44.896  -37.381  -38.201 0.0000000000
55057  43.929  -36.466  -38.285 0.0000000000
55063  48.912  -38.848  -38.607 0.0000000000
55064  48.176  -38.487  -38.145 0.0000000000
55065  46.459  -37.692  -38.883 0.0000000000
55066  44.764  -37.107  -39.615 0.0000000000
55075  48.878  -38.583  -39.024 0.0000000000
55076  48.047  -38.084  -39.694 0.0000000000
55077  45.898  -37.447  -40.412 0.0000000000
55078  44.456  -36.799  -40.708 0.0000000000
55091  49.173  -38.758  -41.620 0.0000000000
55092  47.500  -37.805  -41.458 0.0000000000
55093  45.228  -36.847  -41.562 0.0000000000
55094  44.270  -36.480  -41.245 0.0000000000
55105  48.679  -38.351  -43.265 0.0000000000
55106  46.697  -36.915  -42.752 0.0000000000
55107  45.433  -36.545  -42.070 0.0000000000
55115  47.398  -36.310  -43.670 0.0000000000
56122  45.596  -37.958  -33.854 0.0000000000
56123  44.848  -37.885  -33.736 0.0000000000
56124  44.294  -37.762  -33.772 0.0000000000
56125  43.824  -37.622  -33.744 0.0000000000
56126  43.402  -37.541  -33.595 0.0000000000
56127  42.896  -37.390  -33.534 0.0000000000
56128  43.290  -37.588  -33.713 0.0000000000
56146  46.119  -37.923  -34.151 0.0000000000
56147  42.137  -37.125  -33.391 0.0000000000
56148  42.452  -37.335  -33.651 0.0000000000
56166  42.301  -37.333  -34.197 0.0000000000
56175  42.501  -37.303  -34.810 0.0000000000
56178  43.098  -37.036  -35.650 0.0000000000
56182  43.468  -36.598  -36.765 0.0000000000
56192  43.468  -36.077  -37.932 0.0000000000
56199  43.916  -36.409  -39.191 0.0000000000
56200  43.188  -35.951  -39.024 0.0000000000
56207  43.770  -36.321  -40.143 0.0000000000
56208  43.049  -35.927  -39.914 0.0000000000
56220  43.721  -36.203  -40.892 0.0000000000
56221  43.214  -35.837  -40.482 0.0000000000
56230  44.910  -36.398  -41.889 0.0000000000
56231  44.162  -36.140  -41.596 0.0000000000
56237  46.822  -35.935  -43.316 0.0000000000
56238  45.461  -35.965  -42.416 0.0000000000
56239  44.521  -35.494  -41.812 0.0000000000
57279  45.526  -37.425  -33.984 0.0000000000
57280  45.070  -37.225  -33.946 0.0000000000
57281  44.303  -37.060  -33.676 0.0000000000
57282  43.671  -36.933  -33.440 0.0000000000
57283  43.069  -36.874  -33.270 0.0000000000
57284  42.722  -37.001  -33.275 0.0000000000
57307  46.038  -37.194  -34.052 0.0000000000
57308  45.161  -36.719  -34.087 0.0000000000
57309  42.543  -36.603  -33.185 0.0000000000
57310  42.204  -36.756  -33.283 0.0000000000
57311  41.784  -36.808  -33.513 0.0000000000
57326  41.544  -36.825  -33.975 0.0000000000
57334  41.778  -36.836  -34.719 0.0000000000
57337  42.366  -36.517  -35.504 0.0000000000
57349  42.799  -36.144  -36.549 0.0000000000
57358  43.003  -35.685  -37.661 0.0000000000
57360  42.826  -35.464  -38.799 0.0000000000
57373  42.577  -35.419  -39.794 0.0000000000
57383  43.296  -35.609  -40.942 0.0000000000
57384  42.685  -35.419  -40.585 0.0000000000
57387  43.489  -35.243  -41.345 0.0000000000
57388  42.874  -35.296  -41.038 0.0000000000
57391  46.748  -34.916  -43.442 0.0000000000
57392  45.552  -34.532  -42.427 0.0000000000
57393  44.434  -34.876  -41.594 0.0000000000
57399  46.583  -34.216  -43.550 0.0000000000
58344  44.437  -36.582  -33.858 0.0000000000
58345  43.729  -36.417  -33.472 0.0000000000
58346  43.088  -36.388  -33.204 0.0000000000
58347  42.728  -36.433  -33.188 0.0000000000
58367  45.776  -36.464  -34.251 0.0000000000
58368  44.819  -36.335  -34.113 0.0000000000
58369  44.013  -36.082  -33.660 0.0000000000
58370  43.200  -35.966  -33.366 0.0000000000
58371  42.459  -36.138  -33.240 0.0000000000
58372  41.780  -36.112  -33.494 0.0000000000
58373  41.528  -36.437  -33.657 0.0000000000
58384  41.660  -35.854  -33.756 0.0000000000
58385  41.521  -36.098  -33.929 0.0000000000
58395  41.721  -36.287  -34.598 0.0000000000
58399  42.086  -36.139  -35.425 0.0000000000
58411  42.639  -35.693  -36.338 0.0000000000
58413  42.676  -35.314  -37.462 0.0000000000
58415  42.630  -35.002  -38.553 0.0000000000
58428  42.258  -34.756  -39.606 0.0000000000
58429  41.959  -34.381  -39.969 0.0000000000
58432  42.193  -34.720  -40.467 0.0000000000
58433  42.052  -34.508  -40.158 0.0000000000
58435  43.123  -34.939  -41.356 0.0000000000
58436  42.705  -34.882  -41.144 0.0000000000
58439  45.250  -33.672  -42.399 0.0000000000
58440  43.870  -34.394  -41.428 0.0000000000
58441  42.761  -34.377  -41.259 0.0000000000
58448  46.240  -33.573  -43.678 0.0000000000
59342  45.529  -36.132  -34.356 0.0000000000
59343  44.581  -36.002  -34.060 0.0000000000
59344  43.572  -35.688  -33.836 0.0000000000
59345  42.652  -35.651  -33.565 0.0000000000
59346  42.145  -35.752  -33.473 0.0000000000
59356  43.334  -35.458  -34.058 0.0000000000
59357  42.875  -35.342  -33.929 0.0000000000
59358  42.110  -35.614  -34.051 0.0000000000
59359  41.626  -35.766  -33.990 0.0000000000
59369  42.318  -35.610  -35.203 0.0000000000
59370  41.846  -35.835  -34.441 0.0000000000
59375  42.564  -35.487  -35.881 0.0000000000
59376  42.403  -35.699  -35.640 0.0000000000
59388  42.562  -35.438  -36.333 0.0000000000
59390  42.568  -35.005  -37.338 0.0000000000
59392  42.498  -34.556  -38.479 0.0000000000
59393  41.931  -34.106  -39.108 0.0000000000
59405  42.154  -34.502  -39.103 0.0000000000
59406  41.801  -34.143  -39.646 0.0000000000
59410  41.986  -34.340  -40.635 0.0000000000
59411  41.853  -34.091  -40.359 0.0000000000
59414  42.162  -34.106  -40.966 0.0000000000
59415  41.842  -33.688  -40.666 0.0000000000
59417  45.441  -32.972  -43.113 0.0000000000
59418  44.506  -33.295  -41.885 0.0000000000
59419  43.120  -33.797  -41.302 0.0000000000
60350  45.396  -35.890  -34.475 0.0000000000
60351  44.506  -35.817  -34.276 0.0000000000
60365  45.238  -35.692  -34.810 0.0000000000
60366  44.005  -35.607  -34.459 0.0000000000
60367  43.271  -35.416  -34.406 0.0000000000
60368  42.754  -35.425  -34.390 0.0000000000
60376  44.671  -35.537  -35.231 0.0000000000
60377  43.825  -35.482  -35.122 0.0000000000
60378  43.171  -35.523  -35.159 0.0000000000
60379  42.654  -35.535  -35.164 0.0000000000
60382  44.323  -35.500  -35.843 0.0000000000
60383  43.671  -35.389  -35.989 0.0000000000
60384  43.062  -35.276  -36.092 0.0000000000
60385  42.703  -35.157  -36.295 0.0000000000
60386  42.546  -35.188  -36.453 0.0000000000
60398  42.699  -34.681  -37.082 0.0000000000
60399  42.586  -34.784  -37.240 0.0000000000
60402  42.555  -34.330  -38.295 0.0000000000
60409  41.967  -33.791  -38.889 0.0000000000
60410  41.689  -33.511  -39.419 0.0000000000
60425  41.592  -33.400  -39.957 0.0000000000
60434  41.721  -33.260  -40.408 0.0000000000
60437  42.557  -33.349  -41.066 0.0000000000
60438  41.931  -33.187  -40.818 0.0000000000
60442  45.404  -32.349  -43.886 0.0000000000
60443  44.953  -32.377  -42.506 0.0000000000
60444  43.820  -32.772  -41.231 0.0000000000
61449  45.562  -35.573  -35.405 0.0000000000
61460  45.204  -35.592  -36.054 0.0000000000
61467  44.421  -35.439  -36.947 0.0000000000
61468  43.453  -34.913  -36.961 0.0000000000
61469  42.970  -34.582  -37.064 0.0000000000
61470  42.781  -34.530  -37.427 0.0000000000
61484  43.749  -34.703  -38.058 0.0000000000
61485  43.120  -34.309  -37.964 0.0000000000
61486  42.863  -34.071  -38.118 0.0000000000
61487  42.644  -33.852  -38.311 0.0000000000
61488  42.622  -34.092  -38.274 0.0000000000
61497  42.258  -32.953  -38.838 0.0000000000
61498  42.095  -33.285  -38.804 0.0000000000
61507  41.728  -32.898  -39.280 0.0000000000
61508  41.564  -32.716  -39.721 0.0000000000
61522  41.515  -32.591  -40.155 0.0000000000
61534  41.705  -32.616  -40.484 0.0000000000
61537  42.623  -32.467  -40.867 0.0000000000
61538  41.907  -32.644  -40.706 0.0000000000
61543  45.054  -31.598  -44.018 0.0000000000
61544  44.083  -31.964  -42.029 0.0000000000
61545  43.644  -32.230  -41.139 0.0000000000
62679  43.828  -34.015  -39.151 0.0000000000
62680  43.230  -33.543  -38.587 0.0000000000
62681  42.926  -33.192  -38.584 0.0000000000
62682  42.693  -33.230  -38.580 0.0000000000
62692  42.649  -32.518  -38.861 0.0000000000
62693  42.427  -32.465  -38.922 0.0000000000
62694  42.142  -32.153  -39.140 0.0000000000
62702  41.863  -32.027  -39.370 0.0000000000
62703  41.637  -32.183  -39.623 0.0000000000
62715  41.657  -31.614  -39.660 0.0000000000
62716  41.465  -31.861  -39.910 0.0000000000
62727  41.732  -31.312  -40.438 0.0000000000
62728  41.583  -31.809  -40.335 0.0000000000
62734  43.346  -30.508  -41.446 0.0000000000
62735  42.520  -31.288  -40.828 0.0000000000
62736  41.937  -32.198  -40.584 0.0000000000
62741  44.930  -30.665  -44.218 0.0000000000
62742  44.277  -30.869  -42.159 0.0000000000
62743  43.580  -31.734  -41.163 0.0000000000
62747  45.367  -30.939  -45.909 0.0000000000
63894  43.965  -33.051  -40.039 0.0000000000
63895  43.346  -32.608  -39.179 0.0000000000
63896  42.932  -32.358  -38.899 0.0000000000
63897  42.704  -32.290  -38.931 0.0000000000
63906  44.767  -31.942  -40.512 0.0000000000
63907  43.799  -31.475  -39.493 0.0000000000
63908  43.131  -31.234  -38.885 0.0000000000
63909  42.593  -31.445  -38.928 0.0000000000
63910  42.206  -31.226  -39.086 0.0000000000
63911  41.974  -31.162  -39.254 0.0000000000
63927  41.792  -31.162  -39.470 0.0000000000
63952  41.648  -30.995  -39.778 0.0000000000
63953  41.476  -31.364  -40.074 0.0000000000
63965  41.845  -30.776  -40.381 0.0000000000
63966  41.522  -31.324  -40.314 0.0000000000
63969  43.913  -30.003  -41.966 0.0000000000
63970  42.876  -30.072  -41.212 0.0000000000
63973  45.465  -30.149  -45.284 0.0000000000
63974  44.713  -29.832  -43.540 0.0000000000
63979  45.079  -30.025  -46.565 0.0000000000
65184  45.736  -30.183  -40.523 0.0000000000
65185  44.577  -30.094  -39.598 0.0000000000
65186  43.680  -29.947  -38.903 0.0000000000
65187  42.893  -29.966  -38.659 0.0000000000
65188  42.272  -29.992  -38.872 0.0000000000
65189  42.074  -30.581  -39.107 0.0000000000
65213  42.077  -29.511  -38.928 0.0000000000
65214  42.004  -30.198  -39.266 0.0000000000
65233  42.390  -29.121  -40.191 0.0000000000
65234  41.955  -30.006  -39.870 0.0000000000
65238  43.026  -28.915  -41.334 0.0000000000
65239  42.402  -29.682  -40.653 0.0000000000
65242  43.951  -29.235  -42.336 0.0000000000
65243  42.865  -29.374  -41.359 0.0000000000
65246  45.548  -29.167  -45.223 0.0000000000
65247  44.989  -29.295  -43.649 0.0000000000
65252  45.058  -28.991  -47.036 0.0000000000
66376  45.885  -28.990  -40.543 0.0000000000
66377  45.309  -28.898  -39.853 0.0000000000
66378  44.517  -28.685  -39.244 0.0000000000
66379  43.607  -28.780  -38.821 0.0000000000
66380  42.691  -29.069  -38.665 0.0000000000
66402  46.963  -29.272  -41.730 0.0000000000
66403  44.654  -28.003  -39.260 0.0000000000
66404  44.364  -27.955  -39.289 0.0000000000
66405  42.303  -29.014  -38.829 0.0000000000
66406  42.036  -29.280  -39.021 0.0000000000
66417  42.571  -28.752  -39.528 0.0000000000
66418  42.028  -29.390  -39.424 0.0000000000
66421  43.317  -28.356  -40.863 0.0000000000
66423  45.484  -27.853  -43.740 0.0000000000
66424  44.583  -28.147  -42.691 0.0000000000
66427  45.643  -28.047  -44.470 0.0000000000
66428  45.148  -28.805  -43.734 0.0000000000
66433  45.218  -27.960  -45.983 0.0000000000
67534  46.080  -28.223  -40.410 0.0000000000
67535  45.479  -27.926  -39.797 0.0000000000
67536  45.057  -27.875  -39.498 0.0000000000
67537  43.302  -28.440  -39.026 0.0000000000
67538  42.689  -28.767  -38.879 0.0000000000
67552  48.418  -28.108  -42.659 0.0000000000
67553  46.889  -27.706  -41.452 0.0000000000
67554  46.080  -27.364  -40.683 0.0000000000
67555  45.771  -27.302  -40.363 0.0000000000
67556  44.281  -27.738  -39.735 0.0000000000
67557  43.008  -28.424  -39.249 0.0000000000
67566  50.238  -27.778  -43.413 0.0000000000
67567  49.475  -27.941  -43.136 0.0000000000
67568  45.860  -26.607  -41.425 0.0000000000
67569  45.589  -27.006  -41.370 0.0000000000
67570  43.715  -27.919  -40.261 0.0000000000
67573  45.638  -27.045  -42.718 0.0000000000
67574  44.477  -27.578  -41.691 0.0000000000
67577  46.937  -26.612  -44.442 0.0000000000
67578  45.995  -27.395  -43.777 0.0000000000
67579  45.143  -27.528  -42.671 0.0000000000
67582  47.529  -25.767  -44.878 0.0000000000
67583  46.317  -26.733  -45.377 0.0000000000
68726  48.265  -27.203  -42.526 0.0000000000
68727  47.640  -27.049  -42.181 0.0000000000
68728  46.631  -26.694  -41.573 0.0000000000
68729  45.681  -26.411  -41.375 0.0000000000
68738  50.291  -27.047  -43.528 0.0000000000
68739  48.731  -26.841  -42.684 0.0000000000
68740  47.077  -26.220  -42.502 0.0000000000
68741  45.810  -26.041  -42.746 0.0000000000
68742  45.580  -25.926  -42.367 0.0000000000
68743  45.842  -26.336  -42.655 0.0000000000
68748  49.985  -25.859  -43.456 0.0000000000
68749  46.818  -25.932  -45.013 0.0000000000
68750  46.319  -25.988  -44.335 0.0000000000
68751  46.199  -26.508  -43.247 0.0000000000
68753  47.144  -25.914  -44.954 0.0000000000
68754  47.108  -26.258  -44.471 0.0000000000
68755  46.520  -26.767  -43.762 0.0000000000
68758  47.576  -25.582  -44.707 0.0000000000
68759  47.101  -25.282  -45.570 0.0000000000
68760  45.347  -25.007  -45.981 0.0000000000
68764  48.179  -25.207  -44.615 0.0000000000
68765  47.912  -25.216  -44.576 0.0000000000
68766  45.683  -25.923  -46.251 0.0000000000
68769  48.060  -25.348  -44.755 0.0000000000
70011  44.158  -23.573  -42.292 0.0000000000
70012  42.948  -23.140  -41.560 0.0000000000
70013  42.525  -22.945  -41.418 0.0000000000
70025  48.813  -25.853  -43.261 0.0000000000
70026  46.969  -26.093  -43.791 0.0000000000
70027  45.778  -25.476  -43.707 0.0000000000
70028  45.422  -25.117  -43.069 0.0000000000
70029  45.082  -24.540  -43.648 0.0000000000
70030  44.382  -23.036  -42.784 0.0000000000
70031  42.603  -22.590  -42.310 0.0000000000
70032  41.919  -22.111  -42.803 0.0000000000
70043  48.971  -25.300  -44.002 0.0000000000
70044  47.202  -25.530  -44.202 0.0000000000
70045  46.352  -25.934  -44.260 0.0000000000
70046  46.795  -25.703  -45.279 0.0000000000
70047  46.043  -25.000  -45.066 0.0000000000
70048  45.447  -23.245  -44.255 0.0000000000
70049  43.509  -22.764  -43.918 0.0000000000
70053  47.281  -25.430  -45.253 0.0000000000
70054  46.843  -24.910  -45.516 0.0000000000
70055  45.923  -23.812  -45.383 0.0000000000
70056  44.456  -23.049  -45.190 0.0000000000
70060  47.780  -25.143  -44.908 0.0000000000
70061  47.770  -24.786  -45.092 0.0000000000
70062  46.643  -24.506  -45.645 0.0000000000
70063  44.982  -23.776  -45.905 0.0000000000
70066  48.213  -25.138  -44.822 0.0000000000
70067  47.884  -25.136  -44.739 0.0000000000
70068  48.084  -25.198  -45.110 0.0000000000
71233  44.950  -24.224  -43.056 0.0000000000
71234  44.779  -24.180  -42.587 0.0000000000
71235  44.019  -23.522  -42.030 0.0000000000
71236  42.939  -23.204  -41.112 0.0000000000
71237  42.515  -22.686  -41.020 0.0000000000
71238  42.381  -21.585  -41.284 0.0000000000
71251  45.958  -24.424  -44.723 0.0000000000
71252  45.348  -24.554  -43.921 0.0000000000
71253  45.087  -24.618  -43.170 0.0000000000
71254  44.771  -24.574  -42.503 0.0000000000
71255  42.429  -22.458  -41.492 0.0000000000
71256  42.068  -21.537  -42.105 0.0000000000
71271  49.653  -24.701  -45.311 0.0000000000
71272  47.186  -24.397  -44.983 0.0000000000
71273  46.149  -25.426  -44.446 0.0000000000
71281  48.953  -23.721  -45.747 0.0000000000
71282  48.064  -23.265  -45.080 0.0000000000
71283  48.022  -24.769  -45.261 0.0000000000
71284  47.644  -24.780  -45.417 0.0000000000
71285  48.238  -24.934  -45.143 0.0000000000
71286  47.846  -24.927  -45.189 0.0000000000
72323  39.396  -20.418  -37.706 0.0000000000
72324  38.948  -20.689  -37.411 0.0000000000
72325  38.264  -20.797  -37.165 0.0000000000
72326  37.737  -20.648  -37.076 0.0000000000
72340  40.002  -19.936  -38.328 0.0000000000
72341  39.337  -20.004  -38.168 0.0000000000
72342  38.545  -19.999  -37.919 0.0000000000
72352  42.699  -21.444  -39.841 0.0000000000
72353  42.485  -20.770  -39.953 0.0000000000
72354  41.882  -20.272  -39.997 0.0000000000
72355  41.035  -19.599  -39.649 0.0000000000
72356  40.052  -19.165  -39.302 0.0000000000
72372  44.689  -23.856  -42.327 0.0000000000
72373  43.906  -23.384  -41.116 0.0000000000
72374  43.032  -22.856  -40.362 0.0000000000
72375  42.560  -22.175  -40.350 0.0000000000
72376  42.361  -21.181  -40.656 0.0000000000
72377  41.554  -20.495  -41.182 0.0000000000
72392  47.119  -23.265  -44.169 0.0000000000
72393  46.036  -23.890  -44.273 0.0000000000
72394  44.942  -23.820  -43.304 0.0000000000
72395  41.495  -20.733  -42.194 0.0000000000
72411  49.249  -22.779  -45.256 0.0000000000
72412  48.125  -23.003  -45.035 0.0000000000
72413  47.352  -23.526  -45.216 0.0000000000
72423  48.862  -23.286  -45.724 0.0000000000
72424  48.293  -23.308  -45.638 0.0000000000
73380  38.982  -20.954  -36.391 0.0000000000
73381  38.566  -21.087  -36.178 0.0000000000
73382  38.417  -21.275  -36.050 0.0000000000
73395  41.106  -19.986  -37.872 0.0000000000
73396  40.529  -20.084  -37.672 0.0000000000
73397  39.555  -20.500  -37.259 0.0000000000
73398  38.752  -21.017  -36.679 0.0000000000
73399  38.207  -21.007  -36.470 0.0000000000
73400  37.411  -20.326  -36.982 0.0000000000
73415  41.775  -20.039  -38.424 0.0000000000
73416  41.319  -19.983  -38.393 0.0000000000
73417  40.738  -19.819  -38.399 0.0000000000
73427  43.525  -21.877  -39.522 0.0000000000
73428  42.988  -21.437  -39.558 0.0000000000
73429  42.567  -20.462  -39.268 0.0000000000
73430  42.007  -20.208  -39.185 0.0000000000
73431  41.503  -19.814  -39.165 0.0000000000
73446  45.871  -22.577  -41.216 0.0000000000
73447  44.839  -22.887  -41.455 0.0000000000
73448  44.129  -22.732  -40.295 0.0000000000
73449  43.511  -22.654  -39.931 0.0000000000
73468  47.830  -22.565  -42.763 0.0000000000
73469  46.650  -22.801  -42.178 0.0000000000
73470  45.772  -23.228  -42.300 0.0000000000
73485  49.065  -22.376  -43.386 0.0000000000
74438  39.301  -20.588  -36.473 0.0000000000
74439  38.875  -20.886  -36.078 0.0000000000
74440  38.441  -20.934  -36.014 0.0000000000
74441  38.159  -20.635  -35.993 0.0000000000
74455  41.293  -19.911  -37.706 0.0000000000
74456  40.580  -19.935  -37.351 0.0000000000
74457  39.914  -20.187  -37.018 0.0000000000
74458  38.365  -21.094  -36.191 0.0000000000
74459  37.913  -20.651  -36.293 0.0000000000
74460  37.094  -19.997  -36.845 0.0000000000
74475  42.609  -20.159  -38.601 0.0000000000
74476  42.129  -20.031  -38.326 0.0000000000
74486  43.678  -21.403  -39.641 0.0000000000
74487  43.030  -20.684  -39.364 0.0000000000
74488  42.756  -20.483  -39.038 0.0000000000
74502  46.192  -22.186  -41.014 0.0000000000
74503  45.435  -22.126  -40.312 0.0000000000
74504  44.539  -22.042  -39.835 0.0000000000
74517  48.445  -21.991  -41.922 0.0000000000
74518  47.073  -22.114  -41.255 0.0000000000
74519  45.955  -21.983  -40.731 0.0000000000
75425  39.339  -19.588  -36.231 0.0000000000
75426  39.159  -19.699  -36.123 0.0000000000
75427  38.909  -19.815  -36.033 0.0000000000
75439  40.079  -19.533  -36.630 0.0000000000
75440  39.659  -19.746  -36.461 0.0000000000
75441  39.091  -20.313  -36.120 0.0000000000
75442  38.695  -20.295  -35.997 0.0000000000
75443  38.319  -20.303  -35.969 0.0000000000
75460  41.494  -19.667  -37.628 0.0000000000
75461  40.603  -19.601  -36.954 0.0000000000
75462  40.172  -19.900  -36.930 0.0000000000
75463  37.962  -20.210  -36.073 0.0000000000
75464  37.436  -20.004  -36.405 0.0000000000
75480  42.787  -20.001  -38.617 0.0000000000
75481  42.153  -19.684  -37.949 0.0000000000
75492  43.694  -21.135  -39.807 0.0000000000
75493  43.132  -20.359  -39.184 0.0000000000
75508  45.077  -21.667  -40.487 0.0000000000
75509  44.325  -21.501  -40.036 0.0000000000
75521  47.557  -21.278  -41.369 0.0000000000
75522  46.048  -21.546  -41.066 0.0000000000
76496  39.297  -19.225  -36.130 0.0000000000
76497  39.014  -19.136  -35.982 0.0000000000
76498  38.731  -19.275  -35.981 0.0000000000
76499  38.494  -18.998  -35.987 0.0000000000
76514  40.044  -19.212  -36.475 0.0000000000
76515  39.557  -18.886  -36.180 0.0000000000
76516  38.485  -19.726  -35.989 0.0000000000
76517  38.174  -19.389  -36.026 0.0000000000
76518  37.812  -19.053  -36.189 0.0000000000
76539  41.347  -19.307  -37.230 0.0000000000
76540  40.532  -18.981  -36.773 0.0000000000
76541  37.729  -19.665  -36.166 0.0000000000
76542  37.263  -19.204  -36.517 0.0000000000
76558  42.518  -19.578  -38.289 0.0000000000
76559  41.857  -19.116  -37.531 0.0000000000
76572  43.315  -20.530  -39.756 0.0000000000
76573  42.844  -19.571  -38.819 0.0000000000
76589  44.878  -21.015  -40.867 0.0000000000
76590  43.968  -20.830  -40.234 0.0000000000
77586  39.157  -17.776  -35.582 0.0000000000
77587  39.004  -17.866  -35.555 0.0000000000
77588  38.774  -17.935  -35.618 0.0000000000
77604  39.463  -17.858  -35.877 0.0000000000
77605  39.249  -18.121  -35.817 0.0000000000
77606  38.882  -18.425  -35.813 0.0000000000
77607  38.676  -18.258  -35.737 0.0000000000
77608  38.405  -18.289  -35.750 0.0000000000
77620  39.664  -18.331  -36.252 0.0000000000
77621  39.434  -18.466  -36.109 0.0000000000
77622  38.023  -18.376  -35.879 0.0000000000
77623  37.550  -18.387  -36.251 0.0000000000
77640  41.138  -18.857  -37.052 0.0000000000
77641  40.294  -18.417  -36.796 0.0000000000
77654  42.259  -18.933  -37.974 0.0000000000
77655  41.335  -18.481  -37.296 0.0000000000
77656  40.296  -18.144  -37.121 0.0000000000
77668  43.175  -19.531  -39.563 0.0000000000
77669  42.565  -18.870  -38.601 0.0000000000
78786  39.147  -17.534  -35.309 0.0000000000
78787  38.904  -17.544  -35.284 0.0000000000
78788  38.771  -17.726  -35.469 0.0000000000
78801  39.603  -17.236  -35.439 0.0000000000
78802  39.430  -17.074  -34.923 0.0000000000
78803  39.184  -17.007  -34.750 0.0000000000
78804  38.774  -17.329  -35.167 0.0000000000
78805  38.313  -17.413  -35.489 0.0000000000
78819  39.650  -17.724  -36.127 0.0000000000
78839  39.705  -17.640  -37.008 0.0000000000
78840  39.771  -17.947  -36.802 0.0000000000
78852  41.956  -18.284  -37.974 0.0000000000
78853  40.640  -17.890  -37.563 0.0000000000
78854  39.981  -17.946  -37.106 0.0000000000
78865  41.662  -17.833  -38.138 0.0000000000
80031  39.622  -17.366  -36.289 0.0000000000
145845  47.896  -25.539  -44.761 0.0000000000
