#!ascii label  , from subject subject001 vox2ras=TkReg
285
118854  -0.245  23.179  -5.827 0.0000000000
118859  -0.454  23.304  -6.037 0.0000000000
119591  1.030  23.416  -5.433 0.0000000000
119594  0.652  23.549  -5.923 0.0000000000
119596  -0.192  23.640  -6.426 0.0000000000
119597  -1.676  23.078  -6.500 0.0000000000
119600  -0.090  24.070  -7.019 0.0000000000
119601  -1.016  23.957  -7.047 0.0000000000
119611  -1.253  24.153  -7.544 0.0000000000
120344  1.342  24.127  -5.013 0.0000000000
120350  1.423  24.062  -5.478 0.0000000000
120353  1.365  24.104  -6.008 0.0000000000
120357  0.892  24.226  -6.563 0.0000000000
120368  0.400  24.343  -7.057 0.0000000000
120369  -0.024  24.438  -7.470 0.0000000000
120385  -0.711  24.466  -7.801 0.0000000000
121097  1.173  24.943  -5.203 0.0000000000
121098  0.993  24.337  -4.698 0.0000000000
121104  1.531  25.292  -5.905 0.0000000000
121105  1.453  24.770  -5.543 0.0000000000
121116  1.579  25.275  -6.210 0.0000000000
121117  1.588  24.727  -5.965 0.0000000000
121130  1.433  25.354  -6.426 0.0000000000
121131  1.389  24.919  -6.547 0.0000000000
121145  0.749  24.916  -7.295 0.0000000000
121146  0.422  24.717  -7.538 0.0000000000
121160  0.426  25.252  -7.760 0.0000000000
121161  -0.025  25.159  -8.203 0.0000000000
121162  -1.048  24.843  -8.531 0.0000000000
121173  -0.315  25.821  -9.439 0.0000000000
121174  -0.820  25.498  -9.323 0.0000000000
121187  -0.355  25.985  -9.998 0.0000000000
121188  -0.530  25.934  -10.327 0.0000000000
121189  -1.379  25.512  -10.310 0.0000000000
121204  -0.494  26.056  -10.951 0.0000000000
121205  -0.914  25.927  -11.297 0.0000000000
121214  -1.049  26.115  -11.878 0.0000000000
121883  0.803  25.650  -5.476 0.0000000000
121891  1.286  25.771  -5.884 0.0000000000
121892  1.229  25.537  -5.654 0.0000000000
121904  1.361  25.731  -6.100 0.0000000000
121917  1.259  25.736  -6.330 0.0000000000
121918  1.171  25.591  -6.680 0.0000000000
121928  1.009  25.391  -7.114 0.0000000000
121937  0.605  25.484  -7.553 0.0000000000
121938  0.204  25.644  -8.107 0.0000000000
121945  -0.144  25.850  -8.927 0.0000000000
121957  -0.301  26.184  -9.863 0.0000000000
121958  -0.348  26.110  -10.257 0.0000000000
121971  -0.405  26.513  -10.239 0.0000000000
121972  -0.441  26.377  -10.785 0.0000000000
121973  -0.588  26.174  -11.182 0.0000000000
121979  -0.596  26.703  -11.303 0.0000000000
121980  -0.880  26.474  -11.678 0.0000000000
121981  -1.172  26.219  -12.159 0.0000000000
121989  -1.132  26.738  -12.237 0.0000000000
122736  1.010  26.034  -5.850 0.0000000000
122737  0.672  26.298  -5.750 0.0000000000
122747  0.975  26.257  -5.948 0.0000000000
122748  0.789  26.420  -5.913 0.0000000000
122758  0.937  26.251  -6.166 0.0000000000
122759  0.651  26.404  -6.559 0.0000000000
122760  0.175  26.908  -6.713 0.0000000000
122767  0.733  25.964  -7.085 0.0000000000
122768  0.154  26.649  -7.033 0.0000000000
122776  0.686  25.720  -7.350 0.0000000000
122777  0.188  26.182  -7.667 0.0000000000
122785  -0.102  26.210  -8.558 0.0000000000
122796  -0.253  26.353  -9.302 0.0000000000
122806  -0.451  26.616  -9.829 0.0000000000
122807  -0.533  26.842  -10.424 0.0000000000
122812  -0.607  26.962  -11.187 0.0000000000
122813  -0.713  26.836  -11.491 0.0000000000
122818  -0.771  27.094  -11.419 0.0000000000
122819  -0.951  26.990  -11.791 0.0000000000
123567  0.692  26.686  -6.002 0.0000000000
123568  0.370  26.944  -5.914 0.0000000000
123576  0.828  26.497  -6.070 0.0000000000
123577  0.383  26.973  -6.154 0.0000000000
123578  0.084  27.301  -6.500 0.0000000000
123584  -0.224  27.359  -6.866 0.0000000000
123593  -0.664  27.255  -7.432 0.0000000000
123594  -1.266  27.677  -7.609 0.0000000000
123604  -0.678  26.755  -8.126 0.0000000000
123605  -1.260  27.419  -7.901 0.0000000000
123615  -0.530  26.705  -8.966 0.0000000000
123616  -1.101  27.239  -8.629 0.0000000000
123622  -0.487  26.690  -9.447 0.0000000000
123623  -0.810  27.094  -9.641 0.0000000000
123629  -0.993  27.241  -10.650 0.0000000000
123630  -1.364  27.411  -10.847 0.0000000000
123636  -0.780  27.165  -11.183 0.0000000000
123637  -1.152  27.303  -11.310 0.0000000000
123638  -1.630  27.348  -12.080 0.0000000000
124324  -0.169  27.975  -6.052 0.0000000000
124325  -0.271  27.974  -6.279 0.0000000000
124332  -0.449  28.043  -6.599 0.0000000000
124343  -0.692  28.089  -7.014 0.0000000000
124344  -1.235  28.183  -7.386 0.0000000000
124345  -1.674  28.659  -7.670 0.0000000000
124358  -1.615  28.017  -7.743 0.0000000000
124359  -2.041  28.622  -7.954 0.0000000000
124368  -1.685  27.879  -8.268 0.0000000000
124369  -2.061  28.590  -8.748 0.0000000000
124370  -2.465  28.820  -9.445 0.0000000000
124371  -2.710  28.978  -10.010 0.0000000000
124380  -1.501  27.711  -9.115 0.0000000000
124381  -2.052  28.033  -9.575 0.0000000000
124382  -2.537  28.317  -10.134 0.0000000000
124392  -1.458  27.495  -9.862 0.0000000000
124393  -1.951  27.598  -10.456 0.0000000000
124394  -2.620  28.069  -10.976 0.0000000000
124403  -1.607  27.456  -10.950 0.0000000000
124404  -1.990  27.563  -11.251 0.0000000000
125050  0.059  29.034  -6.239 0.0000000000
125051  -0.184  28.690  -6.544 0.0000000000
125057  -0.035  29.327  -6.605 0.0000000000
125058  -0.363  29.034  -6.950 0.0000000000
125059  -0.737  29.413  -7.266 0.0000000000
125069  -0.832  28.791  -7.227 0.0000000000
125070  -1.331  29.231  -7.443 0.0000000000
125071  -1.994  29.383  -7.756 0.0000000000
125081  -2.243  29.380  -8.170 0.0000000000
125086  -2.277  29.565  -8.948 0.0000000000
125087  -2.559  29.729  -9.704 0.0000000000
125792  0.521  30.039  -5.804 0.0000000000
125799  0.222  30.142  -6.462 0.0000000000
125800  -0.020  30.686  -6.709 0.0000000000
125812  -0.121  29.687  -6.782 0.0000000000
125813  -0.505  30.235  -7.108 0.0000000000
125814  -1.017  29.808  -7.339 0.0000000000
125825  -1.045  30.834  -7.422 0.0000000000
125826  -1.608  30.383  -7.748 0.0000000000
125827  -2.077  29.802  -7.940 0.0000000000
125838  -1.506  30.889  -8.895 0.0000000000
125839  -2.003  30.064  -8.414 0.0000000000
125850  -1.628  31.103  -9.298 0.0000000000
125851  -2.064  30.710  -9.456 0.0000000000
125852  -2.534  30.414  -9.858 0.0000000000
126603  0.780  30.970  -5.858 0.0000000000
126604  0.288  31.178  -6.415 0.0000000000
126617  -0.347  31.188  -6.847 0.0000000000
126627  -0.789  31.235  -7.232 0.0000000000
126628  -1.072  31.399  -7.750 0.0000000000
126637  -1.093  31.561  -8.651 0.0000000000
126647  -1.508  31.748  -9.642 0.0000000000
126648  -2.038  31.473  -9.856 0.0000000000
127325  0.457  32.018  -5.758 0.0000000000
127335  -0.241  31.997  -6.507 0.0000000000
127346  -0.832  31.830  -6.913 0.0000000000
127347  -0.805  31.992  -7.475 0.0000000000
127358  -0.817  32.275  -8.353 0.0000000000
127370  -0.983  32.575  -9.380 0.0000000000
128024  -0.439  33.081  -6.026 0.0000000000
128025  -1.153  33.589  -6.096 0.0000000000
128037  -0.985  32.494  -6.703 0.0000000000
128038  -1.307  33.245  -6.566 0.0000000000
128051  -1.032  32.270  -7.099 0.0000000000
128052  -1.191  32.862  -7.596 0.0000000000
128065  -1.178  33.175  -9.026 0.0000000000
128760  -1.060  33.990  -5.715 0.0000000000
128771  -1.641  34.002  -6.246 0.0000000000
128782  -2.081  33.796  -7.132 0.0000000000
128797  -2.067  33.894  -8.348 0.0000000000
129505  -1.644  34.773  -5.774 0.0000000000
129524  -2.172  34.765  -6.564 0.0000000000
129538  -2.507  34.786  -7.665 0.0000000000
130276  -2.221  35.655  -5.930 0.0000000000
130301  -2.433  35.791  -7.030 0.0000000000
130317  -2.673  35.906  -8.236 0.0000000000
131001  -2.114  36.598  -5.251 0.0000000000
131019  -2.555  36.737  -6.401 0.0000000000
131034  -2.725  36.885  -7.602 0.0000000000
131680  -2.261  37.646  -4.762 0.0000000000
131693  -2.608  37.772  -5.886 0.0000000000
131714  -2.894  37.886  -7.086 0.0000000000
131733  -2.363  38.013  -8.232 0.0000000000
132367  -2.467  38.475  -4.234 0.0000000000
132391  -2.667  38.778  -5.379 0.0000000000
132414  -2.466  39.179  -6.842 0.0000000000
132415  -2.048  39.723  -7.770 0.0000000000
132433  -2.090  38.904  -7.889 0.0000000000
133023  -2.524  39.191  -3.447 0.0000000000
133037  -2.790  39.636  -4.727 0.0000000000
133056  -2.343  40.228  -6.121 0.0000000000
133070  -2.117  40.304  -7.251 0.0000000000
133681  -2.744  40.284  -2.924 0.0000000000
133695  -2.562  41.105  -4.549 0.0000000000
133696  -2.806  40.605  -4.219 0.0000000000
133704  -2.449  41.231  -4.780 0.0000000000
133705  -2.365  40.960  -5.252 0.0000000000
133713  -2.188  41.182  -6.098 0.0000000000
133714  -2.590  41.291  -6.633 0.0000000000
133720  -2.262  40.835  -6.745 0.0000000000
134352  -3.126  41.263  -2.498 0.0000000000
134367  -2.554  41.337  -4.474 0.0000000000
134368  -2.932  41.504  -3.753 0.0000000000
134376  -2.389  41.422  -4.638 0.0000000000
134377  -2.255  41.876  -4.889 0.0000000000
134378  -2.550  42.404  -5.207 0.0000000000
134388  -2.241  41.526  -5.591 0.0000000000
134389  -2.872  42.003  -6.092 0.0000000000
134932  -3.506  42.200  -2.037 0.0000000000
134951  -3.283  42.497  -2.979 0.0000000000
134964  -2.571  42.863  -4.085 0.0000000000
134976  -2.529  42.878  -4.748 0.0000000000
135497  -3.414  44.433  -1.839 0.0000000000
135498  -3.635  43.670  -1.513 0.0000000000
135503  -3.026  44.498  -2.436 0.0000000000
135504  -3.463  43.421  -2.239 0.0000000000
135505  -3.610  42.946  -1.697 0.0000000000
135514  -2.807  44.692  -2.695 0.0000000000
135515  -2.751  44.015  -3.145 0.0000000000
135521  -2.813  43.934  -4.299 0.0000000000
135530  -3.186  43.426  -4.967 0.0000000000
136006  -3.368  45.425  -0.856 0.0000000000
136012  -3.223  45.287  -1.430 0.0000000000
136013  -3.562  44.539  -1.207 0.0000000000
136019  -2.976  45.202  -1.930 0.0000000000
136020  -3.017  45.339  -2.158 0.0000000000
136028  -2.825  44.969  -2.390 0.0000000000
136029  -2.915  45.091  -2.727 0.0000000000
136030  -3.425  45.508  -3.377 0.0000000000
136031  -3.547  45.862  -4.068 0.0000000000
136037  -2.962  44.701  -3.500 0.0000000000
136038  -3.487  45.103  -4.241 0.0000000000
136599  -3.216  46.413  -0.396 0.0000000000
136605  -2.887  46.190  -0.989 0.0000000000
136606  -2.836  46.400  -1.195 0.0000000000
136613  -2.974  45.821  -1.451 0.0000000000
136614  -3.014  46.052  -1.653 0.0000000000
136615  -3.213  46.327  -1.989 0.0000000000
136616  -3.381  46.622  -2.431 0.0000000000
136624  -3.129  45.708  -2.199 0.0000000000
136625  -3.387  45.916  -2.625 0.0000000000
136626  -3.474  46.450  -3.316 0.0000000000
137187  -2.824  47.272  0.117 0.0000000000
137190  -2.615  47.294  -0.485 0.0000000000
137191  -2.433  47.756  -0.528 0.0000000000
137196  -2.728  46.764  -0.913 0.0000000000
137197  -2.698  47.203  -1.021 0.0000000000
137198  -2.718  47.662  -1.217 0.0000000000
137207  -3.123  46.690  -1.554 0.0000000000
137208  -3.196  47.247  -1.759 0.0000000000
137209  -3.338  47.336  -2.713 0.0000000000
137767  -2.388  48.483  0.692 0.0000000000
137771  -2.261  48.278  0.195 0.0000000000
137774  -2.215  48.261  -0.172 0.0000000000
137775  -2.336  48.190  -0.495 0.0000000000
137783  -2.457  48.131  -0.908 0.0000000000
137784  -2.716  48.101  -1.408 0.0000000000
137793  -3.116  48.133  -2.134 0.0000000000
138388  -2.159  49.701  1.185 0.0000000000
138390  -2.151  49.343  0.757 0.0000000000
138396  -2.136  49.121  0.341 0.0000000000
138397  -2.129  48.932  -0.056 0.0000000000
138405  -2.281  48.827  -0.441 0.0000000000
138406  -2.565  48.897  -0.970 0.0000000000
138407  -2.921  49.322  -1.430 0.0000000000
138414  -2.849  48.710  -1.597 0.0000000000
138946  -1.839  50.763  1.725 0.0000000000
138949  -2.091  50.404  1.327 0.0000000000
138957  -2.078  50.087  0.921 0.0000000000
138958  -2.232  49.839  0.496 0.0000000000
138959  -2.342  49.928  0.169 0.0000000000
138966  -2.203  49.381  -0.019 0.0000000000
138967  -2.437  49.505  -0.327 0.0000000000
138968  -2.997  49.823  -0.775 0.0000000000
139458  -1.250  51.840  2.255 0.0000000000
139460  -1.486  51.433  1.811 0.0000000000
139461  -1.633  51.530  1.628 0.0000000000
139467  -1.979  50.900  1.439 0.0000000000
139468  -2.107  50.974  1.242 0.0000000000
139469  -2.476  50.755  0.692 0.0000000000
139475  -2.773  50.323  -0.038 0.0000000000
139967  -0.771  52.644  2.376 0.0000000000
139968  -0.513  53.013  2.289 0.0000000000
139971  -1.243  51.974  1.895 0.0000000000
139972  -1.406  52.287  1.758 0.0000000000
139982  -2.103  51.447  1.198 0.0000000000
140429  0.092  53.499  3.058 0.0000000000
140432  -0.032  53.506  2.669 0.0000000000
140433  -0.482  53.414  2.352 0.0000000000
140900  0.349  54.003  3.062 0.0000000000
142468  1.231  57.399  12.519 0.0000000000
