#!ascii label  , from subject subject001 vox2ras=TkReg
1459
32469  43.879  -59.525  -31.290 0.0000000000
32470  43.330  -59.555  -31.226 0.0000000000
32483  44.086  -59.511  -31.728 0.0000000000
32484  42.888  -59.470  -31.701 0.0000000000
32485  42.156  -59.352  -31.865 0.0000000000
32493  45.214  -59.417  -32.223 0.0000000000
32494  44.627  -59.482  -32.242 0.0000000000
32495  43.177  -59.518  -32.519 0.0000000000
32496  42.204  -59.273  -32.267 0.0000000000
32500  46.791  -59.569  -32.986 0.0000000000
32501  46.402  -59.601  -32.956 0.0000000000
32502  45.381  -59.545  -32.719 0.0000000000
32503  43.904  -59.639  -33.248 0.0000000000
32504  42.840  -59.389  -33.430 0.0000000000
32509  46.751  -59.652  -33.365 0.0000000000
32510  45.904  -59.748  -33.853 0.0000000000
32511  44.584  -59.692  -34.004 0.0000000000
32512  43.418  -59.374  -33.979 0.0000000000
32513  42.713  -59.114  -33.935 0.0000000000
32524  46.727  -59.698  -34.047 0.0000000000
32525  46.317  -59.569  -34.508 0.0000000000
33655  44.219  -59.338  -30.891 0.0000000000
33656  42.480  -59.427  -31.224 0.0000000000
33657  41.520  -58.872  -31.387 0.0000000000
33667  44.957  -59.146  -31.076 0.0000000000
33668  42.226  -59.382  -31.628 0.0000000000
33669  41.666  -58.973  -31.923 0.0000000000
33675  45.724  -59.099  -31.701 0.0000000000
33676  45.155  -59.226  -31.487 0.0000000000
33677  42.234  -59.094  -32.931 0.0000000000
33678  41.732  -58.666  -32.673 0.0000000000
33683  48.538  -59.440  -32.763 0.0000000000
33684  47.294  -59.390  -32.552 0.0000000000
33685  46.468  -59.226  -32.126 0.0000000000
33686  45.987  -59.196  -32.017 0.0000000000
33687  42.445  -58.154  -34.166 0.0000000000
33688  42.227  -58.587  -33.550 0.0000000000
33689  41.890  -58.641  -33.077 0.0000000000
33694  49.683  -59.162  -34.473 0.0000000000
33695  48.647  -59.549  -33.947 0.0000000000
33696  47.539  -59.654  -33.583 0.0000000000
33697  45.478  -59.366  -34.891 0.0000000000
33698  43.983  -59.000  -34.592 0.0000000000
33699  42.969  -58.822  -34.306 0.0000000000
33700  42.561  -58.706  -33.997 0.0000000000
33710  49.503  -59.062  -35.256 0.0000000000
33711  48.658  -59.306  -35.129 0.0000000000
33712  47.260  -59.457  -34.706 0.0000000000
33713  46.357  -59.435  -34.893 0.0000000000
34881  43.256  -59.503  -30.755 0.0000000000
34882  41.326  -58.793  -30.825 0.0000000000
34883  40.340  -57.898  -30.633 0.0000000000
34895  45.746  -58.137  -30.974 0.0000000000
34896  40.933  -58.190  -31.733 0.0000000000
34909  47.008  -58.268  -31.837 0.0000000000
34910  46.717  -58.352  -31.204 0.0000000000
34911  46.128  -58.184  -31.145 0.0000000000
34912  41.327  -57.169  -33.266 0.0000000000
34913  41.186  -57.637  -32.754 0.0000000000
34924  49.211  -59.180  -32.122 0.0000000000
34925  48.472  -58.994  -31.717 0.0000000000
34926  47.401  -58.711  -31.274 0.0000000000
34927  46.470  -58.878  -31.543 0.0000000000
34928  42.334  -57.529  -34.454 0.0000000000
34929  41.676  -57.457  -33.839 0.0000000000
34930  41.642  -58.222  -33.198 0.0000000000
34935  51.334  -58.306  -34.336 0.0000000000
34936  50.745  -58.552  -34.063 0.0000000000
34937  49.868  -59.173  -32.887 0.0000000000
34938  46.643  -58.615  -35.900 0.0000000000
34939  46.035  -58.676  -35.733 0.0000000000
34940  44.565  -58.333  -35.377 0.0000000000
34941  43.157  -57.826  -34.820 0.0000000000
34948  51.269  -58.408  -34.717 0.0000000000
34949  50.345  -58.657  -35.292 0.0000000000
34950  49.119  -58.724  -35.808 0.0000000000
34951  47.393  -58.776  -35.846 0.0000000000
34952  46.481  -59.221  -35.286 0.0000000000
36098  40.085  -57.482  -30.224 0.0000000000
36099  39.710  -56.967  -30.201 0.0000000000
36100  39.379  -56.651  -30.201 0.0000000000
36112  40.397  -57.753  -31.313 0.0000000000
36113  40.092  -56.854  -31.133 0.0000000000
36114  39.641  -56.598  -31.051 0.0000000000
36115  39.356  -56.535  -30.697 0.0000000000
36126  46.726  -56.832  -30.923 0.0000000000
36127  40.384  -56.817  -32.180 0.0000000000
36128  40.141  -56.486  -31.721 0.0000000000
36129  39.664  -56.471  -31.269 0.0000000000
36130  39.442  -56.559  -31.214 0.0000000000
36141  48.053  -57.266  -30.897 0.0000000000
36142  47.351  -57.539  -31.204 0.0000000000
36143  46.836  -57.298  -31.110 0.0000000000
36144  46.666  -57.153  -30.946 0.0000000000
36145  41.218  -56.527  -33.388 0.0000000000
36146  40.885  -56.718  -32.749 0.0000000000
36147  39.602  -56.357  -31.591 0.0000000000
36159  52.096  -57.736  -32.413 0.0000000000
36160  51.098  -58.119  -31.767 0.0000000000
36161  49.699  -58.459  -31.601 0.0000000000
36162  48.401  -58.154  -31.125 0.0000000000
36163  47.878  -57.974  -31.170 0.0000000000
36164  42.297  -56.712  -34.884 0.0000000000
36165  41.617  -56.508  -34.199 0.0000000000
36166  40.326  -55.607  -32.374 0.0000000000
36175  51.797  -58.068  -33.937 0.0000000000
36176  51.086  -58.454  -32.834 0.0000000000
36177  50.492  -58.632  -32.204 0.0000000000
36178  46.488  -58.178  -36.088 0.0000000000
36179  45.339  -57.303  -35.953 0.0000000000
36180  43.769  -57.141  -35.551 0.0000000000
36181  42.951  -57.053  -35.363 0.0000000000
36188  51.281  -57.488  -35.353 0.0000000000
36189  49.881  -57.786  -36.263 0.0000000000
36190  48.492  -57.904  -36.590 0.0000000000
36191  47.173  -57.696  -36.423 0.0000000000
36192  46.331  -57.450  -36.253 0.0000000000
37370  46.754  -55.311  -30.632 0.0000000000
37371  39.894  -56.376  -31.471 0.0000000000
37372  39.665  -56.383  -31.444 0.0000000000
37378  46.556  -55.096  -30.811 0.0000000000
37379  46.523  -55.341  -30.854 0.0000000000
37380  40.847  -55.454  -32.965 0.0000000000
37381  40.473  -55.740  -32.738 0.0000000000
37382  40.231  -56.034  -31.970 0.0000000000
37383  39.979  -56.011  -31.691 0.0000000000
37384  39.681  -56.330  -31.477 0.0000000000
37395  51.531  -56.796  -30.789 0.0000000000
37396  51.027  -56.555  -30.613 0.0000000000
37397  48.228  -56.253  -31.392 0.0000000000
37398  47.611  -56.039  -31.390 0.0000000000
37399  46.907  -55.788  -31.144 0.0000000000
37400  46.872  -56.332  -30.715 0.0000000000
37401  41.251  -55.511  -33.215 0.0000000000
37402  40.723  -56.087  -32.919 0.0000000000
37403  40.153  -55.692  -32.046 0.0000000000
37404  39.747  -56.075  -31.622 0.0000000000
37416  51.934  -57.204  -31.315 0.0000000000
37417  50.522  -57.127  -31.007 0.0000000000
37418  48.941  -56.847  -31.265 0.0000000000
37419  43.820  -55.045  -34.909 0.0000000000
37420  43.187  -55.370  -34.785 0.0000000000
37421  42.040  -55.416  -33.943 0.0000000000
37422  40.423  -55.391  -32.496 0.0000000000
37423  39.857  -55.707  -31.988 0.0000000000
37431  45.239  -56.085  -36.007 0.0000000000
37432  44.250  -55.614  -35.395 0.0000000000
37433  43.170  -56.458  -35.306 0.0000000000
37434  40.879  -54.380  -33.527 0.0000000000
37435  40.838  -54.909  -33.069 0.0000000000
37445  50.540  -56.456  -36.832 0.0000000000
37446  49.214  -56.631  -37.598 0.0000000000
37447  47.809  -56.949  -37.320 0.0000000000
37448  46.299  -56.488  -36.429 0.0000000000
37449  40.926  -54.375  -33.839 0.0000000000
37464  50.958  -54.865  -37.251 0.0000000000
37465  50.214  -55.343  -38.325 0.0000000000
37466  49.354  -55.741  -39.044 0.0000000000
38676  46.205  -53.494  -30.111 0.0000000000
38677  46.356  -53.748  -29.989 0.0000000000
38682  46.352  -54.001  -30.454 0.0000000000
38683  46.578  -54.536  -30.594 0.0000000000
38684  41.229  -55.120  -32.992 0.0000000000
38685  41.051  -54.993  -32.891 0.0000000000
38686  40.676  -55.235  -32.767 0.0000000000
38687  40.412  -55.449  -32.443 0.0000000000
38700  51.770  -56.242  -30.396 0.0000000000
38701  50.090  -55.932  -30.532 0.0000000000
38702  48.456  -55.431  -31.235 0.0000000000
38703  47.177  -54.668  -31.217 0.0000000000
38704  46.469  -54.173  -30.811 0.0000000000
38705  41.745  -54.714  -33.269 0.0000000000
38706  41.469  -54.253  -33.301 0.0000000000
38707  40.873  -54.702  -32.863 0.0000000000
38708  40.541  -55.188  -32.518 0.0000000000
38718  52.502  -56.615  -31.042 0.0000000000
38719  52.018  -56.739  -30.852 0.0000000000
38720  49.266  -56.179  -31.144 0.0000000000
38721  48.818  -56.008  -31.343 0.0000000000
38722  43.924  -54.394  -34.781 0.0000000000
38723  42.942  -54.403  -34.345 0.0000000000
38724  42.423  -54.356  -33.802 0.0000000000
38725  41.278  -54.038  -33.288 0.0000000000
38726  40.999  -54.282  -33.165 0.0000000000
38727  40.785  -54.888  -32.822 0.0000000000
38735  46.045  -54.912  -36.821 0.0000000000
38736  45.303  -55.056  -35.901 0.0000000000
38737  44.556  -54.652  -35.220 0.0000000000
38738  41.034  -54.049  -33.624 0.0000000000
38739  40.880  -54.490  -33.094 0.0000000000
38750  48.264  -55.840  -38.699 0.0000000000
38751  46.956  -55.769  -37.221 0.0000000000
38752  46.135  -55.543  -36.519 0.0000000000
38753  41.969  -53.153  -34.706 0.0000000000
38754  41.381  -53.669  -34.292 0.0000000000
38764  53.696  -54.092  -40.167 0.0000000000
38765  52.071  -54.718  -39.244 0.0000000000
38766  50.274  -55.198  -40.159 0.0000000000
38767  49.122  -55.559  -39.679 0.0000000000
38768  42.823  -52.635  -35.676 0.0000000000
38778  53.888  -54.202  -41.104 0.0000000000
38779  52.803  -54.223  -40.992 0.0000000000
38780  51.656  -54.894  -40.677 0.0000000000
38794  53.974  -54.249  -41.470 0.0000000000
38795  53.729  -54.194  -41.375 0.0000000000
38796  44.454  -52.299  -38.098 0.0000000000
38812  45.489  -52.756  -39.456 0.0000000000
38825  47.436  -52.548  -41.795 0.0000000000
38826  46.409  -52.795  -40.842 0.0000000000
38837  48.388  -52.868  -43.131 0.0000000000
39946  45.867  -52.333  -28.999 0.0000000000
39947  46.111  -52.882  -29.093 0.0000000000
39954  46.061  -52.900  -29.793 0.0000000000
39955  46.030  -52.908  -29.466 0.0000000000
39967  51.250  -54.588  -29.121 0.0000000000
39968  49.383  -53.665  -29.883 0.0000000000
39969  47.992  -52.936  -30.375 0.0000000000
39970  46.954  -52.619  -30.410 0.0000000000
39971  46.377  -52.704  -30.254 0.0000000000
39972  46.256  -53.192  -30.241 0.0000000000
39988  50.632  -55.186  -29.760 0.0000000000
39989  48.967  -54.316  -30.535 0.0000000000
39990  47.661  -53.757  -30.839 0.0000000000
39991  46.770  -53.481  -30.621 0.0000000000
39992  46.428  -53.343  -30.420 0.0000000000
39993  42.333  -53.743  -33.831 0.0000000000
39994  42.158  -53.544  -33.809 0.0000000000
40001  44.131  -53.210  -34.904 0.0000000000
40002  43.469  -53.519  -34.528 0.0000000000
40003  42.787  -53.773  -34.255 0.0000000000
40004  41.915  -53.513  -33.791 0.0000000000
40005  41.408  -53.851  -33.501 0.0000000000
40010  45.999  -54.124  -37.142 0.0000000000
40011  45.421  -53.930  -36.086 0.0000000000
40012  44.634  -53.901  -35.338 0.0000000000
40013  42.265  -53.212  -34.352 0.0000000000
40014  41.479  -53.643  -33.761 0.0000000000
40025  47.803  -55.258  -39.184 0.0000000000
40026  46.892  -55.047  -38.135 0.0000000000
40027  43.065  -52.191  -35.185 0.0000000000
40028  42.532  -52.723  -34.779 0.0000000000
40029  41.703  -53.371  -34.262 0.0000000000
40040  49.975  -54.933  -40.950 0.0000000000
40041  48.703  -55.074  -40.170 0.0000000000
40042  47.440  -54.655  -39.092 0.0000000000
40043  43.169  -52.099  -35.615 0.0000000000
40044  42.601  -52.643  -35.161 0.0000000000
40051  54.368  -53.794  -40.641 0.0000000000
40052  52.710  -54.262  -41.940 0.0000000000
40053  51.269  -54.459  -41.596 0.0000000000
40054  49.762  -54.516  -41.141 0.0000000000
40055  43.873  -51.716  -36.841 0.0000000000
40056  43.431  -52.001  -36.285 0.0000000000
40071  54.135  -54.013  -41.278 0.0000000000
40072  53.664  -53.873  -41.632 0.0000000000
40073  52.678  -53.563  -42.237 0.0000000000
40074  44.359  -51.585  -37.549 0.0000000000
40075  43.779  -52.183  -37.072 0.0000000000
40092  45.070  -51.499  -38.864 0.0000000000
40106  47.399  -51.689  -41.546 0.0000000000
40107  46.266  -51.612  -40.446 0.0000000000
40121  48.680  -51.881  -42.871 0.0000000000
41293  49.839  -53.490  -28.395 0.0000000000
41294  49.127  -52.952  -28.735 0.0000000000
41295  45.968  -51.774  -28.287 0.0000000000
41305  50.002  -53.421  -28.821 0.0000000000
41306  48.527  -52.556  -29.109 0.0000000000
41307  47.313  -51.839  -29.405 0.0000000000
41308  46.440  -51.562  -29.441 0.0000000000
41309  45.943  -51.758  -29.200 0.0000000000
41326  49.739  -53.414  -29.274 0.0000000000
41327  48.247  -52.579  -29.771 0.0000000000
41328  47.099  -52.043  -30.000 0.0000000000
41329  46.323  -51.987  -29.954 0.0000000000
41330  46.068  -52.360  -29.913 0.0000000000
41343  42.586  -53.397  -34.198 0.0000000000
41344  42.440  -53.348  -34.056 0.0000000000
41349  44.252  -52.737  -34.921 0.0000000000
41350  44.012  -52.751  -34.673 0.0000000000
41351  43.063  -53.132  -34.454 0.0000000000
41352  42.680  -53.269  -34.343 0.0000000000
41356  46.054  -53.709  -37.140 0.0000000000
41357  45.766  -53.372  -36.676 0.0000000000
41358  44.718  -52.795  -35.524 0.0000000000
41359  44.107  -52.182  -34.807 0.0000000000
41360  43.515  -52.416  -34.628 0.0000000000
41361  42.905  -53.044  -34.541 0.0000000000
41374  46.543  -53.764  -37.744 0.0000000000
41375  45.927  -52.500  -37.004 0.0000000000
41376  44.908  -51.778  -35.815 0.0000000000
41377  44.134  -51.720  -35.180 0.0000000000
41378  43.375  -52.044  -34.944 0.0000000000
41379  42.964  -52.751  -34.687 0.0000000000
41388  48.951  -54.193  -40.786 0.0000000000
41389  47.511  -53.322  -39.490 0.0000000000
41390  46.382  -51.898  -37.912 0.0000000000
41391  44.629  -51.472  -36.035 0.0000000000
41392  44.215  -51.413  -35.910 0.0000000000
41393  43.557  -51.707  -35.654 0.0000000000
41402  51.592  -53.515  -42.369 0.0000000000
41403  49.960  -53.129  -41.614 0.0000000000
41404  48.155  -51.825  -40.147 0.0000000000
41405  44.128  -51.371  -36.662 0.0000000000
41406  43.526  -51.694  -36.006 0.0000000000
41422  54.487  -53.272  -41.103 0.0000000000
41423  54.254  -52.197  -42.130 0.0000000000
41424  52.360  -52.196  -42.905 0.0000000000
41425  50.960  -51.552  -42.688 0.0000000000
41426  45.911  -50.542  -39.258 0.0000000000
41427  45.051  -50.864  -38.159 0.0000000000
41441  46.626  -50.701  -40.232 0.0000000000
41442  45.705  -50.816  -39.522 0.0000000000
41455  47.553  -51.008  -41.446 0.0000000000
41456  46.394  -50.936  -40.300 0.0000000000
41472  48.855  -51.062  -42.891 0.0000000000
42564  47.972  -52.110  -25.810 0.0000000000
42565  47.240  -52.030  -25.954 0.0000000000
42566  46.753  -51.742  -26.399 0.0000000000
42577  48.216  -52.694  -26.677 0.0000000000
42578  47.557  -51.870  -26.804 0.0000000000
42579  46.821  -51.543  -27.050 0.0000000000
42580  46.399  -51.672  -27.431 0.0000000000
42592  48.166  -52.780  -28.104 0.0000000000
42593  47.104  -51.705  -27.962 0.0000000000
42594  46.386  -51.441  -28.136 0.0000000000
42595  46.028  -51.477  -28.579 0.0000000000
42606  47.494  -51.871  -28.772 0.0000000000
42607  46.698  -51.423  -28.830 0.0000000000
42608  46.041  -51.382  -28.861 0.0000000000
42609  45.792  -51.368  -28.895 0.0000000000
42648  43.359  -52.647  -34.716 0.0000000000
42649  43.171  -52.711  -34.513 0.0000000000
42664  45.689  -51.606  -36.878 0.0000000000
42665  45.237  -51.342  -36.578 0.0000000000
42666  43.178  -52.528  -34.789 0.0000000000
42667  43.206  -52.756  -34.707 0.0000000000
42673  47.117  -51.586  -38.795 0.0000000000
42674  46.147  -51.098  -37.664 0.0000000000
42675  45.177  -51.011  -36.829 0.0000000000
42676  44.695  -51.080  -36.782 0.0000000000
42688  49.394  -51.066  -41.239 0.0000000000
42689  47.581  -50.832  -39.498 0.0000000000
42690  46.198  -50.716  -38.188 0.0000000000
42691  45.300  -50.834  -37.522 0.0000000000
42692  44.802  -50.951  -37.356 0.0000000000
42713  47.431  -50.542  -39.822 0.0000000000
42714  45.909  -50.525  -38.606 0.0000000000
42715  45.215  -50.765  -37.847 0.0000000000
42734  47.074  -50.605  -40.056 0.0000000000
42735  41.412  -47.868  -41.304 0.0000000000
42747  48.047  -50.444  -41.402 0.0000000000
43754  51.808  -46.928  -30.954 0.0000000000
43755  50.489  -47.197  -30.537 0.0000000000
43766  50.886  -47.210  -31.058 0.0000000000
43767  49.886  -47.503  -30.939 0.0000000000
43785  50.692  -47.219  -31.584 0.0000000000
43793  51.533  -47.524  -32.278 0.0000000000
43845  39.551  -48.284  -38.899 0.0000000000
43864  40.604  -47.872  -40.254 0.0000000000
43865  40.256  -47.529  -39.739 0.0000000000
43879  42.024  -47.105  -41.654 0.0000000000
43880  41.081  -47.100  -40.801 0.0000000000
43881  40.679  -46.698  -40.366 0.0000000000
44783  50.946  -46.116  -30.065 0.0000000000
44784  49.998  -46.467  -29.491 0.0000000000
44793  52.284  -46.609  -30.540 0.0000000000
44794  50.096  -46.891  -29.988 0.0000000000
44795  49.155  -46.960  -29.617 0.0000000000
44805  50.085  -47.335  -30.375 0.0000000000
44806  49.518  -47.256  -30.327 0.0000000000
44819  49.620  -47.450  -31.057 0.0000000000
44829  50.479  -47.409  -31.937 0.0000000000
44833  51.398  -47.606  -32.426 0.0000000000
44858  46.055  -43.479  -36.544 0.0000000000
44859  45.504  -43.975  -36.349 0.0000000000
44860  44.646  -44.405  -36.375 0.0000000000
44861  44.051  -44.942  -36.492 0.0000000000
44868  45.903  -43.509  -36.916 0.0000000000
44869  45.449  -43.965  -37.175 0.0000000000
44870  44.675  -44.649  -37.329 0.0000000000
44871  43.972  -45.280  -37.319 0.0000000000
44892  46.627  -44.180  -38.523 0.0000000000
44893  45.752  -44.313  -38.234 0.0000000000
44894  44.603  -45.016  -38.466 0.0000000000
44895  43.746  -45.181  -38.571 0.0000000000
44896  39.560  -47.498  -39.097 0.0000000000
44915  45.734  -44.787  -39.734 0.0000000000
44916  44.337  -44.914  -40.082 0.0000000000
44917  42.850  -45.068  -40.124 0.0000000000
44918  41.619  -45.194  -40.248 0.0000000000
44919  40.345  -46.124  -39.583 0.0000000000
44935  43.957  -45.445  -41.457 0.0000000000
44936  42.267  -45.942  -41.316 0.0000000000
44937  40.986  -46.045  -40.567 0.0000000000
44938  40.533  -46.509  -40.116 0.0000000000
45901  52.116  -45.232  -29.572 0.0000000000
45905  51.343  -45.446  -29.735 0.0000000000
45906  49.999  -45.957  -29.117 0.0000000000
45907  49.334  -46.121  -28.702 0.0000000000
45911  49.551  -46.462  -29.165 0.0000000000
45912  48.979  -46.432  -29.069 0.0000000000
45913  48.424  -46.228  -29.033 0.0000000000
45923  48.703  -46.527  -29.546 0.0000000000
45924  48.313  -46.199  -29.226 0.0000000000
45939  49.122  -46.904  -30.501 0.0000000000
45947  50.644  -47.448  -32.145 0.0000000000
45948  49.652  -47.218  -31.336 0.0000000000
45958  44.460  -44.512  -33.643 0.0000000000
45959  43.968  -44.934  -33.765 0.0000000000
45978  46.409  -44.043  -34.584 0.0000000000
45979  44.980  -44.268  -34.359 0.0000000000
45980  43.885  -45.068  -34.548 0.0000000000
45981  43.239  -45.169  -34.759 0.0000000000
45989  46.224  -43.619  -35.779 0.0000000000
45990  44.751  -44.206  -35.466 0.0000000000
45991  43.934  -44.972  -35.558 0.0000000000
45992  43.461  -44.981  -36.054 0.0000000000
45993  43.258  -44.911  -36.390 0.0000000000
46005  46.742  -43.472  -37.091 0.0000000000
46006  46.060  -43.549  -37.362 0.0000000000
46007  43.497  -45.225  -37.333 0.0000000000
46008  43.278  -44.829  -37.194 0.0000000000
46029  46.617  -43.645  -37.999 0.0000000000
46030  45.902  -43.741  -37.678 0.0000000000
46031  42.818  -44.647  -38.728 0.0000000000
46032  42.988  -44.658  -37.959 0.0000000000
46050  42.167  -44.672  -39.717 0.0000000000
46051  41.760  -44.806  -39.030 0.0000000000
47096  52.295  -44.854  -29.210 0.0000000000
47097  51.041  -44.690  -28.960 0.0000000000
47098  50.091  -44.875  -28.260 0.0000000000
47101  50.264  -45.269  -28.823 0.0000000000
47102  49.569  -45.429  -28.409 0.0000000000
47103  49.052  -45.661  -28.558 0.0000000000
47105  48.650  -45.755  -28.860 0.0000000000
47106  48.326  -45.920  -29.079 0.0000000000
47115  48.606  -46.155  -29.911 0.0000000000
47116  48.297  -45.980  -29.330 0.0000000000
47131  51.713  -46.743  -31.198 0.0000000000
47132  50.271  -46.841  -31.349 0.0000000000
47133  49.229  -46.651  -30.910 0.0000000000
47142  49.947  -47.165  -31.637 0.0000000000
47158  45.178  -44.269  -33.293 0.0000000000
47179  45.794  -44.395  -33.868 0.0000000000
47180  44.882  -44.370  -33.598 0.0000000000
47189  43.065  -45.150  -35.763 0.0000000000
48275  52.059  -43.757  -28.332 0.0000000000
48276  51.415  -43.642  -27.923 0.0000000000
48281  52.745  -44.544  -28.954 0.0000000000
48282  51.420  -44.076  -28.269 0.0000000000
48283  50.396  -44.173  -27.917 0.0000000000
48284  49.515  -44.344  -28.018 0.0000000000
48285  49.173  -43.947  -27.991 0.0000000000
48289  49.256  -45.082  -28.340 0.0000000000
48290  49.057  -44.722  -28.376 0.0000000000
48293  48.706  -45.298  -28.923 0.0000000000
48294  48.274  -45.741  -29.108 0.0000000000
48301  50.464  -45.154  -30.171 0.0000000000
48302  49.500  -45.044  -29.969 0.0000000000
48303  48.823  -45.277  -29.489 0.0000000000
48304  48.358  -45.730  -29.330 0.0000000000
48322  51.802  -45.820  -30.605 0.0000000000
48323  50.255  -46.155  -30.452 0.0000000000
48324  48.997  -45.833  -30.262 0.0000000000
49433  51.296  -43.085  -27.581 0.0000000000
49434  50.329  -42.671  -27.116 0.0000000000
49435  49.885  -42.481  -26.978 0.0000000000
49438  51.165  -43.591  -27.766 0.0000000000
49439  50.698  -43.454  -27.626 0.0000000000
49440  49.850  -43.055  -27.459 0.0000000000
49441  49.289  -43.241  -27.665 0.0000000000
49444  49.116  -43.505  -27.949 0.0000000000
49446  49.212  -43.997  -28.353 0.0000000000
49454  50.131  -44.012  -29.799 0.0000000000
49455  49.436  -44.166  -29.201 0.0000000000
49456  49.102  -44.404  -28.826 0.0000000000
49471  51.137  -44.703  -30.167 0.0000000000
50524  50.668  -41.939  -26.841 0.0000000000
50525  49.905  -41.931  -26.636 0.0000000000
50526  49.581  -41.683  -26.683 0.0000000000
50529  49.694  -42.253  -26.939 0.0000000000
50530  49.426  -42.140  -27.148 0.0000000000
50533  49.163  -42.425  -27.544 0.0000000000
50535  49.085  -42.730  -27.947 0.0000000000
50543  50.436  -42.818  -29.331 0.0000000000
50544  49.740  -43.038  -28.896 0.0000000000
50545  49.343  -43.170  -28.423 0.0000000000
50559  51.357  -43.768  -29.886 0.0000000000
51637  50.502  -40.976  -26.254 0.0000000000
51638  49.890  -40.824  -25.938 0.0000000000
51641  50.029  -41.335  -26.260 0.0000000000
51642  49.645  -41.092  -26.211 0.0000000000
51643  49.389  -41.192  -26.587 0.0000000000
51647  49.222  -41.410  -27.049 0.0000000000
51650  49.184  -41.630  -27.492 0.0000000000
51652  49.124  -41.829  -27.957 0.0000000000
51660  50.585  -41.905  -28.850 0.0000000000
51661  49.913  -42.035  -28.582 0.0000000000
51662  49.356  -42.017  -28.350 0.0000000000
51676  51.725  -42.530  -29.367 0.0000000000
52828  50.070  -40.264  -25.903 0.0000000000
52829  49.684  -40.357  -25.982 0.0000000000
52833  49.415  -40.457  -26.202 0.0000000000
52834  49.269  -40.562  -26.616 0.0000000000
52838  49.172  -40.683  -27.045 0.0000000000
52842  49.225  -40.810  -27.434 0.0000000000
52845  49.820  -40.576  -27.896 0.0000000000
52846  49.509  -40.834  -27.845 0.0000000000
52853  51.166  -41.345  -28.763 0.0000000000
52854  50.118  -40.897  -28.286 0.0000000000
52855  49.577  -41.423  -28.289 0.0000000000
52868  52.436  -41.289  -29.191 0.0000000000
53878  50.363  -39.520  -26.203 0.0000000000
53879  49.906  -39.678  -26.073 0.0000000000
53880  49.629  -39.790  -26.171 0.0000000000
53884  49.460  -39.862  -26.454 0.0000000000
53885  49.343  -39.903  -26.780 0.0000000000
53889  49.349  -39.956  -27.063 0.0000000000
53892  49.522  -40.022  -27.287 0.0000000000
53894  49.997  -39.976  -27.712 0.0000000000
53895  49.695  -40.028  -27.473 0.0000000000
53900  51.271  -40.170  -28.396 0.0000000000
53901  50.423  -40.042  -28.047 0.0000000000
53915  52.294  -40.318  -28.716 0.0000000000
54923  50.235  -38.967  -26.250 0.0000000000
54924  49.971  -39.136  -26.326 0.0000000000
54928  49.736  -39.220  -26.500 0.0000000000
54929  49.532  -39.234  -26.726 0.0000000000
54933  49.418  -39.220  -26.923 0.0000000000
54936  49.480  -39.231  -27.143 0.0000000000
54938  50.078  -38.909  -27.686 0.0000000000
54939  49.715  -39.251  -27.404 0.0000000000
54945  51.259  -38.939  -28.332 0.0000000000
54946  50.517  -39.121  -28.078 0.0000000000
54962  52.311  -39.423  -28.541 0.0000000000
56067  50.582  -38.249  -26.326 0.0000000000
56068  50.355  -38.417  -26.491 0.0000000000
56073  50.121  -38.539  -26.666 0.0000000000
56074  49.867  -38.621  -26.826 0.0000000000
56078  49.649  -38.600  -27.035 0.0000000000
56081  49.479  -38.665  -27.163 0.0000000000
56083  50.161  -38.169  -27.484 0.0000000000
56084  49.665  -38.656  -27.241 0.0000000000
56091  50.939  -37.837  -28.206 0.0000000000
56092  50.462  -38.157  -27.790 0.0000000000
56108  51.678  -38.251  -28.515 0.0000000000
57215  50.926  -37.537  -26.581 0.0000000000
57216  50.642  -37.769  -26.627 0.0000000000
57225  51.206  -36.656  -27.038 0.0000000000
57226  50.893  -36.922  -27.117 0.0000000000
57227  50.584  -37.476  -26.984 0.0000000000
57228  50.214  -37.994  -26.926 0.0000000000
57233  50.664  -37.249  -27.404 0.0000000000
57234  50.222  -37.989  -27.175 0.0000000000
57237  50.562  -37.040  -27.591 0.0000000000
57238  50.191  -38.037  -27.406 0.0000000000
57240  50.485  -37.205  -27.755 0.0000000000
57241  49.979  -38.183  -27.330 0.0000000000
57248  50.928  -36.830  -28.274 0.0000000000
57249  50.591  -36.873  -27.969 0.0000000000
57260  51.592  -36.917  -28.641 0.0000000000
58284  51.474  -35.640  -27.326 0.0000000000
58285  50.968  -35.752  -27.449 0.0000000000
58286  50.735  -35.876  -27.582 0.0000000000
58287  50.760  -36.644  -27.472 0.0000000000
58292  50.357  -35.138  -27.723 0.0000000000
58293  50.532  -35.877  -27.764 0.0000000000
58297  50.212  -35.848  -27.974 0.0000000000
58300  50.186  -35.794  -28.200 0.0000000000
58307  50.671  -35.916  -28.602 0.0000000000
58308  50.257  -35.589  -28.425 0.0000000000
58320  51.236  -35.673  -28.872 0.0000000000
59269  51.810  -34.641  -27.522 0.0000000000
59270  51.027  -34.671  -27.516 0.0000000000
59271  50.526  -34.660  -27.603 0.0000000000
59275  50.222  -34.516  -27.703 0.0000000000
59276  49.998  -34.495  -27.808 0.0000000000
59279  49.903  -34.633  -27.995 0.0000000000
59282  49.892  -34.760  -28.278 0.0000000000
59289  50.250  -34.680  -28.783 0.0000000000
59290  49.994  -34.932  -28.493 0.0000000000
59302  51.325  -34.882  -29.209 0.0000000000
59303  50.767  -35.009  -28.924 0.0000000000
60275  52.195  -33.662  -27.614 0.0000000000
60276  51.305  -33.691  -27.652 0.0000000000
60277  50.618  -33.688  -27.656 0.0000000000
60281  50.203  -33.626  -27.702 0.0000000000
60282  49.944  -33.572  -27.816 0.0000000000
60286  49.766  -33.550  -28.017 0.0000000000
60287  49.785  -33.238  -28.065 0.0000000000
60290  49.751  -33.579  -28.323 0.0000000000
60291  49.784  -33.383  -28.220 0.0000000000
60297  50.096  -33.499  -29.132 0.0000000000
60298  49.874  -33.999  -28.667 0.0000000000
60311  51.330  -33.948  -29.569 0.0000000000
60312  50.618  -34.121  -29.287 0.0000000000
61349  52.620  -32.683  -27.557 0.0000000000
61350  51.654  -32.694  -27.668 0.0000000000
61351  50.877  -32.786  -27.757 0.0000000000
61355  50.413  -32.785  -27.814 0.0000000000
61356  50.163  -32.697  -27.928 0.0000000000
61360  49.926  -32.711  -28.072 0.0000000000
61361  49.822  -33.001  -28.127 0.0000000000
61364  49.857  -32.654  -28.358 0.0000000000
61365  49.743  -33.148  -28.297 0.0000000000
61373  50.098  -32.774  -29.254 0.0000000000
61374  49.877  -32.703  -28.896 0.0000000000
61399  51.520  -32.962  -29.557 0.0000000000
61400  50.599  -32.829  -29.513 0.0000000000
62551  53.093  -31.717  -27.404 0.0000000000
62552  52.105  -31.699  -27.662 0.0000000000
62553  51.167  -31.671  -27.879 0.0000000000
62554  50.660  -32.240  -27.871 0.0000000000
62560  50.948  -31.027  -28.059 0.0000000000
62561  50.611  -31.729  -28.053 0.0000000000
62562  50.451  -31.821  -28.206 0.0000000000
62566  50.398  -31.681  -28.402 0.0000000000
62569  50.248  -31.620  -28.688 0.0000000000
62574  50.274  -32.073  -29.292 0.0000000000
62575  50.313  -31.451  -29.057 0.0000000000
62596  51.931  -31.960  -29.418 0.0000000000
62597  51.116  -31.790  -29.650 0.0000000000
62598  50.724  -31.462  -29.496 0.0000000000
62599  50.605  -31.169  -29.288 0.0000000000
63765  52.551  -30.599  -27.384 0.0000000000
63766  51.718  -30.880  -27.723 0.0000000000
63774  51.755  -30.165  -27.557 0.0000000000
63775  51.203  -30.390  -27.842 0.0000000000
63776  50.872  -30.356  -28.171 0.0000000000
63777  50.744  -31.103  -28.274 0.0000000000
63784  50.700  -29.756  -28.226 0.0000000000
63785  50.707  -30.461  -28.376 0.0000000000
63788  50.611  -30.512  -28.628 0.0000000000
63793  50.590  -30.515  -28.948 0.0000000000
63810  52.425  -31.000  -29.508 0.0000000000
63811  51.491  -30.894  -29.694 0.0000000000
63812  50.986  -30.691  -29.736 0.0000000000
63813  50.738  -30.225  -29.659 0.0000000000
63814  50.658  -30.571  -29.233 0.0000000000
63832  53.028  -30.067  -29.677 0.0000000000
63833  51.941  -30.050  -29.846 0.0000000000
63834  51.169  -30.070  -30.031 0.0000000000
63835  50.917  -30.103  -29.958 0.0000000000
65050  52.768  -29.953  -27.226 0.0000000000
65061  52.254  -29.615  -27.453 0.0000000000
65062  51.362  -29.457  -27.501 0.0000000000
65063  50.804  -29.399  -27.747 0.0000000000
65070  50.457  -29.246  -27.948 0.0000000000
65071  50.322  -29.229  -28.152 0.0000000000
65074  50.350  -29.366  -28.474 0.0000000000
65081  50.357  -29.418  -28.869 0.0000000000
65097  50.625  -28.979  -29.635 0.0000000000
65098  50.495  -29.479  -29.298 0.0000000000
65116  52.603  -29.101  -29.772 0.0000000000
65117  51.550  -29.193  -29.821 0.0000000000
65118  50.955  -29.487  -29.851 0.0000000000
66253  51.763  -28.693  -27.570 0.0000000000
66254  50.962  -28.635  -27.547 0.0000000000
66255  50.454  -28.561  -27.758 0.0000000000
66259  50.127  -28.470  -28.020 0.0000000000
66260  49.972  -28.464  -28.336 0.0000000000
66263  49.936  -28.462  -28.742 0.0000000000
66273  50.025  -28.446  -29.183 0.0000000000
66291  50.425  -28.129  -29.663 0.0000000000
66292  50.242  -28.475  -29.481 0.0000000000
66307  53.423  -28.070  -29.797 0.0000000000
66308  52.272  -28.065  -29.632 0.0000000000
66309  51.122  -28.195  -29.822 0.0000000000
67418  52.346  -27.916  -27.951 0.0000000000
67419  51.305  -27.854  -27.836 0.0000000000
67420  50.692  -28.033  -27.762 0.0000000000
67426  50.826  -27.556  -28.056 0.0000000000
67427  50.364  -27.692  -28.081 0.0000000000
67428  49.952  -27.722  -28.335 0.0000000000
67431  49.785  -27.716  -28.627 0.0000000000
67442  49.799  -27.605  -29.023 0.0000000000
67455  50.683  -27.529  -29.657 0.0000000000
67456  50.081  -27.509  -29.467 0.0000000000
67466  53.176  -26.993  -30.167 0.0000000000
67467  52.058  -27.106  -30.039 0.0000000000
67468  51.354  -27.039  -29.839 0.0000000000
67478  53.560  -26.102  -30.525 0.0000000000
68590  51.940  -26.988  -28.517 0.0000000000
68591  51.189  -27.299  -28.215 0.0000000000
68602  51.664  -26.285  -28.681 0.0000000000
68603  51.003  -26.760  -28.513 0.0000000000
68604  50.219  -26.775  -28.571 0.0000000000
68605  49.865  -27.268  -28.582 0.0000000000
68608  50.067  -26.546  -28.650 0.0000000000
68609  49.867  -26.882  -28.825 0.0000000000
68620  49.932  -26.795  -29.152 0.0000000000
68632  50.909  -26.657  -29.490 0.0000000000
68633  50.283  -26.564  -29.319 0.0000000000
68643  52.936  -26.092  -30.220 0.0000000000
68644  52.150  -26.311  -30.054 0.0000000000
68645  51.635  -26.273  -29.630 0.0000000000
68651  54.043  -25.522  -30.996 0.0000000000
68652  53.490  -25.588  -30.620 0.0000000000
69894  52.427  -25.782  -28.824 0.0000000000
69895  51.538  -25.580  -28.733 0.0000000000
69896  50.892  -25.668  -28.709 0.0000000000
69901  50.467  -25.853  -28.866 0.0000000000
69902  49.998  -26.368  -28.793 0.0000000000
69913  50.712  -25.683  -29.129 0.0000000000
69914  50.087  -26.245  -28.989 0.0000000000
69924  50.928  -25.793  -29.351 0.0000000000
69925  50.252  -26.172  -29.187 0.0000000000
69934  52.881  -25.283  -30.081 0.0000000000
69935  52.250  -25.583  -29.617 0.0000000000
69936  51.603  -25.870  -29.434 0.0000000000
69940  54.497  -24.586  -31.398 0.0000000000
69941  53.635  -24.988  -31.018 0.0000000000
69942  53.297  -25.296  -30.497 0.0000000000
71108  52.356  -24.897  -29.265 0.0000000000
71109  51.617  -24.914  -29.109 0.0000000000
71117  51.325  -25.034  -29.054 0.0000000000
71126  51.258  -25.099  -29.391 0.0000000000
71139  51.678  -25.030  -29.512 0.0000000000
71148  53.083  -24.407  -30.204 0.0000000000
71149  52.717  -24.798  -29.851 0.0000000000
71150  52.126  -25.106  -29.568 0.0000000000
71153  54.325  -23.925  -31.556 0.0000000000
71154  53.687  -24.276  -31.313 0.0000000000
71155  53.361  -24.535  -30.793 0.0000000000
71159  55.423  -23.709  -32.033 0.0000000000
72227  52.372  -24.229  -29.967 0.0000000000
72228  51.841  -24.651  -29.668 0.0000000000
72242  52.438  -24.060  -30.010 0.0000000000
72243  51.916  -24.431  -29.759 0.0000000000
72254  52.084  -24.292  -29.850 0.0000000000
72270  52.568  -23.668  -30.192 0.0000000000
72271  52.421  -24.082  -30.057 0.0000000000
72279  53.255  -23.476  -31.281 0.0000000000
72280  53.123  -23.723  -31.037 0.0000000000
72281  52.695  -23.837  -30.328 0.0000000000
72282  52.459  -24.535  -30.122 0.0000000000
72285  54.658  -23.496  -31.719 0.0000000000
72286  53.705  -23.598  -31.319 0.0000000000
72287  53.336  -24.030  -31.245 0.0000000000
72291  55.369  -23.090  -32.224 0.0000000000
73284  53.226  -23.441  -30.312 0.0000000000
73285  52.718  -23.563  -30.332 0.0000000000
73306  52.646  -23.579  -30.128 0.0000000000
73307  52.479  -23.650  -30.034 0.0000000000
73319  52.514  -23.402  -30.064 0.0000000000
73336  52.641  -23.337  -30.273 0.0000000000
73337  52.569  -23.122  -30.218 0.0000000000
73352  53.274  -23.197  -31.164 0.0000000000
73353  52.892  -22.951  -31.017 0.0000000000
73354  52.676  -22.754  -30.771 0.0000000000
73357  54.647  -23.104  -31.588 0.0000000000
73358  54.001  -22.991  -31.012 0.0000000000
73359  49.038  -21.793  -34.180 0.0000000000
73360  48.820  -21.740  -34.273 0.0000000000
73361  48.473  -21.616  -34.418 0.0000000000
73364  56.207  -22.575  -32.884 0.0000000000
73365  55.366  -22.587  -32.191 0.0000000000
73374  57.012  -22.200  -33.723 0.0000000000
74338  53.242  -22.475  -30.002 0.0000000000
74339  52.715  -22.948  -30.456 0.0000000000
74359  52.985  -22.211  -30.088 0.0000000000
74360  52.668  -22.656  -30.401 0.0000000000
74361  52.634  -23.009  -30.282 0.0000000000
74372  52.664  -22.350  -30.421 0.0000000000
74373  52.683  -22.823  -30.113 0.0000000000
74388  52.609  -21.733  -30.897 0.0000000000
74389  52.621  -22.358  -30.640 0.0000000000
74390  52.606  -22.755  -30.337 0.0000000000
74409  53.254  -22.460  -31.121 0.0000000000
74410  52.765  -22.022  -31.002 0.0000000000
74411  52.625  -22.337  -30.898 0.0000000000
74416  54.804  -22.537  -31.377 0.0000000000
74417  54.206  -22.333  -30.736 0.0000000000
74418  48.998  -21.421  -34.252 0.0000000000
74419  48.743  -21.021  -34.422 0.0000000000
74420  48.349  -20.859  -34.516 0.0000000000
74423  56.093  -22.127  -32.800 0.0000000000
74424  55.450  -22.084  -32.028 0.0000000000
74425  49.755  -21.748  -34.677 0.0000000000
74426  49.383  -21.135  -34.478 0.0000000000
74427  48.008  -20.776  -34.659 0.0000000000
74428  47.751  -20.588  -34.733 0.0000000000
74432  57.663  -22.021  -34.570 0.0000000000
74433  56.707  -21.855  -33.437 0.0000000000
74436  50.144  -21.522  -35.037 0.0000000000
75345  54.015  -21.361  -29.943 0.0000000000
75346  53.430  -21.497  -29.972 0.0000000000
75359  53.103  -21.610  -30.108 0.0000000000
75360  52.813  -21.659  -30.324 0.0000000000
75367  52.654  -21.646  -30.586 0.0000000000
75380  52.689  -21.394  -30.954 0.0000000000
75381  52.587  -21.510  -30.796 0.0000000000
75401  53.350  -21.604  -30.971 0.0000000000
75402  52.916  -21.298  -31.087 0.0000000000
75408  55.662  -21.420  -31.422 0.0000000000
75409  55.138  -21.846  -31.186 0.0000000000
75410  54.340  -21.744  -30.526 0.0000000000
75411  49.044  -20.445  -34.283 0.0000000000
75412  48.545  -20.043  -34.138 0.0000000000
75413  48.059  -19.830  -34.070 0.0000000000
75414  47.852  -19.463  -33.978 0.0000000000
75417  56.760  -21.403  -32.941 0.0000000000
75418  56.101  -21.631  -32.472 0.0000000000
75419  55.533  -21.850  -31.893 0.0000000000
75420  50.557  -20.257  -35.558 0.0000000000
75421  50.119  -20.661  -34.974 0.0000000000
75422  49.530  -20.309  -34.487 0.0000000000
75423  47.883  -20.017  -34.362 0.0000000000
75424  47.783  -19.622  -34.263 0.0000000000
75432  57.168  -21.664  -33.702 0.0000000000
75433  56.605  -21.705  -33.220 0.0000000000
75434  51.606  -20.844  -36.504 0.0000000000
75435  50.713  -20.763  -35.867 0.0000000000
75436  50.297  -21.160  -35.365 0.0000000000
75437  47.682  -19.779  -34.533 0.0000000000
75438  47.636  -19.379  -34.635 0.0000000000
75455  58.415  -21.895  -35.242 0.0000000000
75456  53.471  -20.475  -38.366 0.0000000000
75457  52.581  -20.324  -37.368 0.0000000000
75459  47.684  -19.168  -34.932 0.0000000000
76402  53.959  -20.471  -29.919 0.0000000000
76403  53.553  -20.943  -30.016 0.0000000000
76419  53.775  -20.313  -29.978 0.0000000000
76420  53.474  -20.815  -30.167 0.0000000000
76421  52.934  -21.176  -30.443 0.0000000000
76429  53.416  -20.848  -30.401 0.0000000000
76430  52.827  -21.153  -30.727 0.0000000000
76441  53.732  -20.615  -30.226 0.0000000000
76442  53.184  -20.920  -30.724 0.0000000000
76443  52.756  -21.162  -30.944 0.0000000000
76464  54.692  -20.638  -30.157 0.0000000000
76465  54.042  -20.967  -30.431 0.0000000000
76466  53.203  -21.126  -30.937 0.0000000000
76467  48.273  -18.177  -33.801 0.0000000000
76468  48.175  -18.407  -33.814 0.0000000000
76473  56.793  -20.715  -31.550 0.0000000000
76474  56.167  -20.982  -31.526 0.0000000000
76475  55.130  -21.000  -30.768 0.0000000000
76476  54.688  -21.432  -30.621 0.0000000000
76477  49.505  -18.813  -34.266 0.0000000000
76478  49.060  -19.245  -34.145 0.0000000000
76479  48.349  -18.824  -33.803 0.0000000000
76480  48.010  -18.857  -33.740 0.0000000000
76481  47.833  -18.942  -33.896 0.0000000000
76487  58.993  -21.625  -33.820 0.0000000000
76488  57.428  -21.135  -32.967 0.0000000000
76489  56.575  -21.286  -32.488 0.0000000000
76490  51.078  -19.347  -35.925 0.0000000000
76491  50.637  -19.580  -35.572 0.0000000000
76492  49.825  -19.408  -34.609 0.0000000000
76493  49.342  -19.857  -34.336 0.0000000000
76494  47.675  -19.003  -34.139 0.0000000000
76495  47.724  -18.736  -34.339 0.0000000000
76508  58.895  -21.778  -34.919 0.0000000000
76509  58.054  -21.647  -34.690 0.0000000000
76510  51.523  -19.662  -36.273 0.0000000000
76511  50.783  -20.049  -35.869 0.0000000000
76512  47.631  -19.163  -34.383 0.0000000000
76513  47.657  -18.738  -34.651 0.0000000000
76532  58.892  -22.195  -35.524 0.0000000000
76533  58.310  -21.688  -35.178 0.0000000000
76534  54.412  -18.536  -39.226 0.0000000000
76535  53.861  -19.174  -38.576 0.0000000000
76536  52.863  -19.052  -37.142 0.0000000000
76538  47.612  -18.524  -35.091 0.0000000000
76554  54.736  -18.840  -40.125 0.0000000000
76555  54.290  -19.348  -39.338 0.0000000000
77496  54.069  -19.792  -29.860 0.0000000000
77513  54.301  -19.207  -29.838 0.0000000000
77514  53.935  -19.651  -30.014 0.0000000000
77515  53.649  -20.345  -30.078 0.0000000000
77522  53.839  -19.869  -30.043 0.0000000000
77523  53.725  -20.163  -30.162 0.0000000000
77534  54.546  -19.649  -29.980 0.0000000000
77535  54.139  -19.968  -30.094 0.0000000000
77536  53.663  -20.397  -30.184 0.0000000000
77560  55.747  -19.807  -30.092 0.0000000000
77561  55.087  -19.944  -30.151 0.0000000000
77562  54.476  -20.417  -30.054 0.0000000000
77563  48.188  -17.920  -33.701 0.0000000000
77564  48.110  -18.060  -33.833 0.0000000000
77565  48.169  -17.764  -33.845 0.0000000000
77576  58.350  -20.864  -31.558 0.0000000000
77577  57.385  -20.621  -31.513 0.0000000000
77578  56.300  -20.252  -30.323 0.0000000000
77579  55.747  -20.707  -30.334 0.0000000000
77580  49.305  -18.398  -34.079 0.0000000000
77581  48.821  -18.174  -33.849 0.0000000000
77582  48.381  -17.772  -33.784 0.0000000000
77583  48.138  -18.347  -33.875 0.0000000000
77584  48.018  -18.120  -34.036 0.0000000000
77585  47.876  -17.893  -34.265 0.0000000000
77597  58.120  -21.056  -32.457 0.0000000000
77598  57.588  -20.995  -32.282 0.0000000000
77599  51.228  -18.846  -35.881 0.0000000000
77600  50.475  -18.544  -35.261 0.0000000000
77601  49.803  -18.235  -34.486 0.0000000000
77602  47.846  -18.368  -34.262 0.0000000000
77603  47.721  -18.082  -34.529 0.0000000000
77616  53.755  -17.198  -38.319 0.0000000000
77617  53.346  -17.480  -37.782 0.0000000000
77618  52.394  -18.219  -36.708 0.0000000000
77619  47.390  -17.935  -34.855 0.0000000000
77633  56.697  -16.667  -40.766 0.0000000000
77634  56.076  -16.876  -40.592 0.0000000000
77635  54.380  -17.565  -39.322 0.0000000000
77636  53.147  -18.290  -37.833 0.0000000000
77637  52.753  -18.497  -37.215 0.0000000000
77639  47.365  -17.790  -35.142 0.0000000000
77649  57.372  -17.529  -40.742 0.0000000000
77650  56.063  -18.151  -41.153 0.0000000000
77651  54.976  -18.071  -40.356 0.0000000000
77663  58.738  -19.087  -40.698 0.0000000000
77664  57.355  -18.559  -41.699 0.0000000000
77665  56.839  -18.568  -41.910 0.0000000000
78711  54.487  -18.674  -29.715 0.0000000000
78712  54.174  -19.153  -29.820 0.0000000000
78720  54.396  -18.750  -29.906 0.0000000000
78721  54.104  -19.253  -29.975 0.0000000000
78731  54.475  -19.020  -30.134 0.0000000000
78732  54.241  -19.417  -30.041 0.0000000000
78755  57.147  -19.204  -30.370 0.0000000000
78756  56.497  -18.795  -30.451 0.0000000000
78757  55.733  -18.930  -30.315 0.0000000000
78758  54.989  -18.513  -30.387 0.0000000000
78759  48.247  -17.188  -33.692 0.0000000000
78760  48.061  -17.022  -33.707 0.0000000000
78761  47.989  -17.207  -33.859 0.0000000000
78778  57.781  -20.016  -30.790 0.0000000000
78779  56.946  -19.795  -30.473 0.0000000000
78780  56.433  -19.556  -30.132 0.0000000000
78781  49.192  -17.489  -34.187 0.0000000000
78782  48.648  -17.229  -33.846 0.0000000000
78783  48.361  -16.971  -33.673 0.0000000000
78784  47.760  -17.413  -34.058 0.0000000000
78785  47.546  -17.464  -34.329 0.0000000000
78797  51.379  -17.681  -35.717 0.0000000000
78798  50.282  -17.547  -35.187 0.0000000000
78799  49.655  -17.320  -34.817 0.0000000000
78800  47.172  -17.430  -34.596 0.0000000000
78813  56.018  -15.704  -38.843 0.0000000000
78814  54.794  -15.985  -38.331 0.0000000000
78815  53.914  -16.702  -37.793 0.0000000000
78816  53.147  -17.126  -36.690 0.0000000000
78817  52.308  -17.225  -36.295 0.0000000000
78818  47.086  -17.402  -34.860 0.0000000000
78834  56.793  -16.225  -40.328 0.0000000000
78835  55.344  -16.419  -39.430 0.0000000000
78836  54.456  -16.546  -38.818 0.0000000000
78837  47.695  -17.362  -35.450 0.0000000000
78838  47.160  -17.389  -35.100 0.0000000000
78849  57.577  -16.892  -40.163 0.0000000000
79877  54.536  -18.296  -29.769 0.0000000000
79893  54.946  -17.606  -29.913 0.0000000000
79894  54.595  -18.169  -29.963 0.0000000000
79906  56.453  -17.478  -30.204 0.0000000000
79907  55.661  -17.488  -30.271 0.0000000000
79908  55.115  -17.657  -30.339 0.0000000000
79909  54.833  -18.077  -30.276 0.0000000000
79935  56.940  -18.246  -30.456 0.0000000000
79936  56.021  -18.030  -30.567 0.0000000000
79937  55.309  -17.975  -30.539 0.0000000000
79938  54.992  -17.949  -30.495 0.0000000000
79939  48.738  -15.857  -33.206 0.0000000000
79940  48.309  -16.203  -33.231 0.0000000000
79941  48.102  -16.258  -33.404 0.0000000000
79942  47.874  -16.362  -33.578 0.0000000000
79965  57.602  -19.062  -30.446 0.0000000000
79966  49.593  -16.484  -34.454 0.0000000000
79967  48.934  -16.498  -33.833 0.0000000000
79968  48.525  -16.534  -33.575 0.0000000000
79969  47.474  -16.569  -33.883 0.0000000000
79970  47.269  -17.115  -34.045 0.0000000000
79980  54.982  -15.250  -36.945 0.0000000000
79981  53.997  -15.615  -36.553 0.0000000000
79982  53.133  -16.033  -36.117 0.0000000000
79983  51.927  -16.498  -35.960 0.0000000000
79984  50.733  -16.729  -35.449 0.0000000000
79985  50.004  -16.860  -35.099 0.0000000000
79986  47.320  -16.344  -34.185 0.0000000000
79987  47.155  -16.983  -34.234 0.0000000000
80003  56.515  -15.122  -38.434 0.0000000000
80004  55.466  -15.449  -37.680 0.0000000000
80005  54.404  -15.810  -37.224 0.0000000000
80006  53.649  -16.349  -36.550 0.0000000000
80007  52.952  -16.678  -36.135 0.0000000000
80008  47.434  -16.342  -34.646 0.0000000000
80009  47.098  -16.956  -34.560 0.0000000000
80027  57.358  -15.559  -39.361 0.0000000000
80028  47.617  -16.553  -35.139 0.0000000000
80029  47.158  -17.024  -34.964 0.0000000000
80039  48.471  -16.470  -35.653 0.0000000000
81091  55.453  -17.235  -29.798 0.0000000000
81111  48.925  -15.041  -33.040 0.0000000000
81112  48.448  -15.289  -32.943 0.0000000000
81113  48.058  -15.462  -32.983 0.0000000000
81114  47.796  -15.544  -33.149 0.0000000000
81132  50.409  -15.107  -34.866 0.0000000000
81133  50.044  -15.472  -34.509 0.0000000000
81134  49.324  -15.498  -33.655 0.0000000000
81135  47.607  -15.634  -33.501 0.0000000000
81136  47.473  -15.211  -33.507 0.0000000000
81146  55.520  -14.743  -37.116 0.0000000000
81147  54.455  -15.063  -36.627 0.0000000000
81148  53.446  -15.345  -36.275 0.0000000000
81149  52.340  -15.513  -35.944 0.0000000000
81150  50.885  -15.584  -35.467 0.0000000000
81151  50.281  -16.222  -34.945 0.0000000000
81152  47.459  -15.537  -33.745 0.0000000000
81153  47.273  -15.342  -33.576 0.0000000000
81166  55.877  -15.016  -37.492 0.0000000000
81167  47.498  -15.464  -34.292 0.0000000000
81181  47.863  -15.500  -35.142 0.0000000000
81192  49.033  -15.148  -36.098 0.0000000000
82303  48.957  -14.507  -33.057 0.0000000000
82304  48.659  -14.526  -33.000 0.0000000000
82305  48.230  -14.529  -33.027 0.0000000000
82306  47.923  -14.901  -33.037 0.0000000000
82329  50.223  -14.821  -34.508 0.0000000000
82330  49.796  -14.717  -33.979 0.0000000000
82331  49.308  -14.446  -33.330 0.0000000000
82332  48.093  -14.167  -33.270 0.0000000000
82333  47.779  -14.654  -33.393 0.0000000000
82334  47.508  -14.976  -33.524 0.0000000000
82347  54.878  -14.535  -36.795 0.0000000000
82348  53.797  -14.809  -36.593 0.0000000000
82349  52.774  -14.844  -36.140 0.0000000000
82350  51.698  -14.733  -35.633 0.0000000000
82351  50.627  -14.551  -35.115 0.0000000000
82352  47.616  -14.637  -33.796 0.0000000000
82353  47.407  -15.181  -33.544 0.0000000000
82364  47.784  -14.395  -34.557 0.0000000000
82372  48.365  -14.181  -35.349 0.0000000000
82382  49.470  -13.777  -36.187 0.0000000000
83493  48.966  -13.964  -33.123 0.0000000000
83494  48.576  -13.724  -33.101 0.0000000000
83495  48.239  -13.459  -33.143 0.0000000000
83517  50.084  -14.175  -34.501 0.0000000000
83518  49.711  -13.846  -33.872 0.0000000000
83519  49.422  -13.466  -33.304 0.0000000000
83520  47.982  -13.195  -33.232 0.0000000000
83521  47.847  -13.348  -33.609 0.0000000000
83535  54.067  -14.209  -37.185 0.0000000000
83536  53.024  -14.312  -36.813 0.0000000000
83537  52.178  -14.132  -36.091 0.0000000000
83538  51.231  -13.764  -35.485 0.0000000000
83539  50.509  -13.782  -34.919 0.0000000000
83540  47.805  -13.330  -34.203 0.0000000000
83550  53.461  -13.480  -37.353 0.0000000000
83551  52.503  -13.545  -36.754 0.0000000000
83552  51.936  -13.381  -35.953 0.0000000000
83553  48.004  -13.208  -34.866 0.0000000000
83561  48.763  -13.025  -35.518 0.0000000000
83570  49.659  -12.839  -36.321 0.0000000000
84588  49.018  -13.112  -32.988 0.0000000000
84589  48.541  -12.800  -32.901 0.0000000000
84590  48.074  -12.447  -32.900 0.0000000000
84591  47.865  -11.997  -32.886 0.0000000000
84613  50.232  -13.412  -34.358 0.0000000000
84614  50.030  -12.963  -33.667 0.0000000000
84615  49.598  -12.524  -33.183 0.0000000000
84616  47.876  -12.360  -33.019 0.0000000000
84617  47.806  -12.062  -33.196 0.0000000000
84632  51.414  -12.789  -35.641 0.0000000000
84633  50.764  -13.036  -34.971 0.0000000000
84634  47.806  -12.157  -33.969 0.0000000000
84644  52.790  -12.598  -37.405 0.0000000000
84645  52.109  -12.696  -36.390 0.0000000000
84646  47.941  -12.192  -34.609 0.0000000000
84656  48.393  -12.129  -35.159 0.0000000000
84665  49.250  -12.077  -35.926 0.0000000000
85689  49.085  -12.217  -32.872 0.0000000000
85690  48.607  -11.925  -32.784 0.0000000000
85691  48.267  -11.578  -32.872 0.0000000000
85692  48.016  -11.573  -32.999 0.0000000000
85712  50.505  -12.620  -34.280 0.0000000000
85713  50.278  -11.870  -33.780 0.0000000000
85714  49.682  -11.538  -33.057 0.0000000000
85715  48.372  -11.130  -33.076 0.0000000000
85716  48.389  -11.058  -33.362 0.0000000000
85737  51.746  -12.047  -35.983 0.0000000000
85738  50.962  -11.848  -35.169 0.0000000000
85739  50.558  -10.933  -34.604 0.0000000000
85740  48.332  -10.932  -33.902 0.0000000000
85756  52.137  -11.718  -37.085 0.0000000000
85757  48.322  -11.137  -34.530 0.0000000000
85768  48.268  -11.168  -35.024 0.0000000000
85779  49.476  -11.234  -36.781 0.0000000000
85780  48.852  -11.173  -35.605 0.0000000000
86815  49.126  -11.457  -32.850 0.0000000000
86816  48.812  -11.104  -32.865 0.0000000000
86817  48.601  -10.895  -33.005 0.0000000000
86836  50.111  -10.695  -33.683 0.0000000000
86837  49.428  -10.539  -33.114 0.0000000000
86838  48.964  -10.260  -33.103 0.0000000000
86839  48.733  -10.340  -33.316 0.0000000000
86840  48.556  -10.135  -33.676 0.0000000000
86861  51.722  -11.207  -36.249 0.0000000000
86862  51.220  -10.353  -35.860 0.0000000000
86863  50.659  -9.869  -34.643 0.0000000000
86864  48.305  -9.812  -34.009 0.0000000000
86884  52.373  -10.060  -37.538 0.0000000000
86885  51.695  -9.539  -36.670 0.0000000000
86886  48.272  -9.879  -34.449 0.0000000000
86900  48.176  -10.130  -34.995 0.0000000000
86913  49.125  -10.328  -36.247 0.0000000000
86914  48.532  -10.286  -35.486 0.0000000000
86920  49.924  -10.248  -37.545 0.0000000000
87898  49.997  -9.380  -33.814 0.0000000000
87899  49.288  -9.345  -33.329 0.0000000000
87900  48.889  -9.310  -33.298 0.0000000000
87901  48.580  -9.284  -33.522 0.0000000000
87902  48.301  -9.199  -33.841 0.0000000000
87919  51.349  -9.002  -35.872 0.0000000000
87920  50.643  -8.848  -34.787 0.0000000000
87921  48.118  -9.137  -34.163 0.0000000000
87941  52.245  -8.707  -37.172 0.0000000000
87942  48.117  -9.028  -34.486 0.0000000000
87956  48.138  -9.181  -34.881 0.0000000000
87968  48.857  -9.774  -35.912 0.0000000000
87969  48.486  -9.214  -35.614 0.0000000000
87975  49.298  -9.314  -36.681 0.0000000000
87976  48.837  -8.518  -36.285 0.0000000000
88984  49.664  -8.266  -33.796 0.0000000000
88985  49.166  -8.340  -33.626 0.0000000000
88986  48.852  -8.430  -33.745 0.0000000000
88987  48.564  -8.457  -33.951 0.0000000000
88988  48.404  -8.520  -34.166 0.0000000000
89002  51.215  -7.921  -35.409 0.0000000000
89003  50.321  -8.093  -34.442 0.0000000000
89004  48.339  -8.506  -34.408 0.0000000000
89021  53.067  -7.416  -37.816 0.0000000000
89022  52.250  -7.744  -36.520 0.0000000000
89023  48.287  -8.449  -34.719 0.0000000000
89037  48.309  -8.410  -35.189 0.0000000000
89043  48.474  -8.172  -35.789 0.0000000000
89049  49.655  -8.130  -37.156 0.0000000000
89050  48.895  -7.892  -36.346 0.0000000000
90092  49.590  -7.127  -33.803 0.0000000000
90093  49.032  -7.403  -33.832 0.0000000000
90094  48.717  -7.569  -34.078 0.0000000000
90095  48.441  -7.632  -34.308 0.0000000000
90096  48.422  -8.096  -34.350 0.0000000000
90111  51.065  -6.934  -34.844 0.0000000000
90112  50.195  -7.342  -34.036 0.0000000000
90113  48.286  -7.202  -34.505 0.0000000000
90114  48.325  -7.697  -34.589 0.0000000000
90130  52.738  -6.538  -37.494 0.0000000000
90131  52.092  -6.847  -36.057 0.0000000000
90132  48.306  -7.849  -34.926 0.0000000000
90147  48.377  -7.608  -35.329 0.0000000000
90157  48.743  -7.359  -35.915 0.0000000000
90164  49.448  -7.194  -36.682 0.0000000000
91222  49.712  -5.878  -33.947 0.0000000000
91223  49.196  -6.273  -33.983 0.0000000000
91224  48.767  -6.563  -34.061 0.0000000000
91225  48.483  -6.749  -34.292 0.0000000000
91240  51.036  -5.831  -35.140 0.0000000000
91241  50.306  -6.378  -34.217 0.0000000000
91242  48.294  -6.749  -34.490 0.0000000000
91243  48.170  -6.786  -34.695 0.0000000000
91258  52.580  -5.782  -37.163 0.0000000000
91259  51.874  -6.137  -35.757 0.0000000000
91260  48.091  -7.095  -34.963 0.0000000000
91276  48.490  -6.710  -35.427 0.0000000000
91288  49.069  -6.439  -36.216 0.0000000000
92373  49.760  -5.227  -33.898 0.0000000000
92374  49.263  -5.090  -33.920 0.0000000000
92375  48.853  -5.510  -34.127 0.0000000000
92376  48.627  -5.803  -34.340 0.0000000000
92392  51.170  -5.050  -35.324 0.0000000000
92393  50.298  -5.189  -34.343 0.0000000000
92394  49.765  -4.779  -33.862 0.0000000000
92395  48.450  -6.082  -34.506 0.0000000000
92396  48.376  -5.951  -34.699 0.0000000000
92413  52.076  -5.302  -36.235 0.0000000000
92414  48.256  -5.984  -35.034 0.0000000000
92428  48.769  -5.660  -35.694 0.0000000000
92439  49.354  -5.406  -36.645 0.0000000000
93447  48.946  -4.325  -33.847 0.0000000000
93448  48.703  -4.611  -33.952 0.0000000000
93449  48.535  -4.800  -34.159 0.0000000000
93463  50.862  -4.286  -35.111 0.0000000000
93464  50.035  -4.190  -34.089 0.0000000000
93465  49.397  -4.257  -33.832 0.0000000000
93466  48.428  -5.072  -34.484 0.0000000000
93467  48.461  -4.922  -34.825 0.0000000000
93484  51.825  -4.629  -35.865 0.0000000000
93485  48.703  -4.686  -35.370 0.0000000000
93499  49.083  -4.678  -36.092 0.0000000000
94498  49.020  -3.842  -33.826 0.0000000000
94499  48.684  -4.002  -33.917 0.0000000000
94500  48.496  -4.249  -33.961 0.0000000000
94516  50.985  -3.500  -35.393 0.0000000000
94517  50.312  -3.425  -34.599 0.0000000000
94518  49.509  -3.441  -34.097 0.0000000000
94519  48.970  -3.381  -34.186 0.0000000000
94520  48.589  -3.727  -34.413 0.0000000000
94521  48.441  -4.308  -34.646 0.0000000000
94537  52.005  -3.970  -36.134 0.0000000000
94538  48.654  -2.989  -34.975 0.0000000000
94539  48.596  -3.543  -35.198 0.0000000000
94555  48.786  -3.393  -36.397 0.0000000000
95617  51.474  -3.072  -35.983 0.0000000000
95618  50.691  -2.705  -35.198 0.0000000000
95619  49.920  -2.584  -34.706 0.0000000000
95620  49.350  -2.562  -34.628 0.0000000000
95621  49.021  -2.505  -34.781 0.0000000000
95636  48.947  -2.417  -35.128 0.0000000000
95637  48.927  -2.284  -35.549 0.0000000000
95652  48.850  -2.079  -36.280 0.0000000000
96703  50.969  -2.083  -36.358 0.0000000000
96704  50.342  -1.705  -35.293 0.0000000000
96705  49.713  -1.656  -35.055 0.0000000000
96706  49.384  -1.602  -35.189 0.0000000000
96728  49.242  -1.246  -35.546 0.0000000000
96729  49.121  -1.537  -35.679 0.0000000000
96749  49.179  -0.731  -36.013 0.0000000000
96750  49.080  -0.949  -36.365 0.0000000000
97751  50.802  -0.589  -36.000 0.0000000000
97752  50.102  -0.659  -35.475 0.0000000000
97753  49.647  -0.732  -35.485 0.0000000000
97754  49.372  -0.620  -35.633 0.0000000000
97774  51.463  -0.060  -36.961 0.0000000000
97775  49.111  -0.213  -35.808 0.0000000000
97797  48.922  -0.026  -36.013 0.0000000000
97798  48.782  0.182  -36.522 0.0000000000
98814  50.514  0.550  -35.842 0.0000000000
98815  49.899  0.249  -35.660 0.0000000000
98816  49.445  0.139  -35.685 0.0000000000
98817  49.141  0.162  -35.741 0.0000000000
98840  51.360  0.828  -36.210 0.0000000000
98841  49.252  0.703  -35.866 0.0000000000
98842  49.035  0.675  -36.042 0.0000000000
98865  48.942  0.919  -36.572 0.0000000000
99892  50.489  1.243  -35.863 0.0000000000
99893  50.162  1.149  -35.881 0.0000000000
99894  49.666  1.071  -35.911 0.0000000000
99913  52.093  2.175  -36.715 0.0000000000
99914  50.983  1.683  -35.884 0.0000000000
99915  50.441  1.614  -35.826 0.0000000000
99916  49.376  1.419  -36.205 0.0000000000
99917  49.186  1.644  -36.592 0.0000000000
100927  50.237  1.705  -35.867 0.0000000000
100928  50.020  1.680  -35.954 0.0000000000
100951  51.762  2.997  -36.302 0.0000000000
100952  50.530  2.370  -35.945 0.0000000000
100953  49.696  2.209  -36.162 0.0000000000
100954  49.332  2.338  -36.595 0.0000000000
101901  52.560  5.028  -31.606 0.0000000000
101902  51.750  5.287  -31.694 0.0000000000
101923  52.506  5.104  -31.966 0.0000000000
101924  51.518  5.272  -31.980 0.0000000000
101925  50.876  5.505  -32.144 0.0000000000
101940  53.002  5.377  -32.288 0.0000000000
101941  51.885  5.318  -32.360 0.0000000000
101942  51.071  5.580  -32.368 0.0000000000
101956  53.746  6.470  -32.579 0.0000000000
101957  52.377  6.004  -32.632 0.0000000000
101958  51.419  5.747  -32.676 0.0000000000
101979  52.797  4.434  -36.622 0.0000000000
101980  51.348  3.847  -36.411 0.0000000000
101981  50.114  3.433  -36.412 0.0000000000
101982  49.196  3.178  -36.687 0.0000000000
102002  53.886  5.944  -36.846 0.0000000000
102003  52.389  5.328  -36.937 0.0000000000
102004  50.874  4.784  -36.885 0.0000000000
102005  49.691  4.258  -37.093 0.0000000000
102909  51.668  5.413  -31.419 0.0000000000
102910  50.832  5.712  -31.591 0.0000000000
102911  50.312  6.170  -31.831 0.0000000000
102930  51.262  5.426  -31.719 0.0000000000
102931  50.697  5.665  -31.952 0.0000000000
102932  49.985  6.297  -32.100 0.0000000000
102947  50.489  5.906  -32.307 0.0000000000
102948  49.830  6.356  -32.475 0.0000000000
102962  55.061  7.957  -33.253 0.0000000000
102963  53.282  7.664  -32.991 0.0000000000
102964  51.662  6.530  -32.975 0.0000000000
102965  50.546  6.118  -32.871 0.0000000000
102966  49.814  6.382  -32.876 0.0000000000
102983  56.246  9.206  -34.394 0.0000000000
102984  54.760  9.076  -33.766 0.0000000000
102985  53.834  8.808  -33.559 0.0000000000
103002  54.892  7.382  -37.152 0.0000000000
103003  53.530  6.996  -37.375 0.0000000000
103004  51.991  6.324  -37.457 0.0000000000
103005  50.526  5.498  -37.472 0.0000000000
103018  53.267  7.521  -37.569 0.0000000000
103019  52.829  7.141  -37.531 0.0000000000
103918  51.288  5.904  -31.113 0.0000000000
103919  50.670  6.380  -31.271 0.0000000000
103932  51.003  5.784  -31.356 0.0000000000
103933  50.419  6.335  -31.526 0.0000000000
103934  49.574  6.589  -31.813 0.0000000000
103955  48.997  6.742  -32.164 0.0000000000
103956  48.435  7.062  -32.259 0.0000000000
103972  49.279  6.610  -32.722 0.0000000000
103973  48.667  6.988  -32.584 0.0000000000
103987  53.170  8.646  -33.499 0.0000000000
103988  52.092  7.787  -33.262 0.0000000000
103989  50.946  6.973  -33.376 0.0000000000
103990  49.934  6.991  -33.251 0.0000000000
103991  49.040  6.995  -33.082 0.0000000000
104011  56.517  9.640  -35.842 0.0000000000
104012  55.454  9.941  -35.007 0.0000000000
104013  54.057  9.571  -34.311 0.0000000000
104014  52.703  9.041  -34.021 0.0000000000
104015  51.435  8.287  -33.660 0.0000000000
104016  50.627  7.583  -33.544 0.0000000000
104032  55.622  8.492  -37.482 0.0000000000
104033  54.686  8.068  -37.542 0.0000000000
104034  51.956  6.850  -37.663 0.0000000000
104035  51.481  6.527  -37.855 0.0000000000
104043  55.007  8.626  -37.592 0.0000000000
104044  53.994  8.162  -37.589 0.0000000000
104045  52.570  7.590  -37.888 0.0000000000
104997  50.897  6.534  -31.145 0.0000000000
105010  50.191  6.776  -31.339 0.0000000000
105011  49.380  6.959  -31.577 0.0000000000
105012  48.692  7.319  -31.791 0.0000000000
105031  48.862  6.951  -31.816 0.0000000000
105032  48.288  7.519  -32.129 0.0000000000
105033  48.017  8.069  -32.345 0.0000000000
105044  48.324  7.506  -32.536 0.0000000000
105045  48.022  8.040  -32.605 0.0000000000
105060  49.332  7.624  -33.448 0.0000000000
105061  48.575  7.583  -33.171 0.0000000000
105062  48.003  8.112  -33.159 0.0000000000
105082  56.314  9.461  -36.813 0.0000000000
105083  55.625  10.019  -36.309 0.0000000000
105084  54.619  10.330  -35.580 0.0000000000
105085  53.443  10.151  -34.988 0.0000000000
105086  52.126  9.702  -34.510 0.0000000000
105087  50.430  8.838  -33.893 0.0000000000
105088  49.128  8.426  -33.767 0.0000000000
105089  48.349  8.390  -33.665 0.0000000000
105102  56.195  8.936  -37.149 0.0000000000
105103  55.362  9.167  -37.167 0.0000000000
105104  54.526  9.880  -36.664 0.0000000000
105105  53.770  10.031  -35.929 0.0000000000
105106  52.866  10.522  -35.613 0.0000000000
105107  51.653  10.190  -35.141 0.0000000000
105112  54.708  8.816  -37.508 0.0000000000
105113  53.780  9.104  -37.658 0.0000000000
106055  50.458  7.173  -31.207 0.0000000000
106067  49.639  7.364  -31.325 0.0000000000
106068  48.916  7.627  -31.591 0.0000000000
106069  48.371  7.935  -31.916 0.0000000000
106086  48.095  8.224  -32.147 0.0000000000
106087  47.969  8.353  -32.319 0.0000000000
106100  47.794  8.574  -32.602 0.0000000000
106117  47.584  8.643  -33.185 0.0000000000
106118  47.223  8.994  -33.664 0.0000000000
106136  49.624  9.078  -34.361 0.0000000000
106137  48.844  9.108  -34.423 0.0000000000
106138  47.634  9.060  -34.078 0.0000000000
106139  47.069  9.183  -33.915 0.0000000000
106147  53.839  10.077  -36.571 0.0000000000
106148  53.219  10.290  -36.711 0.0000000000
106149  52.199  10.649  -36.522 0.0000000000
106150  50.272  10.043  -35.484 0.0000000000
106151  48.671  9.994  -35.433 0.0000000000
106152  47.850  9.893  -34.713 0.0000000000
106157  53.614  9.848  -37.183 0.0000000000
106158  52.623  10.034  -38.422 0.0000000000
106159  51.530  10.988  -37.652 0.0000000000
106160  49.798  10.548  -36.956 0.0000000000
106161  48.953  10.361  -36.637 0.0000000000
107126  50.124  7.912  -31.262 0.0000000000
107136  49.339  8.177  -31.452 0.0000000000
107137  48.570  8.463  -31.700 0.0000000000
107138  47.918  8.873  -31.996 0.0000000000
107139  47.676  9.517  -32.205 0.0000000000
107156  47.924  8.673  -32.260 0.0000000000
107157  47.588  9.360  -32.481 0.0000000000
107158  47.148  10.066  -32.718 0.0000000000
107175  47.424  9.173  -33.010 0.0000000000
107176  47.120  9.884  -33.010 0.0000000000
107195  47.320  9.063  -33.365 0.0000000000
107196  47.008  9.582  -33.584 0.0000000000
107213  47.452  9.891  -34.512 0.0000000000
107214  47.013  9.838  -34.219 0.0000000000
107223  48.493  10.441  -36.409 0.0000000000
107224  47.781  10.418  -35.403 0.0000000000
107225  47.166  10.297  -34.791 0.0000000000
108185  50.085  8.828  -31.509 0.0000000000
108186  49.042  9.053  -31.601 0.0000000000
108187  48.199  9.313  -31.821 0.0000000000
108188  47.639  9.754  -32.149 0.0000000000
108189  47.191  10.172  -32.258 0.0000000000
108207  47.446  9.897  -32.280 0.0000000000
108208  47.032  10.367  -32.582 0.0000000000
108209  46.527  10.890  -32.940 0.0000000000
108227  46.750  10.461  -32.934 0.0000000000
108228  46.168  10.949  -33.214 0.0000000000
108246  46.533  10.398  -33.392 0.0000000000
108247  45.885  10.984  -33.749 0.0000000000
108261  46.347  10.375  -34.057 0.0000000000
108262  45.802  11.203  -34.542 0.0000000000
108267  47.162  10.593  -35.264 0.0000000000
108268  46.550  10.749  -35.044 0.0000000000
109173  49.774  9.708  -31.881 0.0000000000
109174  48.733  9.812  -32.037 0.0000000000
109175  47.868  10.033  -32.148 0.0000000000
109176  47.293  10.386  -32.213 0.0000000000
109177  46.931  10.648  -32.510 0.0000000000
109193  46.556  11.101  -32.852 0.0000000000
109194  46.158  11.414  -33.251 0.0000000000
109215  45.772  11.621  -33.592 0.0000000000
109232  45.484  11.765  -34.191 0.0000000000
110108  49.478  10.496  -32.298 0.0000000000
110109  48.432  10.631  -32.424 0.0000000000
110110  47.495  10.695  -32.446 0.0000000000
110111  47.032  10.842  -32.415 0.0000000000
110123  49.320  11.234  -32.809 0.0000000000
110124  48.556  11.353  -32.799 0.0000000000
110125  47.063  11.168  -32.593 0.0000000000
110126  46.682  11.311  -32.842 0.0000000000
110127  46.170  11.729  -33.280 0.0000000000
110150  45.671  12.228  -33.626 0.0000000000
110151  45.143  12.952  -33.952 0.0000000000
110165  45.342  12.379  -33.959 0.0000000000
110166  44.906  13.145  -34.487 0.0000000000
110174  45.116  12.482  -34.527 0.0000000000
110986  47.958  11.098  -32.696 0.0000000000
110987  47.478  11.283  -32.743 0.0000000000
111007  49.115  11.848  -33.450 0.0000000000
111008  48.056  11.762  -33.206 0.0000000000
111009  47.109  11.822  -33.154 0.0000000000
111010  46.383  12.155  -33.368 0.0000000000
111011  45.820  12.601  -33.561 0.0000000000
111032  45.343  13.143  -33.981 0.0000000000
111033  45.012  13.747  -34.744 0.0000000000
111878  48.731  12.546  -34.031 0.0000000000
111879  47.690  12.647  -33.701 0.0000000000
111880  46.807  12.864  -33.658 0.0000000000
111881  46.131  13.069  -33.697 0.0000000000
111882  45.679  13.280  -34.058 0.0000000000
111894  46.507  13.332  -34.129 0.0000000000
111895  46.087  13.601  -34.772 0.0000000000
111896  45.570  14.077  -35.165 0.0000000000
111905  45.962  14.205  -35.362 0.0000000000
111906  45.849  14.482  -35.454 0.0000000000
112800  48.319  13.142  -34.756 0.0000000000
112801  47.356  13.226  -34.385 0.0000000000
112802  46.836  13.301  -34.182 0.0000000000
112810  47.975  13.717  -35.543 0.0000000000
112811  46.946  13.661  -35.269 0.0000000000
112812  46.532  14.407  -35.742 0.0000000000
112813  45.949  15.293  -36.137 0.0000000000
112819  46.257  14.879  -35.930 0.0000000000
112820  45.947  14.921  -35.727 0.0000000000
113792  47.905  14.548  -36.348 0.0000000000
113793  47.245  14.693  -36.316 0.0000000000
113800  48.121  15.775  -36.901 0.0000000000
113801  47.296  15.498  -37.114 0.0000000000
113802  46.567  15.492  -36.966 0.0000000000
114698  48.693  17.720  -37.052 0.0000000000
