#!ascii label  , from subject bert vox2ras=TkReg
1301
85000  3.013  -3.799  31.047 0.0000000000
85003  3.254  -3.954  31.039 0.0000000000
85004  3.361  -4.112  30.901 0.0000000000
85007  3.198  -4.257  30.994 0.0000000000
85947  2.794  -3.073  31.037 0.0000000000
85948  2.179  -3.125  31.030 0.0000000000
85953  3.430  -2.947  31.069 0.0000000000
85956  3.394  -3.144  31.025 0.0000000000
85957  3.249  -3.306  30.916 0.0000000000
85960  2.993  -3.424  30.887 0.0000000000
85961  2.606  -3.548  30.894 0.0000000000
85962  2.144  -3.679  31.033 0.0000000000
85963  1.658  -3.710  30.889 0.0000000000
85964  1.408  -3.875  30.811 0.0000000000
86832  0.832  -2.208  31.597 0.0000000000
86838  3.065  -2.186  31.141 0.0000000000
86839  2.454  -2.208  30.963 0.0000000000
86840  1.903  -2.241  31.134 0.0000000000
86841  1.288  -2.221  31.225 0.0000000000
86847  3.457  -2.200  30.887 0.0000000000
86852  3.297  -2.366  30.959 0.0000000000
86853  3.069  -2.427  30.902 0.0000000000
86856  2.762  -2.481  30.898 0.0000000000
86857  2.351  -2.531  30.912 0.0000000000
86858  1.874  -2.564  30.950 0.0000000000
86859  1.595  -2.606  31.033 0.0000000000
87732  -1.114  -1.103  41.371 0.0000000000
87750  -0.157  -1.553  38.288 0.0000000000
87751  -0.916  -1.051  39.509 0.0000000000
87761  -0.039  -1.191  37.003 0.0000000000
87762  -0.338  -1.004  38.205 0.0000000000
87771  0.397  -1.271  35.169 0.0000000000
87780  0.656  -1.277  33.522 0.0000000000
87787  0.825  -1.273  32.136 0.0000000000
87792  2.702  -1.333  30.981 0.0000000000
87793  2.273  -1.299  31.210 0.0000000000
87794  1.661  -1.269  31.463 0.0000000000
87795  1.091  -1.262  31.403 0.0000000000
87801  3.200  -1.392  31.034 0.0000000000
87808  3.361  -1.523  30.919 0.0000000000
87809  3.125  -1.468  30.954 0.0000000000
87811  2.878  -1.464  30.923 0.0000000000
87812  2.522  -1.466  30.997 0.0000000000
87813  2.101  -1.458  31.222 0.0000000000
87814  1.479  -1.383  31.065 0.0000000000
87815  1.600  -1.422  31.391 0.0000000000
88667  2.252  -0.232  42.848 0.0000000000
88668  0.990  -0.172  42.885 0.0000000000
88669  -0.177  -0.152  42.533 0.0000000000
88670  -0.899  -0.126  41.812 0.0000000000
88684  4.544  -0.466  41.676 0.0000000000
88685  3.476  -0.339  42.295 0.0000000000
88686  -0.932  -0.021  40.651 0.0000000000
88695  5.552  -0.633  41.323 0.0000000000
88696  -0.883  0.165  39.382 0.0000000000
88700  -0.320  -0.486  36.984 0.0000000000
88701  -0.661  -0.258  37.963 0.0000000000
88704  -0.012  -0.358  36.111 0.0000000000
88705  -0.424  -0.104  36.921 0.0000000000
88708  0.509  -0.305  34.598 0.0000000000
88712  1.014  -0.324  33.115 0.0000000000
88716  2.443  -0.437  31.120 0.0000000000
88717  1.989  -0.331  31.166 0.0000000000
88718  1.586  -0.318  31.406 0.0000000000
88719  1.103  -0.310  31.755 0.0000000000
88723  2.913  -0.578  30.989 0.0000000000
88730  3.310  -0.782  30.976 0.0000000000
88731  3.211  -0.585  30.965 0.0000000000
88733  2.985  -0.483  30.967 0.0000000000
88734  2.699  -0.447  31.042 0.0000000000
88735  2.319  -0.402  31.062 0.0000000000
88736  1.901  -0.322  31.103 0.0000000000
88737  1.733  -0.212  31.305 0.0000000000
89610  1.718  0.619  42.968 0.0000000000
89611  0.471  0.717  42.709 0.0000000000
89612  -0.587  0.724  42.085 0.0000000000
89613  -1.235  0.801  41.264 0.0000000000
89622  4.170  0.445  42.144 0.0000000000
89623  2.958  0.543  42.570 0.0000000000
89624  -0.929  0.993  40.101 0.0000000000
89631  5.762  0.350  41.109 0.0000000000
89632  5.085  0.364  41.549 0.0000000000
89633  -1.015  1.709  37.988 0.0000000000
89634  -0.973  1.063  38.514 0.0000000000
89637  -0.866  1.367  37.196 0.0000000000
89638  -0.665  0.474  37.128 0.0000000000
89642  -0.084  0.713  35.809 0.0000000000
89643  -0.255  0.176  36.486 0.0000000000
89647  0.724  0.691  34.075 0.0000000000
89651  1.462  0.668  32.772 0.0000000000
89656  2.769  0.372  31.182 0.0000000000
89657  2.276  0.561  31.180 0.0000000000
89658  1.915  0.613  31.322 0.0000000000
89659  1.497  0.659  31.500 0.0000000000
89666  3.088  0.021  31.061 0.0000000000
89676  3.093  0.253  31.058 0.0000000000
89677  3.072  0.488  31.059 0.0000000000
89685  2.831  0.537  31.096 0.0000000000
89686  2.532  0.585  31.130 0.0000000000
89687  2.212  0.674  31.187 0.0000000000
89688  1.859  0.855  31.136 0.0000000000
89689  1.762  1.224  31.412 0.0000000000
90591  2.344  1.264  42.850 0.0000000000
90592  1.153  1.480  42.961 0.0000000000
90593  -0.150  1.649  42.404 0.0000000000
90594  -0.824  1.409  41.642 0.0000000000
90605  4.730  1.127  41.948 0.0000000000
90606  3.592  1.429  42.474 0.0000000000
90607  -0.750  2.047  41.554 0.0000000000
90608  -1.506  1.747  40.791 0.0000000000
90619  5.878  1.219  40.922 0.0000000000
90620  5.366  1.298  41.379 0.0000000000
90621  -1.115  1.988  38.577 0.0000000000
90622  -0.945  1.980  39.676 0.0000000000
90627  -1.075  2.325  37.601 0.0000000000
90632  -0.576  1.946  36.176 0.0000000000
90636  0.173  1.709  34.814 0.0000000000
90641  1.115  1.697  33.568 0.0000000000
90652  3.057  2.107  31.055 0.0000000000
90653  2.767  1.604  31.192 0.0000000000
90654  2.220  1.611  31.276 0.0000000000
90655  1.871  1.637  31.390 0.0000000000
90656  1.699  1.680  32.293 0.0000000000
90670  3.270  1.750  31.106 0.0000000000
90671  3.204  1.091  31.191 0.0000000000
90685  3.195  1.921  31.016 0.0000000000
90686  3.197  1.504  31.102 0.0000000000
90687  2.950  1.518  31.103 0.0000000000
90700  2.686  1.531  31.159 0.0000000000
90701  2.375  1.589  31.200 0.0000000000
90702  2.082  1.729  31.304 0.0000000000
90703  1.874  1.959  31.270 0.0000000000
90704  1.779  2.287  31.177 0.0000000000
91472  2.107  2.158  42.999 0.0000000000
91473  0.527  2.365  42.861 0.0000000000
91474  -0.390  2.600  42.060 0.0000000000
91486  5.340  2.461  41.575 0.0000000000
91487  4.798  2.057  41.870 0.0000000000
91488  3.491  2.319  42.562 0.0000000000
91489  -1.145  2.716  40.705 0.0000000000
91490  -1.467  2.223  40.314 0.0000000000
91503  6.083  1.994  40.824 0.0000000000
91504  5.646  2.055  41.285 0.0000000000
91505  5.313  1.823  41.424 0.0000000000
91506  -1.397  2.855  39.074 0.0000000000
91507  -1.553  2.417  39.938 0.0000000000
91517  -1.170  3.265  37.698 0.0000000000
91522  -0.837  2.990  36.491 0.0000000000
91531  -0.306  2.591  35.335 0.0000000000
91544  0.266  2.659  34.175 0.0000000000
91558  2.915  2.530  31.030 0.0000000000
91559  2.519  2.588  31.165 0.0000000000
91560  2.098  2.645  31.282 0.0000000000
91561  1.736  2.718  31.833 0.0000000000
91562  1.264  2.721  33.040 0.0000000000
91574  3.274  2.442  31.032 0.0000000000
91575  3.378  2.938  31.020 0.0000000000
91587  3.233  2.198  30.967 0.0000000000
91588  3.278  2.665  30.985 0.0000000000
91589  3.059  2.552  31.003 0.0000000000
91600  2.804  2.495  31.047 0.0000000000
91601  2.504  2.493  31.162 0.0000000000
91602  2.188  2.580  31.238 0.0000000000
91603  1.937  2.738  31.151 0.0000000000
91604  1.726  2.894  31.088 0.0000000000
91605  1.681  3.063  30.912 0.0000000000
92384  2.678  2.952  43.055 0.0000000000
92385  0.784  3.265  43.145 0.0000000000
92386  0.117  2.986  42.513 0.0000000000
92400  6.289  3.393  40.744 0.0000000000
92401  5.621  2.777  41.401 0.0000000000
92402  4.879  2.911  41.804 0.0000000000
92403  3.944  2.870  42.490 0.0000000000
92404  0.186  3.982  42.463 0.0000000000
92405  -0.396  3.616  41.725 0.0000000000
92416  6.185  2.833  40.684 0.0000000000
92417  5.894  2.692  40.923 0.0000000000
92418  -1.378  3.829  39.944 0.0000000000
92431  -1.221  4.005  38.416 0.0000000000
92445  -1.021  4.013  36.880 0.0000000000
92457  -0.390  3.675  35.202 0.0000000000
92468  0.321  3.721  33.587 0.0000000000
92478  3.068  2.896  31.048 0.0000000000
92479  2.859  3.480  31.147 0.0000000000
92480  2.242  3.645  31.153 0.0000000000
92481  1.712  3.705  31.393 0.0000000000
92482  1.202  3.867  32.374 0.0000000000
92493  3.204  3.111  31.061 0.0000000000
92494  3.401  3.667  31.128 0.0000000000
92504  3.166  3.643  31.134 0.0000000000
92505  2.896  3.503  31.140 0.0000000000
92511  2.603  3.399  31.074 0.0000000000
92512  2.273  3.423  31.138 0.0000000000
92513  1.940  3.565  31.154 0.0000000000
92514  1.682  3.761  30.852 0.0000000000
92515  1.582  3.576  30.918 0.0000000000
92516  1.516  3.507  30.722 0.0000000000
92518  1.369  4.200  30.898 0.0000000000
92519  1.443  4.031  30.731 0.0000000000
93277  3.132  4.092  43.419 0.0000000000
93278  2.139  3.848  43.400 0.0000000000
93279  0.444  4.315  43.013 0.0000000000
93290  6.390  3.916  41.012 0.0000000000
93291  6.020  3.674  41.107 0.0000000000
93292  5.477  3.444  41.691 0.0000000000
93293  4.053  3.589  42.726 0.0000000000
93294  3.247  3.336  42.922 0.0000000000
93295  -0.151  4.671  41.626 0.0000000000
93296  -0.662  4.429  40.519 0.0000000000
93304  5.927  3.176  40.983 0.0000000000
93305  5.793  3.048  41.152 0.0000000000
93306  -0.478  5.179  40.058 0.0000000000
93307  -1.127  4.705  39.215 0.0000000000
93324  -0.675  5.396  38.794 0.0000000000
93325  -0.940  5.011  37.624 0.0000000000
93345  -0.638  4.903  35.870 0.0000000000
93362  -0.147  4.801  34.292 0.0000000000
93373  0.397  4.736  32.919 0.0000000000
93383  2.423  4.783  31.060 0.0000000000
93384  1.795  4.686  31.132 0.0000000000
93385  1.216  4.688  31.551 0.0000000000
93386  0.858  4.715  32.170 0.0000000000
93394  3.240  5.391  31.068 0.0000000000
93395  3.013  4.642  31.109 0.0000000000
93400  3.287  5.616  31.003 0.0000000000
93401  3.260  4.853  31.076 0.0000000000
93402  2.973  4.542  31.102 0.0000000000
93404  2.638  4.354  31.085 0.0000000000
93405  2.349  4.148  31.106 0.0000000000
93406  1.976  4.381  31.117 0.0000000000
93407  1.601  4.584  30.848 0.0000000000
93410  1.304  4.814  30.744 0.0000000000
93411  1.072  4.929  30.930 0.0000000000
94180  6.910  5.470  42.222 0.0000000000
94181  4.895  4.584  42.507 0.0000000000
94182  3.941  4.406  43.308 0.0000000000
94183  2.342  4.630  43.720 0.0000000000
94184  0.888  4.850  43.431 0.0000000000
94194  6.644  4.838  41.679 0.0000000000
94195  6.080  4.496  41.565 0.0000000000
94196  5.506  4.310  41.871 0.0000000000
94197  4.836  4.106  42.330 0.0000000000
94198  0.266  5.196  42.298 0.0000000000
94211  0.082  5.616  40.806 0.0000000000
94227  -0.012  5.895  39.245 0.0000000000
94228  -0.442  5.929  37.810 0.0000000000
94244  -0.473  5.838  36.421 0.0000000000
94263  -0.310  5.849  34.923 0.0000000000
94278  -0.002  5.792  33.432 0.0000000000
94286  2.366  5.757  30.982 0.0000000000
94287  1.865  5.621  31.037 0.0000000000
94288  1.255  5.610  31.160 0.0000000000
94289  0.608  5.572  32.041 0.0000000000
94292  3.254  5.980  31.006 0.0000000000
94293  2.855  5.613  30.969 0.0000000000
94296  3.351  6.132  30.892 0.0000000000
94297  3.252  5.862  31.002 0.0000000000
94298  3.044  5.535  30.965 0.0000000000
94301  2.685  5.352  30.957 0.0000000000
94302  2.167  5.193  31.032 0.0000000000
94303  1.518  5.403  31.099 0.0000000000
94304  1.038  5.560  31.185 0.0000000000
94307  0.888  5.783  31.235 0.0000000000
94308  0.797  5.868  31.056 0.0000000000
95050  6.973  6.687  43.514 0.0000000000
95059  6.476  5.900  42.869 0.0000000000
95060  5.599  5.668  42.909 0.0000000000
95061  4.641  5.186  43.225 0.0000000000
95062  2.857  5.227  44.015 0.0000000000
95063  1.068  5.604  43.696 0.0000000000
95064  0.400  5.614  42.795 0.0000000000
95078  6.120  5.170  42.155 0.0000000000
95079  5.587  4.932  42.245 0.0000000000
95080  5.212  4.770  42.341 0.0000000000
95081  0.415  6.297  42.354 0.0000000000
95082  0.336  5.988  41.569 0.0000000000
95096  0.526  6.651  41.020 0.0000000000
95097  0.541  6.483  39.884 0.0000000000
95108  0.500  6.624  38.060 0.0000000000
95109  -0.078  6.445  36.870 0.0000000000
95119  0.380  6.995  36.663 0.0000000000
95120  -0.187  6.765  35.582 0.0000000000
95127  -0.226  6.794  34.124 0.0000000000
95139  0.218  6.892  32.624 0.0000000000
95148  2.586  6.401  30.958 0.0000000000
95149  2.044  6.446  30.997 0.0000000000
95150  1.470  6.491  31.117 0.0000000000
95151  0.834  6.620  31.397 0.0000000000
95154  3.421  6.367  31.047 0.0000000000
95155  3.098  6.402  30.996 0.0000000000
95158  3.309  6.545  30.912 0.0000000000
95159  3.062  6.507  30.884 0.0000000000
95160  2.811  6.119  30.962 0.0000000000
95163  2.740  6.793  30.890 0.0000000000
95164  2.335  6.383  30.858 0.0000000000
95165  1.627  6.368  30.883 0.0000000000
95166  1.121  6.380  31.150 0.0000000000
95167  0.780  6.539  31.354 0.0000000000
95171  0.856  6.782  31.300 0.0000000000
95886  6.341  7.404  44.270 0.0000000000
95887  5.118  7.401  44.599 0.0000000000
95888  3.714  7.192  44.921 0.0000000000
95889  2.187  7.089  44.865 0.0000000000
95890  1.030  7.054  44.449 0.0000000000
95902  5.710  6.510  43.656 0.0000000000
95903  4.750  6.300  43.927 0.0000000000
95904  3.301  6.071  44.433 0.0000000000
95905  1.740  6.206  44.284 0.0000000000
95906  0.554  6.728  43.281 0.0000000000
95917  0.596  7.109  41.427 0.0000000000
95924  0.946  7.303  39.819 0.0000000000
95925  0.945  7.178  38.710 0.0000000000
95932  1.333  7.678  38.558 0.0000000000
95933  1.139  7.558  37.404 0.0000000000
95941  0.403  7.668  35.665 0.0000000000
95942  -0.161  7.445  34.701 0.0000000000
95949  0.044  7.980  34.573 0.0000000000
95950  -0.088  7.788  33.754 0.0000000000
95957  0.309  7.984  32.696 0.0000000000
95967  2.344  7.165  30.946 0.0000000000
95968  1.770  7.308  30.964 0.0000000000
95969  1.231  7.516  31.221 0.0000000000
95970  0.527  7.705  31.537 0.0000000000
95977  3.206  6.952  30.900 0.0000000000
95978  2.807  7.037  30.868 0.0000000000
95981  3.318  7.134  30.809 0.0000000000
95982  3.116  7.297  30.853 0.0000000000
95987  2.848  7.443  30.830 0.0000000000
95988  2.458  7.490  30.891 0.0000000000
95989  1.870  7.379  30.806 0.0000000000
95990  1.343  7.496  31.163 0.0000000000
95991  0.964  7.031  31.339 0.0000000000
95996  1.185  8.228  31.153 0.0000000000
95997  0.946  7.743  31.242 0.0000000000
95998  1.304  7.871  31.128 0.0000000000
96748  3.231  9.378  45.774 0.0000000000
96749  1.883  9.228  45.603 0.0000000000
96750  0.854  9.355  45.084 0.0000000000
96751  0.504  9.602  44.592 0.0000000000
96761  6.747  9.165  44.836 0.0000000000
96762  5.642  8.875  45.250 0.0000000000
96763  4.162  8.481  45.529 0.0000000000
96764  2.651  8.184  45.492 0.0000000000
96765  1.030  8.124  45.003 0.0000000000
96766  0.458  9.033  44.462 0.0000000000
96775  0.509  7.617  43.727 0.0000000000
96776  0.440  8.394  43.825 0.0000000000
96782  0.577  7.834  41.900 0.0000000000
96783  0.500  8.109  42.984 0.0000000000
96788  0.971  7.791  40.302 0.0000000000
96794  1.323  7.988  39.161 0.0000000000
96795  1.562  8.263  37.956 0.0000000000
96802  1.382  8.487  36.478 0.0000000000
96809  0.530  8.569  34.886 0.0000000000
96810  0.025  8.323  34.157 0.0000000000
96816  0.896  9.186  34.554 0.0000000000
96817  0.215  8.824  33.574 0.0000000000
96825  2.138  7.929  30.831 0.0000000000
96826  1.613  8.462  31.016 0.0000000000
96827  0.965  8.739  31.191 0.0000000000
96828  0.384  8.758  31.992 0.0000000000
96836  3.048  7.462  30.873 0.0000000000
96837  2.633  7.845  30.847 0.0000000000
96838  1.469  9.173  30.863 0.0000000000
96839  1.187  9.163  30.972 0.0000000000
96845  3.278  7.387  30.777 0.0000000000
96846  3.045  7.929  30.730 0.0000000000
96852  2.935  8.200  30.677 0.0000000000
96853  2.642  8.355  30.667 0.0000000000
96854  2.072  8.495  30.604 0.0000000000
96855  1.632  8.025  30.771 0.0000000000
96860  1.922  9.112  30.544 0.0000000000
96861  1.590  8.747  30.898 0.0000000000
96862  1.271  8.868  30.999 0.0000000000
96863  1.224  9.021  30.988 0.0000000000
97578  3.552  10.068  45.709 0.0000000000
97579  2.749  10.412  45.401 0.0000000000
97580  1.434  10.237  45.071 0.0000000000
97581  0.609  10.235  44.568 0.0000000000
97582  0.363  10.577  44.229 0.0000000000
97594  6.223  10.822  44.855 0.0000000000
97595  4.461  10.129  45.503 0.0000000000
97596  3.654  10.459  45.550 0.0000000000
97597  0.261  9.887  44.006 0.0000000000
97598  0.315  10.341  44.167 0.0000000000
97608  7.047  11.453  44.079 0.0000000000
97609  0.342  9.156  43.543 0.0000000000
97617  0.705  8.415  41.235 0.0000000000
97618  0.460  8.780  42.288 0.0000000000
97626  0.975  8.280  40.386 0.0000000000
97627  0.716  8.920  40.671 0.0000000000
97634  1.251  8.177  39.662 0.0000000000
97635  1.233  8.760  39.104 0.0000000000
97644  1.564  9.166  37.330 0.0000000000
97653  1.518  9.486  35.649 0.0000000000
97660  1.252  9.833  34.266 0.0000000000
97661  0.494  9.714  32.628 0.0000000000
97669  2.379  8.321  30.706 0.0000000000
97670  2.106  8.562  30.656 0.0000000000
97671  0.782  9.519  30.763 0.0000000000
97672  0.449  9.706  31.133 0.0000000000
97679  2.587  9.162  30.451 0.0000000000
97680  2.481  8.914  30.612 0.0000000000
97681  1.878  9.325  30.705 0.0000000000
97682  1.243  9.770  30.824 0.0000000000
97691  2.542  9.338  30.422 0.0000000000
97692  2.771  8.998  30.613 0.0000000000
97701  2.941  9.183  30.583 0.0000000000
97702  2.624  9.336  30.391 0.0000000000
97703  2.253  9.571  30.453 0.0000000000
97708  1.897  9.716  30.393 0.0000000000
97709  1.539  9.883  30.691 0.0000000000
97710  1.159  10.023  30.562 0.0000000000
97711  1.212  10.544  30.627 0.0000000000
98347  2.786  11.273  44.943 0.0000000000
98348  1.833  11.410  44.728 0.0000000000
98349  0.935  10.999  44.650 0.0000000000
98350  0.477  10.967  44.300 0.0000000000
98359  5.974  11.831  44.010 0.0000000000
98360  5.128  11.601  44.534 0.0000000000
98361  3.708  11.313  44.952 0.0000000000
98362  2.816  12.001  44.685 0.0000000000
98363  0.068  10.289  43.401 0.0000000000
98364  0.111  10.762  43.772 0.0000000000
98373  6.657  12.146  43.471 0.0000000000
98374  5.643  12.585  43.102 0.0000000000
98375  4.313  12.374  44.085 0.0000000000
98376  3.528  12.158  44.506 0.0000000000
98377  0.142  9.824  42.851 0.0000000000
98378  -0.349  10.612  42.903 0.0000000000
98388  7.171  12.658  42.177 0.0000000000
98389  6.577  12.736  42.225 0.0000000000
98390  0.037  9.824  41.482 0.0000000000
98391  -0.262  10.306  42.282 0.0000000000
98400  0.434  9.713  39.888 0.0000000000
98408  0.956  9.855  38.322 0.0000000000
98416  1.372  10.170  36.704 0.0000000000
98425  1.713  10.521  35.205 0.0000000000
98432  1.409  10.666  33.741 0.0000000000
98433  0.705  10.616  32.081 0.0000000000
98440  0.712  10.048  30.638 0.0000000000
98441  0.666  10.848  30.934 0.0000000000
98450  2.494  9.585  30.430 0.0000000000
98451  2.243  9.878  30.395 0.0000000000
98452  1.830  10.311  30.527 0.0000000000
98453  1.152  10.763  30.677 0.0000000000
98454  0.885  11.528  30.579 0.0000000000
98465  2.669  9.838  30.350 0.0000000000
98466  2.901  9.710  30.363 0.0000000000
98477  2.882  10.259  30.244 0.0000000000
98478  3.039  10.138  30.245 0.0000000000
98479  2.655  10.448  30.217 0.0000000000
98480  2.290  10.299  30.208 0.0000000000
98485  2.537  10.971  30.286 0.0000000000
98486  2.076  10.847  30.220 0.0000000000
98487  1.727  11.050  30.410 0.0000000000
98488  1.234  11.291  30.004 0.0000000000
98489  1.335  11.479  30.604 0.0000000000
99087  1.313  12.058  44.450 0.0000000000
99088  0.931  11.704  44.486 0.0000000000
99089  0.641  11.385  44.397 0.0000000000
99101  1.817  12.663  44.219 0.0000000000
99102  0.897  12.362  44.246 0.0000000000
99103  0.394  11.789  43.919 0.0000000000
99117  5.474  13.222  42.203 0.0000000000
99118  4.380  13.476  42.951 0.0000000000
99119  3.225  12.814  44.066 0.0000000000
99120  -0.264  11.552  42.918 0.0000000000
99137  6.978  13.115  41.183 0.0000000000
99138  6.203  13.207  41.505 0.0000000000
99139  5.444  13.723  41.520 0.0000000000
99140  -0.526  10.540  40.631 0.0000000000
99141  -0.731  10.911  41.833 0.0000000000
99155  7.371  13.533  40.196 0.0000000000
99156  6.780  13.521  40.312 0.0000000000
99157  6.151  13.663  40.549 0.0000000000
99158  -0.321  10.684  39.372 0.0000000000
99159  -0.962  11.456  40.520 0.0000000000
99168  0.245  10.904  37.849 0.0000000000
99169  -0.603  11.725  39.034 0.0000000000
99176  0.925  11.257  36.168 0.0000000000
99177  -0.353  11.775  37.590 0.0000000000
99184  1.647  11.399  34.653 0.0000000000
99190  1.443  11.459  33.315 0.0000000000
99191  1.057  11.584  32.058 0.0000000000
99197  1.022  12.026  31.321 0.0000000000
99210  2.396  10.252  30.289 0.0000000000
99211  2.119  10.691  30.236 0.0000000000
99212  1.817  11.236  30.405 0.0000000000
99213  1.292  11.819  30.632 0.0000000000
99214  0.917  12.397  30.595 0.0000000000
99224  2.685  10.631  30.235 0.0000000000
99237  2.946  10.981  30.269 0.0000000000
99238  3.041  11.326  30.226 0.0000000000
99239  2.793  11.282  30.193 0.0000000000
99248  2.966  11.888  30.004 0.0000000000
99249  2.684  11.757  30.002 0.0000000000
99250  2.266  11.945  30.046 0.0000000000
99251  1.895  12.246  30.149 0.0000000000
99252  1.736  12.616  30.197 0.0000000000
99258  1.817  13.521  30.121 0.0000000000
99868  1.452  13.416  43.712 0.0000000000
99869  0.883  13.028  43.783 0.0000000000
99870  0.575  12.525  43.764 0.0000000000
99882  3.578  14.233  42.804 0.0000000000
99883  2.480  13.840  43.414 0.0000000000
99884  0.865  13.988  43.224 0.0000000000
99885  0.100  12.915  43.050 0.0000000000
99899  4.356  14.534  41.924 0.0000000000
99900  3.017  14.826  42.664 0.0000000000
99901  1.823  14.685  42.834 0.0000000000
99902  -0.542  12.289  41.767 0.0000000000
99913  7.191  13.888  39.403 0.0000000000
99914  6.550  13.971  39.677 0.0000000000
99915  5.609  14.339  40.370 0.0000000000
99916  -0.824  12.803  40.367 0.0000000000
99927  7.505  14.252  38.653 0.0000000000
99928  6.925  14.266  38.810 0.0000000000
99929  6.296  14.450  39.255 0.0000000000
99930  -0.447  12.874  38.652 0.0000000000
99936  0.953  11.917  35.220 0.0000000000
99937  -0.322  12.537  36.613 0.0000000000
99944  1.355  12.064  34.067 0.0000000000
99945  0.192  12.759  34.897 0.0000000000
99951  1.445  12.033  33.118 0.0000000000
99952  1.031  12.715  33.071 0.0000000000
99958  0.865  13.099  31.611 0.0000000000
99972  2.438  10.964  30.324 0.0000000000
99973  2.170  11.732  30.193 0.0000000000
99974  1.803  12.238  30.209 0.0000000000
99975  1.341  12.792  30.420 0.0000000000
99976  0.816  13.340  30.614 0.0000000000
99988  2.682  11.670  30.237 0.0000000000
99989  2.445  12.434  29.948 0.0000000000
100000  3.262  12.041  30.200 0.0000000000
100001  3.057  12.422  30.050 0.0000000000
100009  3.048  12.639  29.869 0.0000000000
100010  2.811  12.787  29.849 0.0000000000
100011  2.474  13.019  29.832 0.0000000000
100012  2.153  13.352  29.994 0.0000000000
100013  1.918  13.705  29.675 0.0000000000
100017  1.925  14.178  29.877 0.0000000000
100662  0.360  14.214  42.525 0.0000000000
100663  0.246  13.795  42.647 0.0000000000
100668  3.557  15.375  42.002 0.0000000000
100669  2.278  15.589  42.261 0.0000000000
100670  0.791  14.937  42.366 0.0000000000
100671  -0.478  14.042  41.809 0.0000000000
100676  4.478  15.412  40.914 0.0000000000
100677  3.387  16.006  41.735 0.0000000000
100678  -0.763  14.173  40.112 0.0000000000
100688  7.265  14.656  38.162 0.0000000000
100689  6.500  14.925  38.499 0.0000000000
100690  5.607  15.082  39.502 0.0000000000
100691  -0.463  14.105  38.225 0.0000000000
100700  7.584  15.175  37.729 0.0000000000
100701  7.016  15.192  37.838 0.0000000000
100702  -0.370  13.846  36.256 0.0000000000
100711  -0.004  13.790  34.487 0.0000000000
100719  0.311  13.856  32.896 0.0000000000
100730  0.489  14.045  31.590 0.0000000000
100747  2.192  12.740  29.992 0.0000000000
100748  1.763  13.233  30.216 0.0000000000
100749  1.139  13.713  30.056 0.0000000000
100750  0.682  14.282  30.585 0.0000000000
100761  2.893  12.711  30.012 0.0000000000
100762  2.527  13.254  29.832 0.0000000000
100771  3.177  13.095  29.960 0.0000000000
100772  3.299  13.397  29.861 0.0000000000
100782  3.198  13.623  29.828 0.0000000000
100783  2.940  13.856  29.919 0.0000000000
100784  2.626  14.096  29.789 0.0000000000
100785  2.353  14.424  29.826 0.0000000000
100786  2.067  14.461  29.805 0.0000000000
100791  2.283  14.919  29.668 0.0000000000
100792  2.079  15.002  29.750 0.0000000000
101430  1.199  15.917  41.850 0.0000000000
101431  0.135  15.388  41.376 0.0000000000
101432  -0.658  14.912  40.902 0.0000000000
101436  3.877  16.392  41.191 0.0000000000
101437  2.448  16.777  41.698 0.0000000000
101438  0.627  16.607  41.266 0.0000000000
101439  -0.529  15.696  39.977 0.0000000000
101444  5.771  15.587  38.788 0.0000000000
101445  4.852  16.305  39.983 0.0000000000
101446  3.695  17.025  41.004 0.0000000000
101447  -0.266  15.351  37.780 0.0000000000
101452  7.825  15.816  37.401 0.0000000000
101453  7.258  15.873  37.476 0.0000000000
101454  6.367  15.860  38.008 0.0000000000
101455  5.525  16.233  38.693 0.0000000000
101456  -0.212  15.035  35.879 0.0000000000
101461  -0.058  14.812  34.178 0.0000000000
101469  0.184  14.824  32.772 0.0000000000
101480  0.248  14.964  31.522 0.0000000000
101497  2.187  13.722  29.982 0.0000000000
101498  1.533  14.235  29.991 0.0000000000
101499  0.971  14.624  29.810 0.0000000000
101500  0.512  15.177  30.510 0.0000000000
101511  2.951  13.760  29.931 0.0000000000
101512  2.500  14.289  29.847 0.0000000000
101522  3.484  14.182  29.828 0.0000000000
101523  3.508  14.449  29.798 0.0000000000
101534  3.304  14.619  29.744 0.0000000000
101535  3.032  14.838  29.609 0.0000000000
101536  2.730  15.031  29.456 0.0000000000
101537  2.488  15.271  29.467 0.0000000000
101542  2.303  15.562  29.465 0.0000000000
101543  2.300  15.956  29.567 0.0000000000
102167  1.530  17.763  41.062 0.0000000000
102168  0.195  17.277  40.304 0.0000000000
102169  -0.298  16.823  38.975 0.0000000000
102173  4.036  17.606  40.375 0.0000000000
102174  2.867  17.588  41.038 0.0000000000
102175  -0.190  16.423  37.226 0.0000000000
102179  8.002  16.455  37.149 0.0000000000
102180  7.656  16.633  37.020 0.0000000000
102181  6.774  16.850  37.314 0.0000000000
102182  5.695  16.868  38.227 0.0000000000
102183  5.000  16.950  39.218 0.0000000000
102184  0.089  16.015  35.405 0.0000000000
102186  7.696  17.023  36.862 0.0000000000
102187  7.452  17.083  36.926 0.0000000000
102188  0.042  15.618  33.884 0.0000000000
102194  0.125  15.779  32.736 0.0000000000
102201  0.166  15.852  31.421 0.0000000000
102211  2.001  14.709  29.796 0.0000000000
102212  1.364  15.093  29.541 0.0000000000
102213  0.798  15.584  29.670 0.0000000000
102214  0.379  15.922  30.452 0.0000000000
102225  2.986  15.175  29.766 0.0000000000
102226  2.383  15.238  29.703 0.0000000000
102227  1.840  15.678  29.678 0.0000000000
102228  1.216  15.915  29.362 0.0000000000
102240  3.792  15.525  29.700 0.0000000000
102241  3.593  15.256  29.702 0.0000000000
102253  3.666  15.972  29.496 0.0000000000
102254  3.421  15.638  29.387 0.0000000000
102255  3.093  15.769  29.322 0.0000000000
102256  2.779  15.920  29.285 0.0000000000
102257  2.543  15.913  29.425 0.0000000000
102268  2.752  16.329  29.244 0.0000000000
102269  2.509  16.409  29.198 0.0000000000
102270  2.506  16.807  29.336 0.0000000000
102907  1.567  18.331  40.679 0.0000000000
102908  0.798  18.367  40.385 0.0000000000
102909  -0.004  17.998  39.656 0.0000000000
102913  3.741  18.155  40.098 0.0000000000
102914  2.576  18.421  40.449 0.0000000000
102915  1.486  18.590  40.459 0.0000000000
102916  -0.213  17.736  38.380 0.0000000000
102920  8.102  17.092  36.877 0.0000000000
102921  7.940  16.869  36.900 0.0000000000
102922  6.650  17.483  37.199 0.0000000000
102923  5.975  17.788  37.723 0.0000000000
102924  4.711  18.013  39.401 0.0000000000
102925  3.719  18.470  40.097 0.0000000000
102926  -0.128  17.347  36.621 0.0000000000
102930  8.171  17.815  36.604 0.0000000000
102931  7.744  17.393  36.720 0.0000000000
102932  7.018  17.583  36.918 0.0000000000
102933  6.572  17.778  37.177 0.0000000000
102934  0.145  16.794  34.467 0.0000000000
102940  0.187  16.741  32.614 0.0000000000
102945  0.231  16.652  31.145 0.0000000000
102952  0.862  16.184  29.433 0.0000000000
102953  0.535  16.455  29.976 0.0000000000
102962  3.225  16.723  29.259 0.0000000000
102963  2.506  16.368  29.459 0.0000000000
102964  1.530  16.538  29.419 0.0000000000
102965  1.034  16.550  29.282 0.0000000000
102966  0.787  16.532  29.509 0.0000000000
102977  3.665  16.834  29.245 0.0000000000
102987  3.629  16.603  29.290 0.0000000000
102988  3.387  16.591  29.285 0.0000000000
102989  3.131  16.760  29.254 0.0000000000
102990  2.862  16.488  29.109 0.0000000000
103003  3.141  17.171  29.031 0.0000000000
103004  2.941  17.086  29.161 0.0000000000
103005  2.692  17.357  28.888 0.0000000000
103006  2.582  17.382  29.237 0.0000000000
103012  2.754  17.827  28.847 0.0000000000
103601  0.539  18.741  40.057 0.0000000000
103602  0.346  18.506  39.901 0.0000000000
103608  2.269  19.428  40.024 0.0000000000
103609  1.089  19.118  40.327 0.0000000000
103610  0.114  18.829  39.444 0.0000000000
103614  5.854  18.414  37.746 0.0000000000
103615  5.135  18.922  38.720 0.0000000000
103616  3.678  18.978  39.939 0.0000000000
103617  -0.157  18.604  37.826 0.0000000000
103620  8.294  18.508  36.466 0.0000000000
103621  7.895  18.367  36.435 0.0000000000
103622  7.257  18.296  36.650 0.0000000000
103623  6.424  18.361  37.286 0.0000000000
103624  5.809  18.739  37.814 0.0000000000
103625  0.076  18.193  35.944 0.0000000000
103630  0.368  17.846  34.003 0.0000000000
103635  0.375  17.633  32.229 0.0000000000
103642  0.377  17.409  30.692 0.0000000000
103651  3.223  17.547  28.961 0.0000000000
103652  2.855  17.748  29.091 0.0000000000
103653  1.982  17.496  29.376 0.0000000000
103654  1.094  17.297  29.093 0.0000000000
103655  0.730  17.051  29.660 0.0000000000
103665  3.405  17.796  28.871 0.0000000000
103666  3.207  17.896  28.824 0.0000000000
103676  3.744  17.743  28.985 0.0000000000
103677  3.587  17.584  28.951 0.0000000000
103678  3.391  17.162  29.075 0.0000000000
103688  3.612  18.187  28.772 0.0000000000
103689  3.354  17.746  28.852 0.0000000000
103690  3.090  18.235  28.716 0.0000000000
103691  2.821  18.026  28.670 0.0000000000
103697  3.189  18.898  28.534 0.0000000000
103698  3.024  18.752  28.762 0.0000000000
104273  2.048  20.013  39.990 0.0000000000
104274  1.226  19.926  39.991 0.0000000000
104275  0.506  19.610  39.758 0.0000000000
104281  4.696  19.802  38.859 0.0000000000
104282  3.302  20.068  39.815 0.0000000000
104283  0.599  20.121  39.616 0.0000000000
104284  0.079  19.739  38.856 0.0000000000
104288  8.495  19.226  36.517 0.0000000000
104289  8.121  19.173  36.443 0.0000000000
104290  7.580  19.108  36.608 0.0000000000
104291  6.808  19.152  37.141 0.0000000000
104292  5.710  19.457  38.035 0.0000000000
104293  -0.060  19.400  37.182 0.0000000000
104300  0.293  19.014  35.307 0.0000000000
104308  0.424  18.735  33.455 0.0000000000
104315  0.453  18.482  31.719 0.0000000000
104323  2.531  18.511  28.797 0.0000000000
104324  2.006  18.375  28.696 0.0000000000
104325  1.214  18.234  28.965 0.0000000000
104326  0.635  18.232  30.031 0.0000000000
104336  3.451  18.608  28.614 0.0000000000
104337  3.110  18.647  28.780 0.0000000000
104348  3.701  18.602  28.657 0.0000000000
104349  3.756  18.283  28.769 0.0000000000
104359  3.781  18.886  28.604 0.0000000000
104360  3.783  18.579  28.668 0.0000000000
104361  3.659  18.779  28.585 0.0000000000
104362  3.456  18.887  28.515 0.0000000000
104364  3.318  19.194  28.433 0.0000000000
104365  3.207  19.483  28.375 0.0000000000
104890  1.625  20.410  39.853 0.0000000000
104891  0.928  20.356  39.804 0.0000000000
104902  4.317  20.658  38.898 0.0000000000
104903  2.157  21.023  39.580 0.0000000000
104904  0.598  20.722  39.349 0.0000000000
104905  0.077  20.391  38.109 0.0000000000
104910  8.381  19.987  36.609 0.0000000000
104911  7.883  19.939  36.748 0.0000000000
104912  7.225  19.934  37.222 0.0000000000
104913  6.292  20.081  37.725 0.0000000000
104914  5.511  20.267  38.205 0.0000000000
104915  0.274  20.782  35.946 0.0000000000
104916  0.124  20.101  36.528 0.0000000000
104923  0.445  20.489  34.246 0.0000000000
104924  0.396  19.792  34.720 0.0000000000
104931  0.488  20.323  33.313 0.0000000000
104932  0.477  19.667  32.914 0.0000000000
104939  0.533  19.231  31.248 0.0000000000
104946  2.216  19.454  28.756 0.0000000000
104947  1.298  19.205  28.709 0.0000000000
104948  0.870  19.155  29.626 0.0000000000
104949  0.545  19.101  30.291 0.0000000000
104958  3.430  19.426  28.399 0.0000000000
104959  2.937  19.731  28.499 0.0000000000
104971  3.699  19.571  28.384 0.0000000000
104983  3.755  19.332  28.352 0.0000000000
104984  3.691  19.581  28.376 0.0000000000
104985  3.645  19.811  28.306 0.0000000000
104986  3.506  19.628  28.356 0.0000000000
104989  3.583  20.151  28.174 0.0000000000
104990  3.356  20.103  28.258 0.0000000000
104991  3.126  20.297  28.132 0.0000000000
105536  4.252  21.578  38.763 0.0000000000
105537  2.799  21.830  39.359 0.0000000000
105538  0.749  21.752  38.903 0.0000000000
105539  0.260  21.025  38.581 0.0000000000
105552  8.583  20.870  36.977 0.0000000000
105553  8.115  20.848  37.028 0.0000000000
105554  7.478  20.842  37.319 0.0000000000
105555  6.577  20.923  37.662 0.0000000000
105556  5.432  21.033  38.212 0.0000000000
105557  0.245  21.768  37.180 0.0000000000
105558  0.148  21.018  37.623 0.0000000000
105570  0.320  21.475  35.348 0.0000000000
105578  0.462  20.955  33.352 0.0000000000
105579  0.489  20.247  32.877 0.0000000000
105587  0.411  20.826  31.511 0.0000000000
105588  0.512  20.110  32.069 0.0000000000
105598  1.859  20.121  28.271 0.0000000000
105599  1.361  19.973  28.379 0.0000000000
105600  0.778  20.461  29.552 0.0000000000
105601  0.607  19.808  30.680 0.0000000000
105610  3.022  20.631  28.269 0.0000000000
105611  2.262  20.408  28.045 0.0000000000
105612  1.524  20.579  28.113 0.0000000000
105613  1.172  20.593  28.610 0.0000000000
105624  3.532  20.431  28.196 0.0000000000
105633  3.713  20.309  28.108 0.0000000000
105634  3.615  20.703  28.027 0.0000000000
105635  3.608  20.379  28.081 0.0000000000
105638  3.475  21.343  27.942 0.0000000000
105639  3.433  20.953  28.078 0.0000000000
105640  3.186  21.023  27.912 0.0000000000
105641  3.238  21.311  28.012 0.0000000000
106114  4.856  22.563  38.484 0.0000000000
106115  3.670  22.517  38.933 0.0000000000
106116  1.851  22.704  38.887 0.0000000000
106117  0.391  22.746  38.186 0.0000000000
106129  8.711  21.808  37.413 0.0000000000
106130  8.321  21.821  37.407 0.0000000000
106131  7.690  21.853  37.511 0.0000000000
106132  6.864  21.851  37.697 0.0000000000
106133  5.808  21.985  38.054 0.0000000000
106134  4.856  21.921  38.463 0.0000000000
106135  0.257  22.588  36.588 0.0000000000
106151  0.276  22.284  34.759 0.0000000000
106166  0.298  21.997  32.838 0.0000000000
106180  0.451  21.754  30.989 0.0000000000
106191  0.610  21.585  29.784 0.0000000000
106199  2.891  21.271  27.662 0.0000000000
106200  2.467  21.258  27.649 0.0000000000
106201  1.723  21.277  27.752 0.0000000000
106202  1.025  21.470  28.758 0.0000000000
106214  3.192  21.351  28.029 0.0000000000
106221  3.551  21.340  28.019 0.0000000000
106222  3.608  21.559  27.950 0.0000000000
106224  3.466  21.762  27.910 0.0000000000
106225  3.385  21.993  27.837 0.0000000000
106226  3.166  21.995  27.706 0.0000000000
106227  3.418  21.887  27.887 0.0000000000
106230  2.845  22.317  27.547 0.0000000000
106231  2.882  22.385  27.638 0.0000000000
106702  6.296  23.372  38.293 0.0000000000
106703  5.478  23.114  38.330 0.0000000000
106704  4.235  23.361  38.727 0.0000000000
106705  2.740  23.539  38.854 0.0000000000
106706  1.204  23.643  38.512 0.0000000000
106712  8.595  22.818  37.688 0.0000000000
106713  8.004  22.904  37.805 0.0000000000
106714  7.100  22.976  38.021 0.0000000000
106715  6.349  22.635  38.068 0.0000000000
106716  0.276  23.614  37.582 0.0000000000
106723  0.044  23.488  36.119 0.0000000000
106732  0.155  23.249  34.276 0.0000000000
106745  0.254  23.003  32.328 0.0000000000
106757  0.472  22.723  30.183 0.0000000000
106769  2.570  22.093  27.721 0.0000000000
106770  2.054  22.090  27.468 0.0000000000
106771  1.411  22.285  28.066 0.0000000000
106772  0.958  22.481  28.925 0.0000000000
106782  3.198  22.371  27.880 0.0000000000
106784  3.621  22.676  27.721 0.0000000000
106785  3.422  22.214  27.845 0.0000000000
106787  3.005  23.297  27.427 0.0000000000
106788  3.153  22.837  27.675 0.0000000000
106789  2.924  23.086  27.630 0.0000000000
106790  2.989  22.730  27.669 0.0000000000
106793  2.668  23.788  27.379 0.0000000000
106794  2.511  23.235  27.230 0.0000000000
106795  2.495  23.837  27.394 0.0000000000
107298  5.768  23.923  38.461 0.0000000000
107299  4.835  24.074  38.531 0.0000000000
107300  3.576  24.327  38.719 0.0000000000
107301  2.086  24.516  38.581 0.0000000000
107302  0.712  24.532  38.186 0.0000000000
107308  8.884  23.741  37.869 0.0000000000
107309  8.431  23.943  38.048 0.0000000000
107310  7.645  24.098  38.242 0.0000000000
107311  6.564  24.296  38.411 0.0000000000
107312  0.145  24.502  37.184 0.0000000000
107320  -0.074  24.474  35.731 0.0000000000
107329  0.039  24.262  33.823 0.0000000000
107337  0.100  24.075  31.927 0.0000000000
107342  0.389  24.052  30.509 0.0000000000
107347  2.536  22.585  27.258 0.0000000000
107348  2.298  22.733  27.294 0.0000000000
107349  1.713  23.127  27.489 0.0000000000
107350  1.104  23.521  29.010 0.0000000000
107352  2.576  23.088  27.605 0.0000000000
107353  2.066  23.620  27.193 0.0000000000
107354  1.771  23.940  27.262 0.0000000000
107357  2.904  23.609  27.497 0.0000000000
107360  2.774  23.804  27.142 0.0000000000
107361  2.887  23.973  27.012 0.0000000000
107362  2.796  23.616  27.166 0.0000000000
107366  2.745  24.400  26.913 0.0000000000
107367  2.631  24.245  27.117 0.0000000000
107368  2.383  24.360  26.888 0.0000000000
107369  2.100  24.398  26.735 0.0000000000
107370  2.076  24.660  26.907 0.0000000000
107983  5.449  24.763  38.508 0.0000000000
107984  4.335  24.979  38.564 0.0000000000
107985  3.086  25.395  38.483 0.0000000000
107986  1.337  25.533  38.205 0.0000000000
107987  0.470  25.092  37.793 0.0000000000
108000  8.845  24.987  37.835 0.0000000000
108001  8.153  25.165  38.037 0.0000000000
108002  7.239  25.350  38.222 0.0000000000
108003  6.115  25.579  38.356 0.0000000000
108004  4.855  25.659  38.398 0.0000000000
108005  3.995  25.580  38.437 0.0000000000
108006  0.870  26.115  37.794 0.0000000000
108007  0.257  25.599  37.075 0.0000000000
108017  -0.084  25.485  35.236 0.0000000000
108023  -0.145  25.302  33.334 0.0000000000
108028  0.006  25.121  31.557 0.0000000000
108030  0.509  24.839  30.020 0.0000000000
108032  1.518  24.026  27.853 0.0000000000
108033  1.260  24.626  28.802 0.0000000000
108036  2.182  24.465  27.193 0.0000000000
108037  1.897  24.503  27.102 0.0000000000
108038  1.616  24.558  27.465 0.0000000000
108039  1.535  24.581  28.030 0.0000000000
108042  2.512  25.552  26.706 0.0000000000
108043  2.549  24.717  27.136 0.0000000000
108045  2.642  25.648  26.551 0.0000000000
108046  2.681  25.042  26.797 0.0000000000
108047  2.664  24.655  26.899 0.0000000000
108050  2.316  25.676  26.413 0.0000000000
108051  2.427  25.225  26.733 0.0000000000
108052  2.159  25.189  26.561 0.0000000000
108053  2.094  25.540  26.603 0.0000000000
108054  1.870  25.277  26.526 0.0000000000
108055  1.754  25.228  26.729 0.0000000000
108057  2.055  26.286  26.595 0.0000000000
108058  1.812  26.130  26.777 0.0000000000
108059  1.834  25.857  26.682 0.0000000000
108614  3.074  25.878  38.331 0.0000000000
108615  2.541  25.939  38.286 0.0000000000
108627  8.969  26.097  37.431 0.0000000000
108628  8.563  26.170  37.594 0.0000000000
108629  7.817  26.299  37.735 0.0000000000
108630  6.835  26.464  37.854 0.0000000000
108631  5.465  26.643  37.879 0.0000000000
108632  3.567  26.263  38.135 0.0000000000
108633  1.799  26.441  37.830 0.0000000000
108634  0.660  26.584  37.326 0.0000000000
108646  8.822  26.881  36.890 0.0000000000
108647  8.318  27.119  37.078 0.0000000000
108648  7.536  27.262  37.275 0.0000000000
108649  6.580  27.400  37.283 0.0000000000
108650  5.652  27.628  37.275 0.0000000000
108651  0.196  26.521  36.287 0.0000000000
108661  -0.124  26.499  34.643 0.0000000000
108672  -0.209  26.331  32.748 0.0000000000
108683  0.148  26.023  30.999 0.0000000000
108693  0.810  25.637  29.522 0.0000000000
108698  2.132  25.234  26.789 0.0000000000
108699  1.926  25.347  26.908 0.0000000000
108700  1.709  25.264  27.282 0.0000000000
108701  1.498  25.236  28.277 0.0000000000
108703  2.339  26.259  26.505 0.0000000000
108704  2.256  25.612  26.705 0.0000000000
108705  2.092  25.822  26.916 0.0000000000
108707  2.599  26.143  26.480 0.0000000000
108708  2.447  25.773  26.394 0.0000000000
108711  2.476  26.738  26.393 0.0000000000
108712  2.452  26.319  26.344 0.0000000000
108713  2.219  26.260  26.211 0.0000000000
108714  2.125  26.187  26.417 0.0000000000
108715  2.058  25.860  26.497 0.0000000000
108717  2.100  26.749  26.262 0.0000000000
108718  2.075  26.568  26.451 0.0000000000
108719  1.948  26.719  26.123 0.0000000000
108720  1.774  26.729  26.446 0.0000000000
109212  4.417  27.354  37.480 0.0000000000
109213  2.824  27.263  37.507 0.0000000000
109214  1.326  27.248  37.197 0.0000000000
109215  0.591  27.013  36.794 0.0000000000
109223  8.717  27.640  35.833 0.0000000000
109224  8.048  27.836  36.449 0.0000000000
109225  7.284  27.947  36.618 0.0000000000
109226  6.431  28.218  36.433 0.0000000000
109227  5.139  28.195  36.860 0.0000000000
109228  3.699  28.093  37.067 0.0000000000
109229  2.197  27.999  36.904 0.0000000000
109230  0.647  27.588  35.970 0.0000000000
109236  8.687  28.079  35.088 0.0000000000
109237  8.335  28.065  35.349 0.0000000000
109238  7.653  28.211  35.756 0.0000000000
109239  7.079  28.213  35.939 0.0000000000
109240  -0.047  27.532  33.984 0.0000000000
109247  0.082  27.266  32.038 0.0000000000
109254  0.566  26.782  30.342 0.0000000000
109264  1.682  26.800  28.627 0.0000000000
109265  1.344  26.249  29.077 0.0000000000
109273  2.106  26.385  27.366 0.0000000000
109274  1.675  26.276  27.116 0.0000000000
109275  1.702  25.925  28.018 0.0000000000
109278  2.529  26.949  26.391 0.0000000000
109279  2.311  26.758  26.508 0.0000000000
109280  2.134  26.505  26.595 0.0000000000
109281  1.889  26.529  26.660 0.0000000000
109284  2.732  27.068  26.385 0.0000000000
109287  2.671  27.216  26.197 0.0000000000
109288  2.340  27.297  25.897 0.0000000000
109289  2.199  26.937  26.043 0.0000000000
109290  2.205  26.896  26.301 0.0000000000
109293  2.439  28.034  25.791 0.0000000000
109294  2.434  27.763  25.946 0.0000000000
109295  2.288  27.412  26.153 0.0000000000
109296  2.194  27.649  26.046 0.0000000000
109297  2.060  27.296  25.977 0.0000000000
109298  1.897  27.446  26.478 0.0000000000
109302  2.165  28.245  25.705 0.0000000000
109303  2.050  28.078  25.860 0.0000000000
109304  2.001  27.853  26.156 0.0000000000
109799  6.446  28.462  35.834 0.0000000000
109800  5.926  28.639  36.096 0.0000000000
109801  4.422  28.943  36.539 0.0000000000
109802  2.980  28.576  36.692 0.0000000000
109803  1.789  28.498  36.192 0.0000000000
109809  8.578  28.345  34.627 0.0000000000
109810  8.014  28.504  34.839 0.0000000000
109811  6.922  28.720  35.368 0.0000000000
109812  5.734  29.236  35.758 0.0000000000
109813  4.754  29.587  36.116 0.0000000000
109814  0.870  28.467  35.077 0.0000000000
109820  8.442  28.812  34.121 0.0000000000
109821  7.831  29.068  34.322 0.0000000000
109822  7.229  29.373  34.506 0.0000000000
109823  0.560  28.400  33.331 0.0000000000
109827  1.314  28.228  30.530 0.0000000000
109828  0.960  28.101  31.160 0.0000000000
109832  1.529  27.866  29.734 0.0000000000
109833  1.275  27.176  29.744 0.0000000000
109841  1.883  27.476  28.065 0.0000000000
109846  2.514  27.245  26.139 0.0000000000
109847  2.408  27.499  26.263 0.0000000000
109848  2.153  27.346  26.230 0.0000000000
109849  1.857  27.295  26.582 0.0000000000
109852  2.802  27.504  26.237 0.0000000000
109853  2.795  28.163  26.036 0.0000000000
109856  2.831  27.746  26.035 0.0000000000
109857  2.883  27.991  25.982 0.0000000000
109860  2.892  28.240  25.822 0.0000000000
109861  2.631  28.458  25.676 0.0000000000
109862  2.406  28.382  25.649 0.0000000000
109863  2.289  28.090  25.621 0.0000000000
109867  2.416  28.800  25.553 0.0000000000
109868  2.252  28.641  25.611 0.0000000000
109869  2.122  28.692  25.369 0.0000000000
109870  2.087  28.467  25.539 0.0000000000
110329  3.797  29.529  36.367 0.0000000000
110330  2.612  29.137  36.388 0.0000000000
110331  1.586  28.915  35.760 0.0000000000
110336  6.472  29.542  34.985 0.0000000000
110337  5.421  29.994  35.526 0.0000000000
110338  4.106  30.072  36.105 0.0000000000
110339  2.708  29.815  36.353 0.0000000000
110340  1.296  29.284  35.100 0.0000000000
110346  8.353  29.472  33.689 0.0000000000
110347  7.680  29.692  33.861 0.0000000000
110348  6.940  29.919  34.293 0.0000000000
110349  6.230  30.104  34.810 0.0000000000
110350  1.023  29.121  31.876 0.0000000000
110351  0.802  29.077  32.848 0.0000000000
110355  1.272  28.715  30.795 0.0000000000
110356  1.053  28.792  31.631 0.0000000000
110361  1.726  28.614  29.309 0.0000000000
110369  1.931  28.419  27.614 0.0000000000
110375  2.399  28.109  25.934 0.0000000000
110376  2.150  28.127  26.049 0.0000000000
110377  1.920  28.508  26.374 0.0000000000
110379  3.213  28.434  25.579 0.0000000000
110380  2.753  28.716  25.623 0.0000000000
110381  2.350  28.715  25.600 0.0000000000
110382  2.123  28.781  25.768 0.0000000000
110385  2.927  28.681  25.565 0.0000000000
110386  2.723  28.451  25.755 0.0000000000
110389  2.895  29.339  25.395 0.0000000000
110390  2.765  29.008  25.382 0.0000000000
110391  2.588  29.333  25.360 0.0000000000
110392  2.478  29.025  25.471 0.0000000000
110395  2.610  30.045  25.092 0.0000000000
110396  2.486  29.547  25.250 0.0000000000
110397  2.345  29.534  25.028 0.0000000000
110398  2.244  29.388  25.095 0.0000000000
110864  4.531  30.746  35.662 0.0000000000
110865  3.020  30.594  36.276 0.0000000000
110866  1.661  30.283  35.883 0.0000000000
110867  0.926  29.950  34.379 0.0000000000
110877  8.218  30.273  33.373 0.0000000000
110878  7.407  30.473  33.749 0.0000000000
110879  6.471  30.652  34.461 0.0000000000
110880  5.625  30.581  35.093 0.0000000000
110881  0.990  29.383  31.555 0.0000000000
110882  0.690  29.754  32.668 0.0000000000
110894  0.992  29.710  30.662 0.0000000000
110895  0.746  29.851  31.774 0.0000000000
110907  1.714  29.529  28.867 0.0000000000
110920  1.945  29.399  27.230 0.0000000000
110930  1.985  29.413  26.057 0.0000000000
110937  3.316  29.019  25.350 0.0000000000
110938  3.077  29.434  25.372 0.0000000000
110939  2.627  29.382  25.444 0.0000000000
110940  2.373  29.436  25.567 0.0000000000
110943  3.070  29.638  25.179 0.0000000000
110944  3.212  29.877  24.991 0.0000000000
110952  2.930  29.830  25.131 0.0000000000
110953  2.729  29.994  25.077 0.0000000000
110954  2.739  30.257  25.054 0.0000000000
110962  2.677  30.676  24.909 0.0000000000
110963  2.890  30.812  24.961 0.0000000000
110964  2.581  30.555  24.990 0.0000000000
110965  2.518  30.542  24.762 0.0000000000
110966  2.485  30.313  24.708 0.0000000000
110967  2.335  30.237  24.779 0.0000000000
110975  2.559  31.047  24.650 0.0000000000
110976  2.427  31.114  24.476 0.0000000000
111432  4.472  31.177  35.546 0.0000000000
111433  3.636  31.330  35.907 0.0000000000
111434  2.016  31.225  36.247 0.0000000000
111435  0.860  31.016  35.483 0.0000000000
111450  8.700  31.021  32.909 0.0000000000
111451  7.984  31.161  33.216 0.0000000000
111452  6.953  31.455  33.786 0.0000000000
111453  5.256  31.468  35.069 0.0000000000
111454  3.907  32.053  35.611 0.0000000000
111455  0.205  30.787  34.080 0.0000000000
111470  8.974  31.726  32.578 0.0000000000
111471  8.524  31.778  32.613 0.0000000000
111472  7.797  31.968  32.899 0.0000000000
111473  7.149  32.271  33.334 0.0000000000
111474  0.222  30.561  30.877 0.0000000000
111475  0.126  30.664  32.170 0.0000000000
111487  0.730  30.499  29.801 0.0000000000
111500  1.769  30.434  28.358 0.0000000000
111511  2.028  30.335  26.796 0.0000000000
111523  2.790  29.946  25.165 0.0000000000
111524  2.637  30.116  25.291 0.0000000000
111525  2.334  30.353  25.670 0.0000000000
111537  3.192  30.385  24.882 0.0000000000
111538  2.993  30.366  25.093 0.0000000000
111539  2.501  30.541  25.207 0.0000000000
111540  2.395  30.752  25.292 0.0000000000
111549  3.109  30.780  24.774 0.0000000000
111550  2.977  30.428  25.050 0.0000000000
111555  2.899  31.456  24.726 0.0000000000
111556  2.772  31.090  24.729 0.0000000000
111557  2.720  31.311  24.621 0.0000000000
111558  2.551  31.443  24.713 0.0000000000
111559  2.551  31.055  24.815 0.0000000000
111562  2.567  31.961  24.588 0.0000000000
111563  2.559  31.646  24.583 0.0000000000
111564  2.569  31.846  24.312 0.0000000000
111565  2.517  32.070  24.173 0.0000000000
112060  2.596  31.965  36.017 0.0000000000
112061  1.274  32.051  35.904 0.0000000000
112062  0.309  31.804  35.089 0.0000000000
112067  6.275  32.304  34.059 0.0000000000
112068  4.992  32.758  34.769 0.0000000000
112069  3.145  32.643  35.715 0.0000000000
112070  2.095  32.417  35.909 0.0000000000
112071  -0.232  31.700  33.665 0.0000000000
112081  8.908  32.380  32.309 0.0000000000
112082  8.302  32.530  32.388 0.0000000000
112083  7.553  32.708  32.723 0.0000000000
112084  6.720  32.843  33.300 0.0000000000
112085  6.051  32.874  33.890 0.0000000000
112086  -0.143  31.491  30.947 0.0000000000
112087  -0.286  31.604  32.382 0.0000000000
112097  1.334  32.177  28.543 0.0000000000
112098  0.786  31.373  29.179 0.0000000000
112107  1.880  32.054  27.306 0.0000000000
112108  1.876  31.298  27.816 0.0000000000
112119  1.971  32.009  26.514 0.0000000000
112120  2.093  31.348  26.293 0.0000000000
112134  2.803  30.528  25.018 0.0000000000
112135  2.712  30.588  25.145 0.0000000000
112136  2.376  31.050  25.441 0.0000000000
112150  2.896  31.428  24.804 0.0000000000
112151  2.755  31.253  24.900 0.0000000000
112152  2.680  31.065  25.060 0.0000000000
112153  2.541  30.904  25.168 0.0000000000
112157  3.025  31.882  24.741 0.0000000000
112160  2.905  32.000  24.367 0.0000000000
112161  2.772  32.312  24.346 0.0000000000
112162  2.713  32.085  24.392 0.0000000000
112163  2.560  32.208  24.553 0.0000000000
112167  2.635  32.872  24.043 0.0000000000
112168  2.645  32.775  24.246 0.0000000000
112169  2.565  32.533  24.335 0.0000000000
112170  2.495  32.730  24.201 0.0000000000
112171  2.527  32.592  24.028 0.0000000000
112182  2.482  33.447  23.931 0.0000000000
112183  2.464  33.635  23.802 0.0000000000
112673  1.130  32.457  35.759 0.0000000000
112674  0.749  32.429  35.601 0.0000000000
112679  5.030  33.509  34.595 0.0000000000
112680  3.832  33.463  35.365 0.0000000000
112681  1.687  32.987  35.624 0.0000000000
112682  0.211  32.828  34.762 0.0000000000
112691  8.709  33.204  32.294 0.0000000000
112692  7.979  33.318  32.405 0.0000000000
112693  7.137  33.414  32.883 0.0000000000
112694  6.017  33.491  33.771 0.0000000000
112695  -0.216  32.470  31.164 0.0000000000
112696  -0.192  32.676  32.626 0.0000000000
112706  0.957  32.827  28.824 0.0000000000
112707  0.073  32.590  29.822 0.0000000000
112718  1.654  32.876  28.068 0.0000000000
112731  2.005  32.658  26.730 0.0000000000
112732  2.087  32.052  26.074 0.0000000000
112745  2.199  32.598  25.694 0.0000000000
112746  2.312  31.746  25.523 0.0000000000
112755  2.878  31.944  24.450 0.0000000000
112756  2.786  32.156  24.485 0.0000000000
112757  2.542  32.215  24.898 0.0000000000
112758  2.541  31.361  25.157 0.0000000000
112763  2.813  32.410  24.406 0.0000000000
112764  2.736  33.011  24.126 0.0000000000
112766  2.815  32.987  24.216 0.0000000000
112767  2.757  32.655  24.220 0.0000000000
112770  2.717  33.653  23.727 0.0000000000
112771  2.662  33.358  23.904 0.0000000000
112772  2.654  33.711  23.754 0.0000000000
112773  2.641  33.351  23.946 0.0000000000
112774  2.562  33.122  24.092 0.0000000000
112782  2.738  34.295  23.406 0.0000000000
112783  2.669  34.212  23.598 0.0000000000
112784  2.541  33.923  23.746 0.0000000000
112785  2.451  34.385  23.611 0.0000000000
112786  2.442  34.698  23.300 0.0000000000
113357  4.937  34.266  34.589 0.0000000000
113358  2.821  34.293  35.506 0.0000000000
113359  0.904  34.161  35.344 0.0000000000
113360  -0.003  33.994  34.021 0.0000000000
113365  8.359  34.067  32.490 0.0000000000
113366  7.546  34.081  32.683 0.0000000000
113367  6.660  34.096  33.177 0.0000000000
113368  6.005  34.135  33.737 0.0000000000
113369  -0.121  33.204  31.388 0.0000000000
113370  -0.137  33.881  32.453 0.0000000000
113375  0.503  33.812  28.870 0.0000000000
113376  -0.371  33.761  30.470 0.0000000000
113377  -0.129  33.828  31.542 0.0000000000
113381  1.932  33.721  27.546 0.0000000000
113386  2.221  33.587  26.250 0.0000000000
113390  2.207  33.501  25.158 0.0000000000
113395  2.580  32.876  24.262 0.0000000000
113410  2.799  34.327  23.532 0.0000000000
113411  2.742  34.540  23.392 0.0000000000
113417  2.669  34.980  23.278 0.0000000000
113418  2.573  35.176  23.102 0.0000000000
113419  2.504  34.984  23.111 0.0000000000
113420  2.360  35.262  23.017 0.0000000000
113421  2.299  35.538  22.792 0.0000000000
114012  5.167  35.173  34.511 0.0000000000
114013  3.796  35.324  35.201 0.0000000000
114014  1.928  35.374  35.380 0.0000000000
114015  0.361  35.290  34.812 0.0000000000
114021  7.900  34.864  32.992 0.0000000000
114022  7.030  34.796  33.274 0.0000000000
114023  6.037  34.738  33.813 0.0000000000
114024  -0.177  35.340  31.857 0.0000000000
114025  -0.324  35.135  33.275 0.0000000000
114032  0.399  35.306  28.993 0.0000000000
114033  -0.068  34.961  30.487 0.0000000000
114034  -0.125  34.481  31.702 0.0000000000
114040  1.528  34.802  27.905 0.0000000000
114046  2.367  34.590  27.026 0.0000000000
114672  7.730  36.834  34.465 0.0000000000
114673  6.670  36.772  34.632 0.0000000000
114674  5.115  36.294  34.892 0.0000000000
114675  3.004  36.574  35.563 0.0000000000
114676  1.161  36.574  35.360 0.0000000000
114677  -0.181  36.495  34.404 0.0000000000
114683  8.171  35.785  33.624 0.0000000000
114684  7.362  35.710  33.769 0.0000000000
114685  6.376  35.558  34.051 0.0000000000
114686  5.733  35.389  34.268 0.0000000000
114687  -0.131  35.752  31.327 0.0000000000
114688  -0.516  36.477  32.549 0.0000000000
114698  0.470  36.103  29.114 0.0000000000
114699  0.010  36.293  30.440 0.0000000000
114700  -0.100  37.258  31.541 0.0000000000
114706  1.241  36.098  28.035 0.0000000000
114711  2.104  35.392  27.390 0.0000000000
115320  7.229  37.955  34.835 0.0000000000
115321  5.901  37.903  35.124 0.0000000000
115322  4.157  37.905  35.557 0.0000000000
115323  2.237  37.889  35.507 0.0000000000
115324  0.555  37.787  35.096 0.0000000000
115325  -0.226  37.722  33.874 0.0000000000
115332  -0.416  37.871  32.567 0.0000000000
115344  0.417  36.810  29.251 0.0000000000
115345  0.099  37.749  30.526 0.0000000000
115346  -0.344  37.947  31.657 0.0000000000
115358  0.347  37.559  29.348 0.0000000000
115974  1.452  39.040  35.252 0.0000000000
115975  0.276  38.804  34.529 0.0000000000
115993  -0.273  38.846  33.459 0.0000000000
116009  -0.430  38.946  31.932 0.0000000000
116608  -0.024  39.429  34.039 0.0000000000
