#!ascii label  , from subject bert vox2ras=TkReg
2313
1572  6.249  -95.872  10.440 0.0000000000
1573  5.407  -95.379  10.149 0.0000000000
1588  6.249  -96.463  9.899 0.0000000000
1589  5.647  -95.866  9.643 0.0000000000
1607  6.316  -96.479  8.895 0.0000000000
1608  5.741  -95.956  8.969 0.0000000000
1619  6.374  -96.258  7.557 0.0000000000
1921  7.326  -94.869  11.318 0.0000000000
1922  6.297  -94.889  11.040 0.0000000000
1923  5.065  -94.638  10.361 0.0000000000
1924  4.016  -93.974  9.996 0.0000000000
1925  3.624  -93.761  9.788 0.0000000000
1938  4.900  -95.010  9.531 0.0000000000
1939  4.053  -94.369  9.594 0.0000000000
1940  3.442  -93.877  9.450 0.0000000000
1955  5.856  -95.992  8.338 0.0000000000
1956  5.196  -95.479  8.608 0.0000000000
1957  4.040  -94.592  8.489 0.0000000000
1958  3.405  -94.116  8.999 0.0000000000
1968  5.762  -95.646  7.372 0.0000000000
1969  4.753  -95.122  7.365 0.0000000000
1970  3.802  -94.581  7.248 0.0000000000
1971  3.202  -94.181  7.100 0.0000000000
1979  5.492  -95.437  6.070 0.0000000000
1980  4.361  -94.872  6.156 0.0000000000
1981  3.447  -94.407  6.355 0.0000000000
1982  2.946  -94.030  6.604 0.0000000000
1998  5.078  -95.165  4.742 0.0000000000
1999  3.617  -94.508  5.008 0.0000000000
2000  2.979  -94.145  5.862 0.0000000000
2014  4.661  -94.796  3.345 0.0000000000
2029  5.759  -95.176  2.089 0.0000000000
2030  4.885  -94.761  2.097 0.0000000000
2045  6.448  -95.272  0.791 0.0000000000
2046  5.354  -94.977  1.216 0.0000000000
2047  4.583  -94.655  1.500 0.0000000000
2053  6.368  -95.078  -0.240 0.0000000000
2054  5.683  -94.994  0.257 0.0000000000
2055  4.699  -94.611  0.593 0.0000000000
2064  6.298  -95.004  -0.610 0.0000000000
2065  5.928  -94.962  -0.513 0.0000000000
2066  5.196  -94.672  -0.246 0.0000000000
2298  7.769  -93.720  11.093 0.0000000000
2299  6.679  -93.814  11.226 0.0000000000
2300  5.536  -93.834  10.918 0.0000000000
2301  4.489  -93.678  10.400 0.0000000000
2302  3.748  -93.541  10.010 0.0000000000
2303  3.390  -93.520  9.541 0.0000000000
2304  3.095  -93.356  9.257 0.0000000000
2317  3.124  -93.579  9.185 0.0000000000
2318  2.877  -93.308  9.005 0.0000000000
2332  3.189  -94.028  8.316 0.0000000000
2333  2.900  -93.534  8.617 0.0000000000
2334  2.708  -92.973  8.558 0.0000000000
2346  3.314  -94.219  7.758 0.0000000000
2347  2.718  -93.675  7.328 0.0000000000
2348  2.285  -92.749  7.478 0.0000000000
2356  2.589  -93.750  6.203 0.0000000000
2357  2.031  -93.114  6.004 0.0000000000
2368  3.075  -94.244  4.632 0.0000000000
2369  2.566  -93.924  5.019 0.0000000000
2370  1.864  -93.198  4.575 0.0000000000
2385  3.204  -94.245  3.822 0.0000000000
2386  2.270  -93.630  3.791 0.0000000000
2387  1.819  -93.218  3.759 0.0000000000
2399  3.831  -94.507  2.298 0.0000000000
2400  2.689  -93.916  2.616 0.0000000000
2401  1.845  -93.229  2.903 0.0000000000
2402  1.617  -92.808  2.713 0.0000000000
2419  3.992  -94.510  1.290 0.0000000000
2420  3.180  -94.188  1.445 0.0000000000
2421  2.163  -93.492  1.465 0.0000000000
2422  1.647  -92.867  2.134 0.0000000000
2436  7.214  -95.073  -0.262 0.0000000000
2437  3.764  -94.363  0.641 0.0000000000
2438  2.993  -93.973  0.418 0.0000000000
2439  2.240  -93.434  0.142 0.0000000000
2451  6.531  -94.923  -1.074 0.0000000000
2452  5.396  -94.658  -1.078 0.0000000000
2453  4.084  -94.338  -0.501 0.0000000000
2454  2.818  -93.772  -0.596 0.0000000000
2455  2.244  -93.409  -0.571 0.0000000000
2466  7.178  -94.516  -2.230 0.0000000000
2467  5.937  -94.566  -2.133 0.0000000000
2468  4.618  -94.296  -1.936 0.0000000000
2469  3.294  -93.906  -1.669 0.0000000000
2470  2.320  -93.413  -1.267 0.0000000000
2482  6.585  -94.118  -3.181 0.0000000000
2483  5.268  -94.129  -3.065 0.0000000000
2484  3.775  -93.878  -3.049 0.0000000000
2485  2.507  -93.380  -2.447 0.0000000000
2500  5.933  -93.832  -3.807 0.0000000000
2501  4.806  -93.645  -4.123 0.0000000000
2502  3.731  -93.518  -3.947 0.0000000000
2677  8.223  -92.698  10.986 0.0000000000
2678  7.274  -92.696  11.203 0.0000000000
2679  6.163  -92.805  10.965 0.0000000000
2680  5.025  -92.887  10.515 0.0000000000
2681  4.017  -92.960  10.049 0.0000000000
2682  3.421  -93.116  9.623 0.0000000000
2683  3.222  -93.245  9.435 0.0000000000
2697  10.464  -92.283  10.083 0.0000000000
2698  9.048  -92.035  10.586 0.0000000000
2699  7.927  -91.879  10.876 0.0000000000
2700  6.837  -91.768  10.812 0.0000000000
2701  5.685  -92.019  10.423 0.0000000000
2702  4.514  -92.070  9.755 0.0000000000
2703  3.442  -92.371  9.215 0.0000000000
2704  2.964  -92.974  9.114 0.0000000000
2718  6.757  -91.388  10.515 0.0000000000
2719  6.225  -91.442  10.219 0.0000000000
2720  5.335  -91.527  9.769 0.0000000000
2721  3.119  -91.973  8.716 0.0000000000
2722  2.647  -92.229  8.322 0.0000000000
2734  1.998  -91.792  7.086 0.0000000000
2741  1.667  -92.091  6.015 0.0000000000
2742  1.473  -91.944  4.988 0.0000000000
2749  1.555  -92.536  4.963 0.0000000000
2750  1.428  -92.099  4.182 0.0000000000
2760  1.598  -92.714  3.726 0.0000000000
2761  1.467  -92.211  3.536 0.0000000000
2771  1.620  -92.783  3.032 0.0000000000
2772  1.482  -92.371  2.799 0.0000000000
2788  1.689  -92.911  1.447 0.0000000000
2789  1.468  -92.270  1.521 0.0000000000
2802  1.752  -92.921  0.712 0.0000000000
2803  1.545  -92.281  0.247 0.0000000000
2814  1.855  -92.956  -0.465 0.0000000000
2815  1.582  -92.345  -0.722 0.0000000000
2826  1.802  -92.717  -1.624 0.0000000000
2827  1.523  -92.116  -1.252 0.0000000000
2839  6.572  -93.713  -3.884 0.0000000000
2840  2.887  -93.208  -3.674 0.0000000000
2841  1.882  -92.420  -2.990 0.0000000000
2842  1.584  -92.155  -1.948 0.0000000000
2860  6.356  -93.247  -4.631 0.0000000000
2861  5.038  -93.023  -5.127 0.0000000000
2862  3.703  -92.991  -4.724 0.0000000000
2863  2.480  -92.389  -4.419 0.0000000000
2880  5.990  -92.411  -5.729 0.0000000000
2881  4.394  -92.263  -5.924 0.0000000000
2882  3.026  -92.220  -5.249 0.0000000000
2883  2.534  -92.117  -4.931 0.0000000000
3076  11.159  -91.259  9.633 0.0000000000
3077  9.872  -91.108  9.844 0.0000000000
3078  8.568  -91.168  10.332 0.0000000000
3079  7.530  -91.325  10.486 0.0000000000
3080  7.004  -91.395  10.555 0.0000000000
3081  3.779  -91.756  9.048 0.0000000000
3082  3.384  -91.884  8.838 0.0000000000
3094  11.965  -91.174  9.574 0.0000000000
3095  9.709  -90.580  9.444 0.0000000000
3096  8.973  -90.616  9.220 0.0000000000
3097  7.808  -90.818  9.615 0.0000000000
3098  6.867  -91.233  9.911 0.0000000000
3099  5.788  -91.138  9.260 0.0000000000
3100  4.490  -91.287  8.881 0.0000000000
3101  3.242  -91.496  8.324 0.0000000000
3102  2.448  -91.498  7.592 0.0000000000
3112  8.669  -90.272  8.423 0.0000000000
3113  7.945  -90.289  8.496 0.0000000000
3114  6.699  -90.824  8.444 0.0000000000
3115  5.174  -90.806  7.990 0.0000000000
3116  3.852  -90.828  7.625 0.0000000000
3117  2.751  -90.939  7.221 0.0000000000
3118  2.107  -91.171  6.847 0.0000000000
3124  8.300  -90.154  7.663 0.0000000000
3125  7.159  -90.225  7.308 0.0000000000
3126  5.852  -90.542  6.971 0.0000000000
3127  4.503  -90.369  6.720 0.0000000000
3128  3.274  -90.484  6.441 0.0000000000
3129  2.299  -90.710  6.165 0.0000000000
3130  1.746  -91.198  5.915 0.0000000000
3131  1.546  -91.507  5.217 0.0000000000
3138  7.659  -90.191  6.357 0.0000000000
3139  6.347  -90.492  5.967 0.0000000000
3140  5.133  -90.150  5.717 0.0000000000
3141  3.924  -90.148  5.487 0.0000000000
3142  2.745  -90.270  5.271 0.0000000000
3143  1.981  -90.570  5.009 0.0000000000
3144  1.593  -90.953  4.619 0.0000000000
3145  1.501  -91.493  4.348 0.0000000000
3156  7.520  -90.227  5.389 0.0000000000
3157  6.638  -90.472  4.869 0.0000000000
3158  5.619  -90.097  4.751 0.0000000000
3159  4.578  -89.911  4.530 0.0000000000
3160  3.380  -90.096  4.266 0.0000000000
3161  2.343  -90.182  4.062 0.0000000000
3162  1.800  -90.479  3.814 0.0000000000
3163  1.417  -91.669  3.416 0.0000000000
3177  6.372  -90.252  4.068 0.0000000000
3178  5.941  -90.111  3.854 0.0000000000
3179  5.129  -90.054  3.653 0.0000000000
3180  4.080  -90.181  3.259 0.0000000000
3181  2.821  -89.997  3.049 0.0000000000
3182  2.042  -90.144  2.849 0.0000000000
3183  1.355  -91.656  2.337 0.0000000000
3200  5.474  -90.290  3.160 0.0000000000
3201  4.657  -90.013  2.577 0.0000000000
3202  3.419  -89.899  2.101 0.0000000000
3203  2.332  -89.845  1.789 0.0000000000
3204  1.793  -90.125  1.798 0.0000000000
3205  1.355  -91.604  1.640 0.0000000000
3215  3.673  -89.513  1.257 0.0000000000
3216  2.761  -89.586  1.037 0.0000000000
3217  2.186  -89.737  0.872 0.0000000000
3218  1.882  -89.940  0.999 0.0000000000
3219  1.416  -91.578  0.910 0.0000000000
3230  3.544  -89.482  0.137 0.0000000000
3231  3.021  -89.671  0.202 0.0000000000
3232  2.314  -89.945  0.105 0.0000000000
3233  2.002  -89.955  0.514 0.0000000000
3234  1.470  -91.605  -0.383 0.0000000000
3243  3.390  -89.385  -0.520 0.0000000000
3244  2.790  -89.624  -0.590 0.0000000000
3245  2.582  -89.869  -0.335 0.0000000000
3246  1.526  -91.677  -1.423 0.0000000000
3257  2.884  -89.419  -0.938 0.0000000000
3258  2.630  -89.546  -1.073 0.0000000000
3259  1.632  -91.535  -3.071 0.0000000000
3260  1.550  -91.678  -2.239 0.0000000000
3278  1.840  -91.799  -3.924 0.0000000000
3292  5.733  -91.316  -6.564 0.0000000000
3293  4.393  -91.308  -6.699 0.0000000000
3294  3.260  -91.595  -6.076 0.0000000000
3295  2.272  -91.721  -5.002 0.0000000000
3306  5.472  -90.678  -6.963 0.0000000000
3307  4.983  -90.903  -7.017 0.0000000000
3552  10.875  -90.676  9.406 0.0000000000
3553  10.541  -90.823  9.555 0.0000000000
3563  13.031  -90.440  9.220 0.0000000000
3564  11.489  -90.292  9.243 0.0000000000
3565  10.191  -90.356  9.322 0.0000000000
3566  9.571  -90.383  9.193 0.0000000000
3573  13.594  -90.431  8.941 0.0000000000
3574  10.694  -89.345  8.559 0.0000000000
3575  10.007  -89.615  8.565 0.0000000000
3576  9.255  -90.195  8.495 0.0000000000
3586  10.638  -89.122  8.192 0.0000000000
3587  9.932  -89.318  7.716 0.0000000000
3588  8.919  -89.697  7.348 0.0000000000
3599  9.093  -89.509  6.731 0.0000000000
3600  8.284  -90.010  6.064 0.0000000000
3601  1.534  -91.108  4.116 0.0000000000
3602  1.493  -91.257  3.798 0.0000000000
3612  8.538  -89.945  5.838 0.0000000000
3613  7.602  -90.238  4.999 0.0000000000
3614  7.141  -90.323  4.778 0.0000000000
3615  1.554  -90.900  3.621 0.0000000000
3616  1.471  -91.220  3.429 0.0000000000
3626  7.019  -90.473  4.324 0.0000000000
3627  6.612  -90.407  4.010 0.0000000000
3628  6.223  -90.217  3.689 0.0000000000
3629  1.608  -90.535  2.620 0.0000000000
3630  1.408  -91.126  2.872 0.0000000000
3644  6.233  -90.263  3.385 0.0000000000
3645  5.701  -90.123  3.057 0.0000000000
3646  4.389  -89.551  1.956 0.0000000000
3647  1.562  -90.507  1.575 0.0000000000
3648  1.375  -91.055  1.800 0.0000000000
3660  3.901  -89.307  0.844 0.0000000000
3661  1.674  -90.286  1.018 0.0000000000
3662  1.496  -90.843  0.660 0.0000000000
3674  4.265  -89.178  -0.225 0.0000000000
3675  4.023  -89.183  -0.028 0.0000000000
3676  1.978  -90.109  -0.272 0.0000000000
3677  1.811  -90.324  0.075 0.0000000000
3678  1.559  -90.931  -0.343 0.0000000000
3692  3.974  -89.080  -0.413 0.0000000000
3693  3.694  -89.237  -0.530 0.0000000000
3694  2.344  -89.767  -1.204 0.0000000000
3695  2.040  -90.142  -0.862 0.0000000000
3696  1.658  -90.794  -0.998 0.0000000000
3697  1.525  -91.230  -0.970 0.0000000000
3711  3.835  -89.627  -0.664 0.0000000000
3712  3.217  -89.452  -0.885 0.0000000000
3713  2.511  -89.525  -1.442 0.0000000000
3714  1.995  -90.098  -1.983 0.0000000000
3715  1.694  -90.903  -2.118 0.0000000000
3716  1.576  -91.257  -1.583 0.0000000000
3728  3.751  -89.488  -1.074 0.0000000000
3729  3.281  -89.440  -1.120 0.0000000000
3730  2.738  -89.443  -1.546 0.0000000000
3731  2.109  -89.764  -2.329 0.0000000000
3732  1.841  -90.675  -3.692 0.0000000000
3746  4.485  -90.835  -7.079 0.0000000000
3747  3.700  -90.704  -6.803 0.0000000000
3748  2.536  -90.764  -5.690 0.0000000000
3762  6.269  -90.262  -6.904 0.0000000000
3763  4.933  -90.201  -7.222 0.0000000000
3764  3.891  -89.886  -7.118 0.0000000000
3775  4.502  -89.510  -7.217 0.0000000000
3776  4.062  -89.457  -7.096 0.0000000000
4090  12.519  -89.875  8.868 0.0000000000
4091  12.186  -89.966  8.952 0.0000000000
4092  5.353  -90.298  6.807 0.0000000000
4093  4.812  -89.927  6.926 0.0000000000
4094  3.985  -89.281  7.273 0.0000000000
4105  13.167  -89.825  8.815 0.0000000000
4106  11.628  -89.352  8.631 0.0000000000
4107  5.585  -90.372  6.471 0.0000000000
4108  5.007  -90.268  6.253 0.0000000000
4109  4.560  -89.475  6.221 0.0000000000
4121  10.432  -89.096  7.689 0.0000000000
4122  9.664  -89.209  7.112 0.0000000000
4123  5.506  -90.244  5.936 0.0000000000
4124  4.892  -90.076  5.541 0.0000000000
4125  4.694  -89.476  5.206 0.0000000000
4134  9.843  -89.192  6.982 0.0000000000
4135  9.214  -89.475  6.477 0.0000000000
4136  5.471  -90.100  5.207 0.0000000000
4137  4.783  -89.919  4.790 0.0000000000
4138  4.674  -89.522  4.697 0.0000000000
4145  8.726  -89.831  5.568 0.0000000000
4146  8.044  -90.144  5.143 0.0000000000
4147  5.079  -89.990  4.565 0.0000000000
4148  4.845  -89.832  4.409 0.0000000000
4154  7.453  -90.350  4.414 0.0000000000
4155  6.637  -90.348  3.768 0.0000000000
4156  5.949  -89.995  3.244 0.0000000000
4157  5.356  -89.595  2.951 0.0000000000
4168  6.456  -90.305  3.501 0.0000000000
4169  6.016  -90.206  3.196 0.0000000000
4170  4.751  -89.315  2.288 0.0000000000
4171  4.296  -88.591  1.610 0.0000000000
4185  4.163  -88.962  0.995 0.0000000000
4186  4.163  -88.567  1.382 0.0000000000
4202  4.304  -88.767  -0.041 0.0000000000
4203  4.322  -88.671  0.282 0.0000000000
4219  4.311  -88.825  -0.288 0.0000000000
4231  4.500  -89.118  -0.605 0.0000000000
4243  4.459  -89.390  -1.162 0.0000000000
4244  3.589  -89.405  -1.330 0.0000000000
4245  2.967  -89.504  -1.424 0.0000000000
4246  2.322  -89.635  -2.056 0.0000000000
4247  1.981  -89.707  -3.262 0.0000000000
4258  3.088  -89.953  -6.412 0.0000000000
4259  2.392  -89.711  -4.997 0.0000000000
4272  6.174  -89.405  -7.270 0.0000000000
4273  5.212  -89.232  -7.274 0.0000000000
4274  3.693  -89.282  -6.770 0.0000000000
4275  3.010  -89.210  -6.126 0.0000000000
4285  4.698  -89.042  -7.234 0.0000000000
4286  4.244  -89.128  -7.091 0.0000000000
4577  2.183  -88.523  8.672 0.0000000000
4594  3.438  -89.020  7.695 0.0000000000
4595  2.911  -88.698  7.917 0.0000000000
4606  8.023  -89.875  7.736 0.0000000000
4607  6.189  -90.457  7.148 0.0000000000
4608  5.195  -90.427  7.288 0.0000000000
4609  3.467  -88.704  7.431 0.0000000000
4610  3.233  -88.145  7.386 0.0000000000
4621  13.043  -89.143  8.388 0.0000000000
4622  12.310  -89.199  8.510 0.0000000000
4623  7.325  -90.080  6.642 0.0000000000
4624  6.106  -90.490  6.348 0.0000000000
4625  3.830  -88.386  6.815 0.0000000000
4626  3.453  -87.935  7.040 0.0000000000
4635  12.057  -88.683  8.141 0.0000000000
4636  11.366  -88.838  8.087 0.0000000000
4637  7.812  -89.960  5.887 0.0000000000
4638  7.061  -90.099  5.843 0.0000000000
4639  6.219  -90.428  5.828 0.0000000000
4640  4.446  -88.462  5.713 0.0000000000
4648  10.054  -89.146  7.095 0.0000000000
4649  8.677  -89.739  5.881 0.0000000000
4650  7.701  -90.166  5.376 0.0000000000
4651  6.889  -90.399  5.222 0.0000000000
4652  6.252  -90.370  5.298 0.0000000000
4653  4.784  -89.485  4.360 0.0000000000
4654  4.612  -88.787  4.645 0.0000000000
4661  8.330  -90.015  5.243 0.0000000000
4662  7.583  -90.208  4.816 0.0000000000
4663  6.770  -90.370  4.589 0.0000000000
4664  5.871  -90.121  4.619 0.0000000000
4665  4.965  -89.713  3.980 0.0000000000
4666  4.509  -88.627  3.756 0.0000000000
4672  7.059  -90.400  4.245 0.0000000000
4673  6.617  -90.378  4.055 0.0000000000
4674  5.808  -89.962  3.655 0.0000000000
4675  4.699  -88.874  2.881 0.0000000000
4676  4.041  -87.987  3.191 0.0000000000
4689  4.373  -88.469  2.085 0.0000000000
4690  4.008  -88.292  1.672 0.0000000000
4704  4.809  -88.360  0.804 0.0000000000
4705  4.600  -88.429  1.047 0.0000000000
4706  4.370  -88.422  1.230 0.0000000000
4723  4.823  -87.745  0.126 0.0000000000
4724  4.775  -88.341  0.394 0.0000000000
4725  4.539  -88.495  0.677 0.0000000000
4741  4.952  -88.040  -0.140 0.0000000000
4742  4.770  -88.601  -0.134 0.0000000000
4755  4.959  -88.172  -0.360 0.0000000000
4756  4.756  -88.798  -0.472 0.0000000000
4757  4.442  -89.072  -0.742 0.0000000000
4758  3.472  -89.375  -0.894 0.0000000000
4759  3.145  -89.391  -1.151 0.0000000000
4760  2.661  -89.446  -1.606 0.0000000000
4771  4.443  -89.252  -0.855 0.0000000000
4772  4.135  -89.475  -0.977 0.0000000000
4773  3.632  -89.361  -1.076 0.0000000000
4774  2.888  -89.549  -1.692 0.0000000000
4775  1.992  -89.449  -2.493 0.0000000000
4788  1.904  -89.149  -4.173 0.0000000000
4802  5.874  -88.564  -7.337 0.0000000000
4803  5.032  -88.586  -7.304 0.0000000000
4804  3.490  -88.473  -6.587 0.0000000000
4805  2.565  -88.719  -5.573 0.0000000000
4818  4.517  -88.687  -7.156 0.0000000000
4819  4.066  -88.767  -6.916 0.0000000000
5169  2.645  -87.762  7.949 0.0000000000
5184  8.622  -89.833  7.246 0.0000000000
5185  3.364  -87.028  6.828 0.0000000000
5186  3.252  -87.418  7.132 0.0000000000
5198  10.440  -89.096  7.706 0.0000000000
5199  9.347  -89.403  7.274 0.0000000000
5200  8.450  -89.847  6.804 0.0000000000
5201  4.118  -86.874  6.235 0.0000000000
5202  3.868  -87.257  6.477 0.0000000000
5203  3.565  -87.755  6.849 0.0000000000
5212  11.977  -88.542  7.962 0.0000000000
5213  11.314  -88.646  7.862 0.0000000000
5214  10.250  -88.885  7.500 0.0000000000
5215  8.832  -89.654  6.623 0.0000000000
5216  7.907  -89.917  6.325 0.0000000000
5217  4.470  -86.985  5.859 0.0000000000
5218  4.485  -87.643  5.587 0.0000000000
5227  10.503  -88.941  7.540 0.0000000000
5228  9.439  -89.297  6.718 0.0000000000
5229  8.513  -89.864  6.070 0.0000000000
5230  4.971  -87.352  4.870 0.0000000000
5231  4.566  -88.023  4.977 0.0000000000
5240  4.599  -87.458  3.674 0.0000000000
5241  4.392  -87.866  4.143 0.0000000000
5251  4.527  -87.694  2.897 0.0000000000
5252  4.158  -87.767  3.461 0.0000000000
5266  4.842  -87.310  1.644 0.0000000000
5267  4.533  -87.925  1.801 0.0000000000
5268  4.497  -88.290  1.373 0.0000000000
5269  3.362  -88.514  1.530 0.0000000000
5270  2.822  -88.499  1.574 0.0000000000
5271  2.205  -88.416  1.629 0.0000000000
5281  5.198  -87.199  0.774 0.0000000000
5282  4.956  -87.630  1.077 0.0000000000
5283  4.620  -88.125  1.214 0.0000000000
5284  4.466  -88.216  1.132 0.0000000000
5285  3.704  -88.539  1.396 0.0000000000
5286  3.053  -88.632  1.083 0.0000000000
5287  2.096  -88.403  0.938 0.0000000000
5302  5.170  -87.319  0.522 0.0000000000
5303  5.035  -87.767  0.376 0.0000000000
5304  3.721  -88.635  0.732 0.0000000000
5305  2.557  -88.651  0.185 0.0000000000
5306  1.614  -88.170  -0.268 0.0000000000
5325  5.161  -87.459  0.098 0.0000000000
5326  3.130  -88.886  -0.422 0.0000000000
5327  1.879  -88.481  -1.085 0.0000000000
5328  1.240  -87.649  -1.528 0.0000000000
5345  5.138  -87.847  -0.233 0.0000000000
5346  5.086  -88.266  -0.552 0.0000000000
5347  4.546  -88.888  -0.580 0.0000000000
5348  3.997  -89.310  -0.605 0.0000000000
5349  3.215  -89.442  -0.913 0.0000000000
5350  2.027  -88.894  -1.955 0.0000000000
5351  1.177  -87.911  -2.526 0.0000000000
5364  4.323  -89.364  -0.880 0.0000000000
5365  4.146  -89.431  -0.749 0.0000000000
5366  1.559  -88.742  -3.578 0.0000000000
5367  1.176  -88.180  -3.390 0.0000000000
5383  4.953  -87.428  -7.184 0.0000000000
5384  4.718  -87.387  -7.109 0.0000000000
5385  1.962  -88.159  -4.970 0.0000000000
5386  2.028  -87.279  -5.586 0.0000000000
5398  6.572  -87.806  -7.359 0.0000000000
5399  5.160  -87.683  -7.231 0.0000000000
5400  4.151  -87.572  -6.910 0.0000000000
5401  2.802  -87.513  -6.295 0.0000000000
5402  2.295  -86.758  -6.023 0.0000000000
5417  4.759  -88.304  -7.229 0.0000000000
5418  4.353  -88.247  -7.030 0.0000000000
5818  4.215  -85.584  7.966 0.0000000000
5819  3.571  -86.070  8.055 0.0000000000
5820  2.682  -86.779  8.227 0.0000000000
5835  4.083  -85.848  7.175 0.0000000000
5836  3.378  -86.644  7.085 0.0000000000
5837  2.880  -87.099  7.544 0.0000000000
5849  10.909  -88.808  7.817 0.0000000000
5850  4.014  -86.354  6.355 0.0000000000
5851  3.569  -86.610  6.541 0.0000000000
5852  1.841  -86.998  6.116 0.0000000000
5853  1.669  -86.824  6.058 0.0000000000
5862  11.699  -88.541  7.867 0.0000000000
5863  11.099  -88.659  7.750 0.0000000000
5864  10.739  -88.753  7.645 0.0000000000
5865  5.835  -86.279  5.023 0.0000000000
5866  5.268  -86.336  5.590 0.0000000000
5867  2.450  -87.262  5.498 0.0000000000
5868  1.949  -87.105  5.810 0.0000000000
5869  1.515  -86.744  5.707 0.0000000000
5881  6.031  -86.375  4.460 0.0000000000
5882  5.568  -86.710  4.828 0.0000000000
5883  2.250  -87.379  4.916 0.0000000000
5884  1.592  -87.032  5.157 0.0000000000
5885  1.379  -86.676  5.386 0.0000000000
5892  6.409  -86.099  2.949 0.0000000000
5893  5.969  -86.418  3.504 0.0000000000
5894  5.333  -86.895  4.046 0.0000000000
5895  3.285  -87.917  3.627 0.0000000000
5896  2.295  -87.744  3.897 0.0000000000
5897  1.712  -87.190  4.234 0.0000000000
5907  6.856  -85.828  2.183 0.0000000000
5908  6.219  -86.159  2.211 0.0000000000
5909  5.375  -86.391  2.490 0.0000000000
5910  5.045  -87.005  3.070 0.0000000000
5911  3.368  -88.239  2.811 0.0000000000
5912  2.379  -88.061  2.913 0.0000000000
5913  1.756  -87.445  3.066 0.0000000000
5924  6.688  -85.952  1.717 0.0000000000
5925  6.142  -86.289  1.601 0.0000000000
5926  5.304  -86.850  1.634 0.0000000000
5927  5.056  -87.229  2.214 0.0000000000
5928  3.756  -88.321  2.041 0.0000000000
5929  2.666  -88.319  2.141 0.0000000000
5930  1.720  -87.840  1.706 0.0000000000
5941  6.121  -86.287  1.213 0.0000000000
5942  5.403  -86.887  1.024 0.0000000000
5943  5.161  -87.023  1.216 0.0000000000
5944  4.161  -88.220  1.525 0.0000000000
5945  1.383  -87.823  0.423 0.0000000000
5962  5.770  -86.630  0.894 0.0000000000
5963  5.549  -86.929  0.587 0.0000000000
5964  4.935  -87.825  0.651 0.0000000000
5965  4.584  -88.095  0.925 0.0000000000
5966  1.184  -87.312  -0.682 0.0000000000
5984  5.435  -87.224  0.086 0.0000000000
5985  5.373  -87.364  -0.218 0.0000000000
5986  5.243  -87.566  -0.561 0.0000000000
5987  4.618  -87.919  0.054 0.0000000000
5988  4.192  -88.656  0.234 0.0000000000
5989  1.038  -86.881  -1.735 0.0000000000
6004  5.253  -87.443  -0.177 0.0000000000
6005  5.170  -87.573  -0.370 0.0000000000
6006  5.131  -88.045  -0.512 0.0000000000
6007  4.738  -88.612  -0.341 0.0000000000
6008  4.108  -88.923  -0.342 0.0000000000
6009  1.000  -86.797  -2.774 0.0000000000
6021  1.259  -87.955  -4.307 0.0000000000
6022  1.204  -87.037  -4.153 0.0000000000
6035  4.892  -87.207  -7.100 0.0000000000
6036  4.569  -87.104  -6.987 0.0000000000
6037  1.470  -87.423  -4.986 0.0000000000
6038  1.799  -86.542  -5.457 0.0000000000
6051  6.143  -86.822  -7.003 0.0000000000
6052  5.050  -86.772  -6.974 0.0000000000
6053  3.968  -86.616  -6.848 0.0000000000
6054  2.897  -86.314  -6.397 0.0000000000
6055  2.261  -86.156  -6.080 0.0000000000
6461  5.740  -84.626  7.983 0.0000000000
6462  4.767  -85.093  8.438 0.0000000000
6473  5.621  -84.810  7.029 0.0000000000
6474  4.854  -85.251  7.456 0.0000000000
6475  1.985  -86.623  7.109 0.0000000000
6476  1.280  -86.309  6.830 0.0000000000
6477  0.895  -86.067  6.625 0.0000000000
6488  5.923  -85.104  6.238 0.0000000000
6489  4.900  -85.470  6.481 0.0000000000
6490  2.442  -86.912  6.544 0.0000000000
6491  1.819  -86.813  6.383 0.0000000000
6492  1.217  -86.334  6.165 0.0000000000
6500  6.741  -84.625  5.156 0.0000000000
6501  6.244  -85.569  5.204 0.0000000000
6502  5.495  -85.493  5.837 0.0000000000
6503  2.543  -87.082  5.934 0.0000000000
6504  2.154  -87.061  6.200 0.0000000000
6505  1.147  -86.331  5.532 0.0000000000
6520  7.287  -84.699  4.089 0.0000000000
6521  7.048  -85.013  4.350 0.0000000000
6522  6.595  -85.913  4.079 0.0000000000
6523  3.758  -87.055  4.787 0.0000000000
6524  3.205  -87.199  5.214 0.0000000000
6525  1.406  -86.768  4.678 0.0000000000
6526  1.224  -86.521  5.079 0.0000000000
6537  7.495  -85.018  3.763 0.0000000000
6538  6.974  -85.608  3.438 0.0000000000
6539  6.552  -86.033  3.469 0.0000000000
6540  3.893  -87.370  4.273 0.0000000000
6541  2.962  -87.609  4.406 0.0000000000
6542  1.389  -86.588  4.184 0.0000000000
6551  7.393  -85.350  2.931 0.0000000000
6552  6.856  -85.809  2.708 0.0000000000
6553  5.020  -86.975  2.651 0.0000000000
6554  4.553  -87.627  3.049 0.0000000000
6555  1.498  -86.606  3.413 0.0000000000
6561  7.152  -85.468  2.242 0.0000000000
6562  4.834  -87.318  2.224 0.0000000000
6563  4.453  -87.892  2.127 0.0000000000
6564  1.474  -86.295  1.969 0.0000000000
6577  6.536  -85.849  1.581 0.0000000000
6578  6.228  -86.091  1.202 0.0000000000
6579  5.881  -86.398  1.193 0.0000000000
6580  5.389  -86.722  1.285 0.0000000000
6581  4.775  -87.266  1.512 0.0000000000
6582  4.595  -87.803  1.667 0.0000000000
6583  1.091  -86.599  0.259 0.0000000000
6597  6.063  -86.440  0.938 0.0000000000
6598  6.134  -86.515  0.589 0.0000000000
6599  5.901  -86.631  0.604 0.0000000000
6600  5.457  -86.882  0.743 0.0000000000
6601  4.900  -87.373  0.930 0.0000000000
6602  4.758  -87.719  1.312 0.0000000000
6603  1.055  -86.231  -1.309 0.0000000000
6618  5.654  -87.045  0.141 0.0000000000
6619  5.817  -86.979  0.077 0.0000000000
6620  5.377  -87.151  0.222 0.0000000000
6621  4.983  -87.438  0.555 0.0000000000
6622  1.030  -86.229  -2.262 0.0000000000
6635  1.302  -85.799  -2.992 0.0000000000
6651  1.491  -85.764  -3.907 0.0000000000
6666  6.137  -85.546  -6.180 0.0000000000
6667  4.622  -85.003  -6.224 0.0000000000
6668  3.927  -84.747  -6.249 0.0000000000
6669  1.721  -85.476  -5.188 0.0000000000
6682  5.574  -86.216  -6.778 0.0000000000
6683  4.857  -85.847  -6.734 0.0000000000
6684  3.654  -85.409  -6.453 0.0000000000
6685  2.634  -85.532  -6.225 0.0000000000
6686  2.053  -85.699  -5.872 0.0000000000
7151  7.223  -83.505  9.904 0.0000000000
7152  6.856  -83.369  9.137 0.0000000000
7153  6.265  -83.921  8.599 0.0000000000
7160  7.171  -83.303  7.972 0.0000000000
7161  6.913  -83.435  8.186 0.0000000000
7162  6.369  -83.979  7.885 0.0000000000
7171  7.236  -83.587  7.444 0.0000000000
7172  6.614  -83.882  7.353 0.0000000000
7173  6.171  -84.312  7.370 0.0000000000
7174  3.306  -86.365  7.875 0.0000000000
7175  2.298  -86.363  7.831 0.0000000000
7176  1.325  -86.004  7.479 0.0000000000
7177  0.871  -85.643  6.910 0.0000000000
7188  7.281  -83.820  6.271 0.0000000000
7189  6.822  -84.001  6.550 0.0000000000
7190  6.227  -84.326  6.721 0.0000000000
7191  3.628  -86.409  6.990 0.0000000000
7192  2.878  -86.736  7.174 0.0000000000
7193  0.774  -85.613  6.337 0.0000000000
7200  7.300  -84.052  5.244 0.0000000000
7201  6.940  -84.154  5.629 0.0000000000
7202  6.533  -84.636  5.933 0.0000000000
7203  3.869  -86.319  6.030 0.0000000000
7204  3.176  -86.824  6.248 0.0000000000
7205  0.773  -85.713  5.686 0.0000000000
7219  7.711  -84.295  4.330 0.0000000000
7220  7.317  -84.375  4.246 0.0000000000
7221  7.031  -84.328  4.878 0.0000000000
7222  4.677  -85.676  4.542 0.0000000000
7223  4.166  -86.364  4.865 0.0000000000
7224  3.616  -86.749  5.619 0.0000000000
7225  1.149  -86.193  4.570 0.0000000000
7226  0.877  -85.877  5.069 0.0000000000
7239  7.768  -84.463  4.049 0.0000000000
7240  7.553  -84.636  3.604 0.0000000000
7241  4.802  -85.753  4.058 0.0000000000
7242  4.696  -86.869  3.742 0.0000000000
7243  1.265  -85.832  3.840 0.0000000000
7249  7.582  -84.939  2.936 0.0000000000
7250  5.698  -85.478  2.753 0.0000000000
7251  5.326  -86.074  3.085 0.0000000000
7252  4.964  -87.042  3.303 0.0000000000
7253  1.506  -85.385  2.828 0.0000000000
7260  7.282  -85.159  2.371 0.0000000000
7261  7.092  -85.171  2.211 0.0000000000
7262  6.603  -85.386  2.196 0.0000000000
7263  5.922  -85.597  2.353 0.0000000000
7264  5.360  -86.515  2.242 0.0000000000
7265  1.409  -84.817  1.799 0.0000000000
7279  6.888  -85.472  2.047 0.0000000000
7280  6.697  -85.672  1.828 0.0000000000
7281  6.206  -85.837  1.692 0.0000000000
7282  5.760  -86.322  1.744 0.0000000000
7283  5.254  -86.722  1.806 0.0000000000
7284  1.176  -84.715  0.523 0.0000000000
7297  1.080  -84.867  -1.032 0.0000000000
7314  1.357  -85.007  -2.463 0.0000000000
7332  1.551  -84.937  -3.573 0.0000000000
7354  4.718  -83.739  -5.260 0.0000000000
7355  1.675  -84.417  -4.673 0.0000000000
7370  5.185  -84.473  -5.623 0.0000000000
7371  3.981  -84.115  -5.831 0.0000000000
7372  2.869  -84.103  -6.075 0.0000000000
7373  2.109  -84.047  -5.559 0.0000000000
7386  3.450  -84.622  -6.220 0.0000000000
7387  2.937  -84.886  -6.201 0.0000000000
7388  2.275  -84.914  -5.987 0.0000000000
7893  7.525  -83.351  10.179 0.0000000000
7905  7.575  -83.164  9.365 0.0000000000
7906  7.124  -83.131  8.643 0.0000000000
7907  2.897  -85.384  9.748 0.0000000000
7908  2.424  -85.368  9.760 0.0000000000
7915  7.367  -83.107  8.295 0.0000000000
7916  7.132  -83.165  8.376 0.0000000000
7917  3.726  -85.344  9.062 0.0000000000
7918  3.132  -85.560  9.439 0.0000000000
7919  1.597  -85.237  9.168 0.0000000000
7920  0.820  -84.680  8.360 0.0000000000
7929  7.874  -83.223  7.390 0.0000000000
7930  7.652  -83.258  7.728 0.0000000000
7931  4.525  -85.257  8.125 0.0000000000
7932  3.677  -85.686  8.513 0.0000000000
7933  2.644  -85.997  8.632 0.0000000000
7934  1.470  -85.641  8.251 0.0000000000
7935  0.714  -84.811  7.459 0.0000000000
7945  7.871  -83.366  6.848 0.0000000000
7946  7.627  -83.486  6.927 0.0000000000
7947  4.848  -85.277  7.276 0.0000000000
7948  3.998  -85.783  7.583 0.0000000000
7949  0.563  -84.695  6.535 0.0000000000
7957  7.761  -83.638  6.471 0.0000000000
7958  7.628  -83.718  5.947 0.0000000000
7959  5.714  -84.500  5.890 0.0000000000
7960  5.138  -85.358  6.289 0.0000000000
7961  4.288  -85.774  6.669 0.0000000000
7962  0.609  -84.818  5.814 0.0000000000
7973  7.672  -84.206  4.085 0.0000000000
7974  7.633  -84.134  4.652 0.0000000000
7975  6.602  -84.421  4.653 0.0000000000
7976  6.057  -84.336  5.046 0.0000000000
7977  5.117  -85.158  4.831 0.0000000000
7978  4.513  -85.776  5.729 0.0000000000
7979  1.006  -85.198  4.412 0.0000000000
7980  0.616  -84.936  5.077 0.0000000000
7989  7.800  -84.262  3.909 0.0000000000
7990  7.740  -84.384  3.748 0.0000000000
7991  7.538  -84.452  3.868 0.0000000000
7992  7.025  -84.465  4.226 0.0000000000
7993  5.994  -84.536  3.973 0.0000000000
7994  5.428  -85.250  3.636 0.0000000000
7995  1.241  -84.561  3.458 0.0000000000
8003  7.578  -84.715  3.064 0.0000000000
8004  7.234  -84.587  3.156 0.0000000000
8005  6.557  -84.678  3.160 0.0000000000
8006  5.814  -85.084  2.944 0.0000000000
8007  5.537  -85.370  3.180 0.0000000000
8008  1.470  -84.024  2.339 0.0000000000
8015  7.321  -84.831  2.593 0.0000000000
8016  6.918  -84.797  2.533 0.0000000000
8017  6.288  -84.969  2.535 0.0000000000
8018  5.988  -85.105  2.565 0.0000000000
8019  1.446  -83.622  1.202 0.0000000000
8038  1.211  -83.193  0.204 0.0000000000
8061  1.197  -83.122  -0.895 0.0000000000
8083  1.154  -83.191  -2.398 0.0000000000
8084  0.824  -82.290  -3.043 0.0000000000
8105  3.525  -82.428  -4.789 0.0000000000
8106  1.511  -83.603  -3.752 0.0000000000
8107  1.125  -82.586  -3.428 0.0000000000
8122  4.035  -82.897  -5.396 0.0000000000
8123  2.971  -82.595  -5.336 0.0000000000
8124  1.950  -82.963  -5.144 0.0000000000
8132  3.288  -83.259  -5.836 0.0000000000
8133  2.533  -83.364  -5.640 0.0000000000
8134  2.132  -83.436  -5.496 0.0000000000
8657  7.475  -83.085  10.494 0.0000000000
8668  8.141  -82.752  9.473 0.0000000000
8669  7.998  -82.827  9.756 0.0000000000
8670  3.648  -84.548  10.532 0.0000000000
8671  3.050  -84.726  10.558 0.0000000000
8672  1.730  -84.735  10.471 0.0000000000
8673  0.801  -84.201  10.289 0.0000000000
8682  8.048  -82.712  9.202 0.0000000000
8683  7.803  -82.882  8.900 0.0000000000
8684  4.892  -84.246  10.071 0.0000000000
8685  4.264  -84.730  10.279 0.0000000000
8686  2.965  -85.127  9.990 0.0000000000
8687  1.461  -84.871  9.907 0.0000000000
8688  0.617  -83.884  9.700 0.0000000000
8695  8.008  -82.904  8.571 0.0000000000
8696  7.827  -83.074  8.302 0.0000000000
8697  5.916  -83.997  9.132 0.0000000000
8698  5.265  -84.258  9.554 0.0000000000
8699  4.025  -85.029  9.450 0.0000000000
8700  3.442  -85.346  9.677 0.0000000000
8701  0.904  -84.567  9.451 0.0000000000
8702  0.551  -83.883  8.863 0.0000000000
8712  8.050  -83.092  7.785 0.0000000000
8713  7.972  -83.170  7.982 0.0000000000
8714  6.358  -83.948  8.009 0.0000000000
8715  5.880  -84.257  8.567 0.0000000000
8716  4.894  -84.753  8.711 0.0000000000
8717  4.159  -85.182  8.769 0.0000000000
8718  0.268  -83.537  7.809 0.0000000000
8727  7.861  -83.246  7.133 0.0000000000
8728  7.655  -83.448  7.011 0.0000000000
8729  7.250  -83.650  7.102 0.0000000000
8730  6.653  -83.822  7.369 0.0000000000
8731  6.053  -84.357  7.627 0.0000000000
8732  5.381  -84.847  7.910 0.0000000000
8733  0.309  -83.368  6.678 0.0000000000
8741  7.854  -83.444  6.612 0.0000000000
8742  7.721  -83.577  6.221 0.0000000000
8743  7.342  -83.780  6.258 0.0000000000
8744  6.765  -83.838  6.415 0.0000000000
8745  6.123  -84.061  6.639 0.0000000000
8746  5.626  -84.811  6.993 0.0000000000
8747  0.168  -83.096  5.087 0.0000000000
8748  0.391  -83.789  5.864 0.0000000000
8756  7.594  -83.944  5.209 0.0000000000
8757  7.404  -83.952  5.425 0.0000000000
8758  6.939  -84.214  5.359 0.0000000000
8759  6.242  -84.027  5.841 0.0000000000
8760  0.645  -83.715  4.280 0.0000000000
8761  0.449  -84.077  5.232 0.0000000000
8769  7.629  -84.201  4.410 0.0000000000
8770  7.404  -84.069  4.627 0.0000000000
8771  7.217  -84.067  4.869 0.0000000000
8772  1.263  -83.145  3.036 0.0000000000
8782  1.397  -82.580  1.712 0.0000000000
8792  1.095  -82.465  0.641 0.0000000000
8808  0.497  -82.122  -0.401 0.0000000000
8828  0.453  -81.815  -1.485 0.0000000000
8829  0.722  -81.222  -1.858 0.0000000000
8844  0.970  -82.423  -1.837 0.0000000000
8845  0.994  -81.668  -2.374 0.0000000000
8860  3.486  -81.624  -3.898 0.0000000000
8861  2.709  -81.966  -4.467 0.0000000000
8862  1.422  -82.343  -4.211 0.0000000000
8863  1.037  -81.690  -3.550 0.0000000000
8879  2.344  -82.081  -4.901 0.0000000000
8880  1.870  -81.860  -4.614 0.0000000000
8881  1.446  -81.653  -4.192 0.0000000000
9397  0.759  -83.667  13.901 0.0000000000
9410  1.316  -84.117  12.816 0.0000000000
9411  0.307  -83.003  13.139 0.0000000000
9423  0.995  -84.089  11.990 0.0000000000
9424  0.376  -82.618  12.228 0.0000000000
9425  0.234  -81.438  11.860 0.0000000000
9431  7.497  -82.653  10.672 0.0000000000
9434  3.959  -84.232  11.102 0.0000000000
9435  2.598  -84.509  11.310 0.0000000000
9436  1.351  -84.354  11.417 0.0000000000
9437  0.579  -83.362  11.372 0.0000000000
9438  0.113  -81.656  11.227 0.0000000000
9440  8.161  -82.574  9.598 0.0000000000
9441  7.940  -82.407  10.245 0.0000000000
9442  5.583  -83.736  10.503 0.0000000000
9443  4.637  -84.011  10.671 0.0000000000
9444  3.596  -84.456  10.782 0.0000000000
9445  1.966  -84.677  10.968 0.0000000000
9446  0.891  -84.156  10.851 0.0000000000
9447  0.351  -82.734  10.292 0.0000000000
9454  8.145  -82.761  8.976 0.0000000000
9455  8.013  -82.381  9.691 0.0000000000
9456  6.296  -82.882  9.782 0.0000000000
9457  5.813  -83.372  10.016 0.0000000000
9458  5.204  -84.183  10.237 0.0000000000
9459  4.490  -84.370  10.505 0.0000000000
9460  0.246  -82.574  9.179 0.0000000000
9468  8.059  -82.910  8.332 0.0000000000
9469  7.808  -82.761  9.009 0.0000000000
9470  7.352  -82.802  9.051 0.0000000000
9471  6.770  -82.831  9.255 0.0000000000
9472  6.297  -83.718  9.437 0.0000000000
9473  5.814  -83.976  9.878 0.0000000000
9474  0.103  -82.472  8.257 0.0000000000
9481  7.936  -83.138  8.075 0.0000000000
9482  7.627  -83.011  8.300 0.0000000000
9483  7.149  -83.077  8.415 0.0000000000
9484  6.553  -83.626  8.543 0.0000000000
9485  6.196  -83.831  8.932 0.0000000000
9486  0.115  -81.167  6.900 0.0000000000
9487  0.173  -81.954  7.141 0.0000000000
9493  7.767  -83.165  7.626 0.0000000000
9494  7.497  -83.323  7.701 0.0000000000
9495  6.996  -83.446  7.793 0.0000000000
9496  6.671  -83.694  7.929 0.0000000000
9497  0.378  -80.624  5.909 0.0000000000
9498  -0.008  -81.183  6.208 0.0000000000
9499  0.164  -82.218  6.216 0.0000000000
9504  0.695  -80.553  5.126 0.0000000000
9505  0.523  -80.824  5.362 0.0000000000
9506  0.152  -81.941  5.345 0.0000000000
9507  0.214  -82.844  5.820 0.0000000000
9513  0.794  -80.641  4.845 0.0000000000
9514  0.759  -81.243  4.640 0.0000000000
9515  0.257  -82.306  4.366 0.0000000000
9526  1.118  -80.785  4.369 0.0000000000
9527  1.326  -81.292  3.838 0.0000000000
9528  0.947  -82.447  3.673 0.0000000000
9543  1.550  -81.019  3.334 0.0000000000
9544  1.402  -81.518  2.680 0.0000000000
9563  0.333  -80.897  0.459 0.0000000000
9564  0.114  -79.861  -0.380 0.0000000000
9579  -0.175  -81.224  -1.092 0.0000000000
9580  0.190  -80.178  -1.010 0.0000000000
9590  0.569  -81.097  -1.543 0.0000000000
9591  0.616  -80.609  -1.929 0.0000000000
9602  3.083  -80.123  -3.058 0.0000000000
9603  0.907  -80.748  -2.962 0.0000000000
9618  2.598  -80.719  -3.681 0.0000000000
9619  2.091  -80.573  -4.030 0.0000000000
9620  1.510  -80.773  -3.663 0.0000000000
9649  2.112  -81.397  -4.348 0.0000000000
9650  1.777  -81.198  -4.243 0.0000000000
9651  1.420  -81.326  -3.944 0.0000000000
10153  0.047  -82.637  16.406 0.0000000000
10154  0.189  -81.369  16.022 0.0000000000
10172  0.265  -82.905  14.886 0.0000000000
10173  0.247  -81.352  15.343 0.0000000000
10196  0.274  -82.461  13.772 0.0000000000
10197  0.306  -80.856  14.010 0.0000000000
10209  2.703  -84.488  12.300 0.0000000000
10210  0.325  -81.711  13.025 0.0000000000
10211  -0.026  -80.337  12.723 0.0000000000
10215  4.595  -84.168  11.368 0.0000000000
10216  3.514  -84.313  11.773 0.0000000000
10217  2.233  -84.372  12.099 0.0000000000
10218  0.176  -81.265  12.311 0.0000000000
10219  0.049  -80.383  11.718 0.0000000000
10221  7.723  -82.304  10.552 0.0000000000
10222  7.375  -82.430  10.677 0.0000000000
10223  6.575  -82.963  10.868 0.0000000000
10224  5.686  -83.593  10.798 0.0000000000
10225  4.546  -83.971  11.115 0.0000000000
10226  3.115  -84.389  11.564 0.0000000000
10227  1.958  -84.426  11.719 0.0000000000
10228  -0.423  -80.298  10.875 0.0000000000
10230  7.706  -82.129  10.402 0.0000000000
10231  7.315  -82.245  10.466 0.0000000000
10232  6.649  -82.624  10.464 0.0000000000
10233  5.906  -83.343  10.570 0.0000000000
10234  4.957  -83.789  10.853 0.0000000000
10235  -0.423  -80.923  10.279 0.0000000000
10237  7.722  -82.132  10.128 0.0000000000
10238  7.284  -82.096  10.072 0.0000000000
10239  6.718  -82.516  9.934 0.0000000000
10240  6.097  -83.015  10.160 0.0000000000
10241  -0.049  -80.267  8.919 0.0000000000
10242  0.001  -81.008  9.315 0.0000000000
10250  7.682  -82.142  9.747 0.0000000000
10251  7.325  -82.204  9.571 0.0000000000
10252  7.022  -82.354  9.458 0.0000000000
10253  0.515  -79.573  7.776 0.0000000000
10254  -0.038  -80.216  8.030 0.0000000000
10255  0.029  -80.718  8.394 0.0000000000
10256  0.033  -81.577  8.597 0.0000000000
10264  0.622  -79.841  6.860 0.0000000000
10265  0.329  -80.279  7.224 0.0000000000
10266  -0.157  -80.898  7.455 0.0000000000
10267  0.077  -81.439  7.934 0.0000000000
10273  0.671  -80.122  6.099 0.0000000000
10274  0.425  -80.419  6.405 0.0000000000
10275  0.086  -80.784  6.831 0.0000000000
10282  0.846  -80.140  4.750 0.0000000000
10283  0.736  -80.277  5.265 0.0000000000
10284  0.590  -80.422  5.794 0.0000000000
10300  0.942  -80.157  4.521 0.0000000000
10301  0.918  -80.338  4.493 0.0000000000
10318  1.358  -80.528  4.016 0.0000000000
10319  1.523  -80.769  3.608 0.0000000000
10334  1.443  -80.483  3.629 0.0000000000
10335  1.468  -80.651  3.171 0.0000000000
10336  0.938  -80.385  2.216 0.0000000000
10354  0.102  -79.623  1.305 0.0000000000
10355  -0.017  -79.262  0.099 0.0000000000
10362  0.164  -79.102  -1.039 0.0000000000
10368  3.200  -78.939  -2.274 0.0000000000
10369  0.226  -79.500  -2.002 0.0000000000
10375  2.482  -79.373  -3.108 0.0000000000
10376  1.527  -79.331  -2.945 0.0000000000
10377  0.539  -79.861  -2.760 0.0000000000
10393  2.289  -80.070  -3.740 0.0000000000
10394  1.927  -79.974  -3.586 0.0000000000
10395  1.219  -80.105  -3.238 0.0000000000
10820  0.512  -80.510  20.560 0.0000000000
10843  0.301  -81.034  19.665 0.0000000000
10866  0.287  -81.359  18.503 0.0000000000
10888  0.133  -81.840  17.453 0.0000000000
10900  0.231  -81.043  16.528 0.0000000000
10901  0.358  -80.494  15.830 0.0000000000
10919  0.360  -79.917  14.979 0.0000000000
10939  0.119  -79.257  14.142 0.0000000000
10944  -0.128  -79.207  13.248 0.0000000000
10946  -0.012  -79.060  12.165 0.0000000000
10948  0.190  -78.613  10.851 0.0000000000
10949  -0.295  -79.152  11.107 0.0000000000
10951  1.863  -77.621  10.256 0.0000000000
10952  1.508  -77.713  10.164 0.0000000000
10953  0.889  -77.864  9.954 0.0000000000
10954  0.213  -78.720  10.252 0.0000000000
10955  -0.052  -79.792  10.272 0.0000000000
10957  1.553  -77.886  9.830 0.0000000000
10958  1.146  -78.012  9.391 0.0000000000
10959  0.546  -78.778  9.345 0.0000000000
10960  -0.487  -79.773  9.331 0.0000000000
10961  -0.074  -80.232  9.787 0.0000000000
10968  1.248  -78.061  9.035 0.0000000000
10969  0.847  -78.687  8.531 0.0000000000
10970  0.240  -79.569  8.645 0.0000000000
10971  -0.031  -80.082  8.694 0.0000000000
10981  1.062  -78.461  8.386 0.0000000000
10982  0.827  -79.099  7.529 0.0000000000
10994  0.698  -79.699  6.202 0.0000000000
11006  0.910  -79.950  4.651 0.0000000000
11007  0.786  -79.918  5.016 0.0000000000
11022  1.119  -79.940  4.423 0.0000000000
11023  0.967  -80.094  4.338 0.0000000000
11035  1.256  -80.130  3.759 0.0000000000
11036  1.058  -79.769  3.334 0.0000000000
11037  0.680  -79.247  3.080 0.0000000000
11038  0.582  -78.763  3.005 0.0000000000
11049  1.412  -80.340  3.425 0.0000000000
11050  1.229  -80.140  3.080 0.0000000000
11051  0.487  -79.464  2.346 0.0000000000
11052  0.545  -78.567  2.359 0.0000000000
11069  0.260  -79.176  1.597 0.0000000000
11070  0.352  -78.424  1.100 0.0000000000
11077  0.540  -77.862  -0.667 0.0000000000
11084  2.791  -78.280  -2.098 0.0000000000
11085  1.960  -78.047  -2.154 0.0000000000
11086  0.932  -78.308  -1.809 0.0000000000
11101  2.167  -78.632  -2.661 0.0000000000
11102  1.503  -78.642  -2.436 0.0000000000
11103  0.886  -79.150  -2.384 0.0000000000
11594  0.535  -79.014  21.721 0.0000000000
11605  0.662  -79.306  20.840 0.0000000000
11621  0.726  -79.503  19.820 0.0000000000
11638  0.646  -79.739  18.675 0.0000000000
11651  0.520  -79.765  17.149 0.0000000000
11652  0.316  -78.506  16.342 0.0000000000
11659  0.436  -80.129  16.326 0.0000000000
11660  0.346  -79.244  15.843 0.0000000000
11676  0.132  -78.501  14.795 0.0000000000
11693  -0.052  -77.269  13.276 0.0000000000
11694  0.052  -78.024  13.788 0.0000000000
11703  2.209  -76.541  12.573 0.0000000000
11704  1.692  -76.503  12.433 0.0000000000
11705  1.174  -76.502  12.315 0.0000000000
11706  0.524  -77.055  12.622 0.0000000000
11707  0.106  -78.054  12.824 0.0000000000
11710  2.994  -76.590  12.612 0.0000000000
11711  2.620  -76.583  12.427 0.0000000000
11712  2.099  -76.797  12.109 0.0000000000
11713  1.506  -76.812  11.831 0.0000000000
11714  0.889  -77.238  11.840 0.0000000000
11715  0.201  -77.918  12.001 0.0000000000
11718  2.844  -76.687  12.428 0.0000000000
11719  2.451  -76.975  11.946 0.0000000000
11720  1.802  -77.120  11.439 0.0000000000
11721  1.125  -77.259  11.174 0.0000000000
11722  0.446  -78.109  11.235 0.0000000000
11723  -0.033  -78.515  11.618 0.0000000000
11725  2.078  -77.383  10.945 0.0000000000
11726  1.388  -77.460  10.666 0.0000000000
11727  0.751  -77.852  10.607 0.0000000000
11728  0.439  -78.325  10.731 0.0000000000
11731  2.106  -77.736  10.220 0.0000000000
11737  1.607  -77.992  9.607 0.0000000000
11749  1.263  -78.162  8.805 0.0000000000
11750  0.959  -78.611  8.124 0.0000000000
11751  0.865  -78.758  7.529 0.0000000000
11765  0.811  -79.107  6.967 0.0000000000
11766  0.723  -78.837  6.531 0.0000000000
11767  0.514  -78.502  5.904 0.0000000000
11778  0.683  -79.449  5.735 0.0000000000
11779  0.543  -79.020  5.173 0.0000000000
11780  0.311  -78.174  5.009 0.0000000000
11781  0.275  -77.422  4.512 0.0000000000
11782  0.261  -77.037  4.147 0.0000000000
11792  0.831  -79.729  4.470 0.0000000000
11793  0.621  -79.261  4.243 0.0000000000
11794  0.420  -78.602  4.161 0.0000000000
11795  0.312  -77.672  3.892 0.0000000000
11796  0.283  -77.252  4.022 0.0000000000
11808  1.089  -79.848  3.839 0.0000000000
11809  0.827  -79.554  3.768 0.0000000000
11810  0.545  -78.993  3.553 0.0000000000
11811  0.570  -78.011  2.954 0.0000000000
11824  0.675  -77.385  1.547 0.0000000000
11841  0.939  -76.817  0.112 0.0000000000
11850  2.188  -77.056  -1.201 0.0000000000
11851  1.597  -76.807  -0.845 0.0000000000
11865  2.346  -77.542  -1.768 0.0000000000
11866  1.754  -77.475  -1.568 0.0000000000
11867  1.145  -77.483  -1.338 0.0000000000
12320  7.866  -77.406  26.045 0.0000000000
12321  7.093  -77.134  26.381 0.0000000000
12322  6.274  -76.656  27.184 0.0000000000
12323  5.377  -75.702  27.393 0.0000000000
12324  4.680  -75.437  27.996 0.0000000000
12342  10.946  -77.132  25.077 0.0000000000
12343  10.231  -77.313  25.014 0.0000000000
12344  9.420  -77.360  25.078 0.0000000000
12345  8.510  -77.272  25.387 0.0000000000
12346  7.459  -76.740  25.363 0.0000000000
12347  6.559  -76.315  26.113 0.0000000000
12348  5.966  -75.990  26.659 0.0000000000
12364  10.511  -77.037  24.150 0.0000000000
12365  9.714  -77.072  24.173 0.0000000000
12366  8.796  -76.885  24.320 0.0000000000
12367  8.107  -76.749  24.722 0.0000000000
12385  10.852  -76.680  23.370 0.0000000000
12386  10.013  -76.728  23.202 0.0000000000
12387  9.228  -76.648  23.533 0.0000000000
12388  0.434  -78.323  22.378 0.0000000000
12389  0.159  -77.397  23.121 0.0000000000
12402  10.542  -76.462  22.446 0.0000000000
12403  9.905  -76.379  22.305 0.0000000000
12404  0.468  -78.176  21.788 0.0000000000
12405  0.190  -77.263  21.911 0.0000000000
12414  0.527  -78.133  21.185 0.0000000000
12415  0.237  -76.965  20.732 0.0000000000
12426  0.576  -78.137  20.170 0.0000000000
12427  0.134  -76.754  19.467 0.0000000000
12440  0.598  -78.253  19.028 0.0000000000
12441  0.097  -77.051  18.180 0.0000000000
12458  0.491  -78.438  17.949 0.0000000000
12459  0.175  -77.588  16.889 0.0000000000
12465  -0.086  -76.502  15.123 0.0000000000
12466  -0.014  -77.638  15.608 0.0000000000
12474  1.743  -75.633  14.127 0.0000000000
12475  1.288  -75.566  14.046 0.0000000000
12476  0.685  -75.853  14.059 0.0000000000
12477  0.147  -76.479  14.280 0.0000000000
12478  -0.094  -77.286  14.544 0.0000000000
12494  2.509  -76.129  13.358 0.0000000000
12495  2.058  -76.025  13.448 0.0000000000
12496  1.550  -75.930  13.447 0.0000000000
12497  1.118  -75.976  13.399 0.0000000000
12498  0.472  -76.521  13.459 0.0000000000
12499  -0.204  -77.033  13.825 0.0000000000
12512  2.956  -76.342  13.060 0.0000000000
12513  2.465  -76.371  12.946 0.0000000000
12514  1.861  -76.256  12.969 0.0000000000
12515  1.376  -76.165  12.856 0.0000000000
12516  0.940  -76.236  12.817 0.0000000000
12523  2.924  -76.344  12.812 0.0000000000
12524  2.779  -76.496  12.676 0.0000000000
12531  2.977  -76.896  12.262 0.0000000000
12532  2.643  -77.093  11.782 0.0000000000
12535  2.633  -77.276  11.452 0.0000000000
12541  2.287  -77.471  10.740 0.0000000000
12542  2.148  -77.658  10.322 0.0000000000
12553  2.089  -77.867  9.967 0.0000000000
12554  1.620  -77.809  9.834 0.0000000000
12555  1.136  -77.989  9.447 0.0000000000
12556  0.851  -77.841  8.904 0.0000000000
12557  0.578  -77.462  8.318 0.0000000000
12573  1.696  -78.140  9.382 0.0000000000
12574  1.260  -78.056  9.001 0.0000000000
12575  0.907  -78.391  8.407 0.0000000000
12576  0.780  -77.957  7.871 0.0000000000
12577  0.377  -77.343  7.366 0.0000000000
12578  0.133  -76.822  6.574 0.0000000000
12590  0.780  -78.497  7.460 0.0000000000
12591  0.572  -78.142  6.785 0.0000000000
12592  0.293  -77.475  6.299 0.0000000000
12593  0.117  -76.753  5.636 0.0000000000
12601  0.368  -78.014  5.897 0.0000000000
12602  0.263  -77.463  5.339 0.0000000000
12603  0.155  -76.683  4.497 0.0000000000
12615  0.448  -77.143  2.989 0.0000000000
12616  0.247  -76.696  3.455 0.0000000000
12629  0.685  -76.642  2.038 0.0000000000
12630  0.364  -76.537  2.596 0.0000000000
12644  1.106  -76.057  0.817 0.0000000000
12668  1.876  -76.036  0.012 0.0000000000
12680  2.133  -76.445  -0.622 0.0000000000
12681  1.890  -76.276  -0.609 0.0000000000
13088  4.161  -75.270  28.449 0.0000000000
13089  3.076  -74.925  28.674 0.0000000000
13108  5.212  -75.218  26.991 0.0000000000
13109  4.508  -74.812  27.502 0.0000000000
13110  3.215  -74.182  27.871 0.0000000000
13111  -0.115  -75.797  27.584 0.0000000000
13128  7.254  -76.374  24.969 0.0000000000
13129  6.794  -76.086  25.184 0.0000000000
13130  5.610  -75.224  26.037 0.0000000000
13131  4.661  -74.412  26.579 0.0000000000
13132  -0.140  -75.634  26.093 0.0000000000
13144  8.202  -76.500  24.212 0.0000000000
13145  7.485  -76.214  24.443 0.0000000000
13146  6.474  -75.371  24.414 0.0000000000
13147  5.850  -74.980  24.893 0.0000000000
13148  -0.233  -76.192  24.357 0.0000000000
13160  9.257  -76.254  22.689 0.0000000000
13161  8.300  -76.103  23.395 0.0000000000
13162  7.242  -75.530  23.505 0.0000000000
13163  6.639  -75.097  23.430 0.0000000000
13164  -0.223  -75.949  22.817 0.0000000000
13178  10.974  -76.257  21.691 0.0000000000
13179  10.218  -76.211  21.607 0.0000000000
13180  9.444  -75.975  21.715 0.0000000000
13181  8.552  -75.586  22.067 0.0000000000
13182  7.446  -75.203  22.450 0.0000000000
13183  6.996  -75.146  22.969 0.0000000000
13184  -0.152  -75.823  21.479 0.0000000000
13198  10.636  -75.944  20.856 0.0000000000
13199  9.805  -75.770  20.841 0.0000000000
13200  8.889  -75.409  20.959 0.0000000000
13201  7.760  -74.930  21.185 0.0000000000
13202  7.537  -74.444  20.842 0.0000000000
13203  -0.126  -75.700  20.238 0.0000000000
13217  11.108  -75.664  20.142 0.0000000000
13218  10.310  -75.559  20.054 0.0000000000
13219  9.431  -75.298  20.061 0.0000000000
13220  8.432  -74.916  20.125 0.0000000000
13221  7.817  -74.598  20.431 0.0000000000
13222  -0.123  -75.667  19.436 0.0000000000
13240  11.712  -75.371  19.495 0.0000000000
13241  10.889  -75.367  19.331 0.0000000000
13242  10.104  -75.183  19.317 0.0000000000
13243  9.255  -74.819  19.403 0.0000000000
13244  8.505  -74.518  19.634 0.0000000000
13245  -0.062  -75.772  18.658 0.0000000000
13266  12.121  -74.989  18.710 0.0000000000
13267  11.480  -75.045  18.704 0.0000000000
13268  10.796  -75.020  18.699 0.0000000000
13269  10.143  -74.757  18.801 0.0000000000
13270  9.500  -74.485  18.964 0.0000000000
13271  1.125  -74.657  16.291 0.0000000000
13272  0.620  -74.872  16.451 0.0000000000
13273  -0.005  -75.760  17.238 0.0000000000
13279  12.496  -74.687  18.180 0.0000000000
13280  12.056  -74.722  18.088 0.0000000000
13281  11.467  -74.701  18.221 0.0000000000
13282  10.897  -74.666  18.347 0.0000000000
13283  10.499  -74.489  18.445 0.0000000000
13284  2.191  -74.902  15.170 0.0000000000
13285  1.948  -74.656  15.063 0.0000000000
13286  1.371  -74.780  15.739 0.0000000000
13287  0.306  -75.633  15.703 0.0000000000
13288  -0.056  -76.560  16.069 0.0000000000
13298  2.192  -75.247  14.843 0.0000000000
13299  1.594  -74.960  14.602 0.0000000000
13300  0.884  -75.331  14.733 0.0000000000
13301  0.263  -75.883  14.739 0.0000000000
13316  3.156  -76.368  13.771 0.0000000000
13317  2.294  -75.860  14.019 0.0000000000
13332  2.952  -76.168  13.374 0.0000000000
13333  2.641  -76.028  13.511 0.0000000000
13341  2.734  -76.485  12.584 0.0000000000
13342  2.577  -76.296  13.068 0.0000000000
13351  2.724  -76.805  12.185 0.0000000000
13352  2.448  -76.700  12.173 0.0000000000
13353  2.104  -76.584  12.186 0.0000000000
13362  2.414  -77.246  11.336 0.0000000000
13363  2.079  -77.038  11.660 0.0000000000
13364  1.627  -76.906  11.542 0.0000000000
13365  1.156  -76.743  11.427 0.0000000000
13366  0.919  -76.482  11.335 0.0000000000
13377  2.426  -77.379  11.004 0.0000000000
13378  2.175  -77.375  10.942 0.0000000000
13379  1.788  -77.344  10.951 0.0000000000
13380  1.333  -77.207  10.785 0.0000000000
13381  0.806  -76.678  10.508 0.0000000000
13382  0.332  -76.253  9.640 0.0000000000
13395  1.956  -77.557  10.397 0.0000000000
13396  1.450  -77.647  10.242 0.0000000000
13397  0.993  -77.555  9.906 0.0000000000
13398  0.572  -77.029  9.174 0.0000000000
13399  0.137  -76.197  8.614 0.0000000000
13411  0.314  -76.908  8.188 0.0000000000
13412  -0.047  -76.308  7.347 0.0000000000
13422  -0.423  -76.116  6.045 0.0000000000
13430  -0.102  -75.819  4.834 0.0000000000
13440  -0.009  -75.439  3.362 0.0000000000
13451  0.932  -75.655  1.372 0.0000000000
13452  0.433  -75.619  2.139 0.0000000000
13471  1.612  -75.301  1.043 0.0000000000
13472  0.997  -75.261  1.462 0.0000000000
13498  2.014  -75.516  0.643 0.0000000000
13908  1.980  -74.368  28.253 0.0000000000
13909  0.878  -74.691  28.127 0.0000000000
13910  0.308  -75.033  27.843 0.0000000000
13923  3.816  -73.719  26.949 0.0000000000
13924  2.503  -73.635  27.455 0.0000000000
13925  1.338  -73.781  27.723 0.0000000000
13926  0.333  -74.066  27.055 0.0000000000
13927  0.455  -73.352  26.502 0.0000000000
13939  5.481  -74.519  25.098 0.0000000000
13940  4.656  -73.922  25.808 0.0000000000
13941  -0.103  -74.054  25.900 0.0000000000
13942  0.256  -73.513  26.218 0.0000000000
13955  6.296  -74.987  23.839 0.0000000000
13956  5.868  -74.677  24.192 0.0000000000
13957  5.224  -73.812  24.614 0.0000000000
13958  -0.325  -74.488  25.041 0.0000000000
13970  6.233  -74.725  23.458 0.0000000000
13971  5.762  -74.045  23.443 0.0000000000
13972  5.150  -73.200  24.089 0.0000000000
13973  -0.426  -74.532  23.743 0.0000000000
13983  7.044  -74.924  22.270 0.0000000000
13984  6.675  -74.679  22.614 0.0000000000
13985  6.135  -73.739  22.553 0.0000000000
13986  -0.403  -74.526  22.303 0.0000000000
13996  7.132  -74.795  21.938 0.0000000000
13997  6.964  -74.195  21.549 0.0000000000
13998  6.414  -73.385  22.093 0.0000000000
13999  -0.335  -74.533  20.956 0.0000000000
14007  8.044  -74.445  19.991 0.0000000000
14008  7.627  -74.038  20.538 0.0000000000
14009  0.065  -73.955  18.870 0.0000000000
14010  -0.154  -74.499  19.460 0.0000000000
14021  8.886  -74.314  19.255 0.0000000000
14022  8.221  -73.935  19.702 0.0000000000
14023  7.859  -73.722  20.216 0.0000000000
14024  0.808  -73.999  17.617 0.0000000000
14025  0.237  -74.408  18.276 0.0000000000
14026  0.004  -75.090  18.284 0.0000000000
14044  9.954  -74.362  18.626 0.0000000000
14045  9.273  -73.984  18.810 0.0000000000
14046  8.712  -73.932  19.201 0.0000000000
14047  1.867  -74.192  16.310 0.0000000000
14048  1.266  -74.407  16.627 0.0000000000
14049  0.476  -74.687  17.329 0.0000000000
14050  0.100  -74.987  17.787 0.0000000000
14054  13.721  -73.886  16.896 0.0000000000
14055  12.820  -74.380  17.468 0.0000000000
14056  12.084  -74.429  17.640 0.0000000000
14057  11.495  -74.413  17.928 0.0000000000
14058  10.967  -74.363  18.132 0.0000000000
14059  10.438  -74.102  18.283 0.0000000000
14060  9.867  -74.047  18.548 0.0000000000
14061  2.141  -74.598  15.218 0.0000000000
14062  1.972  -74.464  15.755 0.0000000000
14063  1.780  -74.474  16.159 0.0000000000
14072  13.651  -73.801  16.604 0.0000000000
14073  13.235  -73.946  16.744 0.0000000000
14074  12.641  -74.119  17.034 0.0000000000
14075  12.021  -74.155  17.411 0.0000000000
14076  11.380  -74.160  17.758 0.0000000000
14077  10.960  -74.144  18.008 0.0000000000
14078  2.243  -74.993  14.766 0.0000000000
14090  2.764  -75.926  13.867 0.0000000000
14091  2.690  -75.541  14.417 0.0000000000
14103  3.014  -76.206  13.880 0.0000000000
14104  2.499  -75.839  14.068 0.0000000000
14105  2.143  -75.646  14.050 0.0000000000
14106  1.814  -75.597  13.957 0.0000000000
14117  2.405  -75.964  13.557 0.0000000000
14118  2.027  -75.936  13.534 0.0000000000
14119  1.499  -75.854  13.568 0.0000000000
14120  1.098  -75.936  13.456 0.0000000000
14130  2.319  -76.250  13.051 0.0000000000
14131  1.952  -76.326  12.832 0.0000000000
14132  1.426  -76.156  12.853 0.0000000000
14133  0.963  -76.065  12.824 0.0000000000
14134  0.778  -75.768  12.256 0.0000000000
14135  0.442  -75.314  11.798 0.0000000000
14145  1.761  -76.621  12.238 0.0000000000
14146  1.295  -76.571  12.212 0.0000000000
14147  0.963  -76.342  11.953 0.0000000000
14148  0.709  -75.963  11.309 0.0000000000
14149  0.261  -75.205  10.865 0.0000000000
14159  0.389  -75.908  10.368 0.0000000000
14160  0.147  -75.230  9.389 0.0000000000
14171  -0.386  -75.287  7.816 0.0000000000
14186  -0.820  -75.254  6.562 0.0000000000
14196  -0.798  -75.057  5.290 0.0000000000
14202  -0.013  -74.687  4.088 0.0000000000
14208  0.139  -74.326  3.023 0.0000000000
14220  1.325  -74.102  2.037 0.0000000000
14221  0.454  -74.569  2.319 0.0000000000
14239  1.811  -74.612  1.648 0.0000000000
14240  1.102  -74.797  1.648 0.0000000000
14740  3.552  -73.319  26.674 0.0000000000
14741  3.046  -73.136  26.780 0.0000000000
14742  1.656  -72.903  26.883 0.0000000000
14743  0.751  -72.967  26.529 0.0000000000
14744  0.464  -72.959  26.110 0.0000000000
14753  3.719  -73.141  26.285 0.0000000000
14754  2.842  -72.484  26.134 0.0000000000
14755  2.025  -72.422  26.359 0.0000000000
14756  -0.182  -73.687  25.292 0.0000000000
14757  0.115  -73.160  25.527 0.0000000000
14766  4.088  -72.599  25.140 0.0000000000
14767  3.188  -72.195  25.539 0.0000000000
14768  -0.193  -73.094  24.677 0.0000000000
14769  0.027  -72.963  25.138 0.0000000000
14781  5.474  -73.172  23.309 0.0000000000
14782  4.820  -72.499  23.949 0.0000000000
14783  -0.419  -73.169  23.130 0.0000000000
14793  5.769  -72.703  22.861 0.0000000000
14794  5.302  -72.548  23.401 0.0000000000
14795  -0.437  -73.254  21.723 0.0000000000
14805  7.097  -73.180  21.536 0.0000000000
14806  6.380  -72.680  22.275 0.0000000000
14807  -0.345  -73.478  20.610 0.0000000000
14817  7.756  -73.250  20.789 0.0000000000
14818  0.263  -73.005  18.770 0.0000000000
14819  0.081  -73.288  19.328 0.0000000000
14820  -0.175  -73.182  20.054 0.0000000000
14831  8.434  -73.320  19.919 0.0000000000
14832  8.157  -73.300  20.286 0.0000000000
14833  0.633  -73.268  17.990 0.0000000000
14834  0.409  -73.662  18.486 0.0000000000
14851  9.304  -73.431  18.935 0.0000000000
14852  8.835  -73.342  19.420 0.0000000000
14853  1.891  -73.955  16.398 0.0000000000
14854  1.325  -73.643  16.936 0.0000000000
14862  10.444  -73.685  18.277 0.0000000000
14863  9.865  -73.541  18.584 0.0000000000
14864  2.020  -74.264  15.473 0.0000000000
14865  2.077  -74.121  15.939 0.0000000000
14873  14.063  -73.470  16.477 0.0000000000
14874  13.597  -73.676  16.420 0.0000000000
14875  13.101  -73.861  16.615 0.0000000000
14876  12.546  -73.869  16.880 0.0000000000
14877  11.812  -73.840  17.393 0.0000000000
14878  11.011  -73.773  17.935 0.0000000000
14879  1.999  -74.400  15.234 0.0000000000
14890  14.599  -72.920  16.453 0.0000000000
14891  14.016  -73.255  16.325 0.0000000000
14892  13.497  -73.470  16.457 0.0000000000
14893  13.016  -73.652  16.558 0.0000000000
14894  12.735  -73.647  16.735 0.0000000000
14895  2.067  -74.898  14.912 0.0000000000
14905  2.056  -75.218  14.596 0.0000000000
14906  1.795  -75.288  14.456 0.0000000000
14907  1.430  -75.310  14.170 0.0000000000
14908  1.102  -75.079  14.077 0.0000000000
14921  1.128  -75.638  13.883 0.0000000000
14922  0.793  -75.143  13.466 0.0000000000
14923  0.267  -74.273  12.923 0.0000000000
14924  0.094  -73.801  12.568 0.0000000000
14935  0.766  -75.596  12.846 0.0000000000
14936  0.535  -75.094  12.553 0.0000000000
14937  0.181  -74.320  11.808 0.0000000000
14947  0.199  -74.256  10.278 0.0000000000
14958  0.167  -73.684  8.693 0.0000000000
14959  0.226  -74.086  9.142 0.0000000000
14970  0.114  -73.666  8.383 0.0000000000
14971  -0.013  -74.123  8.230 0.0000000000
14985  -0.789  -74.293  7.009 0.0000000000
14995  -0.883  -74.190  5.744 0.0000000000
15000  -0.482  -73.947  4.440 0.0000000000
15006  0.160  -73.698  3.399 0.0000000000
15023  0.859  -73.559  2.576 0.0000000000
15610  1.674  -72.415  26.386 0.0000000000
15611  1.218  -72.379  26.341 0.0000000000
15612  0.757  -72.473  26.145 0.0000000000
15620  2.744  -72.089  25.694 0.0000000000
15621  1.957  -72.026  25.957 0.0000000000
15622  0.995  -71.959  25.822 0.0000000000
15623  0.501  -72.462  25.645 0.0000000000
15630  3.667  -72.014  24.907 0.0000000000
15631  2.955  -71.736  25.161 0.0000000000
15632  1.597  -71.428  25.272 0.0000000000
15633  0.470  -71.791  24.954 0.0000000000
15634  0.172  -72.671  25.198 0.0000000000
15642  3.886  -71.814  24.410 0.0000000000
15643  3.022  -71.249  24.384 0.0000000000
15644  -0.050  -71.932  23.760 0.0000000000
15654  5.589  -72.047  23.108 0.0000000000
15655  4.890  -71.743  23.420 0.0000000000
15656  -0.274  -72.019  22.451 0.0000000000
15666  7.018  -71.988  22.253 0.0000000000
15667  6.098  -71.599  22.885 0.0000000000
15668  5.071  -70.924  22.920 0.0000000000
15669  -0.148  -71.572  20.331 0.0000000000
15670  -0.318  -72.039  20.871 0.0000000000
15679  8.225  -71.695  20.935 0.0000000000
15680  7.787  -71.962  21.449 0.0000000000
15681  0.233  -72.546  18.494 0.0000000000
15682  -0.116  -72.022  19.539 0.0000000000
15683  -0.171  -72.636  19.953 0.0000000000
15693  9.259  -71.831  20.028 0.0000000000
15694  8.686  -72.315  20.551 0.0000000000
15695  8.330  -72.578  20.977 0.0000000000
15696  0.471  -72.380  17.621 0.0000000000
15697  0.002  -71.763  18.514 0.0000000000
15711  9.874  -72.360  18.708 0.0000000000
15712  9.400  -72.728  19.073 0.0000000000
15713  9.075  -72.529  19.776 0.0000000000
15714  1.774  -73.634  16.385 0.0000000000
15715  1.175  -72.912  16.767 0.0000000000
15720  11.163  -72.812  18.148 0.0000000000
15721  10.492  -73.116  18.407 0.0000000000
15722  9.881  -72.956  18.640 0.0000000000
15723  2.092  -73.945  15.664 0.0000000000
15724  1.944  -73.619  16.021 0.0000000000
15725  1.575  -73.094  16.276 0.0000000000
15734  12.978  -72.878  16.857 0.0000000000
15735  12.379  -73.323  17.123 0.0000000000
15736  11.531  -73.351  17.658 0.0000000000
15737  11.040  -73.322  17.993 0.0000000000
15738  1.865  -73.724  15.362 0.0000000000
15739  1.741  -73.370  15.790 0.0000000000
15740  1.690  -73.240  16.029 0.0000000000
15752  15.315  -72.293  16.505 0.0000000000
15753  14.582  -72.648  16.426 0.0000000000
15754  13.893  -72.922  16.328 0.0000000000
15755  13.319  -73.187  16.530 0.0000000000
15756  12.895  -73.416  16.683 0.0000000000
15757  1.940  -73.972  15.081 0.0000000000
15767  2.031  -74.394  14.912 0.0000000000
15768  1.805  -74.356  14.758 0.0000000000
15769  1.473  -74.711  14.619 0.0000000000
15770  1.205  -74.706  14.391 0.0000000000
15783  1.474  -73.832  14.748 0.0000000000
15784  1.180  -73.848  14.570 0.0000000000
15785  0.788  -74.056  14.210 0.0000000000
15786  0.314  -73.713  13.679 0.0000000000
15787  -0.005  -73.326  13.071 0.0000000000
15798  0.044  -73.143  12.184 0.0000000000
15811  0.184  -73.118  10.852 0.0000000000
15823  0.071  -73.426  8.525 0.0000000000
15824  0.119  -73.196  9.271 0.0000000000
15836  -0.129  -73.477  8.095 0.0000000000
15837  -0.823  -73.462  7.469 0.0000000000
15849  -0.804  -73.140  6.198 0.0000000000
15859  -0.186  -73.110  4.874 0.0000000000
15865  0.209  -73.025  3.785 0.0000000000
15872  0.741  -73.029  3.072 0.0000000000
15890  1.100  -73.027  2.714 0.0000000000
16431  2.217  -71.152  24.656 0.0000000000
16432  1.332  -71.013  24.437 0.0000000000
16433  0.538  -71.140  24.003 0.0000000000
16443  3.642  -71.122  23.873 0.0000000000
16444  2.473  -70.709  23.887 0.0000000000
16445  1.170  -70.549  23.510 0.0000000000
16446  0.237  -71.056  23.042 0.0000000000
16458  3.941  -70.335  23.235 0.0000000000
16459  2.281  -70.036  23.084 0.0000000000
16460  0.827  -70.256  22.212 0.0000000000
16461  -0.108  -71.147  22.027 0.0000000000
16473  6.791  -71.289  22.270 0.0000000000
16474  5.675  -70.581  22.529 0.0000000000
16475  4.931  -70.252  22.939 0.0000000000
16476  0.265  -70.765  20.600 0.0000000000
16477  0.022  -70.966  21.419 0.0000000000
16485  7.891  -71.362  21.089 0.0000000000
16486  7.046  -70.960  21.469 0.0000000000
16487  6.321  -70.847  22.012 0.0000000000
16488  0.320  -70.921  19.177 0.0000000000
16499  9.227  -71.272  19.995 0.0000000000
16500  8.401  -71.160  20.383 0.0000000000
16501  7.699  -70.936  21.033 0.0000000000
16502  0.294  -71.696  17.431 0.0000000000
16503  0.241  -71.198  17.951 0.0000000000
16516  9.839  -71.572  18.741 0.0000000000
16517  9.463  -71.538  19.154 0.0000000000
16518  9.154  -70.875  19.821 0.0000000000
16519  0.493  -71.976  17.004 0.0000000000
16520  0.308  -71.338  17.251 0.0000000000
16526  12.076  -71.971  18.099 0.0000000000
16527  11.424  -71.999  18.389 0.0000000000
16528  10.546  -71.993  18.649 0.0000000000
16529  0.884  -72.291  16.446 0.0000000000
16530  0.461  -71.384  16.739 0.0000000000
16538  13.150  -72.347  17.171 0.0000000000
16539  12.613  -72.348  17.492 0.0000000000
16540  11.850  -72.680  17.752 0.0000000000
16541  1.375  -73.147  15.396 0.0000000000
16542  1.187  -72.734  15.603 0.0000000000
16543  1.189  -72.610  16.008 0.0000000000
16544  0.689  -71.501  16.220 0.0000000000
16556  16.056  -71.577  16.357 0.0000000000
16557  15.251  -71.846  16.454 0.0000000000
16558  14.420  -72.155  16.578 0.0000000000
16559  13.614  -72.366  16.837 0.0000000000
16560  1.466  -73.357  15.257 0.0000000000
16561  0.915  -72.645  15.383 0.0000000000
16573  1.656  -73.617  15.073 0.0000000000
16574  1.377  -73.383  15.017 0.0000000000
16588  0.958  -73.039  14.977 0.0000000000
16589  0.646  -72.873  14.709 0.0000000000
16590  0.273  -72.764  14.306 0.0000000000
16591  -0.045  -72.521  13.717 0.0000000000
16592  -0.177  -72.252  12.847 0.0000000000
16605  -0.268  -71.931  11.505 0.0000000000
16619  -0.154  -72.032  9.963 0.0000000000
16630  -0.585  -72.985  8.284 0.0000000000
16631  -0.751  -72.215  8.639 0.0000000000
16644  -0.789  -73.130  7.810 0.0000000000
16645  -0.789  -72.442  7.269 0.0000000000
16656  -0.670  -72.049  5.899 0.0000000000
16670  -0.044  -72.241  5.021 0.0000000000
16677  0.453  -72.293  4.081 0.0000000000
16688  0.865  -72.437  3.412 0.0000000000
17344  3.979  -69.765  22.888 0.0000000000
17345  3.385  -69.563  22.788 0.0000000000
17346  2.230  -69.444  22.394 0.0000000000
17358  5.374  -70.160  22.290 0.0000000000
17359  4.534  -69.819  22.519 0.0000000000
17360  3.098  -69.243  21.977 0.0000000000
17361  1.622  -69.424  21.402 0.0000000000
17375  6.759  -70.416  21.391 0.0000000000
17376  5.860  -70.132  21.655 0.0000000000
17377  4.086  -69.328  21.425 0.0000000000
17378  2.635  -69.071  20.705 0.0000000000
17379  1.260  -69.861  20.006 0.0000000000
17390  8.019  -70.286  20.230 0.0000000000
17391  7.143  -70.312  20.907 0.0000000000
17392  6.117  -70.195  20.806 0.0000000000
17393  1.923  -69.194  19.607 0.0000000000
17394  1.060  -70.077  18.655 0.0000000000
17403  9.569  -71.087  18.790 0.0000000000
17404  9.094  -70.507  18.907 0.0000000000
17405  8.570  -70.363  19.754 0.0000000000
17406  0.661  -70.648  17.374 0.0000000000
17412  11.726  -71.199  18.255 0.0000000000
17413  10.777  -71.077  18.330 0.0000000000
17414  9.772  -70.755  18.526 0.0000000000
17415  9.207  -70.187  18.540 0.0000000000
17416  0.626  -70.785  16.594 0.0000000000
17423  13.850  -70.739  17.766 0.0000000000
17424  13.301  -71.561  17.557 0.0000000000
17425  12.491  -71.409  17.986 0.0000000000
17426  0.647  -72.041  15.464 0.0000000000
17427  0.662  -71.370  15.738 0.0000000000
17428  0.725  -70.816  16.198 0.0000000000
17436  16.687  -71.051  16.137 0.0000000000
17437  15.985  -70.830  16.445 0.0000000000
17438  14.985  -71.187  16.866 0.0000000000
17439  14.082  -71.497  17.180 0.0000000000
17440  13.682  -71.855  17.168 0.0000000000
17441  0.996  -72.817  15.239 0.0000000000
17442  0.741  -71.438  15.372 0.0000000000
17443  0.715  -71.041  15.536 0.0000000000
17455  17.185  -70.589  16.073 0.0000000000
17456  16.736  -70.595  16.218 0.0000000000
17457  1.187  -73.083  15.145 0.0000000000
17458  0.716  -72.310  15.256 0.0000000000
17472  0.576  -71.779  15.063 0.0000000000
17473  0.385  -71.663  14.739 0.0000000000
17474  0.075  -71.539  14.268 0.0000000000
17475  -0.203  -71.316  13.563 0.0000000000
17476  -0.371  -71.127  12.501 0.0000000000
17490  -0.723  -70.905  11.487 0.0000000000
17505  -0.987  -70.496  9.779 0.0000000000
17506  -0.844  -71.003  10.307 0.0000000000
17518  -0.970  -70.759  9.652 0.0000000000
17519  -0.829  -71.187  9.213 0.0000000000
17534  -0.689  -71.062  7.553 0.0000000000
17545  -0.471  -71.359  6.222 0.0000000000
17562  1.115  -70.603  4.589 0.0000000000
17563  0.197  -71.260  5.061 0.0000000000
17570  1.141  -71.201  4.192 0.0000000000
17571  0.616  -71.674  4.320 0.0000000000
18356  5.579  -70.041  20.661 0.0000000000
18357  4.793  -69.599  20.569 0.0000000000
18358  3.596  -69.072  20.405 0.0000000000
18369  8.033  -70.039  19.708 0.0000000000
18370  7.248  -69.858  19.806 0.0000000000
18371  5.702  -69.585  20.036 0.0000000000
18372  4.046  -68.885  19.725 0.0000000000
18373  2.785  -68.610  19.580 0.0000000000
18374  1.958  -69.094  18.858 0.0000000000
18379  8.855  -69.935  18.618 0.0000000000
18380  7.968  -69.547  18.829 0.0000000000
18381  6.177  -69.057  18.959 0.0000000000
18382  4.586  -68.410  19.065 0.0000000000
18383  3.355  -68.277  18.880 0.0000000000
18384  2.412  -68.381  18.419 0.0000000000
18385  1.539  -69.643  17.876 0.0000000000
18391  12.808  -69.907  18.319 0.0000000000
18392  12.309  -70.341  18.257 0.0000000000
18393  11.107  -70.267  18.025 0.0000000000
18394  10.087  -70.046  18.116 0.0000000000
18395  9.010  -69.621  18.285 0.0000000000
18396  8.247  -69.061  18.234 0.0000000000
18397  1.846  -69.179  17.238 0.0000000000
18398  1.080  -70.136  16.919 0.0000000000
18405  13.982  -69.953  18.102 0.0000000000
18406  13.224  -70.293  18.188 0.0000000000
18407  12.867  -70.940  18.139 0.0000000000
18408  1.238  -70.083  16.287 0.0000000000
18409  0.896  -70.474  16.457 0.0000000000
18416  16.097  -69.720  16.856 0.0000000000
18417  15.393  -70.111  17.219 0.0000000000
18418  14.576  -70.330  17.575 0.0000000000
18419  1.300  -70.049  15.288 0.0000000000
18420  1.140  -70.350  15.634 0.0000000000
18426  17.554  -69.862  16.155 0.0000000000
18427  17.039  -69.986  16.310 0.0000000000
18428  16.540  -70.173  16.435 0.0000000000
18429  0.963  -70.532  15.104 0.0000000000
18440  0.885  -70.319  14.876 0.0000000000
18441  0.459  -70.609  14.584 0.0000000000
18442  0.106  -70.184  14.153 0.0000000000
18443  -0.307  -70.169  13.241 0.0000000000
18444  -0.591  -70.121  12.048 0.0000000000
18459  1.126  -69.713  14.715 0.0000000000
18460  0.830  -69.870  14.644 0.0000000000
18461  0.526  -70.012  14.482 0.0000000000
18462  -0.872  -70.200  10.756 0.0000000000
18478  -1.363  -70.590  9.487 0.0000000000
18479  -1.211  -70.408  9.797 0.0000000000
18492  -1.170  -70.686  9.315 0.0000000000
18493  -1.092  -70.345  8.817 0.0000000000
18509  1.827  -69.451  5.912 0.0000000000
18510  0.622  -69.391  5.787 0.0000000000
18511  -0.314  -69.781  6.835 0.0000000000
18521  1.384  -69.826  5.329 0.0000000000
18522  0.449  -69.999  5.655 0.0000000000
18523  -0.247  -70.550  6.111 0.0000000000
18538  1.074  -70.235  5.074 0.0000000000
18539  0.389  -70.531  5.284 0.0000000000
18540  -0.120  -70.881  5.611 0.0000000000
19339  7.624  -68.700  18.105 0.0000000000
19340  6.562  -68.457  18.200 0.0000000000
19341  5.087  -68.077  18.211 0.0000000000
19342  3.770  -67.958  18.218 0.0000000000
19343  3.000  -67.921  18.330 0.0000000000
19349  13.043  -69.673  18.367 0.0000000000
19350  12.600  -69.357  18.300 0.0000000000
19351  11.534  -69.287  18.134 0.0000000000
19352  10.476  -69.365  17.922 0.0000000000
19353  9.477  -69.060  17.913 0.0000000000
19354  8.283  -68.515  17.748 0.0000000000
19355  7.026  -67.981  17.645 0.0000000000
19356  5.661  -67.458  17.582 0.0000000000
19357  4.092  -67.214  17.450 0.0000000000
19358  2.830  -67.982  17.579 0.0000000000
19364  14.979  -68.748  17.975 0.0000000000
19365  14.583  -69.148  18.009 0.0000000000
19366  13.459  -69.148  18.239 0.0000000000
19367  12.787  -68.590  18.285 0.0000000000
19368  10.805  -68.709  17.995 0.0000000000
19369  10.009  -68.524  17.867 0.0000000000
19370  9.042  -68.199  17.579 0.0000000000
19371  8.178  -67.791  17.325 0.0000000000
19372  3.015  -67.623  16.605 0.0000000000
19373  2.045  -68.765  16.531 0.0000000000
19379  16.805  -68.487  16.838 0.0000000000
19380  16.438  -68.733  17.002 0.0000000000
19381  15.472  -68.850  17.787 0.0000000000
19382  15.041  -69.606  17.747 0.0000000000
19383  2.157  -68.849  15.646 0.0000000000
19384  1.641  -69.528  15.974 0.0000000000
19390  17.976  -68.896  16.270 0.0000000000
19391  17.202  -68.805  16.560 0.0000000000
19392  16.690  -69.512  16.606 0.0000000000
19393  2.022  -69.112  14.948 0.0000000000
19397  1.886  -69.125  14.638 0.0000000000
19398  1.958  -68.889  14.300 0.0000000000
19399  0.234  -69.278  14.155 0.0000000000
19400  -0.058  -69.209  13.713 0.0000000000
19401  -0.466  -69.136  12.720 0.0000000000
19412  1.435  -69.436  14.683 0.0000000000
19413  1.229  -69.227  14.503 0.0000000000
19414  0.652  -69.341  14.381 0.0000000000
19415  -0.909  -69.180  11.301 0.0000000000
19431  -0.977  -69.377  9.660 0.0000000000
19445  -1.023  -69.068  7.963 0.0000000000
19462  1.949  -68.932  6.309 0.0000000000
19463  0.875  -68.805  5.831 0.0000000000
19464  0.055  -68.926  6.292 0.0000000000
19465  -0.488  -69.039  6.934 0.0000000000
20278  12.109  -68.562  18.165 0.0000000000
20279  11.381  -68.350  18.057 0.0000000000
20280  7.505  -67.747  17.268 0.0000000000
20281  6.511  -67.377  16.984 0.0000000000
20282  5.114  -66.887  16.800 0.0000000000
20283  3.983  -66.931  16.500 0.0000000000
20289  14.887  -68.361  18.040 0.0000000000
20290  14.110  -68.238  18.141 0.0000000000
20291  13.271  -68.037  18.283 0.0000000000
20292  12.479  -67.915  18.091 0.0000000000
20293  10.639  -67.981  17.993 0.0000000000
20294  9.710  -67.660  17.703 0.0000000000
20295  8.622  -67.400  17.219 0.0000000000
20296  7.369  -67.197  16.726 0.0000000000
20297  6.084  -67.047  16.181 0.0000000000
20298  4.804  -67.029  15.754 0.0000000000
20299  3.404  -67.388  15.726 0.0000000000
20305  16.753  -67.915  17.007 0.0000000000
20306  16.098  -67.841  17.700 0.0000000000
20307  15.359  -67.797  17.884 0.0000000000
20308  6.607  -66.803  16.068 0.0000000000
20309  5.634  -66.854  15.279 0.0000000000
20310  4.126  -67.377  14.982 0.0000000000
20311  2.962  -68.156  15.044 0.0000000000
20316  18.868  -67.631  16.287 0.0000000000
20317  18.487  -67.845  16.319 0.0000000000
20318  17.893  -67.882  16.400 0.0000000000
20319  17.334  -67.703  16.662 0.0000000000
20320  5.590  -66.712  14.756 0.0000000000
20321  4.651  -67.002  14.466 0.0000000000
20322  3.085  -68.021  14.591 0.0000000000
20326  4.456  -66.800  13.961 0.0000000000
20327  3.061  -67.751  14.080 0.0000000000
20328  1.519  -68.361  14.052 0.0000000000
20329  0.409  -68.419  14.025 0.0000000000
20330  -0.168  -68.163  13.246 0.0000000000
20331  -0.388  -68.117  11.894 0.0000000000
20337  1.041  -68.917  14.409 0.0000000000
20338  0.858  -68.777  14.297 0.0000000000
20339  -1.013  -68.137  10.352 0.0000000000
20350  -1.185  -68.168  8.877 0.0000000000
20360  -0.951  -68.096  7.878 0.0000000000
20371  2.083  -68.154  6.325 0.0000000000
20372  1.033  -68.134  6.010 0.0000000000
20373  0.385  -68.406  6.286 0.0000000000
20374  -0.367  -68.363  6.922 0.0000000000
20384  0.749  -67.898  6.219 0.0000000000
20385  0.482  -67.997  6.330 0.0000000000
20386  0.064  -68.110  6.426 0.0000000000
21187  11.846  -67.921  18.072 0.0000000000
21188  11.294  -67.665  18.052 0.0000000000
21193  14.604  -67.579  17.882 0.0000000000
21194  13.721  -67.200  18.019 0.0000000000
21195  12.869  -67.246  17.959 0.0000000000
21196  11.896  -67.151  17.978 0.0000000000
21197  10.645  -66.976  17.931 0.0000000000
21198  9.379  -66.713  17.452 0.0000000000
21199  8.022  -66.534  16.735 0.0000000000
21200  7.194  -66.726  16.320 0.0000000000
21205  16.332  -67.061  17.319 0.0000000000
21206  15.765  -67.181  17.572 0.0000000000
21207  15.048  -66.982  17.585 0.0000000000
21208  14.319  -66.756  17.688 0.0000000000
21209  7.685  -66.081  16.374 0.0000000000
21210  6.786  -66.304  15.769 0.0000000000
21211  5.978  -66.544  15.024 0.0000000000
21215  19.447  -66.498  16.072 0.0000000000
21216  18.997  -66.756  16.063 0.0000000000
21217  18.384  -66.957  16.327 0.0000000000
21218  17.709  -66.919  16.604 0.0000000000
21219  17.024  -66.917  17.005 0.0000000000
21220  6.486  -65.937  15.243 0.0000000000
21221  5.838  -66.308  14.579 0.0000000000
21222  5.120  -66.621  14.090 0.0000000000
21225  19.636  -66.072  15.879 0.0000000000
21226  19.413  -66.194  15.925 0.0000000000
21227  5.705  -65.998  14.087 0.0000000000
21228  5.161  -66.224  13.812 0.0000000000
21229  3.861  -66.429  13.544 0.0000000000
21230  2.417  -66.971  13.490 0.0000000000
21231  0.899  -67.214  13.744 0.0000000000
21232  0.120  -67.208  13.418 0.0000000000
21233  -0.314  -67.127  12.670 0.0000000000
21238  3.391  -65.838  13.282 0.0000000000
21239  3.061  -66.254  13.338 0.0000000000
21240  -0.563  -66.913  11.147 0.0000000000
21253  -1.127  -67.063  9.441 0.0000000000
21266  -1.019  -67.277  8.302 0.0000000000
21276  1.164  -67.343  6.191 0.0000000000
21277  0.760  -67.194  6.545 0.0000000000
21278  -0.691  -67.562  7.309 0.0000000000
21287  0.923  -67.750  6.152 0.0000000000
21288  0.653  -67.586  6.488 0.0000000000
21289  0.091  -67.838  6.789 0.0000000000
22064  13.170  -66.727  17.828 0.0000000000
22065  12.563  -66.436  17.728 0.0000000000
22066  11.454  -66.021  17.675 0.0000000000
22067  10.213  -65.917  17.606 0.0000000000
22068  9.055  -65.726  17.170 0.0000000000
22069  8.225  -65.837  16.652 0.0000000000
22074  15.997  -66.720  17.251 0.0000000000
22075  15.521  -66.428  17.215 0.0000000000
22076  14.602  -66.001  17.223 0.0000000000
22077  13.497  -66.046  17.543 0.0000000000
22078  12.372  -65.506  17.302 0.0000000000
22079  11.525  -65.146  17.179 0.0000000000
22080  8.512  -65.259  16.800 0.0000000000
22081  7.621  -65.367  16.436 0.0000000000
22082  6.763  -65.379  15.858 0.0000000000
22086  20.025  -65.757  15.933 0.0000000000
22087  19.839  -65.824  15.824 0.0000000000
22088  18.720  -66.174  16.132 0.0000000000
22089  18.101  -66.031  16.528 0.0000000000
22090  17.291  -65.918  16.916 0.0000000000
22091  16.278  -66.001  16.915 0.0000000000
22092  15.258  -65.388  16.718 0.0000000000
22093  14.443  -65.093  16.431 0.0000000000
22094  6.347  -65.405  15.086 0.0000000000
22095  5.903  -65.723  14.414 0.0000000000
22101  19.594  -65.806  15.781 0.0000000000
22102  19.187  -65.837  15.835 0.0000000000
22103  5.893  -64.998  14.786 0.0000000000
22104  5.539  -65.371  14.004 0.0000000000
22105  4.644  -65.340  13.317 0.0000000000
22106  3.915  -65.702  13.314 0.0000000000
22107  1.280  -66.259  13.417 0.0000000000
22108  0.400  -66.234  13.292 0.0000000000
22109  -0.141  -66.275  12.824 0.0000000000
22110  -0.312  -66.462  12.189 0.0000000000
22118  4.213  -64.623  12.987 0.0000000000
22119  3.611  -65.141  12.996 0.0000000000
22120  2.382  -65.618  13.074 0.0000000000
22121  0.844  -65.315  13.031 0.0000000000
22122  -0.014  -65.276  12.727 0.0000000000
22123  -0.452  -65.639  11.611 0.0000000000
22136  -1.149  -65.787  9.913 0.0000000000
22151  -0.985  -66.193  8.681 0.0000000000
22161  1.271  -66.264  6.300 0.0000000000
22162  0.473  -66.641  6.997 0.0000000000
22163  -0.790  -66.721  7.658 0.0000000000
22172  0.522  -67.184  6.767 0.0000000000
22173  0.116  -67.291  7.075 0.0000000000
23010  10.819  -65.291  17.320 0.0000000000
23011  9.956  -65.054  17.186 0.0000000000
23012  9.148  -64.964  16.894 0.0000000000
23019  13.865  -65.319  16.731 0.0000000000
23020  13.001  -65.020  16.572 0.0000000000
23021  11.990  -64.651  16.603 0.0000000000
23022  10.842  -64.416  16.713 0.0000000000
23023  9.633  -64.329  16.693 0.0000000000
23024  8.454  -64.432  16.680 0.0000000000
23025  7.182  -64.268  16.293 0.0000000000
23026  6.569  -64.753  15.836 0.0000000000
23034  20.378  -64.854  15.985 0.0000000000
23035  19.997  -65.159  15.749 0.0000000000
23036  19.789  -65.531  15.734 0.0000000000
23037  18.629  -65.206  16.151 0.0000000000
23038  17.615  -65.020  16.688 0.0000000000
23039  16.679  -64.888  16.568 0.0000000000
23040  15.664  -64.665  15.993 0.0000000000
23041  14.654  -64.466  15.585 0.0000000000
23042  13.604  -64.457  15.597 0.0000000000
23043  12.492  -64.164  15.567 0.0000000000
23044  11.499  -63.876  15.888 0.0000000000
23045  10.847  -63.721  16.080 0.0000000000
23046  7.057  -63.496  15.984 0.0000000000
23047  6.428  -64.104  15.435 0.0000000000
23058  19.846  -64.936  15.704 0.0000000000
23059  19.590  -65.276  15.741 0.0000000000
23060  19.178  -65.309  15.823 0.0000000000
23061  5.632  -64.159  14.619 0.0000000000
23062  5.247  -64.358  13.666 0.0000000000
23063  4.673  -64.250  13.175 0.0000000000
23073  4.275  -64.043  12.794 0.0000000000
23074  3.708  -64.212  12.624 0.0000000000
23075  2.744  -64.416  12.557 0.0000000000
23076  1.441  -64.383  12.623 0.0000000000
23077  0.338  -64.253  12.583 0.0000000000
23078  -0.313  -64.386  11.786 0.0000000000
23091  -0.957  -64.580  10.365 0.0000000000
23106  -1.317  -64.858  8.960 0.0000000000
23120  0.835  -65.312  7.080 0.0000000000
23121  -0.526  -65.626  7.946 0.0000000000
24021  10.183  -63.584  16.234 0.0000000000
24022  9.101  -63.522  16.369 0.0000000000
24023  7.981  -63.479  16.427 0.0000000000
24024  7.415  -63.503  16.223 0.0000000000
24034  20.515  -64.079  16.154 0.0000000000
24035  20.237  -64.388  15.984 0.0000000000
24036  18.770  -64.188  16.318 0.0000000000
24037  17.909  -64.093  16.604 0.0000000000
24038  17.009  -63.949  16.380 0.0000000000
24039  15.992  -63.828  15.583 0.0000000000
24040  14.933  -63.654  15.150 0.0000000000
24041  13.765  -63.328  14.641 0.0000000000
24042  12.765  -63.432  14.685 0.0000000000
24043  11.854  -63.369  14.787 0.0000000000
24044  10.768  -63.052  15.232 0.0000000000
24045  9.657  -62.774  15.792 0.0000000000
24046  8.575  -62.713  15.959 0.0000000000
24047  7.590  -62.897  15.925 0.0000000000
24048  6.835  -62.921  15.510 0.0000000000
24060  19.969  -64.562  15.798 0.0000000000
24061  19.659  -64.682  15.817 0.0000000000
24062  19.216  -64.842  15.886 0.0000000000
24063  13.226  -62.565  14.248 0.0000000000
24064  12.758  -62.701  14.143 0.0000000000
24065  11.969  -62.761  14.173 0.0000000000
24066  11.412  -62.856  14.370 0.0000000000
24067  6.073  -63.041  14.849 0.0000000000
24068  5.550  -63.308  13.956 0.0000000000
24069  5.042  -63.464  13.254 0.0000000000
24077  4.576  -63.557  12.838 0.0000000000
24078  4.061  -63.403  12.393 0.0000000000
24079  3.117  -63.424  12.164 0.0000000000
24080  1.927  -63.393  12.224 0.0000000000
24081  0.817  -63.337  12.229 0.0000000000
24082  0.069  -63.403  11.829 0.0000000000
24094  -0.411  -63.578  10.761 0.0000000000
24111  -1.027  -63.570  9.450 0.0000000000
24129  1.066  -64.122  6.699 0.0000000000
24130  0.026  -64.003  8.061 0.0000000000
25045  20.762  -63.394  16.372 0.0000000000
25046  20.371  -63.463  16.277 0.0000000000
25047  19.874  -63.306  16.285 0.0000000000
25048  19.178  -63.403  16.422 0.0000000000
25049  18.227  -63.141  16.771 0.0000000000
25050  17.269  -62.899  16.690 0.0000000000
25051  16.257  -62.757  15.848 0.0000000000
25052  15.117  -62.591  15.146 0.0000000000
25053  14.366  -62.802  14.663 0.0000000000
25054  10.576  -62.490  14.622 0.0000000000
25055  10.106  -62.219  15.017 0.0000000000
25056  9.085  -61.838  15.326 0.0000000000
25057  8.121  -61.920  15.497 0.0000000000
25058  7.371  -62.248  15.428 0.0000000000
25069  20.083  -63.996  16.014 0.0000000000
25070  19.735  -64.073  16.024 0.0000000000
25071  19.351  -64.270  16.058 0.0000000000
25072  14.246  -62.015  14.815 0.0000000000
25073  13.578  -62.098  14.506 0.0000000000
25074  12.747  -61.849  14.309 0.0000000000
25075  11.973  -61.847  14.277 0.0000000000
25076  10.939  -61.951  14.355 0.0000000000
25077  9.768  -61.129  14.838 0.0000000000
25078  9.051  -60.884  14.999 0.0000000000
25079  7.653  -61.685  14.924 0.0000000000
25080  6.837  -61.966  14.665 0.0000000000
25081  5.888  -62.129  13.937 0.0000000000
25082  5.390  -62.679  13.364 0.0000000000
25090  5.532  -61.950  13.158 0.0000000000
25091  4.829  -62.522  12.477 0.0000000000
25092  3.648  -62.461  11.580 0.0000000000
25093  2.428  -62.578  11.607 0.0000000000
25094  1.313  -62.525  11.678 0.0000000000
25095  0.483  -62.613  11.504 0.0000000000
25096  -0.047  -62.789  11.070 0.0000000000
25106  2.874  -61.917  10.940 0.0000000000
25107  1.916  -61.798  10.872 0.0000000000
25108  0.940  -61.870  10.848 0.0000000000
25109  0.254  -62.138  10.568 0.0000000000
25110  -0.314  -62.636  9.975 0.0000000000
25128  -0.351  -62.618  8.815 0.0000000000
25154  0.811  -63.150  7.244 0.0000000000
25155  0.286  -62.656  7.908 0.0000000000
25176  1.133  -62.423  7.048 0.0000000000
25177  0.686  -62.510  7.442 0.0000000000
26092  21.026  -62.720  16.516 0.0000000000
26093  17.502  -60.913  17.214 0.0000000000
26094  17.087  -60.975  17.036 0.0000000000
26107  21.117  -62.052  16.603 0.0000000000
26108  20.742  -62.419  16.530 0.0000000000
26109  20.155  -62.361  16.546 0.0000000000
26110  19.447  -62.340  16.693 0.0000000000
26111  18.644  -62.305  16.884 0.0000000000
26112  17.698  -61.762  17.011 0.0000000000
26113  16.528  -61.499  16.721 0.0000000000
26114  15.394  -61.362  15.914 0.0000000000
26115  14.425  -61.142  15.399 0.0000000000
26116  8.585  -61.275  15.051 0.0000000000
26117  8.097  -61.173  15.012 0.0000000000
26124  13.718  -60.973  15.041 0.0000000000
26125  12.934  -60.553  14.947 0.0000000000
26126  12.070  -60.424  14.885 0.0000000000
26127  11.284  -60.275  14.532 0.0000000000
26128  10.251  -60.140  14.403 0.0000000000
26129  9.371  -60.063  14.737 0.0000000000
26130  8.513  -60.432  14.683 0.0000000000
26131  7.504  -60.796  14.361 0.0000000000
26132  6.400  -60.814  13.573 0.0000000000
26133  5.819  -61.435  13.374 0.0000000000
26141  18.019  -57.931  8.299 0.0000000000
26142  17.970  -57.635  8.498 0.0000000000
26143  6.113  -60.178  12.837 0.0000000000
26144  5.614  -61.060  12.493 0.0000000000
26145  4.412  -61.334  11.000 0.0000000000
26146  3.481  -61.679  10.846 0.0000000000
26156  17.930  -58.733  7.496 0.0000000000
26157  17.907  -58.000  7.902 0.0000000000
26158  17.716  -57.674  7.829 0.0000000000
26159  3.896  -60.599  10.233 0.0000000000
26160  2.792  -60.760  10.185 0.0000000000
26161  1.472  -60.993  10.116 0.0000000000
26162  0.623  -61.328  9.927 0.0000000000
26163  0.079  -61.816  9.646 0.0000000000
26164  -0.243  -62.159  9.350 0.0000000000
26177  17.780  -58.224  7.080 0.0000000000
26182  2.368  -59.987  9.738 0.0000000000
26183  1.917  -60.069  9.602 0.0000000000
26184  1.018  -60.377  9.172 0.0000000000
26185  0.340  -61.060  9.022 0.0000000000
26186  -0.016  -61.755  8.907 0.0000000000
26211  0.985  -60.227  8.583 0.0000000000
26212  0.697  -60.468  8.595 0.0000000000
26213  0.119  -61.964  8.332 0.0000000000
26242  1.391  -61.615  7.087 0.0000000000
26243  0.565  -61.828  7.638 0.0000000000
27247  21.224  -60.666  17.082 0.0000000000
27248  19.391  -60.497  17.381 0.0000000000
27249  18.991  -60.548  17.471 0.0000000000
27250  18.051  -60.705  17.452 0.0000000000
27251  17.132  -60.201  17.270 0.0000000000
27252  16.537  -59.701  16.758 0.0000000000
27262  21.285  -61.456  16.814 0.0000000000
27263  20.963  -61.292  16.854 0.0000000000
27264  20.486  -61.443  16.805 0.0000000000
27265  19.706  -61.063  17.121 0.0000000000
27266  18.869  -61.477  17.263 0.0000000000
27267  18.319  -61.577  17.185 0.0000000000
27268  16.551  -60.516  17.016 0.0000000000
27269  15.743  -59.995  16.589 0.0000000000
27270  14.541  -59.671  15.963 0.0000000000
27271  14.019  -59.072  15.306 0.0000000000
27279  13.926  -60.012  15.465 0.0000000000
27280  13.461  -59.357  15.073 0.0000000000
27281  12.614  -59.031  14.839 0.0000000000
27282  11.727  -58.981  14.499 0.0000000000
27283  10.810  -58.991  14.245 0.0000000000
27284  9.795  -59.049  14.228 0.0000000000
27285  8.825  -59.502  13.978 0.0000000000
27286  7.887  -59.681  13.764 0.0000000000
27287  7.125  -59.955  13.564 0.0000000000
27295  18.675  -57.617  9.048 0.0000000000
27296  18.467  -57.587  8.921 0.0000000000
27297  18.286  -57.483  8.794 0.0000000000
27298  18.056  -57.023  9.036 0.0000000000
27299  17.781  -56.706  9.214 0.0000000000
27300  10.433  -58.750  13.788 0.0000000000
27301  9.934  -58.709  13.361 0.0000000000
27302  7.229  -59.186  13.314 0.0000000000
27303  6.571  -59.407  12.833 0.0000000000
27304  5.985  -59.873  12.026 0.0000000000
27305  5.389  -60.491  11.147 0.0000000000
27314  18.262  -58.230  8.488 0.0000000000
27315  18.056  -58.598  7.852 0.0000000000
27316  18.033  -58.381  7.946 0.0000000000
27317  17.907  -57.324  8.647 0.0000000000
27318  17.649  -57.059  8.539 0.0000000000
27319  6.325  -59.029  11.720 0.0000000000
27320  5.720  -59.506  10.637 0.0000000000
27321  4.649  -60.133  10.166 0.0000000000
27322  3.584  -60.031  9.811 0.0000000000
27330  17.906  -59.172  6.844 0.0000000000
27332  17.338  -57.314  7.754 0.0000000000
27333  16.880  -56.965  7.850 0.0000000000
27334  4.962  -59.118  9.682 0.0000000000
27335  3.852  -59.144  9.447 0.0000000000
27336  2.653  -59.486  9.389 0.0000000000
27337  1.728  -59.553  8.712 0.0000000000
27338  1.196  -60.053  8.603 0.0000000000
27339  0.200  -61.316  8.592 0.0000000000
27340  0.132  -61.604  8.520 0.0000000000
27351  17.462  -58.190  6.442 0.0000000000
27352  16.872  -57.446  7.147 0.0000000000
27353  1.694  -59.426  8.139 0.0000000000
27354  1.151  -60.081  8.003 0.0000000000
27355  0.442  -60.874  8.251 0.0000000000
27356  0.262  -61.446  8.195 0.0000000000
27377  2.183  -60.434  6.164 0.0000000000
27378  1.646  -60.793  7.072 0.0000000000
27379  0.855  -61.032  7.644 0.0000000000
27380  0.435  -61.247  7.894 0.0000000000
28381  21.266  -59.650  17.433 0.0000000000
28382  20.734  -59.893  17.398 0.0000000000
28383  20.028  -59.557  17.555 0.0000000000
28384  19.365  -59.821  17.542 0.0000000000
28385  18.462  -59.550  17.610 0.0000000000
28386  17.631  -59.286  17.380 0.0000000000
28387  16.860  -58.934  16.918 0.0000000000
28388  16.141  -58.742  16.483 0.0000000000
28395  20.693  -60.843  17.043 0.0000000000
28396  20.317  -60.556  17.212 0.0000000000
28397  19.897  -60.277  17.360 0.0000000000
28398  15.180  -58.457  16.161 0.0000000000
28399  14.416  -58.094  15.208 0.0000000000
28400  13.784  -58.509  15.104 0.0000000000
28407  18.896  -55.863  10.870 0.0000000000
28408  18.547  -55.708  10.957 0.0000000000
28409  18.092  -55.603  11.011 0.0000000000
28410  17.770  -55.511  11.102 0.0000000000
28411  14.487  -57.543  14.206 0.0000000000
28412  13.667  -58.029  14.391 0.0000000000
28413  12.729  -57.894  13.266 0.0000000000
28414  11.507  -58.436  13.449 0.0000000000
28415  10.883  -58.655  13.652 0.0000000000
28416  9.107  -58.729  13.340 0.0000000000
28417  8.146  -58.800  13.318 0.0000000000
28418  7.614  -58.978  13.297 0.0000000000
28425  18.731  -57.014  9.572 0.0000000000
28426  18.624  -56.610  9.783 0.0000000000
28427  18.274  -56.364  9.936 0.0000000000
28428  17.727  -55.913  10.264 0.0000000000
28429  17.267  -56.099  9.661 0.0000000000
28430  12.814  -57.323  12.075 0.0000000000
28431  12.104  -57.706  11.832 0.0000000000
28432  10.773  -58.532  12.559 0.0000000000
28433  9.581  -58.594  12.329 0.0000000000
28434  8.430  -58.519  12.348 0.0000000000
28435  7.345  -58.747  12.515 0.0000000000
28436  6.700  -58.815  12.159 0.0000000000
28446  16.967  -56.394  8.917 0.0000000000
28447  13.305  -57.881  9.777 0.0000000000
28448  12.453  -58.228  10.172 0.0000000000
28449  11.396  -58.414  10.679 0.0000000000
28450  10.328  -58.773  10.976 0.0000000000
28451  8.980  -58.507  11.001 0.0000000000
28452  7.739  -58.363  11.035 0.0000000000
28453  6.738  -58.555  11.146 0.0000000000
28454  6.286  -58.886  10.761 0.0000000000
28464  16.769  -56.648  8.306 0.0000000000
28465  16.758  -56.743  8.025 0.0000000000
28466  13.076  -57.268  8.914 0.0000000000
28467  12.816  -58.309  9.257 0.0000000000
28468  12.064  -58.856  9.399 0.0000000000
28469  11.132  -59.170  9.533 0.0000000000
28470  9.963  -59.025  9.530 0.0000000000
28471  8.265  -57.997  9.240 0.0000000000
28472  6.930  -57.892  9.739 0.0000000000
28473  5.790  -58.334  9.726 0.0000000000
28474  4.427  -58.368  9.011 0.0000000000
28475  3.344  -58.754  8.649 0.0000000000
28476  2.480  -58.891  8.672 0.0000000000
28486  16.386  -56.441  8.519 0.0000000000
28487  16.430  -56.733  7.934 0.0000000000
28488  12.843  -57.721  8.540 0.0000000000
28489  12.495  -58.614  8.577 0.0000000000
28490  11.800  -59.115  8.509 0.0000000000
28491  10.828  -59.155  8.351 0.0000000000
28492  9.565  -58.452  8.097 0.0000000000
28493  8.467  -57.553  7.754 0.0000000000
28494  2.767  -58.600  8.401 0.0000000000
28495  2.336  -58.934  8.115 0.0000000000
28496  1.887  -59.535  7.760 0.0000000000
28505  16.150  -57.165  6.853 0.0000000000
28506  12.736  -57.685  7.896 0.0000000000
28507  12.259  -58.323  7.664 0.0000000000
28508  11.524  -58.549  7.392 0.0000000000
28509  10.435  -58.253  6.936 0.0000000000
28510  9.318  -57.633  6.851 0.0000000000
28511  8.450  -57.376  6.899 0.0000000000
28516  2.709  -59.495  7.117 0.0000000000
28517  1.913  -60.080  7.198 0.0000000000
29473  19.422  -57.074  17.527 0.0000000000
29474  18.885  -57.393  17.552 0.0000000000
29475  18.291  -57.535  17.439 0.0000000000
29476  17.785  -57.491  17.207 0.0000000000
29477  17.535  -57.279  16.955 0.0000000000
29488  20.732  -57.951  17.678 0.0000000000
29489  20.074  -58.161  17.728 0.0000000000
29490  19.448  -58.407  17.710 0.0000000000
29491  18.749  -58.502  17.663 0.0000000000
29492  18.021  -58.361  17.484 0.0000000000
29493  17.315  -57.860  16.976 0.0000000000
29494  16.564  -57.751  16.454 0.0000000000
29501  19.217  -55.035  13.818 0.0000000000
29502  18.882  -55.120  13.747 0.0000000000
29503  18.420  -55.092  13.568 0.0000000000
29504  18.093  -55.062  13.456 0.0000000000
29505  15.908  -57.601  15.933 0.0000000000
29506  15.408  -57.446  15.221 0.0000000000
29515  19.033  -55.338  12.275 0.0000000000
29516  18.700  -55.326  12.271 0.0000000000
29517  18.107  -55.265  12.406 0.0000000000
29518  17.757  -55.315  11.739 0.0000000000
29519  15.252  -56.969  13.882 0.0000000000
29520  14.631  -57.036  13.149 0.0000000000
29521  13.833  -57.233  12.887 0.0000000000
29530  19.043  -55.986  10.953 0.0000000000
29531  17.340  -55.258  11.502 0.0000000000
29532  16.697  -55.120  11.128 0.0000000000
29533  15.558  -55.726  12.015 0.0000000000
29534  14.586  -56.399  11.769 0.0000000000
29535  13.588  -56.988  11.759 0.0000000000
29536  13.015  -57.276  11.382 0.0000000000
29546  16.239  -55.393  10.167 0.0000000000
29547  15.356  -55.804  10.519 0.0000000000
29548  14.691  -56.474  10.538 0.0000000000
29549  13.856  -57.301  10.376 0.0000000000
29550  12.872  -57.486  10.689 0.0000000000
29560  16.185  -56.069  9.161 0.0000000000
29561  15.263  -56.049  9.373 0.0000000000
29562  14.660  -56.566  9.191 0.0000000000
29563  13.730  -56.924  8.969 0.0000000000
29564  7.866  -57.467  8.217 0.0000000000
29565  7.245  -57.447  8.465 0.0000000000
29566  6.162  -57.515  8.614 0.0000000000
29567  4.996  -57.784  8.524 0.0000000000
29568  4.012  -58.046  8.417 0.0000000000
29579  15.941  -56.317  8.631 0.0000000000
29580  15.360  -56.482  8.092 0.0000000000
29581  14.285  -56.498  7.908 0.0000000000
29582  13.347  -56.942  7.944 0.0000000000
29583  7.755  -57.231  7.536 0.0000000000
29584  6.808  -57.296  7.479 0.0000000000
29585  5.575  -57.492  7.600 0.0000000000
29586  4.400  -57.837  7.809 0.0000000000
29587  3.292  -58.386  8.023 0.0000000000
29588  2.854  -58.846  7.696 0.0000000000
29600  15.093  -56.892  6.667 0.0000000000
29601  14.054  -56.798  6.609 0.0000000000
29602  13.100  -57.417  6.744 0.0000000000
29603  12.250  -57.758  6.364 0.0000000000
29604  11.284  -57.788  5.963 0.0000000000
29605  10.145  -57.721  5.806 0.0000000000
29606  9.004  -57.714  6.052 0.0000000000
29610  3.987  -58.500  7.133 0.0000000000
29611  3.246  -58.920  7.340 0.0000000000
29612  2.955  -59.081  7.438 0.0000000000
30519  19.301  -56.265  17.191 0.0000000000
30520  18.922  -56.408  17.209 0.0000000000
30521  18.409  -56.679  17.172 0.0000000000
30522  17.917  -56.924  17.066 0.0000000000
30523  17.680  -57.075  16.968 0.0000000000
30536  19.735  -56.185  17.107 0.0000000000
30537  19.034  -55.755  16.522 0.0000000000
30538  18.466  -55.907  16.489 0.0000000000
30539  18.047  -56.308  16.629 0.0000000000
30540  17.479  -56.731  16.396 0.0000000000
30541  17.005  -57.224  16.310 0.0000000000
30554  19.576  -55.163  15.463 0.0000000000
30555  19.177  -55.212  15.386 0.0000000000
30556  18.512  -55.277  15.196 0.0000000000
30557  18.055  -55.149  14.252 0.0000000000
30558  17.328  -56.323  15.538 0.0000000000
30559  16.731  -56.646  15.317 0.0000000000
30560  16.018  -57.110  15.230 0.0000000000
30572  17.736  -55.090  13.552 0.0000000000
30573  17.205  -55.006  12.793 0.0000000000
30574  16.635  -55.701  13.727 0.0000000000
30575  16.041  -56.696  14.395 0.0000000000
30584  16.882  -55.016  11.980 0.0000000000
30585  16.459  -55.257  12.473 0.0000000000
30586  15.987  -56.022  13.269 0.0000000000
31513  18.155  -55.915  16.295 0.0000000000
31514  17.887  -55.972  16.044 0.0000000000
31515  17.603  -56.037  15.627 0.0000000000
31529  18.191  -55.666  15.878 0.0000000000
31530  17.873  -55.475  15.231 0.0000000000
31531  17.379  -55.776  14.903 0.0000000000
31532  17.041  -55.730  14.291 0.0000000000
31546  17.663  -55.255  14.396 0.0000000000
31547  17.320  -55.253  13.950 0.0000000000
31548  17.021  -55.310  13.696 0.0000000000
