#!ascii label  , from subject bert vox2ras=TkReg
417
79800  27.639  -11.353  -26.774 0.0000000000
79801  26.414  -11.526  -26.997 0.0000000000
80757  30.655  -10.158  -24.697 0.0000000000
80758  29.721  -9.843  -25.569 0.0000000000
80760  21.215  -9.488  -22.875 0.0000000000
80771  28.481  -10.230  -26.710 0.0000000000
80772  27.000  -10.328  -27.467 0.0000000000
80773  25.509  -10.860  -27.390 0.0000000000
80774  24.126  -10.608  -26.513 0.0000000000
80775  22.862  -10.476  -25.065 0.0000000000
80787  26.559  -9.721  -27.957 0.0000000000
80788  25.819  -10.007  -27.879 0.0000000000
80789  24.878  -10.175  -27.361 0.0000000000
81708  30.867  -8.086  -24.625 0.0000000000
81709  20.325  -8.679  -21.495 0.0000000000
81719  30.971  -9.122  -24.403 0.0000000000
81720  30.366  -8.601  -24.694 0.0000000000
81721  29.706  -8.462  -25.286 0.0000000000
81722  21.962  -9.707  -24.231 0.0000000000
81723  21.267  -8.694  -23.555 0.0000000000
81730  29.003  -8.911  -26.141 0.0000000000
81731  28.062  -9.271  -27.282 0.0000000000
81732  24.140  -9.869  -26.937 0.0000000000
81733  22.893  -9.197  -25.865 0.0000000000
81734  21.682  -8.382  -24.719 0.0000000000
81743  27.115  -9.265  -27.932 0.0000000000
81744  26.177  -9.176  -28.155 0.0000000000
81745  24.725  -9.170  -27.454 0.0000000000
81746  23.765  -8.600  -26.972 0.0000000000
82645  19.879  -7.319  -17.997 0.0000000000
82651  30.558  -7.492  -24.593 0.0000000000
82652  30.649  -7.373  -24.880 0.0000000000
82653  19.557  -7.580  -19.761 0.0000000000
82662  30.341  -7.387  -25.249 0.0000000000
82663  29.435  -7.627  -25.794 0.0000000000
82664  20.057  -7.674  -21.804 0.0000000000
82674  28.524  -8.056  -26.711 0.0000000000
82675  27.690  -8.484  -27.605 0.0000000000
82676  21.935  -7.858  -25.423 0.0000000000
82677  20.935  -7.545  -23.744 0.0000000000
82687  26.925  -8.304  -28.226 0.0000000000
82688  25.551  -8.201  -28.357 0.0000000000
82689  24.085  -8.094  -27.870 0.0000000000
82690  23.083  -7.934  -26.677 0.0000000000
83558  19.554  -6.538  -18.418 0.0000000000
83565  30.065  -6.724  -24.649 0.0000000000
83566  19.458  -6.648  -20.204 0.0000000000
83574  30.058  -6.637  -24.992 0.0000000000
83575  29.966  -6.569  -25.680 0.0000000000
83576  19.786  -6.686  -22.128 0.0000000000
83584  29.148  -6.765  -26.423 0.0000000000
83585  27.871  -7.238  -27.465 0.0000000000
83586  21.303  -6.998  -24.819 0.0000000000
83587  20.473  -6.464  -23.695 0.0000000000
83594  26.578  -7.082  -28.511 0.0000000000
83595  24.739  -6.858  -28.533 0.0000000000
83596  23.339  -7.088  -27.626 0.0000000000
83597  22.152  -6.749  -26.210 0.0000000000
83598  21.142  -6.251  -24.866 0.0000000000
83606  24.230  -6.086  -28.412 0.0000000000
83607  23.448  -6.315  -28.215 0.0000000000
83608  22.723  -6.345  -27.524 0.0000000000
84567  19.611  -5.544  -18.511 0.0000000000
84575  29.907  -5.825  -24.277 0.0000000000
84579  19.155  -5.751  -20.614 0.0000000000
84586  29.595  -5.715  -24.815 0.0000000000
84587  29.674  -5.761  -25.359 0.0000000000
84588  19.480  -5.698  -22.474 0.0000000000
84595  29.327  -5.820  -25.846 0.0000000000
84596  28.510  -5.882  -26.819 0.0000000000
84597  20.313  -5.510  -24.001 0.0000000000
84604  27.534  -5.949  -28.002 0.0000000000
84605  26.113  -5.857  -28.432 0.0000000000
84606  22.258  -5.867  -26.866 0.0000000000
84607  21.393  -5.508  -25.595 0.0000000000
84614  24.924  -5.582  -28.629 0.0000000000
84615  23.855  -5.466  -28.369 0.0000000000
84616  22.630  -5.546  -27.891 0.0000000000
84617  22.000  -5.173  -26.813 0.0000000000
85568  18.828  -4.086  -20.405 0.0000000000
85581  18.799  -4.889  -21.217 0.0000000000
85582  18.669  -4.163  -21.570 0.0000000000
85588  29.739  -4.385  -24.322 0.0000000000
85589  29.720  -4.482  -25.077 0.0000000000
85590  29.248  -4.001  -25.588 0.0000000000
85591  19.111  -4.531  -22.893 0.0000000000
85592  18.626  -3.859  -22.186 0.0000000000
85596  29.580  -5.122  -25.581 0.0000000000
85597  28.950  -4.645  -25.993 0.0000000000
85598  20.332  -4.557  -24.447 0.0000000000
85603  27.795  -4.845  -27.038 0.0000000000
85604  26.574  -4.893  -27.866 0.0000000000
85605  21.287  -4.432  -25.945 0.0000000000
85615  25.663  -4.692  -28.836 0.0000000000
85616  24.536  -4.593  -29.097 0.0000000000
85617  23.256  -4.545  -28.320 0.0000000000
85618  22.121  -4.480  -27.476 0.0000000000
86451  19.001  -3.342  -18.980 0.0000000000
86461  29.590  -3.609  -23.476 0.0000000000
86466  18.731  -3.253  -20.951 0.0000000000
86472  29.474  -3.292  -23.705 0.0000000000
86473  29.623  -3.391  -24.398 0.0000000000
86474  28.966  -3.337  -24.908 0.0000000000
86475  19.504  -3.965  -23.761 0.0000000000
86476  18.898  -3.248  -22.947 0.0000000000
86480  28.716  -3.370  -25.968 0.0000000000
86481  20.145  -3.392  -24.683 0.0000000000
86482  19.440  -2.751  -23.827 0.0000000000
86489  27.902  -3.557  -26.524 0.0000000000
86490  27.012  -3.607  -27.350 0.0000000000
86491  21.506  -3.411  -26.486 0.0000000000
86503  26.113  -3.675  -28.317 0.0000000000
86504  25.183  -3.657  -28.955 0.0000000000
86505  23.891  -3.523  -29.057 0.0000000000
86506  22.578  -3.477  -28.117 0.0000000000
87330  29.396  -2.322  -23.414 0.0000000000
87331  29.349  -1.567  -23.675 0.0000000000
87336  18.573  -2.226  -19.331 0.0000000000
87347  29.320  -2.798  -23.739 0.0000000000
87348  29.218  -2.180  -24.121 0.0000000000
87349  28.607  -2.255  -25.269 0.0000000000
87350  18.528  -1.854  -21.238 0.0000000000
87351  18.444  -1.247  -19.730 0.0000000000
87360  27.979  -2.273  -26.728 0.0000000000
87361  27.366  -1.636  -27.392 0.0000000000
87362  19.729  -2.392  -24.411 0.0000000000
87363  19.176  -1.869  -23.196 0.0000000000
87375  27.371  -2.876  -27.055 0.0000000000
87376  26.617  -2.279  -27.927 0.0000000000
87377  26.091  -1.578  -28.890 0.0000000000
87378  20.608  -2.197  -25.573 0.0000000000
87379  19.808  -1.620  -24.403 0.0000000000
87393  25.957  -3.011  -28.963 0.0000000000
87394  24.905  -2.272  -28.772 0.0000000000
87395  23.180  -2.343  -28.442 0.0000000000
87396  22.011  -2.324  -27.046 0.0000000000
88266  29.586  -1.446  -23.245 0.0000000000
88267  29.598  -0.866  -23.566 0.0000000000
88283  29.306  -0.916  -24.061 0.0000000000
88284  28.863  -1.104  -24.701 0.0000000000
88285  18.536  -0.522  -21.984 0.0000000000
88286  18.415  -0.441  -20.367 0.0000000000
88298  28.154  -1.205  -25.673 0.0000000000
88299  27.758  -1.088  -27.042 0.0000000000
88300  19.377  -0.647  -23.588 0.0000000000
88310  27.101  -1.022  -27.951 0.0000000000
88311  26.373  -0.960  -28.640 0.0000000000
88312  21.310  -1.165  -26.414 0.0000000000
88313  20.317  -0.907  -25.047 0.0000000000
88327  25.422  -0.960  -28.856 0.0000000000
88328  23.762  -1.157  -28.451 0.0000000000
88329  22.421  -1.231  -27.674 0.0000000000
89206  29.693  -0.211  -23.307 0.0000000000
89207  29.463  0.100  -23.372 0.0000000000
89223  29.382  -0.024  -23.842 0.0000000000
89224  28.987  -0.127  -24.514 0.0000000000
89225  18.576  0.792  -22.550 0.0000000000
89226  18.430  0.838  -20.740 0.0000000000
89240  28.446  -0.226  -25.272 0.0000000000
89241  27.648  -0.240  -26.092 0.0000000000
89242  19.799  0.337  -24.383 0.0000000000
89254  27.034  -0.159  -27.081 0.0000000000
89255  26.440  -0.071  -28.208 0.0000000000
89256  21.667  -0.179  -27.132 0.0000000000
89257  20.773  -0.048  -25.943 0.0000000000
89270  25.692  0.054  -28.842 0.0000000000
89271  24.246  -0.021  -28.623 0.0000000000
89272  22.739  -0.105  -28.215 0.0000000000
90191  29.607  0.674  -23.220 0.0000000000
90192  29.689  0.768  -23.390 0.0000000000
90193  29.364  0.845  -23.571 0.0000000000
90206  28.726  0.878  -24.196 0.0000000000
90207  28.174  0.722  -24.901 0.0000000000
90209  18.334  2.635  -20.805 0.0000000000
90221  27.731  0.653  -25.719 0.0000000000
90222  27.239  0.585  -26.516 0.0000000000
90223  19.158  1.745  -23.470 0.0000000000
90234  26.524  0.866  -27.382 0.0000000000
90235  25.745  1.026  -28.417 0.0000000000
90236  21.250  0.501  -26.538 0.0000000000
90237  20.604  1.230  -25.617 0.0000000000
90245  24.658  1.036  -28.668 0.0000000000
90246  23.201  1.002  -28.593 0.0000000000
90247  21.839  1.028  -27.347 0.0000000000
90248  21.275  1.655  -26.528 0.0000000000
91180  30.020  2.045  -23.221 0.0000000000
91181  29.801  2.049  -23.299 0.0000000000
91182  29.707  2.264  -23.378 0.0000000000
91189  29.765  1.440  -23.226 0.0000000000
91190  29.506  1.795  -23.439 0.0000000000
91191  29.560  1.321  -23.505 0.0000000000
91199  29.332  2.270  -23.828 0.0000000000
91200  29.046  1.879  -24.067 0.0000000000
91201  28.289  1.954  -25.383 0.0000000000
91202  27.594  2.632  -26.158 0.0000000000
91210  27.859  1.239  -25.576 0.0000000000
91211  27.222  1.857  -26.657 0.0000000000
91212  18.666  3.105  -22.604 0.0000000000
91216  25.920  2.062  -28.013 0.0000000000
91217  25.036  2.075  -28.750 0.0000000000
91218  19.789  2.465  -24.575 0.0000000000
91222  23.845  2.004  -28.619 0.0000000000
91223  22.547  2.014  -28.080 0.0000000000
91224  21.608  2.116  -27.129 0.0000000000
91225  20.838  2.243  -26.035 0.0000000000
92097  30.045  2.342  -23.223 0.0000000000
92098  29.888  2.549  -23.406 0.0000000000
92103  29.725  2.660  -23.628 0.0000000000
92104  29.621  3.121  -24.049 0.0000000000
92112  29.473  2.549  -23.774 0.0000000000
92113  29.270  2.978  -24.336 0.0000000000
92114  28.577  3.104  -25.051 0.0000000000
92115  27.710  3.334  -25.874 0.0000000000
92118  18.664  3.805  -22.096 0.0000000000
92122  26.763  3.370  -26.661 0.0000000000
92123  19.412  3.470  -23.967 0.0000000000
92127  25.973  3.174  -27.751 0.0000000000
92128  25.012  3.096  -28.465 0.0000000000
92129  23.948  3.439  -28.458 0.0000000000
92130  20.446  3.102  -25.513 0.0000000000
92135  24.291  2.773  -28.705 0.0000000000
92136  23.153  2.946  -28.189 0.0000000000
92137  22.116  2.822  -27.564 0.0000000000
92138  21.267  2.909  -26.719 0.0000000000
93012  30.211  3.045  -23.355 0.0000000000
93013  30.090  3.055  -23.559 0.0000000000
93014  29.902  2.930  -23.638 0.0000000000
93020  30.108  3.709  -23.752 0.0000000000
93021  29.792  3.605  -23.926 0.0000000000
93022  29.257  3.962  -24.345 0.0000000000
93030  28.550  4.144  -24.809 0.0000000000
93031  27.661  4.362  -25.486 0.0000000000
93032  26.646  4.561  -26.417 0.0000000000
93038  25.250  4.611  -27.593 0.0000000000
93039  23.233  5.133  -27.854 0.0000000000
93040  21.566  5.184  -27.203 0.0000000000
93041  20.422  4.945  -25.574 0.0000000000
93042  19.204  4.359  -23.528 0.0000000000
93046  25.137  3.747  -28.049 0.0000000000
93047  24.269  4.089  -28.300 0.0000000000
93048  22.638  4.055  -27.985 0.0000000000
93049  21.204  4.247  -26.794 0.0000000000
93050  20.268  3.959  -25.327 0.0000000000
93055  22.417  3.351  -27.784 0.0000000000
93056  21.677  3.519  -27.373 0.0000000000
93057  20.998  3.572  -26.393 0.0000000000
93930  29.813  4.682  -23.991 0.0000000000
93931  29.319  4.884  -24.322 0.0000000000
93940  28.594  5.152  -24.720 0.0000000000
93941  27.754  5.417  -25.369 0.0000000000
93942  26.707  5.694  -26.198 0.0000000000
93945  18.551  4.618  -21.932 0.0000000000
93949  25.353  5.931  -26.986 0.0000000000
93950  23.806  6.176  -27.621 0.0000000000
93951  22.100  6.252  -27.317 0.0000000000
93952  20.687  6.108  -26.182 0.0000000000
93953  19.507  5.686  -24.265 0.0000000000
94818  29.925  5.604  -23.967 0.0000000000
94819  29.438  5.855  -24.351 0.0000000000
94820  28.759  6.126  -24.747 0.0000000000
94821  18.438  5.413  -21.085 0.0000000000
94827  27.946  6.461  -25.354 0.0000000000
94828  26.874  6.847  -26.129 0.0000000000
94829  25.443  7.167  -26.850 0.0000000000
94830  18.825  5.995  -22.830 0.0000000000
94835  24.023  7.286  -27.300 0.0000000000
94836  22.681  7.289  -27.246 0.0000000000
94837  21.140  7.248  -26.562 0.0000000000
94838  20.025  6.951  -25.279 0.0000000000
94839  19.343  6.675  -24.102 0.0000000000
95619  17.565  6.621  -18.929 0.0000000000
95626  29.620  6.805  -24.386 0.0000000000
95627  28.955  7.065  -24.782 0.0000000000
95628  28.274  7.425  -25.367 0.0000000000
95629  18.359  7.432  -21.209 0.0000000000
95630  18.033  6.062  -20.386 0.0000000000
95636  27.161  7.992  -25.950 0.0000000000
95637  25.632  8.529  -26.711 0.0000000000
95638  23.544  8.629  -26.682 0.0000000000
95639  22.294  9.020  -26.189 0.0000000000
95640  19.353  7.598  -22.856 0.0000000000
95641  18.678  6.593  -21.957 0.0000000000
95646  23.079  7.979  -27.123 0.0000000000
95647  21.977  8.325  -26.400 0.0000000000
95648  20.396  8.016  -25.567 0.0000000000
95649  19.599  7.495  -24.355 0.0000000000
95650  19.204  6.890  -23.244 0.0000000000
96458  18.167  9.357  -11.896 0.0000000000
96465  23.675  7.717  -10.805 0.0000000000
96466  19.160  9.002  -12.015 0.0000000000
96472  22.644  7.854  -11.104 0.0000000000
96482  17.295  8.856  -17.974 0.0000000000
96492  29.873  7.580  -24.224 0.0000000000
96493  29.066  8.252  -24.945 0.0000000000
96494  28.616  7.968  -25.307 0.0000000000
96495  18.008  8.791  -20.327 0.0000000000
96502  28.395  9.235  -25.102 0.0000000000
96503  27.759  8.953  -25.510 0.0000000000
96504  25.963  9.655  -26.049 0.0000000000
96505  23.952  9.961  -26.040 0.0000000000
96506  21.917  9.760  -25.394 0.0000000000
96507  20.362  9.542  -24.002 0.0000000000
96508  19.409  8.807  -22.396 0.0000000000
96513  21.802  9.052  -25.881 0.0000000000
96514  21.008  8.929  -25.338 0.0000000000
96515  19.997  8.434  -24.199 0.0000000000
97297  17.821  9.939  -11.852 0.0000000000
97298  17.318  10.117  -12.342 0.0000000000
97299  17.236  10.131  -13.307 0.0000000000
97309  18.734  10.274  -11.699 0.0000000000
97310  19.533  11.075  -11.809 0.0000000000
97311  17.483  10.178  -14.916 0.0000000000
97315  20.153  10.485  -11.441 0.0000000000
97316  19.842  11.405  -11.985 0.0000000000
97317  17.180  10.406  -16.979 0.0000000000
97320  18.213  11.432  -20.216 0.0000000000
97321  17.794  10.845  -19.460 0.0000000000
97329  30.144  8.150  -23.949 0.0000000000
97330  29.661  8.563  -24.493 0.0000000000
97331  19.021  11.224  -20.897 0.0000000000
97332  19.064  10.101  -21.534 0.0000000000
97341  30.284  8.578  -23.768 0.0000000000
97342  29.747  9.117  -24.045 0.0000000000
97343  28.867  9.544  -24.644 0.0000000000
97344  27.623  10.093  -24.899 0.0000000000
97345  26.176  10.581  -25.148 0.0000000000
97346  24.331  11.021  -25.164 0.0000000000
97347  22.383  11.118  -24.675 0.0000000000
97348  20.549  10.828  -23.000 0.0000000000
97349  19.957  9.812  -22.724 0.0000000000
98092  17.910  10.816  -12.099 0.0000000000
98093  17.468  10.992  -13.026 0.0000000000
98094  17.347  11.088  -14.310 0.0000000000
98104  23.854  11.535  -11.246 0.0000000000
98106  18.943  11.453  -12.272 0.0000000000
98107  19.705  11.598  -12.075 0.0000000000
98108  17.299  11.256  -15.925 0.0000000000
98116  23.134  12.067  -12.331 0.0000000000
98117  21.737  11.708  -12.307 0.0000000000
98118  20.076  11.786  -12.862 0.0000000000
98119  19.888  11.687  -12.217 0.0000000000
98120  17.510  11.520  -17.685 0.0000000000
98123  18.636  11.753  -20.054 0.0000000000
98124  18.522  11.650  -18.917 0.0000000000
98128  28.612  10.967  -23.661 0.0000000000
98129  28.080  11.313  -23.868 0.0000000000
98130  26.695  12.077  -24.120 0.0000000000
98131  24.846  12.871  -23.668 0.0000000000
98132  22.902  13.171  -22.980 0.0000000000
98133  21.580  12.634  -22.242 0.0000000000
98134  20.260  11.989  -21.377 0.0000000000
98139  30.105  9.365  -23.763 0.0000000000
98140  29.004  10.447  -23.849 0.0000000000
98141  27.834  10.819  -24.265 0.0000000000
98142  26.377  11.459  -24.499 0.0000000000
98143  24.572  12.024  -24.402 0.0000000000
98144  22.788  12.126  -23.933 0.0000000000
98145  21.415  11.748  -23.024 0.0000000000
98146  20.847  11.483  -22.464 0.0000000000
98862  18.096  11.575  -12.904 0.0000000000
98863  17.850  11.756  -14.028 0.0000000000
98864  17.675  11.730  -15.227 0.0000000000
98871  24.130  12.870  -13.169 0.0000000000
98872  18.898  12.224  -13.887 0.0000000000
98873  18.512  12.305  -15.562 0.0000000000
98874  17.887  11.963  -16.600 0.0000000000
98883  22.976  13.505  -14.460 0.0000000000
98884  21.415  13.208  -15.237 0.0000000000
98885  20.142  12.831  -15.112 0.0000000000
98886  18.816  12.535  -17.311 0.0000000000
98887  18.818  11.700  -18.101 0.0000000000
98894  22.233  14.457  -17.354 0.0000000000
98895  21.422  13.787  -18.378 0.0000000000
98896  20.671  13.231  -19.229 0.0000000000
98897  19.396  12.653  -19.184 0.0000000000
98898  19.019  11.989  -18.629 0.0000000000
98901  29.036  11.170  -23.496 0.0000000000
98902  28.638  11.281  -23.654 0.0000000000
98903  27.176  12.339  -23.988 0.0000000000
98904  25.331  13.298  -23.498 0.0000000000
98905  22.704  14.388  -21.313 0.0000000000
98906  21.593  13.445  -20.883 0.0000000000
98907  20.761  12.652  -20.541 0.0000000000
98908  20.263  12.394  -20.376 0.0000000000
98912  29.445  10.733  -23.645 0.0000000000
98913  29.080  10.796  -23.608 0.0000000000
99611  25.096  13.531  -13.574 0.0000000000
99623  19.338  12.789  -15.535 0.0000000000
99624  19.244  12.792  -16.606 0.0000000000
99633  20.810  13.303  -16.692 0.0000000000
99634  20.051  13.046  -16.848 0.0000000000
99635  19.612  12.842  -17.787 0.0000000000
99642  22.476  15.589  -18.695 0.0000000000
99643  20.691  13.300  -17.886 0.0000000000
99644  20.134  12.964  -18.238 0.0000000000
99645  19.818  12.790  -18.413 0.0000000000
99649  28.799  11.540  -23.533 0.0000000000
99650  27.699  12.331  -23.665 0.0000000000
99651  26.045  13.334  -23.676 0.0000000000
99652  24.258  14.430  -22.604 0.0000000000
99653  22.944  15.624  -20.810 0.0000000000
99655  30.081  10.658  -23.701 0.0000000000
99656  29.258  11.582  -23.609 0.0000000000
99666  29.283  11.973  -23.795 0.0000000000
100398  28.187  12.196  -23.629 0.0000000000
100399  26.736  13.142  -23.811 0.0000000000
100400  25.152  14.282  -23.102 0.0000000000
100401  23.836  15.506  -21.798 0.0000000000
100408  28.040  12.502  -23.739 0.0000000000
100409  26.569  13.335  -23.737 0.0000000000
101164  25.695  14.023  -23.417 0.0000000000
101165  24.474  15.232  -22.487 0.0000000000
101178  27.026  12.991  -23.869 0.0000000000
101179  25.663  14.250  -23.315 0.0000000000
101180  24.454  15.477  -22.459 0.0000000000
101927  26.255  13.685  -23.703 0.0000000000
101928  25.075  14.652  -23.052 0.0000000000
