#!ascii label  , from subject bert vox2ras=TkReg
1187
36655  13.995  -53.290  1.195 0.0000000000
37654  12.301  -53.168  2.473 0.0000000000
37668  12.598  -53.476  2.055 0.0000000000
37669  12.407  -52.832  2.065 0.0000000000
37680  14.324  -52.722  0.635 0.0000000000
37681  13.377  -53.063  1.383 0.0000000000
37682  12.647  -52.779  1.696 0.0000000000
37683  12.465  -52.718  1.858 0.0000000000
38571  11.980  -53.358  3.157 0.0000000000
38580  12.224  -51.683  1.132 0.0000000000
38581  11.997  -52.305  1.814 0.0000000000
38592  15.023  -51.799  0.458 0.0000000000
38593  13.976  -51.897  0.695 0.0000000000
38594  12.788  -52.025  1.134 0.0000000000
38595  12.424  -52.542  1.699 0.0000000000
39268  1.383  -52.413  22.654 0.0000000000
39269  0.963  -52.338  22.601 0.0000000000
39270  0.311  -51.889  22.340 0.0000000000
39282  1.401  -52.540  22.294 0.0000000000
39283  0.630  -52.339  21.851 0.0000000000
39284  -0.038  -51.501  21.463 0.0000000000
39295  4.983  -51.695  20.887 0.0000000000
39296  1.430  -52.459  21.305 0.0000000000
39297  0.315  -52.276  20.679 0.0000000000
39298  -0.305  -50.741  20.023 0.0000000000
39306  4.297  -52.410  20.188 0.0000000000
39307  2.883  -52.833  19.809 0.0000000000
39308  1.514  -52.616  19.950 0.0000000000
39309  0.126  -51.927  19.209 0.0000000000
39310  -0.214  -50.427  18.472 0.0000000000
39317  3.793  -52.468  18.944 0.0000000000
39318  2.192  -52.541  18.732 0.0000000000
39319  0.918  -52.249  18.362 0.0000000000
39320  0.099  -51.437  17.825 0.0000000000
39321  -0.049  -50.240  17.293 0.0000000000
39328  2.954  -52.425  17.839 0.0000000000
39329  1.603  -52.093  17.474 0.0000000000
39330  0.604  -51.743  17.083 0.0000000000
39331  0.158  -50.855  16.697 0.0000000000
39332  0.042  -50.197  16.725 0.0000000000
39338  2.383  -52.015  16.590 0.0000000000
39339  0.997  -51.613  16.118 0.0000000000
39340  0.428  -51.156  16.249 0.0000000000
39341  0.301  -50.777  16.274 0.0000000000
39352  1.402  -51.551  15.380 0.0000000000
39365  1.541  -51.226  14.437 0.0000000000
39488  11.418  -52.467  3.090 0.0000000000
39500  12.047  -51.339  1.379 0.0000000000
39501  11.467  -51.357  1.697 0.0000000000
39511  17.001  -50.776  0.274 0.0000000000
39512  15.834  -50.816  0.286 0.0000000000
39513  14.674  -50.896  0.407 0.0000000000
39514  13.614  -50.974  0.716 0.0000000000
39515  12.676  -50.987  1.145 0.0000000000
40193  3.706  -51.232  23.800 0.0000000000
40194  2.880  -51.381  23.813 0.0000000000
40195  1.149  -51.405  23.787 0.0000000000
40196  0.167  -50.823  23.343 0.0000000000
40202  5.677  -50.579  23.202 0.0000000000
40203  4.214  -51.324  23.444 0.0000000000
40204  2.049  -51.972  22.902 0.0000000000
40205  0.556  -51.790  23.058 0.0000000000
40206  -0.157  -50.826  22.384 0.0000000000
40213  5.152  -51.173  22.628 0.0000000000
40214  3.717  -52.099  22.454 0.0000000000
40215  2.351  -52.682  21.995 0.0000000000
40216  -0.422  -50.093  21.138 0.0000000000
40224  4.834  -51.640  21.688 0.0000000000
40225  3.422  -52.522  21.497 0.0000000000
40226  2.333  -52.779  21.021 0.0000000000
40227  -0.406  -49.247  20.095 0.0000000000
40234  4.163  -52.285  20.994 0.0000000000
40235  3.253  -52.824  20.680 0.0000000000
40236  2.462  -52.733  20.390 0.0000000000
40237  0.025  -47.896  18.410 0.0000000000
40238  -0.213  -48.670  18.848 0.0000000000
40244  0.036  -47.835  18.047 0.0000000000
40245  0.015  -48.725  17.589 0.0000000000
40252  0.126  -50.182  16.437 0.0000000000
40253  0.214  -49.080  16.509 0.0000000000
40260  0.712  -51.623  15.568 0.0000000000
40261  0.617  -51.194  15.627 0.0000000000
40262  0.315  -50.169  15.837 0.0000000000
40263  0.390  -48.138  15.400 0.0000000000
40271  0.783  -51.453  15.289 0.0000000000
40272  0.693  -50.427  14.940 0.0000000000
40273  0.565  -48.683  14.637 0.0000000000
40274  0.527  -47.423  14.656 0.0000000000
40287  1.060  -50.887  14.529 0.0000000000
40288  1.021  -49.173  13.893 0.0000000000
40289  0.760  -47.822  13.792 0.0000000000
40301  1.415  -49.935  13.628 0.0000000000
40302  1.332  -48.529  12.858 0.0000000000
40316  1.353  -49.284  12.647 0.0000000000
40317  1.300  -48.076  11.608 0.0000000000
40320  1.695  -47.510  10.254 0.0000000000
40322  2.892  -47.581  8.236 0.0000000000
40323  2.347  -48.227  8.860 0.0000000000
40326  3.824  -47.927  6.255 0.0000000000
40327  3.212  -48.441  6.767 0.0000000000
40384  11.009  -51.092  2.340 0.0000000000
40398  18.312  -49.465  0.170 0.0000000000
40399  17.643  -49.066  0.178 0.0000000000
40400  12.112  -50.329  1.389 0.0000000000
40401  11.374  -50.561  1.685 0.0000000000
40410  17.642  -50.144  0.380 0.0000000000
40411  16.969  -49.702  0.377 0.0000000000
40412  15.495  -49.845  0.446 0.0000000000
40413  14.264  -49.935  0.457 0.0000000000
40414  13.281  -50.130  0.802 0.0000000000
40415  12.726  -50.281  1.051 0.0000000000
41040  2.138  -50.877  24.996 0.0000000000
41041  0.461  -49.940  25.322 0.0000000000
41047  4.396  -51.016  24.788 0.0000000000
41048  2.513  -50.921  24.838 0.0000000000
41049  0.775  -50.270  24.991 0.0000000000
41054  4.897  -50.921  24.481 0.0000000000
41055  3.107  -51.045  24.622 0.0000000000
41056  0.869  -50.337  24.758 0.0000000000
41057  0.105  -49.556  24.563 0.0000000000
41063  5.358  -50.719  24.099 0.0000000000
41064  3.916  -51.128  24.104 0.0000000000
41065  1.985  -51.012  24.348 0.0000000000
41066  0.069  -50.192  24.127 0.0000000000
41067  -0.318  -49.678  22.976 0.0000000000
41071  5.518  -50.619  23.703 0.0000000000
41072  4.809  -50.980  23.870 0.0000000000
41073  -0.342  -49.157  21.847 0.0000000000
41076  -0.146  -48.413  20.663 0.0000000000
41080  0.367  -46.500  18.876 0.0000000000
41081  0.140  -47.826  19.578 0.0000000000
41086  0.286  -46.961  18.215 0.0000000000
41087  0.193  -47.534  18.932 0.0000000000
41092  0.295  -46.587  17.001 0.0000000000
41093  0.239  -47.797  16.772 0.0000000000
41099  0.414  -45.428  16.081 0.0000000000
41100  0.404  -46.671  15.900 0.0000000000
41106  0.529  -46.520  14.902 0.0000000000
41113  0.622  -47.204  14.094 0.0000000000
41114  0.577  -46.440  14.262 0.0000000000
41123  1.159  -47.561  13.101 0.0000000000
41124  0.965  -46.353  13.408 0.0000000000
41125  0.665  -46.426  13.898 0.0000000000
41132  1.231  -47.151  12.176 0.0000000000
41133  1.303  -46.331  12.508 0.0000000000
41145  1.353  -46.308  11.136 0.0000000000
41146  1.331  -46.329  11.930 0.0000000000
41156  1.637  -46.320  10.233 0.0000000000
41160  2.711  -46.506  8.651 0.0000000000
41161  2.166  -46.471  9.412 0.0000000000
41165  4.172  -47.019  7.085 0.0000000000
41166  3.373  -46.783  7.834 0.0000000000
41173  4.609  -47.306  6.094 0.0000000000
41211  10.213  -50.241  2.913 0.0000000000
41216  10.606  -50.617  2.729 0.0000000000
41217  10.564  -49.369  2.288 0.0000000000
41230  19.063  -48.456  0.088 0.0000000000
41231  17.944  -48.470  0.093 0.0000000000
41232  17.237  -48.300  0.068 0.0000000000
41233  13.069  -48.623  1.053 0.0000000000
41234  12.503  -49.015  1.006 0.0000000000
41235  11.204  -49.546  1.561 0.0000000000
41236  10.843  -48.697  1.810 0.0000000000
41245  17.304  -48.757  0.195 0.0000000000
41246  16.530  -48.649  0.430 0.0000000000
41247  15.107  -48.780  0.312 0.0000000000
41248  13.620  -48.847  0.781 0.0000000000
41249  12.811  -49.723  0.943 0.0000000000
41944  0.253  -48.687  25.479 0.0000000000
41945  0.159  -48.234  25.975 0.0000000000
41948  0.310  -48.909  25.191 0.0000000000
41951  0.272  -48.988  24.930 0.0000000000
41952  0.127  -48.822  24.662 0.0000000000
41955  -0.120  -48.687  24.126 0.0000000000
41956  -0.375  -48.553  23.360 0.0000000000
41958  -0.293  -48.147  22.363 0.0000000000
41961  -0.105  -47.431  21.220 0.0000000000
41964  0.711  -44.284  18.154 0.0000000000
41965  0.575  -44.940  18.495 0.0000000000
41966  0.313  -46.249  19.756 0.0000000000
41969  0.820  -44.262  17.929 0.0000000000
41970  0.573  -45.280  18.039 0.0000000000
41973  0.936  -44.055  17.377 0.0000000000
41974  0.574  -45.035  17.211 0.0000000000
41978  1.078  -43.858  16.674 0.0000000000
41979  0.777  -44.388  16.028 0.0000000000
41980  0.580  -44.901  15.526 0.0000000000
41985  0.866  -44.034  14.963 0.0000000000
41986  0.614  -45.100  14.907 0.0000000000
41992  0.905  -44.462  14.210 0.0000000000
41993  0.686  -45.384  14.240 0.0000000000
41999  5.386  -44.178  13.337 0.0000000000
42000  5.018  -44.199  13.419 0.0000000000
42001  0.977  -44.950  13.503 0.0000000000
42002  0.709  -45.811  13.849 0.0000000000
42011  5.173  -44.190  12.943 0.0000000000
42012  4.369  -44.239  13.056 0.0000000000
42013  3.736  -44.382  12.948 0.0000000000
42014  1.732  -44.750  11.898 0.0000000000
42015  1.326  -45.017  12.470 0.0000000000
42019  4.670  -44.268  12.484 0.0000000000
42020  4.028  -44.469  12.493 0.0000000000
42021  3.546  -44.437  12.649 0.0000000000
42022  1.561  -44.994  11.311 0.0000000000
42023  1.404  -45.665  11.851 0.0000000000
42036  1.717  -45.474  10.232 0.0000000000
42040  3.136  -44.839  8.763 0.0000000000
42041  2.601  -45.558  9.053 0.0000000000
42042  2.023  -45.502  9.596 0.0000000000
42044  4.139  -45.857  7.586 0.0000000000
42045  3.241  -45.617  8.364 0.0000000000
42047  5.067  -46.355  6.050 0.0000000000
42058  5.652  -46.708  4.855 0.0000000000
42071  9.744  -49.478  2.724 0.0000000000
42072  9.168  -49.344  2.680 0.0000000000
42076  6.014  -47.454  3.467 0.0000000000
42077  5.872  -46.957  4.172 0.0000000000
42084  10.160  -48.938  2.347 0.0000000000
42088  10.533  -48.394  1.940 0.0000000000
42099  19.540  -47.588  0.392 0.0000000000
42100  18.546  -47.684  0.282 0.0000000000
42101  17.538  -47.620  0.205 0.0000000000
42102  16.910  -48.075  0.020 0.0000000000
42103  13.056  -48.010  0.937 0.0000000000
42104  12.118  -48.078  1.329 0.0000000000
42105  11.263  -48.146  1.588 0.0000000000
42106  10.856  -48.135  1.770 0.0000000000
42118  17.135  -47.100  0.323 0.0000000000
42119  16.287  -47.638  0.222 0.0000000000
42120  14.763  -47.697  0.456 0.0000000000
42121  13.783  -47.658  0.545 0.0000000000
42849  -0.029  -47.050  26.666 0.0000000000
42850  -0.316  -46.137  27.515 0.0000000000
42869  0.382  -47.691  25.458 0.0000000000
42870  0.370  -46.541  25.903 0.0000000000
42871  0.046  -45.965  26.619 0.0000000000
42888  0.432  -47.459  24.962 0.0000000000
42889  0.528  -46.512  25.249 0.0000000000
42894  0.260  -47.751  24.647 0.0000000000
42895  0.053  -47.606  24.172 0.0000000000
42899  -0.061  -47.331  23.435 0.0000000000
42900  -0.156  -47.139  22.633 0.0000000000
42904  0.063  -46.650  21.757 0.0000000000
42908  0.242  -45.715  20.642 0.0000000000
42911  1.656  -43.040  17.834 0.0000000000
42912  1.086  -43.646  18.007 0.0000000000
42913  0.589  -44.339  18.798 0.0000000000
42914  0.374  -44.576  19.551 0.0000000000
42917  2.067  -42.944  17.673 0.0000000000
42918  1.537  -43.406  17.504 0.0000000000
42921  2.803  -42.787  17.166 0.0000000000
42922  1.980  -43.301  16.849 0.0000000000
42924  5.479  -43.190  16.220 0.0000000000
42925  5.088  -43.426  16.399 0.0000000000
42926  3.682  -43.364  16.767 0.0000000000
42927  2.071  -43.789  16.073 0.0000000000
42928  1.401  -43.865  15.381 0.0000000000
42932  5.870  -43.429  15.709 0.0000000000
42933  5.576  -43.420  15.888 0.0000000000
42934  4.622  -43.666  15.706 0.0000000000
42935  3.391  -43.786  15.514 0.0000000000
42936  2.274  -44.093  15.178 0.0000000000
42937  1.619  -44.182  15.119 0.0000000000
42942  5.838  -43.647  15.302 0.0000000000
42943  5.356  -43.823  14.995 0.0000000000
42944  4.375  -43.891  14.772 0.0000000000
42945  3.243  -44.097  14.618 0.0000000000
42946  2.371  -44.010  14.445 0.0000000000
42947  1.691  -44.521  14.509 0.0000000000
42952  6.162  -44.072  13.907 0.0000000000
42953  5.969  -44.031  14.216 0.0000000000
42954  5.296  -44.118  13.909 0.0000000000
42955  4.177  -44.237  13.871 0.0000000000
42956  3.122  -44.282  13.886 0.0000000000
42957  2.373  -44.444  13.758 0.0000000000
42958  1.523  -44.685  13.623 0.0000000000
42968  6.163  -44.124  13.658 0.0000000000
42969  6.002  -44.311  13.444 0.0000000000
42970  5.662  -44.375  13.107 0.0000000000
42971  3.694  -44.260  13.342 0.0000000000
42972  3.163  -44.457  13.060 0.0000000000
42973  2.082  -44.826  12.640 0.0000000000
42974  1.439  -44.787  13.056 0.0000000000
42977  6.273  -44.320  13.036 0.0000000000
42978  5.994  -44.385  12.656 0.0000000000
42979  5.256  -44.249  12.255 0.0000000000
42980  4.328  -44.299  11.819 0.0000000000
42981  3.273  -44.806  11.897 0.0000000000
42982  2.153  -44.659  11.409 0.0000000000
42997  6.226  -44.315  12.350 0.0000000000
42998  5.731  -44.273  11.592 0.0000000000
42999  4.683  -44.327  11.197 0.0000000000
43000  3.822  -44.538  10.825 0.0000000000
43001  2.760  -44.495  10.628 0.0000000000
43002  2.059  -44.739  10.491 0.0000000000
43005  4.842  -44.351  10.451 0.0000000000
43006  4.228  -44.233  10.151 0.0000000000
43007  3.485  -44.579  9.676 0.0000000000
43008  2.551  -44.684  9.716 0.0000000000
43009  2.069  -45.055  9.788 0.0000000000
43012  4.339  -44.114  9.617 0.0000000000
43013  4.139  -44.161  9.165 0.0000000000
43014  3.854  -44.309  8.369 0.0000000000
43017  4.686  -45.030  7.143 0.0000000000
43022  5.202  -45.399  5.837 0.0000000000
43033  9.463  -48.514  2.213 0.0000000000
43034  9.073  -48.562  2.151 0.0000000000
43035  8.404  -48.495  2.023 0.0000000000
43036  7.644  -48.309  1.968 0.0000000000
43037  6.814  -47.829  2.314 0.0000000000
43038  6.125  -47.131  3.031 0.0000000000
43039  5.747  -46.124  4.263 0.0000000000
43047  9.780  -48.329  2.115 0.0000000000
43048  9.215  -47.758  1.736 0.0000000000
43049  8.446  -47.792  1.669 0.0000000000
43050  7.611  -47.647  1.654 0.0000000000
43051  6.768  -47.252  1.911 0.0000000000
43052  6.057  -46.610  2.595 0.0000000000
43053  5.738  -46.229  3.267 0.0000000000
43056  10.199  -47.927  1.906 0.0000000000
43057  9.800  -47.368  1.829 0.0000000000
43065  19.698  -46.887  0.447 0.0000000000
43066  18.841  -47.024  0.359 0.0000000000
43067  18.229  -47.210  0.294 0.0000000000
43068  13.558  -47.141  1.106 0.0000000000
43069  12.916  -46.901  1.252 0.0000000000
43070  11.864  -47.118  1.475 0.0000000000
43071  10.799  -47.379  1.690 0.0000000000
43072  10.200  -47.192  1.774 0.0000000000
43083  18.966  -46.419  0.278 0.0000000000
43084  17.874  -46.694  0.210 0.0000000000
43085  16.740  -46.579  0.411 0.0000000000
43086  15.584  -46.615  0.597 0.0000000000
43087  14.297  -46.709  0.952 0.0000000000
43088  13.581  -46.628  1.173 0.0000000000
43825  -0.533  -44.923  29.238 0.0000000000
43830  -0.223  -44.878  26.929 0.0000000000
43831  -0.465  -45.106  28.027 0.0000000000
43834  0.567  -45.233  25.319 0.0000000000
43835  0.346  -45.335  26.121 0.0000000000
43848  0.326  -46.792  24.459 0.0000000000
43849  0.500  -45.799  24.551 0.0000000000
43863  0.160  -47.035  24.266 0.0000000000
43864  0.168  -46.089  23.629 0.0000000000
43873  0.144  -45.817  22.442 0.0000000000
43874  0.126  -46.195  22.082 0.0000000000
43882  0.113  -44.792  21.795 0.0000000000
43883  0.145  -45.116  21.346 0.0000000000
43888  0.239  -44.176  20.070 0.0000000000
43891  2.024  -42.792  18.036 0.0000000000
43892  1.027  -43.160  18.302 0.0000000000
43893  0.551  -43.502  18.860 0.0000000000
43894  0.371  -43.601  19.310 0.0000000000
43897  5.738  -42.383  17.708 0.0000000000
43898  5.382  -42.243  17.677 0.0000000000
43899  4.643  -41.984  17.467 0.0000000000
43900  3.378  -42.487  17.828 0.0000000000
43904  5.881  -42.587  17.388 0.0000000000
43905  5.680  -42.694  17.287 0.0000000000
43906  5.123  -42.692  17.361 0.0000000000
43907  4.128  -42.499  17.058 0.0000000000
43910  5.914  -42.835  16.740 0.0000000000
43911  5.598  -43.158  16.571 0.0000000000
43912  4.685  -43.038  17.043 0.0000000000
43913  4.199  -42.780  16.830 0.0000000000
43917  5.925  -43.383  15.963 0.0000000000
43918  5.762  -43.274  16.139 0.0000000000
43922  5.979  -43.744  14.937 0.0000000000
43926  6.346  -44.040  13.788 0.0000000000
43927  6.073  -44.064  13.958 0.0000000000
43937  6.223  -44.118  13.416 0.0000000000
43938  6.356  -44.070  13.205 0.0000000000
43942  6.423  -44.143  12.934 0.0000000000
43943  6.432  -44.058  12.529 0.0000000000
43959  6.323  -44.267  12.578 0.0000000000
43960  6.261  -44.166  11.756 0.0000000000
43967  5.262  -44.072  10.010 0.0000000000
43968  5.906  -44.337  10.344 0.0000000000
43971  5.196  -43.892  9.551 0.0000000000
43972  4.882  -44.308  9.292 0.0000000000
43973  4.427  -44.032  8.802 0.0000000000
43974  4.139  -43.943  8.391 0.0000000000
43978  5.004  -43.826  8.772 0.0000000000
43979  4.555  -43.576  8.567 0.0000000000
43980  4.506  -43.794  8.087 0.0000000000
43981  4.111  -43.868  7.643 0.0000000000
43987  4.809  -43.813  8.120 0.0000000000
43988  4.650  -43.533  7.757 0.0000000000
43989  4.540  -43.809  7.089 0.0000000000
43990  4.127  -43.904  6.712 0.0000000000
44001  4.469  -43.980  5.297 0.0000000000
44011  9.077  -47.267  1.552 0.0000000000
44012  8.636  -47.007  1.457 0.0000000000
44013  7.802  -47.069  1.405 0.0000000000
44014  6.847  -46.691  1.401 0.0000000000
44015  6.039  -46.094  2.071 0.0000000000
44016  5.120  -44.932  3.279 0.0000000000
44019  9.304  -46.962  1.643 0.0000000000
44020  9.066  -46.150  1.436 0.0000000000
44021  6.238  -45.778  1.508 0.0000000000
44022  5.572  -44.969  2.138 0.0000000000
44023  4.729  -44.263  2.535 0.0000000000
44030  12.990  -46.319  1.271 0.0000000000
44031  12.529  -46.266  1.341 0.0000000000
44032  11.493  -46.016  1.449 0.0000000000
44033  10.009  -46.138  1.707 0.0000000000
44034  9.368  -45.743  1.393 0.0000000000
44043  19.137  -45.896  0.090 0.0000000000
44044  18.197  -45.953  -0.006 0.0000000000
44045  17.189  -45.908  0.245 0.0000000000
44046  16.196  -45.806  0.502 0.0000000000
44047  15.062  -45.501  0.681 0.0000000000
44048  13.478  -45.873  1.160 0.0000000000
44049  12.357  -45.494  1.338 0.0000000000
44050  11.844  -45.449  1.313 0.0000000000
44059  18.424  -45.433  -0.298 0.0000000000
44060  17.467  -45.374  -0.200 0.0000000000
44061  16.538  -45.228  0.191 0.0000000000
44062  15.868  -45.234  0.452 0.0000000000
44774  -0.597  -43.665  29.641 0.0000000000
44781  -0.197  -43.631  26.592 0.0000000000
44782  -0.404  -43.899  28.007 0.0000000000
44784  0.563  -44.125  25.071 0.0000000000
44785  0.263  -44.194  25.788 0.0000000000
44788  0.556  -44.345  24.450 0.0000000000
44798  0.432  -44.422  23.484 0.0000000000
44810  0.117  -44.051  21.962 0.0000000000
44811  0.108  -42.775  20.878 0.0000000000
44823  0.101  -44.294  21.395 0.0000000000
44824  0.184  -43.285  20.453 0.0000000000
44835  5.134  -41.137  19.124 0.0000000000
44836  4.892  -41.105  19.061 0.0000000000
44837  0.401  -42.951  19.369 0.0000000000
44846  5.601  -41.789  18.652 0.0000000000
44847  5.310  -41.581  18.630 0.0000000000
44848  4.601  -41.333  18.580 0.0000000000
44849  3.248  -42.030  18.402 0.0000000000
44850  1.775  -42.237  18.368 0.0000000000
44851  0.867  -42.600  18.531 0.0000000000
44852  0.523  -42.966  18.933 0.0000000000
44857  5.794  -42.268  17.915 0.0000000000
44858  5.725  -41.980  18.110 0.0000000000
44859  4.985  -41.892  18.125 0.0000000000
44860  4.287  -41.717  17.952 0.0000000000
44865  5.969  -42.712  17.161 0.0000000000
44869  6.056  -43.122  16.448 0.0000000000
44873  5.973  -43.484  15.630 0.0000000000
44874  5.941  -43.321  15.471 0.0000000000
44878  5.999  -43.830  14.575 0.0000000000
44879  5.979  -43.661  15.142 0.0000000000
44883  6.183  -43.961  13.627 0.0000000000
44884  6.024  -43.903  14.182 0.0000000000
44894  6.392  -43.943  12.761 0.0000000000
44895  6.217  -43.842  13.147 0.0000000000
44899  6.326  -43.942  11.902 0.0000000000
44900  6.281  -43.826  12.175 0.0000000000
44914  6.111  -43.822  10.898 0.0000000000
44915  6.100  -43.867  11.191 0.0000000000
44921  5.332  -44.065  9.711 0.0000000000
44922  5.727  -43.855  9.600 0.0000000000
44923  5.694  -43.847  10.142 0.0000000000
44925  5.210  -43.838  9.044 0.0000000000
44926  5.176  -43.680  8.832 0.0000000000
44929  5.160  -43.532  8.285 0.0000000000
44933  5.060  -43.534  7.473 0.0000000000
44934  4.773  -43.270  6.931 0.0000000000
44935  4.329  -43.204  6.585 0.0000000000
44936  3.966  -43.074  6.183 0.0000000000
44946  5.118  -43.299  6.336 0.0000000000
44947  4.649  -42.612  6.301 0.0000000000
44948  4.219  -42.432  5.995 0.0000000000
44949  3.906  -42.535  5.533 0.0000000000
44961  7.982  -46.680  1.298 0.0000000000
44962  7.405  -46.412  1.087 0.0000000000
44963  6.750  -45.932  1.094 0.0000000000
44964  4.088  -42.939  4.341 0.0000000000
44969  8.152  -46.169  1.129 0.0000000000
44970  7.297  -45.559  0.611 0.0000000000
44971  6.182  -44.836  1.215 0.0000000000
44972  4.945  -44.002  1.915 0.0000000000
44973  4.159  -43.026  2.737 0.0000000000
44979  10.881  -45.564  1.313 0.0000000000
44980  10.343  -45.143  1.179 0.0000000000
44981  8.878  -45.011  0.884 0.0000000000
44982  7.505  -44.801  0.146 0.0000000000
44983  5.508  -43.723  1.290 0.0000000000
44984  4.404  -43.018  1.550 0.0000000000
44985  3.845  -42.167  1.882 0.0000000000
44992  15.005  -44.844  0.548 0.0000000000
44993  14.317  -44.578  0.681 0.0000000000
44994  13.032  -44.749  1.083 0.0000000000
44995  11.623  -44.896  1.025 0.0000000000
44996  10.250  -44.188  0.598 0.0000000000
44997  9.354  -43.927  0.160 0.0000000000
45004  18.587  -44.907  -0.662 0.0000000000
45005  17.740  -44.858  -0.507 0.0000000000
45006  16.852  -44.622  -0.202 0.0000000000
45007  15.572  -44.525  0.222 0.0000000000
45008  14.723  -43.987  0.059 0.0000000000
45016  18.617  -44.646  -1.013 0.0000000000
45769  -0.410  -42.596  26.935 0.0000000000
45770  -0.624  -42.668  28.566 0.0000000000
45773  0.357  -43.612  25.163 0.0000000000
45774  -0.054  -42.733  25.268 0.0000000000
45777  0.361  -43.386  24.540 0.0000000000
45778  0.016  -42.213  23.643 0.0000000000
45780  0.366  -43.262  23.539 0.0000000000
45781  0.138  -42.082  22.401 0.0000000000
45789  0.266  -43.172  22.549 0.0000000000
45790  0.104  -42.144  21.202 0.0000000000
45798  5.873  -41.055  20.426 0.0000000000
45799  5.667  -40.928  20.392 0.0000000000
45800  5.335  -40.641  20.188 0.0000000000
45801  0.307  -41.814  20.077 0.0000000000
45810  5.754  -41.137  20.130 0.0000000000
45811  5.454  -40.984  19.704 0.0000000000
45812  4.926  -40.939  19.674 0.0000000000
45813  4.174  -41.270  19.626 0.0000000000
45814  2.988  -41.494  19.421 0.0000000000
45815  1.735  -41.412  19.194 0.0000000000
45816  0.587  -41.685  19.140 0.0000000000
45826  5.618  -41.554  19.449 0.0000000000
45827  5.374  -41.378  19.135 0.0000000000
45828  4.606  -41.203  19.048 0.0000000000
45829  3.739  -41.341  18.809 0.0000000000
45830  2.437  -41.613  18.682 0.0000000000
45831  1.322  -41.885  18.723 0.0000000000
45832  0.641  -42.334  18.820 0.0000000000
45841  5.794  -41.943  18.680 0.0000000000
45842  5.804  -42.014  18.456 0.0000000000
45849  5.883  -42.526  17.679 0.0000000000
45850  5.868  -42.343  18.079 0.0000000000
45855  6.102  -42.920  16.799 0.0000000000
45856  5.934  -42.527  17.144 0.0000000000
45857  5.609  -42.788  17.143 0.0000000000
45861  6.023  -43.170  16.204 0.0000000000
45862  5.918  -43.288  15.977 0.0000000000
45863  5.645  -42.961  16.536 0.0000000000
45866  5.838  -43.793  14.887 0.0000000000
45867  5.351  -43.511  15.725 0.0000000000
45868  4.511  -43.608  15.885 0.0000000000
45869  3.744  -43.605  15.976 0.0000000000
45870  3.238  -43.619  16.017 0.0000000000
45874  5.934  -43.799  13.676 0.0000000000
45875  5.478  -43.883  14.310 0.0000000000
45876  4.743  -43.837  14.770 0.0000000000
45877  3.904  -43.795  15.119 0.0000000000
45878  3.062  -43.514  15.467 0.0000000000
45879  2.595  -43.744  15.679 0.0000000000
45880  2.438  -43.701  15.921 0.0000000000
45890  6.040  -43.747  12.559 0.0000000000
45891  5.602  -43.830  13.049 0.0000000000
45892  4.944  -44.184  13.557 0.0000000000
45893  4.137  -44.100  13.982 0.0000000000
45894  3.309  -44.108  14.493 0.0000000000
45895  2.631  -43.930  15.056 0.0000000000
45896  2.267  -43.925  15.597 0.0000000000
45899  5.988  -43.800  11.477 0.0000000000
45900  5.622  -43.810  11.870 0.0000000000
45901  4.987  -44.074  12.347 0.0000000000
45902  4.299  -44.242  12.790 0.0000000000
45903  3.555  -44.285  13.275 0.0000000000
45904  2.833  -44.188  13.829 0.0000000000
45905  2.152  -43.675  14.392 0.0000000000
45906  1.899  -44.041  14.408 0.0000000000
45922  5.779  -43.970  10.349 0.0000000000
45923  5.548  -44.066  10.672 0.0000000000
45924  5.054  -44.124  11.080 0.0000000000
45925  4.343  -44.187  11.594 0.0000000000
45926  3.782  -44.554  12.086 0.0000000000
45927  3.019  -44.199  12.567 0.0000000000
45928  2.514  -44.516  13.356 0.0000000000
45929  2.168  -44.409  14.075 0.0000000000
45936  5.175  -43.704  9.168 0.0000000000
45937  5.363  -43.867  9.410 0.0000000000
45938  5.192  -43.929  9.654 0.0000000000
45939  4.978  -44.321  9.847 0.0000000000
45940  4.444  -44.182  10.289 0.0000000000
45941  3.932  -44.459  10.834 0.0000000000
45942  3.378  -44.214  11.363 0.0000000000
45943  3.043  -44.679  11.994 0.0000000000
45947  5.058  -43.471  8.024 0.0000000000
45948  4.818  -43.566  8.172 0.0000000000
45949  4.937  -43.691  8.346 0.0000000000
45950  4.676  -43.402  8.621 0.0000000000
45951  4.407  -43.648  8.938 0.0000000000
45952  4.305  -44.037  9.136 0.0000000000
45953  3.980  -44.210  9.553 0.0000000000
45954  3.550  -44.180  10.082 0.0000000000
45955  3.472  -44.507  10.684 0.0000000000
45959  5.219  -43.323  7.342 0.0000000000
45960  5.175  -43.255  7.142 0.0000000000
45961  4.868  -43.375  7.344 0.0000000000
45962  4.649  -43.454  7.532 0.0000000000
45963  4.445  -43.810  7.646 0.0000000000
45964  4.173  -43.781  7.948 0.0000000000
45965  3.935  -44.045  8.304 0.0000000000
45966  3.603  -44.142  8.907 0.0000000000
45967  3.671  -44.445  9.243 0.0000000000
45972  5.948  -42.930  6.726 0.0000000000
45973  5.700  -42.805  6.602 0.0000000000
45982  5.198  -42.143  5.803 0.0000000000
45983  4.597  -41.997  5.631 0.0000000000
45984  4.214  -41.878  5.390 0.0000000000
45985  3.796  -41.891  4.940 0.0000000000
45997  5.275  -41.590  5.198 0.0000000000
45998  4.790  -41.555  5.039 0.0000000000
45999  4.240  -41.497  4.625 0.0000000000
46000  3.721  -41.667  3.882 0.0000000000
46007  6.784  -44.708  0.350 0.0000000000
46008  6.205  -44.061  0.616 0.0000000000
46009  3.630  -41.600  2.605 0.0000000000
46014  7.912  -44.399  -0.115 0.0000000000
46015  6.965  -43.828  -0.098 0.0000000000
46016  5.525  -42.971  0.670 0.0000000000
46017  4.265  -41.986  1.125 0.0000000000
46018  3.695  -41.297  1.605 0.0000000000
46024  13.500  -44.158  0.668 0.0000000000
46025  12.686  -43.936  0.501 0.0000000000
46026  11.368  -43.507  0.269 0.0000000000
46027  9.785  -42.819  0.028 0.0000000000
46028  8.411  -43.586  -0.489 0.0000000000
46029  7.254  -42.729  -0.450 0.0000000000
46034  17.860  -44.554  -0.805 0.0000000000
46035  17.326  -44.126  -0.632 0.0000000000
46036  16.380  -43.703  -0.420 0.0000000000
46037  15.134  -43.300  -0.525 0.0000000000
46038  13.845  -43.450  0.004 0.0000000000
46039  12.503  -42.763  -0.073 0.0000000000
46040  11.125  -42.286  -0.184 0.0000000000
46041  10.290  -42.134  -0.775 0.0000000000
46046  18.737  -44.525  -1.405 0.0000000000
46047  17.906  -44.167  -1.297 0.0000000000
46048  16.976  -43.073  -1.050 0.0000000000
46049  16.094  -42.829  -0.808 0.0000000000
46050  15.463  -42.612  -0.944 0.0000000000
46056  18.317  -43.611  -2.147 0.0000000000
46057  17.561  -43.048  -1.698 0.0000000000
46058  17.177  -42.501  -1.489 0.0000000000
46072  18.670  -43.113  -2.568 0.0000000000
46855  -0.771  -41.514  27.467 0.0000000000
46863  -0.448  -41.317  25.624 0.0000000000
46870  -0.272  -41.092  23.868 0.0000000000
46878  -0.124  -40.877  22.326 0.0000000000
46887  5.554  -39.988  21.177 0.0000000000
46888  5.264  -39.942  21.103 0.0000000000
46889  0.094  -40.818  21.058 0.0000000000
46897  5.791  -40.879  20.670 0.0000000000
46898  5.656  -40.638  20.900 0.0000000000
46899  4.555  -40.273  20.553 0.0000000000
46900  3.099  -40.156  20.333 0.0000000000
46901  2.405  -40.071  20.040 0.0000000000
46902  0.757  -40.438  19.920 0.0000000000
46903  0.303  -40.854  20.113 0.0000000000
46909  5.956  -41.000  20.639 0.0000000000
46910  5.743  -40.783  20.727 0.0000000000
46911  4.359  -40.765  19.972 0.0000000000
46912  3.566  -40.758  20.044 0.0000000000
46913  2.266  -40.703  20.001 0.0000000000
46914  1.111  -40.922  19.606 0.0000000000
46915  0.505  -40.917  19.475 0.0000000000
46921  5.799  -41.357  20.013 0.0000000000
46922  5.685  -41.338  19.793 0.0000000000
46927  5.776  -41.663  19.345 0.0000000000
46928  5.692  -41.700  19.152 0.0000000000
46929  5.536  -41.498  19.262 0.0000000000
46934  6.012  -41.954  18.229 0.0000000000
46935  5.446  -41.600  18.634 0.0000000000
46936  5.079  -41.532  18.571 0.0000000000
46940  5.883  -42.316  17.792 0.0000000000
46941  5.543  -42.271  17.564 0.0000000000
46942  4.975  -41.711  17.899 0.0000000000
46943  4.516  -41.569  17.775 0.0000000000
46947  5.360  -42.932  16.945 0.0000000000
46948  4.995  -42.652  17.041 0.0000000000
46949  4.332  -41.914  17.040 0.0000000000
46950  3.602  -41.767  16.822 0.0000000000
46951  3.211  -41.516  16.972 0.0000000000
46955  5.382  -43.073  16.387 0.0000000000
46956  5.003  -43.335  16.536 0.0000000000
46957  4.365  -43.245  16.550 0.0000000000
46958  3.543  -43.016  16.252 0.0000000000
46959  3.019  -41.922  16.385 0.0000000000
46960  2.665  -41.820  16.347 0.0000000000
46964  2.964  -43.671  15.982 0.0000000000
46965  2.814  -43.351  16.053 0.0000000000
46966  2.396  -42.705  16.033 0.0000000000
46967  2.253  -42.564  15.888 0.0000000000
46975  2.036  -43.794  15.422 0.0000000000
46976  2.161  -43.138  15.785 0.0000000000
46980  1.737  -44.171  14.918 0.0000000000
47009  5.541  -42.652  6.549 0.0000000000
47010  5.157  -42.885  6.574 0.0000000000
47011  4.812  -43.027  6.728 0.0000000000
47012  4.445  -43.166  6.943 0.0000000000
47013  4.002  -43.322  6.965 0.0000000000
47014  3.885  -43.634  7.013 0.0000000000
47015  3.669  -43.680  7.563 0.0000000000
47021  5.862  -41.962  5.779 0.0000000000
47022  6.041  -42.120  6.217 0.0000000000
47023  5.852  -42.323  6.225 0.0000000000
47024  5.462  -42.472  6.176 0.0000000000
47025  4.899  -42.550  6.282 0.0000000000
47026  3.904  -42.665  6.214 0.0000000000
47027  3.938  -43.269  5.787 0.0000000000
47028  3.542  -42.938  5.984 0.0000000000
47029  3.679  -43.312  5.911 0.0000000000
47039  6.548  -40.740  5.155 0.0000000000
47040  6.120  -41.006  5.207 0.0000000000
47052  6.738  -40.678  4.846 0.0000000000
47053  5.820  -40.876  4.697 0.0000000000
47054  4.970  -41.158  4.075 0.0000000000
47055  4.222  -40.834  3.808 0.0000000000
47056  3.900  -40.929  3.243 0.0000000000
47064  6.809  -40.100  3.802 0.0000000000
47065  5.836  -40.207  3.635 0.0000000000
47066  4.858  -40.295  3.249 0.0000000000
47067  4.262  -40.233  3.148 0.0000000000
47068  3.918  -40.629  2.356 0.0000000000
47073  6.276  -42.570  -0.152 0.0000000000
47074  5.302  -41.613  0.294 0.0000000000
47075  4.333  -40.856  0.843 0.0000000000
47076  4.033  -40.438  1.387 0.0000000000
47081  8.800  -42.571  -0.552 0.0000000000
47082  8.070  -42.104  -0.726 0.0000000000
47083  6.648  -41.408  -0.540 0.0000000000
47084  5.386  -39.978  0.062 0.0000000000
47085  4.395  -39.946  0.838 0.0000000000
47086  4.219  -40.078  1.187 0.0000000000
47091  14.296  -42.794  -0.685 0.0000000000
47092  13.474  -42.031  -0.778 0.0000000000
47093  12.200  -41.772  -0.668 0.0000000000
47094  10.825  -41.398  -0.379 0.0000000000
47095  9.321  -41.413  -0.720 0.0000000000
47096  7.993  -40.814  -1.342 0.0000000000
47097  6.787  -39.967  -0.779 0.0000000000
47098  6.139  -39.293  -0.383 0.0000000000
47102  16.426  -42.479  -1.134 0.0000000000
47103  15.815  -42.041  -1.259 0.0000000000
47104  14.726  -42.205  -1.126 0.0000000000
47105  14.057  -41.452  -1.096 0.0000000000
47108  17.759  -42.843  -2.309 0.0000000000
47109  17.404  -42.036  -1.986 0.0000000000
47110  16.693  -41.996  -1.514 0.0000000000
47111  16.165  -41.477  -1.519 0.0000000000
47123  18.127  -42.276  -2.775 0.0000000000
47124  17.564  -41.652  -2.494 0.0000000000
47140  18.451  -41.630  -3.227 0.0000000000
47941  -0.511  -40.257  26.088 0.0000000000
47952  -0.326  -39.950  24.167 0.0000000000
47963  0.001  -39.737  22.461 0.0000000000
47975  5.502  -39.291  21.492 0.0000000000
47976  4.677  -39.396  21.257 0.0000000000
47977  4.133  -39.004  21.138 0.0000000000
47978  0.263  -39.768  21.117 0.0000000000
47994  5.589  -39.762  21.270 0.0000000000
47995  4.425  -39.684  20.822 0.0000000000
47996  3.724  -39.464  20.815 0.0000000000
47997  2.298  -39.677  20.306 0.0000000000
47998  1.093  -39.838  20.419 0.0000000000
47999  0.409  -39.960  20.210 0.0000000000
48015  5.692  -40.855  20.542 0.0000000000
48016  5.516  -40.468  20.821 0.0000000000
48017  2.188  -40.075  19.939 0.0000000000
48018  1.545  -40.356  20.135 0.0000000000
48032  5.820  -40.999  20.362 0.0000000000
48033  5.635  -40.746  20.221 0.0000000000
48034  5.277  -40.589  20.198 0.0000000000
48049  5.595  -41.305  19.571 0.0000000000
48050  5.305  -40.987  19.422 0.0000000000
48051  4.565  -40.905  19.732 0.0000000000
48052  3.915  -40.763  19.850 0.0000000000
48064  5.157  -41.356  18.838 0.0000000000
48065  4.713  -41.190  18.719 0.0000000000
48066  3.585  -41.352  19.547 0.0000000000
48067  3.017  -41.286  19.314 0.0000000000
48078  4.584  -41.444  18.122 0.0000000000
48079  4.032  -41.256  18.028 0.0000000000
48080  2.831  -41.527  18.996 0.0000000000
48081  2.136  -41.378  18.830 0.0000000000
48082  1.617  -41.585  19.007 0.0000000000
48088  3.863  -41.569  17.347 0.0000000000
48089  3.411  -41.342  17.529 0.0000000000
48090  2.775  -41.445  17.409 0.0000000000
48091  1.930  -41.021  17.970 0.0000000000
48094  2.765  -41.711  16.685 0.0000000000
48095  2.340  -41.814  16.881 0.0000000000
48100  2.439  -42.124  16.063 0.0000000000
48144  6.346  -41.082  5.320 0.0000000000
48145  6.510  -41.310  5.497 0.0000000000
48146  6.437  -41.434  5.884 0.0000000000
48147  5.905  -41.561  5.739 0.0000000000
48148  5.298  -41.613  5.558 0.0000000000
48149  4.401  -41.737  5.364 0.0000000000
48150  3.703  -42.039  5.146 0.0000000000
48151  3.668  -42.462  4.935 0.0000000000
48152  3.659  -42.420  4.733 0.0000000000
48161  6.968  -40.673  4.956 0.0000000000
48162  7.493  -40.579  5.094 0.0000000000
48163  6.923  -40.602  5.133 0.0000000000
48164  6.305  -40.557  5.050 0.0000000000
48165  5.616  -40.805  4.576 0.0000000000
48166  5.050  -41.016  4.367 0.0000000000
48167  4.238  -41.196  4.264 0.0000000000
48168  3.682  -41.332  4.113 0.0000000000
48169  3.724  -41.563  3.776 0.0000000000
48170  3.703  -41.278  3.779 0.0000000000
48187  8.551  -39.892  4.524 0.0000000000
48188  7.845  -39.841  4.208 0.0000000000
48196  7.499  -38.712  3.085 0.0000000000
48197  6.477  -39.160  2.887 0.0000000000
48198  5.599  -39.423  2.680 0.0000000000
48199  4.801  -39.569  2.779 0.0000000000
48200  4.365  -39.920  2.567 0.0000000000
48204  6.778  -38.156  2.452 0.0000000000
48205  6.125  -38.301  2.478 0.0000000000
48206  5.435  -38.715  2.057 0.0000000000
48207  4.727  -39.494  1.900 0.0000000000
48208  4.267  -40.076  1.827 0.0000000000
48212  4.861  -38.788  0.776 0.0000000000
48213  4.396  -39.748  1.275 0.0000000000
48214  4.219  -40.115  1.429 0.0000000000
48218  12.771  -41.160  -0.780 0.0000000000
48219  11.967  -40.635  -0.797 0.0000000000
48220  10.265  -39.797  -0.880 0.0000000000
48221  9.006  -40.050  -1.567 0.0000000000
48222  7.956  -39.531  -1.473 0.0000000000
48223  6.840  -38.826  -0.697 0.0000000000
48224  5.812  -38.612  -0.124 0.0000000000
48228  15.178  -41.628  -1.368 0.0000000000
48229  14.504  -41.265  -1.559 0.0000000000
48230  13.303  -40.427  -1.370 0.0000000000
48231  11.744  -39.538  -1.263 0.0000000000
48232  10.755  -38.911  -0.974 0.0000000000
48236  16.930  -41.446  -1.905 0.0000000000
48237  16.427  -40.957  -1.930 0.0000000000
48238  15.522  -41.030  -1.678 0.0000000000
48239  14.449  -40.408  -1.985 0.0000000000
48240  13.886  -39.881  -2.050 0.0000000000
48249  17.627  -41.397  -2.797 0.0000000000
48250  17.068  -40.873  -2.379 0.0000000000
48251  16.602  -40.549  -2.214 0.0000000000
48263  17.946  -41.155  -3.189 0.0000000000
48264  17.521  -40.856  -2.823 0.0000000000
49012  -0.224  -39.226  26.456 0.0000000000
49020  -0.237  -38.896  24.497 0.0000000000
49029  0.126  -38.640  22.786 0.0000000000
49038  5.752  -38.408  21.879 0.0000000000
49039  5.247  -38.537  21.906 0.0000000000
49040  4.323  -38.461  21.498 0.0000000000
49041  3.300  -38.273  21.418 0.0000000000
49042  2.111  -38.301  21.299 0.0000000000
49043  0.629  -38.481  21.138 0.0000000000
49054  5.709  -38.871  21.669 0.0000000000
49055  3.681  -38.775  21.072 0.0000000000
49056  2.789  -38.888  20.914 0.0000000000
49057  1.562  -39.124  20.888 0.0000000000
49058  0.776  -39.378  20.627 0.0000000000
49069  5.569  -39.536  21.372 0.0000000000
49070  5.396  -39.382  21.419 0.0000000000
49081  5.443  -40.147  20.800 0.0000000000
49082  5.188  -39.857  20.811 0.0000000000
49083  4.713  -39.602  20.858 0.0000000000
49096  5.004  -40.490  20.111 0.0000000000
49097  4.345  -40.269  20.511 0.0000000000
49098  3.202  -40.676  19.955 0.0000000000
49099  2.298  -40.333  19.479 0.0000000000
49112  3.118  -41.019  19.317 0.0000000000
49113  2.381  -41.099  19.378 0.0000000000
49114  1.580  -40.925  19.652 0.0000000000
49115  1.318  -40.508  19.505 0.0000000000
49129  2.218  -41.431  19.196 0.0000000000
49130  1.816  -41.350  19.187 0.0000000000
49131  1.320  -40.993  18.997 0.0000000000
49132  1.077  -41.338  19.119 0.0000000000
49145  1.594  -41.034  18.321 0.0000000000
49146  1.390  -41.254  18.653 0.0000000000
49210  7.274  -39.811  4.627 0.0000000000
49211  6.868  -39.812  4.362 0.0000000000
49212  6.306  -40.008  3.892 0.0000000000
49213  5.798  -40.248  3.658 0.0000000000
49214  5.036  -40.444  3.509 0.0000000000
49215  4.097  -40.355  3.529 0.0000000000
49216  3.963  -40.692  3.024 0.0000000000
49217  3.896  -40.688  3.321 0.0000000000
49218  3.983  -40.489  3.577 0.0000000000
49236  8.168  -39.193  3.776 0.0000000000
49237  7.494  -39.190  3.978 0.0000000000
49238  7.006  -39.464  3.454 0.0000000000
49239  6.223  -39.260  3.482 0.0000000000
49240  5.740  -39.657  3.025 0.0000000000
49241  4.820  -39.488  3.120 0.0000000000
49242  4.400  -39.723  3.025 0.0000000000
49243  4.265  -39.892  3.116 0.0000000000
49244  4.295  -39.859  3.572 0.0000000000
49245  4.252  -39.796  3.909 0.0000000000
49260  9.093  -36.837  2.681 0.0000000000
49261  8.938  -38.084  3.143 0.0000000000
49273  8.561  -36.908  2.492 0.0000000000
49274  7.718  -37.454  2.227 0.0000000000
49275  6.659  -37.659  2.225 0.0000000000
49276  6.077  -37.870  2.104 0.0000000000
49284  7.163  -37.206  1.744 0.0000000000
49285  6.525  -37.500  1.587 0.0000000000
49286  5.844  -37.890  1.164 0.0000000000
49293  9.570  -39.375  -1.617 0.0000000000
49294  9.059  -39.122  -1.634 0.0000000000
49295  8.086  -38.116  -0.895 0.0000000000
49296  6.694  -37.792  -0.246 0.0000000000
49297  5.866  -37.863  0.314 0.0000000000
49306  12.610  -38.948  -1.693 0.0000000000
49307  11.415  -38.553  -1.371 0.0000000000
49308  10.205  -38.739  -1.631 0.0000000000
49309  9.314  -38.179  -1.319 0.0000000000
49310  8.782  -37.730  -0.729 0.0000000000
49321  15.929  -40.459  -1.989 0.0000000000
49322  15.323  -40.063  -2.124 0.0000000000
49323  14.409  -39.409  -2.386 0.0000000000
49324  13.473  -39.223  -2.154 0.0000000000
49334  16.860  -40.101  -2.590 0.0000000000
49335  16.238  -39.830  -2.385 0.0000000000
49336  15.233  -39.222  -2.322 0.0000000000
49337  14.824  -39.075  -2.319 0.0000000000
49350  17.993  -40.532  -3.580 0.0000000000
49351  17.277  -40.032  -2.988 0.0000000000
49352  16.729  -39.708  -2.706 0.0000000000
49369  17.573  -40.019  -3.587 0.0000000000
50118  -0.096  -37.872  24.750 0.0000000000
50125  6.394  -37.295  23.100 0.0000000000
50126  6.082  -37.078  22.782 0.0000000000
50127  5.504  -37.064  22.515 0.0000000000
50128  4.654  -37.044  22.313 0.0000000000
50129  3.822  -36.923  21.995 0.0000000000
50130  0.125  -37.641  23.172 0.0000000000
50136  6.249  -37.256  22.901 0.0000000000
50137  5.853  -37.563  22.421 0.0000000000
50138  5.008  -37.686  22.030 0.0000000000
50139  4.020  -37.585  21.762 0.0000000000
50140  2.898  -37.390  21.730 0.0000000000
50141  1.585  -37.602  21.782 0.0000000000
50142  0.568  -37.480  21.901 0.0000000000
50149  5.858  -37.944  22.101 0.0000000000
50156  5.756  -38.341  21.906 0.0000000000
50157  5.346  -38.642  21.737 0.0000000000
50158  5.012  -38.284  21.844 0.0000000000
50167  5.180  -39.246  21.419 0.0000000000
50168  4.652  -38.938  21.336 0.0000000000
50169  3.974  -38.748  21.119 0.0000000000
50180  4.402  -39.519  20.821 0.0000000000
50181  3.649  -39.442  20.710 0.0000000000
50182  2.145  -39.804  20.117 0.0000000000
50183  1.421  -39.590  20.081 0.0000000000
50198  1.773  -40.414  19.578 0.0000000000
50199  1.266  -40.161  19.903 0.0000000000
50200  1.053  -40.513  19.709 0.0000000000
50215  1.023  -41.040  19.310 0.0000000000
50316  8.221  -38.635  3.320 0.0000000000
50317  7.547  -38.356  3.364 0.0000000000
50318  6.896  -38.480  3.204 0.0000000000
50319  6.369  -38.843  2.904 0.0000000000
50320  5.708  -38.976  2.654 0.0000000000
50321  5.204  -39.181  2.638 0.0000000000
50322  4.846  -39.176  2.993 0.0000000000
50323  4.746  -38.848  3.988 0.0000000000
50324  4.480  -38.791  4.134 0.0000000000
50341  10.034  -35.673  2.545 0.0000000000
50342  9.314  -36.206  2.636 0.0000000000
50343  8.453  -37.282  2.930 0.0000000000
50344  7.731  -37.608  2.830 0.0000000000
50345  7.131  -37.972  2.595 0.0000000000
50346  6.496  -38.218  2.533 0.0000000000
50347  5.963  -38.482  2.515 0.0000000000
50348  5.537  -38.492  3.105 0.0000000000
50349  5.223  -38.267  3.943 0.0000000000
50350  4.939  -37.855  4.165 0.0000000000
50367  10.227  -35.834  2.525 0.0000000000
50368  9.385  -36.601  2.266 0.0000000000
50369  8.452  -36.653  2.075 0.0000000000
50380  9.762  -35.892  1.860 0.0000000000
50381  9.011  -36.279  1.651 0.0000000000
50382  8.035  -36.655  1.354 0.0000000000
50383  7.052  -37.101  0.958 0.0000000000
50384  6.384  -37.435  0.894 0.0000000000
50395  8.963  -36.619  0.000 0.0000000000
50396  7.983  -36.955  0.101 0.0000000000
50397  6.562  -37.367  0.343 0.0000000000
50398  6.050  -37.498  0.563 0.0000000000
50410  12.184  -38.019  -1.819 0.0000000000
50411  11.263  -37.938  -1.802 0.0000000000
50412  10.357  -37.473  -1.137 0.0000000000
50413  9.209  -37.071  -0.451 0.0000000000
50414  8.461  -37.382  -0.476 0.0000000000
50426  13.663  -38.352  -2.675 0.0000000000
50427  13.002  -38.385  -2.201 0.0000000000
50440  16.093  -38.893  -2.596 0.0000000000
50441  15.558  -38.457  -2.514 0.0000000000
50442  14.769  -38.637  -2.424 0.0000000000
50459  16.865  -39.297  -3.218 0.0000000000
50460  16.447  -38.870  -2.866 0.0000000000
50461  16.027  -38.501  -2.654 0.0000000000
50478  17.071  -39.265  -3.670 0.0000000000
50479  16.700  -38.932  -3.299 0.0000000000
51191  -0.089  -36.822  24.914 0.0000000000
51197  6.180  -36.942  23.030 0.0000000000
51198  5.721  -36.802  23.098 0.0000000000
51199  5.115  -36.505  22.830 0.0000000000
51200  4.215  -36.348  22.505 0.0000000000
51201  3.193  -36.475  22.274 0.0000000000
51202  0.116  -36.683  23.432 0.0000000000
51208  6.336  -37.053  23.158 0.0000000000
51209  6.165  -37.016  22.876 0.0000000000
51210  2.135  -36.792  22.116 0.0000000000
51211  1.285  -36.804  22.033 0.0000000000
51212  0.641  -36.567  22.314 0.0000000000
51218  5.996  -37.169  22.648 0.0000000000
51219  5.826  -37.048  22.526 0.0000000000
51225  5.885  -37.595  22.273 0.0000000000
51226  5.646  -37.545  22.171 0.0000000000
51227  5.257  -37.661  22.006 0.0000000000
51235  4.682  -37.680  21.869 0.0000000000
51236  3.914  -38.101  21.528 0.0000000000
51237  3.195  -38.167  21.321 0.0000000000
51246  3.514  -38.628  21.092 0.0000000000
51247  2.660  -38.758  20.935 0.0000000000
51248  1.616  -39.086  20.726 0.0000000000
51249  1.076  -39.057  20.790 0.0000000000
51250  0.970  -39.229  20.726 0.0000000000
51262  1.160  -39.627  20.311 0.0000000000
51263  1.020  -39.889  20.368 0.0000000000
51386  4.671  -37.690  4.248 0.0000000000
51410  10.765  -35.505  2.404 0.0000000000
51411  9.621  -36.046  2.350 0.0000000000
51412  8.657  -36.600  2.312 0.0000000000
51413  7.935  -37.101  2.369 0.0000000000
51414  7.334  -37.575  2.358 0.0000000000
51415  6.681  -37.798  2.447 0.0000000000
51416  6.132  -37.769  3.186 0.0000000000
51417  5.691  -37.662  3.886 0.0000000000
51418  5.214  -37.381  4.165 0.0000000000
51419  4.862  -37.131  4.242 0.0000000000
51459  10.825  -35.474  1.588 0.0000000000
51460  9.691  -35.860  1.183 0.0000000000
51461  8.905  -36.272  1.062 0.0000000000
51478  11.843  -34.854  1.105 0.0000000000
51479  10.618  -35.451  0.569 0.0000000000
51480  9.330  -36.263  0.398 0.0000000000
51481  8.546  -36.512  0.708 0.0000000000
51499  11.857  -37.553  -2.103 0.0000000000
51500  11.515  -36.666  -1.494 0.0000000000
51501  10.411  -35.925  -0.410 0.0000000000
51502  9.466  -36.426  -0.102 0.0000000000
51514  13.511  -37.501  -2.725 0.0000000000
51515  12.718  -37.266  -2.221 0.0000000000
51516  12.319  -35.842  -1.605 0.0000000000
51528  15.244  -37.430  -2.711 0.0000000000
51529  14.483  -37.474  -2.574 0.0000000000
51546  15.966  -37.551  -3.090 0.0000000000
51547  15.791  -37.882  -2.787 0.0000000000
51563  16.375  -37.907  -3.771 0.0000000000
51564  16.417  -38.244  -3.390 0.0000000000
52190  5.080  -35.062  23.443 0.0000000000
52193  0.098  -35.657  23.608 0.0000000000
52202  5.949  -36.711  23.168 0.0000000000
52203  5.454  -35.981  23.401 0.0000000000
52204  4.766  -35.698  22.973 0.0000000000
52205  3.725  -35.402  22.798 0.0000000000
52206  2.142  -35.812  22.652 0.0000000000
52207  1.157  -35.477  22.318 0.0000000000
52208  0.576  -35.791  22.572 0.0000000000
52216  6.136  -36.852  23.070 0.0000000000
52217  5.820  -36.459  23.250 0.0000000000
52218  1.614  -36.443  22.313 0.0000000000
52219  1.219  -36.100  22.246 0.0000000000
52220  0.878  -35.922  22.167 0.0000000000
52228  5.734  -36.444  22.983 0.0000000000
52229  5.428  -36.586  22.687 0.0000000000
52230  5.078  -36.265  22.675 0.0000000000
52237  5.415  -37.127  22.245 0.0000000000
52238  5.006  -36.827  22.277 0.0000000000
52239  4.456  -36.557  22.276 0.0000000000
52248  4.593  -37.001  22.068 0.0000000000
52249  4.035  -37.030  21.958 0.0000000000
52250  3.171  -37.418  21.716 0.0000000000
52251  2.323  -37.367  21.634 0.0000000000
52252  1.725  -37.601  21.725 0.0000000000
52261  2.654  -37.961  21.361 0.0000000000
52262  1.995  -38.144  21.256 0.0000000000
52263  1.258  -38.088  21.047 0.0000000000
52264  0.946  -38.627  21.022 0.0000000000
52401  4.837  -36.328  4.275 0.0000000000
52402  4.598  -36.682  4.349 0.0000000000
52426  10.952  -35.360  2.343 0.0000000000
52427  9.858  -35.903  2.251 0.0000000000
52428  8.908  -36.395  2.206 0.0000000000
52429  8.099  -36.809  2.302 0.0000000000
52430  7.495  -37.184  3.038 0.0000000000
52431  6.791  -37.226  3.395 0.0000000000
52432  6.110  -37.065  3.781 0.0000000000
52433  5.508  -36.835  4.083 0.0000000000
52434  5.050  -36.696  4.215 0.0000000000
52435  4.823  -36.669  4.273 0.0000000000
52488  11.590  -34.968  0.282 0.0000000000
52489  10.882  -35.271  0.023 0.0000000000
52508  12.043  -34.932  -0.549 0.0000000000
52509  11.177  -35.205  -0.178 0.0000000000
52523  13.521  -36.815  -2.603 0.0000000000
52524  13.173  -35.783  -1.896 0.0000000000
52525  12.662  -35.075  -1.257 0.0000000000
52539  14.789  -36.860  -2.761 0.0000000000
52540  14.096  -35.989  -2.525 0.0000000000
52541  13.524  -35.085  -1.938 0.0000000000
52557  15.701  -37.011  -3.208 0.0000000000
52558  15.159  -36.514  -3.045 0.0000000000
52559  14.298  -35.158  -2.738 0.0000000000
52573  16.144  -37.309  -3.783 0.0000000000
52574  15.791  -36.931  -3.591 0.0000000000
52575  15.153  -35.634  -3.568 0.0000000000
52588  16.090  -37.124  -3.906 0.0000000000
52589  15.522  -36.217  -3.904 0.0000000000
53186  5.523  -34.828  23.746 0.0000000000
53189  1.687  -34.844  22.753 0.0000000000
53190  0.655  -34.769  22.654 0.0000000000
53201  5.727  -35.277  23.697 0.0000000000
53202  5.502  -35.118  23.612 0.0000000000
53213  5.600  -35.797  23.469 0.0000000000
53214  5.366  -35.549  23.333 0.0000000000
53215  5.029  -35.705  23.031 0.0000000000
53226  4.601  -35.971  22.797 0.0000000000
53227  3.818  -36.050  22.507 0.0000000000
53228  2.959  -35.999  22.386 0.0000000000
53229  2.381  -36.169  22.389 0.0000000000
53242  3.342  -36.610  22.076 0.0000000000
53243  2.658  -36.676  22.034 0.0000000000
53244  1.992  -36.738  22.100 0.0000000000
53245  1.529  -37.299  21.767 0.0000000000
53263  1.095  -38.064  21.441 0.0000000000
53412  4.873  -35.988  4.263 0.0000000000
53433  11.113  -35.243  2.435 0.0000000000
53434  9.949  -35.735  2.413 0.0000000000
53435  8.957  -36.213  2.601 0.0000000000
53436  8.175  -36.610  3.087 0.0000000000
53437  7.354  -36.701  3.384 0.0000000000
53438  6.539  -36.566  3.659 0.0000000000
53439  5.788  -36.330  3.902 0.0000000000
53440  5.163  -36.120  4.169 0.0000000000
53524  13.288  -34.653  -1.325 0.0000000000
53543  13.813  -34.512  -2.160 0.0000000000
53544  13.574  -34.633  -1.706 0.0000000000
53556  14.512  -34.511  -3.207 0.0000000000
53557  14.094  -34.385  -2.714 0.0000000000
53566  15.210  -35.567  -3.920 0.0000000000
53567  14.986  -34.583  -3.901 0.0000000000
53581  15.502  -36.294  -4.152 0.0000000000
53582  15.005  -35.062  -4.147 0.0000000000
53583  14.970  -34.741  -4.145 0.0000000000
54310  4.649  -35.171  23.110 0.0000000000
54311  4.068  -35.036  22.975 0.0000000000
54312  3.262  -35.177  22.717 0.0000000000
54313  2.481  -35.417  22.629 0.0000000000
54314  2.027  -35.497  22.637 0.0000000000
54323  2.073  -35.985  22.456 0.0000000000
54324  1.804  -36.161  22.446 0.0000000000
54517  5.128  -35.510  4.246 0.0000000000
54518  4.919  -35.674  4.295 0.0000000000
54541  10.943  -35.208  2.622 0.0000000000
54542  9.755  -35.666  2.638 0.0000000000
54543  8.835  -36.166  3.047 0.0000000000
54544  7.925  -36.333  3.343 0.0000000000
54545  7.015  -36.239  3.604 0.0000000000
54546  6.151  -35.994  3.784 0.0000000000
54547  5.395  -35.700  4.103 0.0000000000
54548  5.135  -35.774  4.201 0.0000000000
54664  14.349  -33.511  -1.226 0.0000000000
54665  13.768  -34.259  -1.422 0.0000000000
54679  14.253  -33.460  -3.116 0.0000000000
54680  14.254  -33.578  -2.468 0.0000000000
54686  14.758  -33.358  -3.697 0.0000000000
54694  14.404  -34.000  -4.388 0.0000000000
54695  14.399  -33.595  -4.375 0.0000000000
55637  5.185  -35.272  4.257 0.0000000000
55660  10.551  -35.345  2.568 0.0000000000
55661  9.413  -35.820  2.890 0.0000000000
55662  8.461  -36.128  3.247 0.0000000000
55663  7.483  -36.100  3.503 0.0000000000
55664  6.474  -35.820  3.733 0.0000000000
55665  5.790  -35.588  3.956 0.0000000000
55666  5.460  -35.431  4.105 0.0000000000
