#!ascii label  , from subject bert vox2ras=TkReg
1941
90715  36.754  3.256  29.046 0.0000000000
90722  37.397  3.336  28.314 0.0000000000
90723  36.949  3.433  28.676 0.0000000000
90732  38.026  3.444  27.429 0.0000000000
90742  38.265  3.543  26.972 0.0000000000
90749  38.991  3.356  25.909 0.0000000000
91598  36.396  3.302  29.395 0.0000000000
91599  36.081  3.342  29.833 0.0000000000
91612  36.687  3.476  28.962 0.0000000000
91613  36.348  3.541  29.301 0.0000000000
91619  37.567  3.600  27.829 0.0000000000
91620  37.082  3.662  28.335 0.0000000000
91621  36.650  3.691  28.849 0.0000000000
91627  37.912  3.718  27.300 0.0000000000
91628  37.487  3.794  27.725 0.0000000000
91634  38.810  3.492  26.090 0.0000000000
91635  38.464  3.677  26.576 0.0000000000
91642  39.170  3.587  25.478 0.0000000000
91643  38.815  3.688  25.936 0.0000000000
91651  39.496  3.709  24.793 0.0000000000
92492  36.252  4.188  31.450 0.0000000000
92502  36.068  3.935  31.075 0.0000000000
92503  36.122  4.021  31.337 0.0000000000
92510  35.995  3.747  30.323 0.0000000000
92517  36.127  3.750  29.682 0.0000000000
92521  36.807  3.896  28.523 0.0000000000
92522  36.442  3.834  29.111 0.0000000000
92524  37.647  3.876  27.459 0.0000000000
92525  37.319  3.941  27.786 0.0000000000
92527  37.955  3.940  27.044 0.0000000000
92528  37.579  4.020  27.411 0.0000000000
92530  38.971  3.788  25.558 0.0000000000
92531  38.681  3.918  25.965 0.0000000000
92534  39.289  3.961  24.884 0.0000000000
92535  38.984  4.000  25.467 0.0000000000
92539  39.686  4.219  24.149 0.0000000000
93382  36.508  4.624  31.846 0.0000000000
93392  36.457  4.607  31.506 0.0000000000
93393  36.375  4.383  31.539 0.0000000000
93398  36.154  4.252  30.879 0.0000000000
93399  36.198  4.222  31.241 0.0000000000
93403  36.071  4.085  30.103 0.0000000000
93408  36.682  4.239  29.007 0.0000000000
93409  36.313  4.106  29.475 0.0000000000
93413  36.993  4.121  28.300 0.0000000000
93414  36.584  4.030  28.846 0.0000000000
93416  37.413  4.096  27.643 0.0000000000
93418  38.333  4.050  26.563 0.0000000000
93419  37.797  4.049  27.242 0.0000000000
93421  38.837  4.066  25.823 0.0000000000
93423  39.544  4.238  24.500 0.0000000000
93424  39.167  4.101  25.245 0.0000000000
93427  40.071  4.459  23.680 0.0000000000
93437  40.723  4.703  23.104 0.0000000000
93492  43.544  6.570  19.131 0.0000000000
94282  36.678  5.468  32.597 0.0000000000
94283  36.534  5.002  32.127 0.0000000000
94290  36.686  5.220  32.078 0.0000000000
94291  36.539  4.857  31.925 0.0000000000
94294  36.820  5.204  31.581 0.0000000000
94295  36.629  4.962  31.492 0.0000000000
94299  36.798  5.024  31.115 0.0000000000
94300  36.386  4.475  30.555 0.0000000000
94305  36.735  4.566  29.913 0.0000000000
94306  36.289  4.271  29.977 0.0000000000
94310  37.496  4.504  28.539 0.0000000000
94311  37.217  4.455  28.762 0.0000000000
94313  37.639  4.414  28.124 0.0000000000
94314  37.416  4.227  27.874 0.0000000000
94316  38.018  4.208  27.211 0.0000000000
94317  37.612  4.132  27.475 0.0000000000
94319  39.123  4.227  25.772 0.0000000000
94320  38.815  4.164  26.110 0.0000000000
94322  39.370  4.248  25.250 0.0000000000
94323  39.028  4.167  25.596 0.0000000000
94325  39.917  4.448  24.075 0.0000000000
94327  40.904  5.010  22.798 0.0000000000
94328  40.570  4.729  23.278 0.0000000000
94338  41.777  5.549  21.634 0.0000000000
94339  41.345  5.419  22.088 0.0000000000
94352  42.327  5.997  20.651 0.0000000000
94353  42.118  5.973  20.911 0.0000000000
94361  42.974  6.503  19.720 0.0000000000
94362  42.605  6.536  19.984 0.0000000000
94363  42.343  6.453  20.367 0.0000000000
94372  44.182  6.805  18.348 0.0000000000
94373  43.822  6.974  18.471 0.0000000000
94374  43.244  7.126  18.947 0.0000000000
94375  42.855  7.163  19.278 0.0000000000
94389  44.511  7.447  17.568 0.0000000000
94390  43.749  7.623  17.901 0.0000000000
94391  43.436  7.771  18.042 0.0000000000
94405  45.234  8.069  16.740 0.0000000000
94406  44.795  8.141  16.896 0.0000000000
95152  37.226  6.493  32.870 0.0000000000
95153  36.967  6.186  32.762 0.0000000000
95156  37.139  5.714  32.143 0.0000000000
95157  36.857  5.458  32.151 0.0000000000
95161  37.925  5.694  31.143 0.0000000000
95162  37.447  5.408  31.086 0.0000000000
95168  38.484  5.503  30.085 0.0000000000
95169  38.027  5.377  30.267 0.0000000000
95170  37.405  4.807  29.635 0.0000000000
95174  38.478  5.228  29.417 0.0000000000
95175  37.798  4.711  28.852 0.0000000000
95176  37.423  4.632  29.051 0.0000000000
95178  38.644  4.772  28.345 0.0000000000
95179  38.237  4.465  27.726 0.0000000000
95182  38.941  4.477  27.217 0.0000000000
95183  38.655  4.301  26.744 0.0000000000
95186  39.246  4.290  26.003 0.0000000000
95187  38.895  4.283  26.311 0.0000000000
95189  39.862  4.452  24.667 0.0000000000
95191  40.922  4.787  22.906 0.0000000000
95192  40.487  4.583  23.449 0.0000000000
95194  41.074  5.105  22.591 0.0000000000
95195  40.735  4.791  23.100 0.0000000000
95200  41.795  5.860  21.337 0.0000000000
95201  41.645  6.037  21.508 0.0000000000
95205  30.034  6.042  17.309 0.0000000000
95206  29.651  5.951  17.391 0.0000000000
95207  29.478  6.230  17.503 0.0000000000
95213  42.120  6.384  20.605 0.0000000000
95214  41.981  6.371  20.831 0.0000000000
95218  30.209  6.219  16.738 0.0000000000
95219  29.800  6.561  16.622 0.0000000000
95222  42.706  7.332  19.380 0.0000000000
95223  42.468  6.881  19.880 0.0000000000
95229  43.267  8.053  18.000 0.0000000000
95230  42.991  7.667  18.803 0.0000000000
95238  44.573  8.369  16.914 0.0000000000
95239  44.170  8.299  17.202 0.0000000000
95240  43.747  8.426  17.424 0.0000000000
95253  45.806  8.905  16.061 0.0000000000
95254  45.041  8.887  16.455 0.0000000000
95255  44.551  9.191  16.430 0.0000000000
95256  44.105  8.799  16.864 0.0000000000
95259  35.766  5.346  13.590 0.0000000000
95260  35.171  5.372  14.112 0.0000000000
95270  46.370  9.926  15.263 0.0000000000
95271  45.510  9.754  15.691 0.0000000000
95272  45.012  9.579  16.039 0.0000000000
95274  37.010  5.387  12.452 0.0000000000
95275  36.372  5.322  13.026 0.0000000000
95283  38.308  5.522  11.124 0.0000000000
95284  37.615  5.464  11.796 0.0000000000
95291  38.712  5.702  10.280 0.0000000000
95301  40.398  6.101  8.274 0.0000000000
95958  37.302  7.448  33.463 0.0000000000
95971  37.492  6.980  33.032 0.0000000000
95972  37.402  7.275  33.314 0.0000000000
95979  38.214  6.800  32.503 0.0000000000
95980  37.718  6.598  32.561 0.0000000000
95983  39.501  6.220  30.703 0.0000000000
95984  38.907  6.173  31.125 0.0000000000
95985  38.331  6.046  31.398 0.0000000000
95986  37.917  6.075  31.770 0.0000000000
95992  40.401  5.687  29.166 0.0000000000
95993  39.675  5.688  29.623 0.0000000000
95994  38.958  5.663  30.082 0.0000000000
95995  38.535  5.738  30.592 0.0000000000
96001  41.422  5.173  27.632 0.0000000000
96002  40.644  5.170  28.068 0.0000000000
96003  39.888  5.192  28.521 0.0000000000
96004  39.140  5.263  28.955 0.0000000000
96007  42.588  4.639  26.155 0.0000000000
96008  41.733  4.641  26.516 0.0000000000
96009  40.926  4.669  26.931 0.0000000000
96010  40.154  4.703  27.392 0.0000000000
96011  39.397  4.746  27.871 0.0000000000
96014  43.697  4.530  24.764 0.0000000000
96015  42.889  4.403  25.036 0.0000000000
96016  42.046  4.350  25.296 0.0000000000
96017  41.215  4.408  25.679 0.0000000000
96018  40.434  4.449  26.144 0.0000000000
96019  39.679  4.434  26.675 0.0000000000
96022  43.712  4.548  24.127 0.0000000000
96023  43.174  4.466  24.176 0.0000000000
96024  42.437  4.390  23.984 0.0000000000
96025  41.562  4.302  24.400 0.0000000000
96026  40.779  4.315  24.814 0.0000000000
96027  40.017  4.426  25.370 0.0000000000
96029  42.309  4.611  23.246 0.0000000000
96030  41.871  4.466  23.421 0.0000000000
96031  41.257  4.507  23.408 0.0000000000
96032  40.482  4.509  24.110 0.0000000000
96034  41.343  5.053  22.454 0.0000000000
96035  40.838  4.599  23.189 0.0000000000
96037  41.685  5.701  21.570 0.0000000000
96040  41.935  6.251  21.018 0.0000000000
96041  29.503  6.842  17.095 0.0000000000
96042  29.380  7.424  17.157 0.0000000000
96043  29.305  7.462  17.265 0.0000000000
96049  42.430  7.052  19.722 0.0000000000
96050  42.190  6.636  20.294 0.0000000000
96051  31.030  6.178  16.246 0.0000000000
96052  30.325  6.505  16.144 0.0000000000
96053  30.191  6.918  16.439 0.0000000000
96054  29.758  7.273  16.747 0.0000000000
96055  29.490  7.431  16.989 0.0000000000
96058  42.808  7.832  18.829 0.0000000000
96059  42.561  7.543  19.182 0.0000000000
96060  32.062  5.948  15.588 0.0000000000
96061  31.285  6.193  15.684 0.0000000000
96062  30.562  6.804  15.707 0.0000000000
96063  30.405  7.419  15.970 0.0000000000
96064  30.091  7.727  16.272 0.0000000000
96067  43.285  8.515  17.660 0.0000000000
96068  43.031  8.250  18.060 0.0000000000
96069  42.818  8.102  18.505 0.0000000000
96070  33.003  5.790  14.632 0.0000000000
96071  32.453  5.917  14.981 0.0000000000
96072  31.285  6.396  14.815 0.0000000000
96073  30.811  7.145  15.077 0.0000000000
96074  30.572  7.543  15.526 0.0000000000
96077  43.557  8.789  17.192 0.0000000000
96078  43.352  8.892  17.241 0.0000000000
96079  33.407  5.801  14.139 0.0000000000
96080  32.325  6.242  13.946 0.0000000000
96081  31.539  6.754  14.104 0.0000000000
96082  31.199  7.170  14.570 0.0000000000
96085  44.558  9.770  15.846 0.0000000000
96086  44.125  9.376  16.404 0.0000000000
96087  43.851  9.453  16.349 0.0000000000
96088  34.946  5.828  12.830 0.0000000000
96089  34.240  5.865  13.331 0.0000000000
96090  32.667  6.514  13.070 0.0000000000
96091  31.984  6.846  13.509 0.0000000000
96100  45.973  10.581  14.641 0.0000000000
96101  45.087  10.043  15.199 0.0000000000
96102  44.640  10.091  15.077 0.0000000000
96103  44.264  9.856  15.534 0.0000000000
96104  36.347  6.005  11.834 0.0000000000
96105  35.660  5.951  12.375 0.0000000000
96106  34.309  6.545  12.196 0.0000000000
96107  33.291  6.691  12.353 0.0000000000
96116  46.479  11.238  13.328 0.0000000000
96117  45.666  10.989  13.693 0.0000000000
96118  45.102  10.708  14.256 0.0000000000
96119  37.757  6.168  10.618 0.0000000000
96120  37.046  6.196  11.162 0.0000000000
96121  35.790  6.680  11.419 0.0000000000
96122  34.897  6.837  11.682 0.0000000000
96131  46.179  11.452  12.579 0.0000000000
96132  38.999  6.500  9.222 0.0000000000
96133  38.334  6.452  9.871 0.0000000000
96134  37.560  6.743  10.410 0.0000000000
96144  39.603  6.865  8.473 0.0000000000
96145  38.902  7.058  9.032 0.0000000000
96152  41.600  7.689  6.763 0.0000000000
96153  40.682  7.083  7.500 0.0000000000
96158  43.439  8.645  6.270 0.0000000000
96159  42.460  8.201  6.357 0.0000000000
96818  37.543  8.467  33.585 0.0000000000
96829  37.739  7.715  33.301 0.0000000000
96830  37.737  8.338  33.488 0.0000000000
96840  39.689  7.123  32.290 0.0000000000
96841  39.173  7.449  32.714 0.0000000000
96842  38.536  7.755  33.128 0.0000000000
96843  37.991  8.046  33.369 0.0000000000
96844  37.845  8.784  33.544 0.0000000000
96847  41.385  6.584  30.290 0.0000000000
96848  40.798  6.610  30.848 0.0000000000
96849  40.017  6.712  31.455 0.0000000000
96850  39.373  6.638  31.809 0.0000000000
96851  38.779  6.717  32.203 0.0000000000
96856  42.343  6.322  28.799 0.0000000000
96857  41.707  6.367  29.383 0.0000000000
96858  40.897  6.282  29.737 0.0000000000
96859  40.181  6.266  30.225 0.0000000000
96866  43.573  5.756  27.417 0.0000000000
96867  42.816  5.870  27.965 0.0000000000
96868  41.930  5.762  28.294 0.0000000000
96869  41.153  5.724  28.721 0.0000000000
96871  44.936  5.417  25.971 0.0000000000
96872  44.107  5.366  26.551 0.0000000000
96873  43.121  5.219  26.863 0.0000000000
96874  42.250  5.193  27.241 0.0000000000
96876  46.473  5.885  24.356 0.0000000000
96877  45.482  5.392  25.003 0.0000000000
96878  44.407  4.864  25.376 0.0000000000
96879  43.488  4.696  25.818 0.0000000000
96882  46.832  6.079  23.314 0.0000000000
96883  45.781  5.472  23.637 0.0000000000
96884  44.502  4.828  23.988 0.0000000000
96885  43.540  4.630  23.571 0.0000000000
96886  42.981  4.549  23.640 0.0000000000
96888  47.061  6.424  22.383 0.0000000000
96889  46.221  5.807  22.544 0.0000000000
96890  45.159  5.377  22.706 0.0000000000
96891  44.085  4.979  22.722 0.0000000000
96892  42.942  4.832  22.885 0.0000000000
96893  42.184  4.858  22.752 0.0000000000
96894  41.743  4.659  22.968 0.0000000000
96896  47.113  6.719  21.886 0.0000000000
96897  46.616  6.315  21.798 0.0000000000
96898  45.756  5.906  21.761 0.0000000000
96899  44.739  5.610  21.757 0.0000000000
96900  43.693  5.448  21.765 0.0000000000
96901  42.686  5.486  21.635 0.0000000000
96902  41.847  5.068  22.409 0.0000000000
96904  42.579  6.023  21.012 0.0000000000
96905  42.096  5.777  21.286 0.0000000000
96908  42.124  6.309  20.742 0.0000000000
96909  29.351  8.708  16.938 0.0000000000
96910  29.256  8.627  17.062 0.0000000000
96917  42.459  7.265  19.496 0.0000000000
96918  42.130  6.838  20.153 0.0000000000
96919  29.814  8.381  16.312 0.0000000000
96920  29.625  8.268  16.791 0.0000000000
96924  42.650  7.687  19.021 0.0000000000
96925  30.450  8.235  15.571 0.0000000000
96926  30.202  8.546  15.931 0.0000000000
96931  42.990  8.491  18.121 0.0000000000
96932  42.947  8.303  18.262 0.0000000000
96933  30.828  7.842  14.630 0.0000000000
96934  30.700  8.290  15.115 0.0000000000
96939  43.232  8.759  17.498 0.0000000000
96940  43.306  8.906  17.320 0.0000000000
96941  31.946  7.417  13.895 0.0000000000
96942  31.340  7.895  14.376 0.0000000000
96945  43.658  9.398  16.491 0.0000000000
96946  32.931  7.340  12.471 0.0000000000
96947  32.353  7.631  13.125 0.0000000000
96951  44.523  10.209  14.773 0.0000000000
96952  44.305  10.137  14.973 0.0000000000
96953  34.224  7.198  11.536 0.0000000000
96954  33.450  7.604  11.571 0.0000000000
96957  45.344  10.945  13.375 0.0000000000
96958  44.986  10.839  13.488 0.0000000000
96959  44.799  10.798  13.258 0.0000000000
96960  37.129  7.041  10.524 0.0000000000
96961  36.336  7.352  10.661 0.0000000000
96962  34.700  7.867  10.999 0.0000000000
96963  33.657  8.473  11.006 0.0000000000
96972  46.292  11.622  11.742 0.0000000000
96973  45.778  11.540  12.105 0.0000000000
96974  45.540  11.662  11.335 0.0000000000
96975  38.473  7.353  9.224 0.0000000000
96976  37.580  7.792  9.698 0.0000000000
96977  36.067  8.537  10.255 0.0000000000
96978  35.032  8.973  10.506 0.0000000000
96987  46.558  11.599  10.300 0.0000000000
96988  45.958  11.810  9.872 0.0000000000
96989  45.724  12.006  9.815 0.0000000000
96990  40.006  7.626  7.638 0.0000000000
96991  39.137  8.117  8.187 0.0000000000
96992  38.194  9.005  8.649 0.0000000000
96999  46.029  11.066  8.375 0.0000000000
97000  45.732  11.532  8.364 0.0000000000
97001  41.877  8.450  6.371 0.0000000000
97002  40.912  8.579  6.752 0.0000000000
97003  40.022  9.294  7.139 0.0000000000
97008  45.252  10.149  7.085 0.0000000000
97009  44.227  9.717  6.272 0.0000000000
97010  42.686  9.339  5.979 0.0000000000
97011  41.872  9.830  6.117 0.0000000000
97662  37.941  9.716  33.483 0.0000000000
97673  37.923  9.469  33.446 0.0000000000
97683  42.872  7.634  32.314 0.0000000000
97684  42.350  7.509  32.505 0.0000000000
97685  41.106  7.599  32.895 0.0000000000
97686  39.834  7.889  33.056 0.0000000000
97687  38.806  8.802  33.489 0.0000000000
97688  38.264  9.120  33.555 0.0000000000
97689  38.093  9.758  33.481 0.0000000000
97690  38.022  10.030  33.406 0.0000000000
97693  43.766  7.714  31.169 0.0000000000
97694  43.112  7.573  31.553 0.0000000000
97695  41.756  6.941  31.312 0.0000000000
97696  40.589  7.050  32.012 0.0000000000
97697  40.030  7.151  32.235 0.0000000000
97698  38.305  9.909  33.823 0.0000000000
97699  38.379  10.365  33.614 0.0000000000
97700  38.373  10.919  33.374 0.0000000000
97704  44.840  7.570  29.697 0.0000000000
97705  44.100  7.512  30.201 0.0000000000
97706  42.638  6.866  29.790 0.0000000000
97707  41.844  6.717  30.177 0.0000000000
97714  46.079  7.445  28.360 0.0000000000
97715  45.273  7.331  28.797 0.0000000000
97716  43.778  6.503  28.404 0.0000000000
97717  42.849  6.443  28.715 0.0000000000
97719  47.282  7.496  27.139 0.0000000000
97720  46.543  7.283  27.507 0.0000000000
97721  45.081  6.257  27.021 0.0000000000
97722  44.126  5.918  27.356 0.0000000000
97724  47.514  7.399  26.477 0.0000000000
97725  46.599  6.423  25.711 0.0000000000
97726  45.544  5.750  25.929 0.0000000000
97729  48.924  7.956  24.932 0.0000000000
97730  48.336  7.569  25.116 0.0000000000
97731  47.558  6.567  24.170 0.0000000000
97733  49.051  8.069  24.548 0.0000000000
97734  48.653  7.735  23.715 0.0000000000
97735  47.809  6.836  22.977 0.0000000000
97737  48.630  7.757  22.532 0.0000000000
97738  47.774  7.188  21.989 0.0000000000
97739  47.131  7.023  21.439 0.0000000000
97740  46.365  6.634  21.144 0.0000000000
97741  45.429  6.334  20.995 0.0000000000
97742  44.416  6.181  20.956 0.0000000000
97743  43.552  6.096  21.015 0.0000000000
97745  48.641  8.017  21.717 0.0000000000
97746  48.047  7.768  21.162 0.0000000000
97747  47.141  7.494  20.735 0.0000000000
97748  46.202  7.179  20.430 0.0000000000
97749  45.213  6.940  20.243 0.0000000000
97750  44.157  6.836  20.185 0.0000000000
97751  43.134  6.387  20.523 0.0000000000
97752  42.592  6.294  20.510 0.0000000000
97755  43.691  7.106  19.747 0.0000000000
97756  43.077  7.023  19.751 0.0000000000
97757  42.443  6.527  20.265 0.0000000000
97758  29.687  9.960  16.376 0.0000000000
97759  29.594  9.599  16.669 0.0000000000
97760  29.291  9.767  17.090 0.0000000000
97761  29.020  9.656  17.238 0.0000000000
97767  42.729  7.294  19.416 0.0000000000
97768  42.342  6.728  20.128 0.0000000000
97769  30.026  9.906  15.672 0.0000000000
97770  29.953  9.604  16.086 0.0000000000
97771  29.736  8.930  16.415 0.0000000000
97774  42.999  8.142  18.565 0.0000000000
97775  30.645  9.522  14.952 0.0000000000
97776  30.351  9.356  15.353 0.0000000000
97777  30.216  9.178  15.770 0.0000000000
97781  43.350  8.853  17.551 0.0000000000
97782  31.212  9.277  14.094 0.0000000000
97783  30.894  9.017  14.534 0.0000000000
97784  30.639  8.887  15.044 0.0000000000
97789  43.531  9.251  16.763 0.0000000000
97790  43.585  9.374  16.555 0.0000000000
97791  31.685  8.757  13.833 0.0000000000
97792  31.222  8.536  14.190 0.0000000000
97796  43.966  9.731  15.760 0.0000000000
97797  43.829  9.591  15.985 0.0000000000
97798  32.995  8.420  12.302 0.0000000000
97799  32.307  8.737  13.013 0.0000000000
97803  44.597  10.548  13.876 0.0000000000
97804  33.617  9.547  10.969 0.0000000000
97805  33.335  8.858  11.203 0.0000000000
97808  45.163  11.307  12.117 0.0000000000
97809  45.165  11.409  11.896 0.0000000000
97810  34.006  9.118  10.667 0.0000000000
97811  33.566  8.800  10.890 0.0000000000
97817  45.560  11.914  10.595 0.0000000000
97818  45.611  11.999  9.963 0.0000000000
97819  37.139  9.489  9.338 0.0000000000
97820  35.790  9.669  10.032 0.0000000000
97821  34.893  9.645  10.454 0.0000000000
97825  45.731  11.885  8.770 0.0000000000
97826  45.612  12.058  8.573 0.0000000000
97827  45.763  12.167  8.956 0.0000000000
97828  39.171  9.731  7.746 0.0000000000
97829  38.183  9.979  8.418 0.0000000000
97834  45.441  11.024  7.559 0.0000000000
97835  45.284  11.463  7.402 0.0000000000
97836  44.519  11.668  6.544 0.0000000000
97837  41.068  10.018  6.487 0.0000000000
97838  40.203  10.141  7.024 0.0000000000
97843  44.920  10.664  6.768 0.0000000000
97844  44.140  10.643  6.124 0.0000000000
97845  42.889  10.701  5.825 0.0000000000
97846  41.975  10.480  6.116 0.0000000000
98442  38.145  11.046  33.107 0.0000000000
98455  43.737  8.331  32.519 0.0000000000
98456  43.152  8.031  32.680 0.0000000000
98457  41.805  8.369  33.593 0.0000000000
98458  40.269  9.167  33.905 0.0000000000
98459  39.209  9.526  33.782 0.0000000000
98460  38.518  10.043  33.936 0.0000000000
98461  38.214  10.931  33.182 0.0000000000
98462  38.282  11.908  32.839 0.0000000000
98467  46.149  9.213  30.919 0.0000000000
98468  45.502  8.897  31.049 0.0000000000
98469  44.100  8.218  31.623 0.0000000000
98470  43.431  7.928  31.981 0.0000000000
98471  39.251  10.418  34.195 0.0000000000
98472  38.785  10.768  33.878 0.0000000000
98473  38.559  10.929  33.595 0.0000000000
98474  38.505  11.534  33.301 0.0000000000
98475  38.433  12.117  32.873 0.0000000000
98476  38.444  13.162  32.660 0.0000000000
98481  47.556  8.793  29.897 0.0000000000
98482  46.667  8.830  30.255 0.0000000000
98483  45.196  7.957  30.030 0.0000000000
98484  44.427  7.911  30.621 0.0000000000
98492  50.517  8.662  28.805 0.0000000000
98493  49.952  8.521  28.888 0.0000000000
98494  48.180  8.472  29.197 0.0000000000
98495  46.459  7.831  28.739 0.0000000000
98496  45.616  7.696  29.193 0.0000000000
98499  50.638  8.602  28.242 0.0000000000
98500  49.622  8.247  27.891 0.0000000000
98501  47.848  7.825  27.463 0.0000000000
98502  46.940  7.618  27.906 0.0000000000
98505  50.852  8.490  26.995 0.0000000000
98506  49.620  8.105  26.521 0.0000000000
98507  48.609  7.782  26.015 0.0000000000
98510  50.842  8.566  25.716 0.0000000000
98511  49.472  8.148  25.176 0.0000000000
98512  48.794  7.861  25.414 0.0000000000
98514  50.786  8.801  24.752 0.0000000000
98515  50.021  8.768  23.841 0.0000000000
98516  49.326  8.499  22.941 0.0000000000
98518  50.174  9.360  22.571 0.0000000000
98519  49.340  8.685  22.063 0.0000000000
98521  49.970  9.625  21.727 0.0000000000
98522  49.238  8.944  21.029 0.0000000000
98523  48.149  8.374  20.414 0.0000000000
98524  47.164  8.028  19.979 0.0000000000
98525  46.160  7.736  19.663 0.0000000000
98526  45.153  7.586  19.500 0.0000000000
98527  44.374  7.512  19.412 0.0000000000
98528  29.668  11.787  17.846 0.0000000000
98529  29.525  11.680  17.996 0.0000000000
98530  29.299  11.575  18.170 0.0000000000
98531  29.098  11.532  18.297 0.0000000000
98534  49.036  9.266  20.181 0.0000000000
98535  48.289  8.936  19.651 0.0000000000
98536  47.229  8.587  19.228 0.0000000000
98537  46.183  8.334  18.930 0.0000000000
98538  45.137  8.230  18.751 0.0000000000
98539  44.038  7.849  19.002 0.0000000000
98540  43.444  7.884  18.984 0.0000000000
98541  30.181  11.316  16.389 0.0000000000
98542  29.900  10.806  16.579 0.0000000000
98543  29.603  11.207  17.426 0.0000000000
98544  29.254  10.784  17.587 0.0000000000
98545  29.050  10.696  17.772 0.0000000000
98551  44.779  8.594  18.320 0.0000000000
98552  44.221  8.626  18.164 0.0000000000
98553  43.478  8.357  18.395 0.0000000000
98554  33.644  12.833  16.174 0.0000000000
98555  32.955  12.619  15.972 0.0000000000
98556  31.647  11.743  15.786 0.0000000000
98557  30.297  10.819  15.886 0.0000000000
98558  29.884  10.417  16.107 0.0000000000
98563  44.152  9.071  17.470 0.0000000000
98564  43.631  8.911  17.578 0.0000000000
98565  34.319  12.784  15.709 0.0000000000
98566  33.718  12.709  15.739 0.0000000000
98567  32.146  11.600  15.118 0.0000000000
98568  30.645  10.239  14.845 0.0000000000
98569  30.214  10.131  15.236 0.0000000000
98573  44.267  9.435  16.591 0.0000000000
98574  43.817  9.368  16.652 0.0000000000
98575  34.101  12.690  15.094 0.0000000000
98576  32.814  11.681  14.538 0.0000000000
98577  31.254  10.053  13.973 0.0000000000
98578  30.934  9.770  14.459 0.0000000000
98582  44.324  9.938  15.694 0.0000000000
98583  43.958  9.747  15.862 0.0000000000
98584  33.534  11.813  13.890 0.0000000000
98585  32.408  10.533  13.432 0.0000000000
98586  31.785  9.586  13.265 0.0000000000
98590  44.419  10.339  14.668 0.0000000000
98591  44.033  9.867  15.584 0.0000000000
98592  33.220  10.884  12.673 0.0000000000
98593  32.368  9.538  12.468 0.0000000000
98594  31.972  9.201  13.107 0.0000000000
98598  44.935  11.234  12.708 0.0000000000
98599  33.325  10.051  11.524 0.0000000000
98600  32.939  9.212  11.805 0.0000000000
98603  45.509  11.847  10.819 0.0000000000
98604  35.028  11.100  10.707 0.0000000000
98605  34.382  10.326  10.924 0.0000000000
98611  45.617  12.521  8.397 0.0000000000
98612  45.760  12.315  9.149 0.0000000000
98613  36.608  10.787  9.450 0.0000000000
98614  35.372  10.622  10.375 0.0000000000
98615  34.593  9.894  10.604 0.0000000000
98619  45.082  12.432  7.345 0.0000000000
98620  45.599  12.305  8.470 0.0000000000
98621  38.943  11.055  7.760 0.0000000000
98622  37.701  10.670  8.705 0.0000000000
98627  42.854  11.680  6.116 0.0000000000
98628  41.050  11.043  6.547 0.0000000000
98629  39.949  10.687  7.301 0.0000000000
98635  42.343  10.963  6.034 0.0000000000
98636  41.809  10.853  6.217 0.0000000000
99192  38.500  12.153  32.986 0.0000000000
99198  44.878  10.273  33.732 0.0000000000
99199  44.333  10.076  33.946 0.0000000000
99200  43.135  10.057  34.356 0.0000000000
99201  42.045  10.317  34.565 0.0000000000
99202  38.500  12.730  32.834 0.0000000000
99215  45.970  9.946  32.586 0.0000000000
99216  45.254  9.912  33.098 0.0000000000
99217  44.010  8.894  33.096 0.0000000000
99218  42.575  9.145  33.983 0.0000000000
99219  41.127  10.048  34.422 0.0000000000
99220  39.902  10.863  34.215 0.0000000000
99221  38.472  13.569  32.623 0.0000000000
99225  50.170  9.785  31.416 0.0000000000
99226  49.710  9.626  31.479 0.0000000000
99227  48.453  9.472  31.538 0.0000000000
99228  46.472  9.573  31.652 0.0000000000
99229  44.861  9.096  32.115 0.0000000000
99230  44.324  8.672  32.329 0.0000000000
99231  39.139  11.501  33.893 0.0000000000
99232  38.820  11.954  33.378 0.0000000000
99233  38.709  12.220  33.130 0.0000000000
99234  38.660  12.850  32.796 0.0000000000
99235  38.325  13.706  32.478 0.0000000000
99236  38.236  14.287  32.448 0.0000000000
99240  50.315  9.570  30.853 0.0000000000
99241  49.535  8.968  30.656 0.0000000000
99242  47.977  8.953  30.363 0.0000000000
99243  46.971  9.229  30.688 0.0000000000
99244  38.660  12.833  32.981 0.0000000000
99245  38.531  13.340  32.694 0.0000000000
99246  38.392  14.015  32.348 0.0000000000
99247  38.079  14.627  32.255 0.0000000000
99255  50.671  9.002  29.305 0.0000000000
99256  49.256  8.585  29.757 0.0000000000
99257  48.526  8.600  29.780 0.0000000000
99261  51.444  9.400  27.470 0.0000000000
99262  51.865  10.248  26.312 0.0000000000
99264  51.565  9.285  26.098 0.0000000000
99265  51.912  10.400  25.292 0.0000000000
99267  51.604  9.301  24.970 0.0000000000
99268  51.791  10.364  24.190 0.0000000000
99270  51.245  9.416  24.149 0.0000000000
99271  51.292  10.161  23.117 0.0000000000
99273  50.777  10.570  21.996 0.0000000000
99275  50.136  10.593  21.107 0.0000000000
99276  49.627  10.016  20.459 0.0000000000
99277  32.164  13.399  17.844 0.0000000000
99278  31.632  13.249  17.787 0.0000000000
99279  30.740  12.881  17.940 0.0000000000
99280  29.945  12.341  18.110 0.0000000000
99281  29.608  12.409  18.560 0.0000000000
99282  29.321  12.344  18.700 0.0000000000
99283  29.095  12.177  18.689 0.0000000000
99286  49.932  10.995  20.440 0.0000000000
99287  49.495  10.400  19.719 0.0000000000
99288  48.414  9.572  18.954 0.0000000000
99289  47.320  9.152  18.513 0.0000000000
99290  46.294  8.946  18.242 0.0000000000
99291  45.517  8.932  18.101 0.0000000000
99292  33.841  13.373  16.976 0.0000000000
99293  33.356  13.335  17.115 0.0000000000
99294  32.234  13.209  17.391 0.0000000000
99295  30.678  12.134  16.847 0.0000000000
99296  30.030  11.972  17.394 0.0000000000
99297  29.823  11.886  17.658 0.0000000000
99301  49.444  10.899  18.886 0.0000000000
99302  48.448  10.114  18.286 0.0000000000
99303  47.428  9.730  17.850 0.0000000000
99304  46.400  9.539  17.607 0.0000000000
99305  45.344  9.245  17.564 0.0000000000
99306  44.780  9.252  17.298 0.0000000000
99307  35.489  13.575  16.202 0.0000000000
99308  35.149  13.388  16.295 0.0000000000
99309  34.047  13.091  16.551 0.0000000000
99310  32.584  12.813  16.539 0.0000000000
99311  31.264  12.201  16.398 0.0000000000
99312  30.699  11.761  16.359 0.0000000000
99317  49.351  11.165  18.219 0.0000000000
99318  48.666  10.636  17.604 0.0000000000
99319  47.623  10.318  17.161 0.0000000000
99320  46.574  10.147  16.823 0.0000000000
99321  45.559  9.842  16.712 0.0000000000
99322  44.915  9.512  16.500 0.0000000000
99323  35.612  13.474  16.007 0.0000000000
99324  34.783  13.039  15.903 0.0000000000
99325  34.297  12.908  16.160 0.0000000000
99329  46.385  10.419  16.143 0.0000000000
99330  45.823  10.258  15.624 0.0000000000
99331  44.978  9.962  15.581 0.0000000000
99332  36.363  14.057  15.029 0.0000000000
99333  35.923  13.609  15.402 0.0000000000
99334  35.045  13.099  15.160 0.0000000000
99338  45.605  10.786  14.661 0.0000000000
99339  44.929  10.564  14.572 0.0000000000
99340  36.165  13.889  14.840 0.0000000000
99341  35.489  13.502  14.479 0.0000000000
99342  34.563  12.742  14.257 0.0000000000
99346  45.566  11.329  13.460 0.0000000000
99347  44.950  11.264  13.215 0.0000000000
99348  35.026  13.039  13.327 0.0000000000
99349  34.178  12.094  13.090 0.0000000000
99353  45.524  12.073  12.073 0.0000000000
99354  45.332  11.894  11.546 0.0000000000
99355  34.833  12.510  12.243 0.0000000000
99356  34.160  11.343  12.016 0.0000000000
99359  45.797  12.562  10.380 0.0000000000
99360  45.735  12.312  9.836 0.0000000000
99361  35.852  13.083  10.259 0.0000000000
99362  35.158  11.959  11.085 0.0000000000
99363  34.275  10.860  11.413 0.0000000000
99368  45.636  12.888  8.444 0.0000000000
99369  45.730  12.499  8.913 0.0000000000
99370  36.249  12.165  9.890 0.0000000000
99371  35.431  11.464  10.527 0.0000000000
99376  44.517  13.358  6.769 0.0000000000
99377  42.536  13.334  6.721 0.0000000000
99378  40.127  12.695  7.415 0.0000000000
99379  37.905  12.067  8.726 0.0000000000
99383  43.427  12.654  6.388 0.0000000000
99384  41.765  12.169  6.583 0.0000000000
99385  40.367  11.523  7.126 0.0000000000
99953  38.581  13.380  32.748 0.0000000000
99959  47.642  10.787  34.485 0.0000000000
99960  46.862  10.728  34.491 0.0000000000
99961  45.177  10.632  34.246 0.0000000000
99962  43.584  11.020  34.762 0.0000000000
99963  42.190  11.335  34.903 0.0000000000
99964  41.339  11.116  34.704 0.0000000000
99965  38.427  14.234  32.459 0.0000000000
99977  50.002  10.742  32.649 0.0000000000
99978  49.482  10.581  33.045 0.0000000000
99979  48.062  10.516  33.804 0.0000000000
99980  46.352  10.160  33.119 0.0000000000
99981  45.556  10.283  33.469 0.0000000000
99982  41.204  12.044  34.737 0.0000000000
99983  40.352  11.888  34.471 0.0000000000
99984  39.488  12.003  34.111 0.0000000000
99985  37.972  14.823  32.341 0.0000000000
99990  50.637  10.796  31.582 0.0000000000
99991  50.265  10.405  31.845 0.0000000000
99992  48.987  10.004  32.432 0.0000000000
99993  47.519  9.924  32.506 0.0000000000
99994  46.729  9.900  32.402 0.0000000000
99995  39.667  12.722  33.956 0.0000000000
99996  39.074  12.836  33.523 0.0000000000
99997  38.778  13.025  33.123 0.0000000000
99998  37.942  14.882  32.308 0.0000000000
99999  37.523  15.325  32.162 0.0000000000
100002  50.830  10.795  31.143 0.0000000000
100003  51.088  10.323  30.116 0.0000000000
100004  38.726  13.638  32.979 0.0000000000
100005  38.611  13.761  32.574 0.0000000000
100006  38.237  14.340  32.329 0.0000000000
100007  37.903  14.967  32.341 0.0000000000
100008  37.640  15.254  32.019 0.0000000000
100014  51.623  10.298  28.330 0.0000000000
100015  51.477  12.346  25.827 0.0000000000
100016  51.218  12.644  25.538 0.0000000000
100020  51.932  10.723  26.961 0.0000000000
100021  51.761  11.734  25.788 0.0000000000
100022  50.914  12.879  24.795 0.0000000000
100023  50.152  13.505  24.122 0.0000000000
100025  51.731  11.695  24.535 0.0000000000
100026  50.890  12.852  23.933 0.0000000000
100027  49.888  13.762  23.522 0.0000000000
100029  51.558  11.679  23.486 0.0000000000
100030  50.722  13.009  23.079 0.0000000000
100031  49.557  14.157  22.850 0.0000000000
100032  48.749  14.793  22.627 0.0000000000
100034  51.286  11.820  22.466 0.0000000000
100035  50.467  13.223  22.243 0.0000000000
100036  49.423  14.232  22.180 0.0000000000
100037  48.324  14.817  22.276 0.0000000000
100039  50.782  11.992  21.559 0.0000000000
100040  50.100  13.370  21.471 0.0000000000
100041  49.128  14.421  21.537 0.0000000000
100042  47.986  14.857  21.895 0.0000000000
100043  30.833  13.757  19.405 0.0000000000
100044  30.558  13.719  19.528 0.0000000000
100045  30.056  13.655  19.788 0.0000000000
100046  29.626  13.683  19.864 0.0000000000
100047  29.319  13.700  19.837 0.0000000000
100049  50.232  12.079  20.839 0.0000000000
100050  49.791  13.311  20.707 0.0000000000
100051  49.135  14.352  20.928 0.0000000000
100052  32.934  13.751  18.065 0.0000000000
100053  32.473  13.608  18.117 0.0000000000
100054  31.613  13.546  18.557 0.0000000000
100055  30.853  13.476  19.025 0.0000000000
100056  30.125  13.110  19.127 0.0000000000
100057  29.685  13.061  19.276 0.0000000000
100058  29.359  13.064  19.303 0.0000000000
100059  29.112  13.234  19.350 0.0000000000
100062  49.932  11.878  20.238 0.0000000000
100063  49.764  12.426  19.786 0.0000000000
100064  34.374  13.664  16.881 0.0000000000
100065  34.028  13.566  17.114 0.0000000000
100066  33.130  13.660  17.774 0.0000000000
100067  32.660  13.540  17.839 0.0000000000
100070  49.719  12.451  18.903 0.0000000000
100071  36.097  14.126  15.854 0.0000000000
100072  35.756  13.837  16.076 0.0000000000
100073  34.788  13.694  16.649 0.0000000000
100074  34.299  13.474  16.816 0.0000000000
100079  49.575  12.291  17.855 0.0000000000
100080  48.885  11.312  16.925 0.0000000000
100081  47.958  10.959  16.432 0.0000000000
100082  47.166  10.851  16.099 0.0000000000
100083  36.258  14.370  15.551 0.0000000000
100084  36.079  13.902  15.660 0.0000000000
100088  49.464  12.692  16.954 0.0000000000
100089  48.922  11.980  16.232 0.0000000000
100090  48.079  11.681  15.730 0.0000000000
100091  47.009  11.200  15.338 0.0000000000
100092  46.355  11.093  14.731 0.0000000000
100093  37.120  15.447  14.502 0.0000000000
100094  36.542  14.527  15.063 0.0000000000
100095  36.223  13.955  15.461 0.0000000000
100098  49.434  12.975  16.190 0.0000000000
100099  48.995  12.769  15.562 0.0000000000
100100  48.168  12.571  14.825 0.0000000000
100101  47.097  12.122  14.323 0.0000000000
100102  46.311  11.677  13.784 0.0000000000
100103  37.172  15.375  14.210 0.0000000000
100104  36.562  14.540  14.436 0.0000000000
100105  36.019  14.134  14.220 0.0000000000
100109  47.976  13.127  13.880 0.0000000000
100110  47.152  13.043  13.074 0.0000000000
100111  46.223  12.382  12.505 0.0000000000
100112  37.024  15.451  13.445 0.0000000000
100113  36.301  14.730  13.437 0.0000000000
100114  35.634  13.984  13.313 0.0000000000
100118  46.897  13.586  11.550 0.0000000000
100119  46.103  13.005  11.009 0.0000000000
100120  36.589  15.497  12.502 0.0000000000
100121  35.872  14.813  11.994 0.0000000000
100122  35.345  13.575  12.228 0.0000000000
100125  46.556  14.127  10.024 0.0000000000
100126  45.998  13.499  9.276 0.0000000000
100127  35.801  13.874  10.856 0.0000000000
100128  35.302  12.979  11.628 0.0000000000
100132  46.024  14.639  8.442 0.0000000000
100133  45.493  13.989  7.479 0.0000000000
100134  37.755  14.663  9.165 0.0000000000
100135  36.916  13.935  9.741 0.0000000000
100141  45.136  15.061  7.397 0.0000000000
100142  43.780  14.428  7.086 0.0000000000
100143  41.278  14.507  7.533 0.0000000000
100144  38.446  14.040  8.409 0.0000000000
100145  37.359  13.133  9.237 0.0000000000
100149  44.074  15.406  7.389 0.0000000000
100150  42.736  15.277  7.612 0.0000000000
100151  41.782  15.272  7.731 0.0000000000
100720  49.016  12.350  35.563 0.0000000000
100721  48.495  12.224  35.872 0.0000000000
100722  47.296  12.116  36.300 0.0000000000
100723  37.711  15.386  33.222 0.0000000000
100724  36.718  16.396  33.198 0.0000000000
100731  49.798  11.993  33.954 0.0000000000
100732  49.269  12.000  34.779 0.0000000000
100733  47.940  11.218  35.013 0.0000000000
100734  45.973  11.578  35.790 0.0000000000
100735  44.097  11.870  35.502 0.0000000000
100736  42.686  12.293  35.270 0.0000000000
100737  41.630  12.715  34.839 0.0000000000
100738  37.343  15.621  32.710 0.0000000000
100739  36.151  16.612  32.930 0.0000000000
100751  50.558  11.453  32.270 0.0000000000
100752  50.130  11.408  32.955 0.0000000000
100753  48.961  10.995  34.102 0.0000000000
100754  48.360  10.865  34.368 0.0000000000
100755  40.729  13.093  34.400 0.0000000000
100756  40.126  13.033  33.969 0.0000000000
100757  36.875  15.970  32.367 0.0000000000
100758  35.644  16.822  32.467 0.0000000000
100763  50.725  11.226  31.739 0.0000000000
100764  50.388  10.984  32.195 0.0000000000
100765  40.275  13.741  33.793 0.0000000000
100766  39.592  13.709  33.525 0.0000000000
100767  39.028  14.035  32.861 0.0000000000
100768  37.281  15.522  31.889 0.0000000000
100769  36.442  16.338  31.822 0.0000000000
100770  35.251  17.002  31.971 0.0000000000
100773  51.248  11.460  30.320 0.0000000000
100774  51.758  11.579  28.648 0.0000000000
100775  51.764  12.348  27.274 0.0000000000
100776  38.508  14.422  32.516 0.0000000000
100777  38.205  14.763  32.172 0.0000000000
100778  37.900  15.175  31.820 0.0000000000
100779  37.468  15.565  31.566 0.0000000000
100780  36.869  15.976  31.387 0.0000000000
100781  36.085  16.580  31.222 0.0000000000
100787  51.926  11.477  27.326 0.0000000000
100788  51.417  12.477  26.187 0.0000000000
100789  50.505  13.399  25.117 0.0000000000
100790  49.702  13.985  24.442 0.0000000000
100795  51.857  11.675  26.479 0.0000000000
100796  51.730  11.984  26.138 0.0000000000
100797  50.049  13.641  24.476 0.0000000000
100798  49.545  14.436  23.765 0.0000000000
100799  48.515  14.994  23.329 0.0000000000
100801  49.063  14.739  23.260 0.0000000000
100802  47.823  15.056  23.289 0.0000000000
100803  46.565  15.059  23.421 0.0000000000
100805  48.608  14.915  22.973 0.0000000000
100806  47.566  15.005  22.913 0.0000000000
100807  45.872  14.975  23.202 0.0000000000
100808  44.842  15.005  23.151 0.0000000000
100810  47.051  15.006  22.483 0.0000000000
100811  45.731  15.027  22.634 0.0000000000
100812  44.567  15.169  22.715 0.0000000000
100814  48.338  14.655  21.388 0.0000000000
100815  47.107  15.022  21.786 0.0000000000
100816  45.607  15.179  21.999 0.0000000000
100817  44.429  15.439  22.107 0.0000000000
100818  31.973  14.107  19.033 0.0000000000
100819  31.728  14.155  19.213 0.0000000000
100820  31.077  14.016  19.523 0.0000000000
100821  30.399  14.236  19.966 0.0000000000
100822  29.873  14.248  20.285 0.0000000000
100823  29.448  14.249  20.292 0.0000000000
100824  29.087  14.167  20.095 0.0000000000
100825  28.846  14.343  20.058 0.0000000000
100827  49.434  13.879  20.372 0.0000000000
100828  48.365  14.628  20.783 0.0000000000
100829  46.921  15.180  21.099 0.0000000000
100830  45.472  15.460  21.284 0.0000000000
100831  44.367  15.699  21.550 0.0000000000
100832  33.359  13.864  17.894 0.0000000000
100833  33.093  13.926  18.097 0.0000000000
100834  32.232  14.024  18.799 0.0000000000
100835  31.487  13.843  19.156 0.0000000000
100836  31.174  13.792  19.301 0.0000000000
100837  28.984  13.784  19.666 0.0000000000
100840  49.376  13.899  19.814 0.0000000000
100841  48.247  14.862  20.097 0.0000000000
100842  46.919  15.467  20.332 0.0000000000
100843  45.751  15.708  20.586 0.0000000000
100844  34.394  13.882  16.977 0.0000000000
100845  33.688  13.923  17.618 0.0000000000
100846  33.327  13.868  17.894 0.0000000000
100850  49.318  13.991  18.978 0.0000000000
100851  48.281  15.082  19.248 0.0000000000
100852  47.302  15.601  19.544 0.0000000000
100853  36.114  14.374  15.750 0.0000000000
100854  35.686  14.276  16.112 0.0000000000
100855  35.067  14.225  16.464 0.0000000000
100860  49.140  14.204  17.974 0.0000000000
100861  48.436  15.089  18.530 0.0000000000
100862  37.253  15.796  14.613 0.0000000000
100863  36.682  15.177  15.143 0.0000000000
100867  49.372  13.812  16.768 0.0000000000
100868  37.140  15.631  14.653 0.0000000000
100869  36.659  14.887  15.132 0.0000000000
100872  49.415  13.893  15.756 0.0000000000
100873  49.099  13.658  14.849 0.0000000000
100874  48.649  13.658  14.133 0.0000000000
100875  38.680  17.159  13.576 0.0000000000
100876  37.895  16.291  13.996 0.0000000000
100880  49.249  14.429  14.984 0.0000000000
100881  48.918  14.592  14.121 0.0000000000
100882  48.382  14.196  13.098 0.0000000000
100883  47.745  14.226  12.008 0.0000000000
100884  38.627  17.080  13.192 0.0000000000
100885  37.795  16.250  13.341 0.0000000000
100889  48.447  15.241  13.165 0.0000000000
100890  47.926  15.350  11.916 0.0000000000
100891  47.343  14.775  10.788 0.0000000000
100892  38.442  16.980  12.553 0.0000000000
100893  37.474  16.494  12.037 0.0000000000
100894  36.581  15.751  11.504 0.0000000000
100897  47.079  15.940  10.464 0.0000000000
100898  46.613  15.285  9.398 0.0000000000
100899  37.345  16.157  10.646 0.0000000000
100900  36.471  15.195  10.719 0.0000000000
100904  46.111  16.402  9.207 0.0000000000
100905  45.700  15.702  8.209 0.0000000000
100906  37.446  15.331  9.685 0.0000000000
100907  36.612  14.654  10.221 0.0000000000
100912  44.765  16.782  8.221 0.0000000000
100913  44.732  15.893  7.608 0.0000000000
100914  39.881  15.308  8.539 0.0000000000
100915  38.279  15.095  8.879 0.0000000000
100920  43.786  16.973  8.026 0.0000000000
100921  43.367  16.337  7.822 0.0000000000
100922  41.920  15.931  7.843 0.0000000000
100923  41.166  15.427  7.983 0.0000000000
101462  48.649  13.755  36.563 0.0000000000
101463  48.209  14.031  36.968 0.0000000000
101470  49.661  13.023  34.962 0.0000000000
101471  49.167  12.946  35.756 0.0000000000
101472  47.781  13.233  36.897 0.0000000000
101473  46.049  12.901  36.918 0.0000000000
101474  36.607  16.556  33.608 0.0000000000
101475  35.428  16.945  33.813 0.0000000000
101481  49.955  12.697  33.989 0.0000000000
101482  49.537  12.628  34.953 0.0000000000
101483  44.454  12.924  36.407 0.0000000000
101484  43.060  13.352  35.647 0.0000000000
101485  41.981  13.730  34.883 0.0000000000
101486  41.262  13.666  34.504 0.0000000000
101487  34.632  17.181  33.320 0.0000000000
101488  32.961  17.435  33.641 0.0000000000
101489  31.501  17.199  33.750 0.0000000000
101490  30.138  16.510  33.883 0.0000000000
101491  29.188  15.998  33.825 0.0000000000
101501  50.778  11.786  32.084 0.0000000000
101502  50.823  12.745  32.259 0.0000000000
101503  41.400  14.360  34.324 0.0000000000
101504  40.810  14.269  33.930 0.0000000000
101505  34.284  17.322  32.623 0.0000000000
101506  32.879  17.498  32.772 0.0000000000
101507  31.511  17.367  32.900 0.0000000000
101508  30.334  16.838  33.165 0.0000000000
101509  29.566  16.514  33.286 0.0000000000
101510  29.114  16.302  33.353 0.0000000000
101513  51.201  12.361  30.945 0.0000000000
101514  51.274  13.343  30.990 0.0000000000
101515  40.242  14.483  33.260 0.0000000000
101516  39.633  14.712  32.635 0.0000000000
101517  39.054  14.912  32.038 0.0000000000
101518  35.478  16.862  31.469 0.0000000000
101519  34.269  17.333  31.719 0.0000000000
101520  32.840  17.587  32.026 0.0000000000
101521  31.995  17.525  32.100 0.0000000000
101524  51.634  12.621  29.258 0.0000000000
101525  51.630  12.983  27.643 0.0000000000
101526  51.312  13.041  26.658 0.0000000000
101527  38.531  15.183  31.704 0.0000000000
101528  38.032  15.531  31.445 0.0000000000
101529  37.493  15.873  31.157 0.0000000000
101530  36.891  16.185  30.934 0.0000000000
101531  36.192  16.544  30.820 0.0000000000
101532  35.263  16.931  30.930 0.0000000000
101533  34.371  17.312  30.966 0.0000000000
101538  51.131  13.527  26.574 0.0000000000
101539  50.668  13.593  25.711 0.0000000000
101540  49.839  14.045  24.726 0.0000000000
101541  49.424  14.599  23.911 0.0000000000
101546  48.687  14.926  23.487 0.0000000000
101547  47.699  15.039  23.507 0.0000000000
101550  46.603  15.111  23.656 0.0000000000
101551  45.403  15.076  23.713 0.0000000000
101552  44.435  15.340  23.627 0.0000000000
101554  44.771  15.055  23.479 0.0000000000
101555  43.918  15.407  23.262 0.0000000000
101556  43.045  15.761  23.011 0.0000000000
101558  43.603  15.563  22.678 0.0000000000
101559  42.821  16.024  22.506 0.0000000000
101560  29.808  15.026  20.634 0.0000000000
101561  29.660  15.054  20.717 0.0000000000
101562  29.433  15.081  20.662 0.0000000000
101564  43.540  15.824  22.012 0.0000000000
101565  42.912  16.529  21.800 0.0000000000
101566  31.935  14.343  19.068 0.0000000000
101567  31.496  14.507  19.405 0.0000000000
101568  30.855  14.704  19.867 0.0000000000
101569  30.056  14.934  20.444 0.0000000000
101570  29.606  14.772  20.543 0.0000000000
101571  29.207  14.857  20.578 0.0000000000
101572  28.845  14.879  20.399 0.0000000000
101573  28.650  14.896  20.132 0.0000000000
101575  44.888  15.791  20.969 0.0000000000
101576  43.963  16.288  21.117 0.0000000000
101577  43.159  17.197  20.928 0.0000000000
101578  33.419  14.097  17.918 0.0000000000
101579  32.935  14.241  18.297 0.0000000000
101580  32.349  14.474  18.707 0.0000000000
101583  46.431  15.819  19.981 0.0000000000
101584  45.364  16.283  20.176 0.0000000000
101585  44.170  17.184  19.992 0.0000000000
101586  43.330  17.895  20.191 0.0000000000
101587  34.446  14.206  16.916 0.0000000000
101588  33.900  14.267  17.378 0.0000000000
101593  47.876  15.460  18.881 0.0000000000
101594  46.903  16.110  19.092 0.0000000000
101595  45.573  17.047  18.932 0.0000000000
101596  44.534  17.755  18.978 0.0000000000
101597  36.231  14.857  15.587 0.0000000000
101598  35.890  14.953  15.763 0.0000000000
101599  35.132  14.681  16.156 0.0000000000
101604  49.035  14.539  17.324 0.0000000000
101605  48.249  15.360  17.875 0.0000000000
101606  46.989  16.597  17.787 0.0000000000
101607  45.885  17.401  17.871 0.0000000000
101608  37.217  15.991  14.762 0.0000000000
101609  36.736  15.734  15.108 0.0000000000
101610  36.415  15.868  15.241 0.0000000000
101614  49.017  14.725  16.633 0.0000000000
101615  48.125  15.756  16.557 0.0000000000
101616  47.116  16.606  16.721 0.0000000000
101617  38.582  17.272  14.083 0.0000000000
101618  37.947  16.728  14.324 0.0000000000
101621  49.017  14.920  15.622 0.0000000000
101622  48.397  15.706  15.282 0.0000000000
101623  38.732  17.311  13.846 0.0000000000
101624  37.904  16.458  14.212 0.0000000000
101629  48.936  15.053  14.773 0.0000000000
101630  48.495  15.789  14.033 0.0000000000
101631  39.675  17.905  13.096 0.0000000000
101635  48.034  16.220  12.742 0.0000000000
101636  47.319  16.658  11.565 0.0000000000
101637  39.403  17.882  12.156 0.0000000000
101638  38.660  17.467  11.615 0.0000000000
101642  46.304  17.109  10.399 0.0000000000
101643  40.860  18.306  10.160 0.0000000000
101644  39.825  18.151  10.710 0.0000000000
101645  38.492  17.170  10.707 0.0000000000
101649  45.206  17.383  9.364 0.0000000000
101650  40.692  17.963  9.643 0.0000000000
101651  39.708  17.373  9.742 0.0000000000
101652  38.628  16.398  9.833 0.0000000000
101656  44.160  17.476  8.835 0.0000000000
101657  43.406  17.562  8.635 0.0000000000
101658  40.825  17.433  8.923 0.0000000000
101659  40.034  16.532  8.894 0.0000000000
101660  38.809  15.748  9.157 0.0000000000
101666  43.852  17.238  8.327 0.0000000000
101667  42.954  17.285  8.227 0.0000000000
101668  41.649  16.949  8.192 0.0000000000
101669  40.923  16.101  8.220 0.0000000000
102189  49.406  14.865  35.833 0.0000000000
102190  48.714  14.696  36.750 0.0000000000
102191  47.616  14.576  37.298 0.0000000000
102195  49.851  14.019  34.808 0.0000000000
102196  49.226  14.017  36.053 0.0000000000
102197  46.155  14.333  37.309 0.0000000000
102198  44.722  14.222  36.735 0.0000000000
102202  50.603  13.954  32.975 0.0000000000
102203  43.527  14.437  35.950 0.0000000000
102204  42.428  14.898  34.770 0.0000000000
102205  41.769  14.612  34.441 0.0000000000
102215  51.145  14.003  31.494 0.0000000000
102216  42.163  15.610  34.094 0.0000000000
102217  41.449  15.331  33.671 0.0000000000
102218  40.706  14.929  33.370 0.0000000000
102219  31.190  17.351  32.498 0.0000000000
102220  30.557  17.158  32.617 0.0000000000
102221  29.910  16.851  32.770 0.0000000000
102222  29.162  16.518  33.086 0.0000000000
102229  51.532  13.529  29.801 0.0000000000
102230  51.423  14.120  30.381 0.0000000000
102231  41.054  16.041  32.840 0.0000000000
102232  40.439  15.550  32.650 0.0000000000
102233  39.547  15.681  31.886 0.0000000000
102234  38.908  15.747  31.440 0.0000000000
102235  33.628  17.507  31.320 0.0000000000
102236  32.794  17.616  31.439 0.0000000000
102237  31.715  17.540  31.786 0.0000000000
102238  30.827  17.371  32.141 0.0000000000
102239  30.390  17.239  32.379 0.0000000000
102242  51.751  13.843  28.133 0.0000000000
102243  51.315  13.761  27.030 0.0000000000
102244  38.364  15.976  31.188 0.0000000000
102245  37.737  16.266  30.834 0.0000000000
102246  36.980  16.502  30.515 0.0000000000
102247  36.357  16.690  30.446 0.0000000000
102248  35.649  16.911  30.371 0.0000000000
102249  34.834  17.239  30.457 0.0000000000
102250  33.818  17.549  30.670 0.0000000000
102251  32.783  17.692  30.956 0.0000000000
102252  32.171  17.709  31.184 0.0000000000
102258  51.313  14.261  26.890 0.0000000000
102259  50.791  14.110  25.962 0.0000000000
102260  49.954  14.261  24.930 0.0000000000
102261  49.441  14.457  24.153 0.0000000000
102262  48.968  14.778  23.604 0.0000000000
102263  36.491  16.875  30.193 0.0000000000
102264  35.970  16.986  30.006 0.0000000000
102265  35.271  17.229  30.014 0.0000000000
102266  34.546  17.452  30.102 0.0000000000
102267  34.021  17.619  30.136 0.0000000000
102272  47.940  15.033  23.487 0.0000000000
102273  46.860  15.059  23.694 0.0000000000
102277  45.743  15.218  23.903 0.0000000000
102278  44.683  15.442  23.888 0.0000000000
102279  43.817  15.717  23.611 0.0000000000
102281  43.102  15.937  23.329 0.0000000000
102282  42.602  16.313  22.898 0.0000000000
102284  42.298  16.875  22.254 0.0000000000
102285  42.197  17.735  21.866 0.0000000000
102286  29.727  15.250  20.597 0.0000000000
102287  29.476  15.328  20.639 0.0000000000
102288  29.215  15.368  20.645 0.0000000000
102290  42.489  17.438  21.536 0.0000000000
102291  42.395  18.487  21.326 0.0000000000
102292  31.879  14.663  19.107 0.0000000000
102293  31.414  15.020  19.437 0.0000000000
102294  30.651  15.298  20.004 0.0000000000
102295  29.993  15.517  20.380 0.0000000000
102296  28.910  15.452  20.538 0.0000000000
102297  28.593  15.605  20.321 0.0000000000
102300  42.756  18.299  20.701 0.0000000000
102301  42.586  19.282  20.739 0.0000000000
102302  33.418  14.360  17.777 0.0000000000
102303  32.986  14.674  18.054 0.0000000000
102304  32.201  14.963  18.724 0.0000000000
102305  31.609  15.376  18.945 0.0000000000
102309  43.769  18.205  19.382 0.0000000000
102310  43.233  18.870  19.838 0.0000000000
102311  34.488  14.568  16.650 0.0000000000
102312  33.875  14.737  16.952 0.0000000000
102313  33.272  14.948  17.379 0.0000000000
102318  45.076  17.787  18.248 0.0000000000
102319  44.293  18.689  18.268 0.0000000000
102320  35.796  15.402  15.560 0.0000000000
102321  35.062  15.317  15.675 0.0000000000
102322  34.343  15.306  15.969 0.0000000000
102327  46.340  17.181  17.140 0.0000000000
102328  45.235  18.130  17.119 0.0000000000
102329  44.123  19.168  17.169 0.0000000000
102330  37.507  16.603  14.638 0.0000000000
102331  37.272  16.879  14.821 0.0000000000
102332  36.357  16.493  15.093 0.0000000000
102333  35.747  16.542  15.124 0.0000000000
102338  47.554  16.309  15.920 0.0000000000
102339  46.404  17.107  16.066 0.0000000000
102340  45.168  18.228  15.712 0.0000000000
102341  39.128  17.809  13.988 0.0000000000
102342  38.492  17.742  14.379 0.0000000000
102343  38.081  18.044  14.631 0.0000000000
102347  47.487  16.485  14.942 0.0000000000
102348  46.235  17.365  14.745 0.0000000000
102349  44.643  18.261  14.410 0.0000000000
102350  43.047  18.709  13.697 0.0000000000
102351  40.834  18.627  13.459 0.0000000000
102356  47.476  16.833  13.659 0.0000000000
102357  46.195  17.656  13.333 0.0000000000
102358  44.520  18.170  13.049 0.0000000000
102359  42.714  18.533  12.829 0.0000000000
102360  41.228  18.512  12.736 0.0000000000
102363  47.226  17.115  12.562 0.0000000000
102364  46.008  17.707  11.841 0.0000000000
102365  44.056  18.251  11.837 0.0000000000
102366  42.266  18.496  11.864 0.0000000000
102367  40.646  18.564  12.024 0.0000000000
102371  44.956  17.932  10.569 0.0000000000
102372  43.298  18.406  10.699 0.0000000000
102373  41.411  18.541  10.751 0.0000000000
102374  40.242  18.519  11.383 0.0000000000
102377  44.013  17.925  9.685 0.0000000000
102378  42.733  18.246  9.748 0.0000000000
102379  41.628  18.180  9.663 0.0000000000
102383  43.401  17.858  9.112 0.0000000000
102384  42.533  17.876  8.885 0.0000000000
102385  41.525  17.802  8.964 0.0000000000
102390  42.023  17.558  8.468 0.0000000000
102391  41.504  17.477  8.582 0.0000000000
102935  49.210  16.072  36.268 0.0000000000
102936  48.056  15.803  37.286 0.0000000000
102937  46.450  15.720  37.299 0.0000000000
102941  49.924  15.659  34.871 0.0000000000
102942  44.604  15.799  36.501 0.0000000000
102943  43.966  15.131  36.134 0.0000000000
102946  50.528  15.296  33.359 0.0000000000
102947  43.848  16.524  35.410 0.0000000000
102948  43.287  16.035  34.932 0.0000000000
102949  42.560  15.731  34.314 0.0000000000
102954  51.035  15.080  31.724 0.0000000000
102955  42.945  16.837  33.781 0.0000000000
102956  42.331  16.339  33.622 0.0000000000
102957  41.562  16.504  32.841 0.0000000000
102958  29.764  16.984  32.625 0.0000000000
102967  51.756  14.871  29.142 0.0000000000
102968  51.422  14.819  30.553 0.0000000000
102969  40.836  16.696  32.270 0.0000000000
102970  40.057  16.585  31.748 0.0000000000
102971  39.244  16.682  31.207 0.0000000000
102972  38.697  16.335  31.149 0.0000000000
102973  31.514  17.629  31.559 0.0000000000
102974  30.929  17.586  31.719 0.0000000000
102975  30.201  17.366  32.284 0.0000000000
102976  29.753  17.173  32.489 0.0000000000
102978  51.650  14.857  27.314 0.0000000000
102979  39.008  17.259  30.799 0.0000000000
102980  38.393  16.874  30.748 0.0000000000
102981  37.326  17.110  30.282 0.0000000000
102982  36.794  16.930  30.201 0.0000000000
102983  33.452  17.735  30.338 0.0000000000
102984  32.764  17.859  30.571 0.0000000000
102985  31.965  17.807  31.108 0.0000000000
102986  31.482  17.726  31.366 0.0000000000
102991  51.084  14.702  25.991 0.0000000000
102992  50.153  14.690  24.846 0.0000000000
102993  49.464  14.685  24.081 0.0000000000
102994  48.766  14.919  23.601 0.0000000000
102995  48.261  15.032  23.464 0.0000000000
102996  36.978  17.488  29.907 0.0000000000
102997  36.496  17.260  29.881 0.0000000000
102998  35.679  17.396  29.733 0.0000000000
102999  34.941  17.546  29.780 0.0000000000
103000  34.377  17.648  29.892 0.0000000000
103001  33.902  17.772  29.938 0.0000000000
103002  33.415  17.852  30.085 0.0000000000
103007  49.871  14.889  24.385 0.0000000000
103008  49.488  14.918  24.019 0.0000000000
103009  48.533  14.960  23.571 0.0000000000
103010  47.399  15.066  23.538 0.0000000000
103011  46.187  15.174  23.840 0.0000000000
103016  46.289  15.365  23.779 0.0000000000
103017  45.279  15.591  23.978 0.0000000000
103018  44.034  15.940  23.832 0.0000000000
103019  43.218  16.171  23.555 0.0000000000
103021  42.697  16.507  23.235 0.0000000000
103022  42.290  17.172  22.644 0.0000000000
103023  42.023  18.045  22.179 0.0000000000
103025  42.128  17.639  22.198 0.0000000000
103026  42.198  18.697  21.722 0.0000000000
103027  29.591  15.554  20.535 0.0000000000
103028  29.284  15.722  20.542 0.0000000000
103029  29.001  15.800  20.502 0.0000000000
103031  42.221  19.557  20.915 0.0000000000
103032  31.064  15.548  19.434 0.0000000000
103033  30.308  15.963  19.636 0.0000000000
103034  29.476  16.063  20.094 0.0000000000
103035  28.935  16.324  20.161 0.0000000000
103036  28.613  16.255  20.168 0.0000000000
103037  28.341  16.483  20.060 0.0000000000
103040  42.796  19.419  20.156 0.0000000000
103041  42.228  20.119  19.971 0.0000000000
103042  32.739  15.045  17.944 0.0000000000
103043  32.093  15.375  18.079 0.0000000000
103044  31.050  15.984  18.427 0.0000000000
103045  30.045  16.515  18.732 0.0000000000
103049  43.453  19.129  18.899 0.0000000000
103050  42.658  19.981  18.989 0.0000000000
103051  41.764  20.576  18.902 0.0000000000
103052  33.702  15.137  16.574 0.0000000000
103053  32.944  15.303  16.890 0.0000000000
103054  31.850  15.841  16.849 0.0000000000
103055  31.025  16.401  17.153 0.0000000000
103058  43.256  19.782  17.762 0.0000000000
103059  42.215  20.369  17.714 0.0000000000
103060  34.923  15.935  15.270 0.0000000000
103061  34.069  15.779  15.544 0.0000000000
103062  32.988  16.004  15.621 0.0000000000
103063  32.055  16.245  15.819 0.0000000000
103066  44.375  18.985  16.354 0.0000000000
103067  43.285  19.860  16.253 0.0000000000
103068  37.334  17.670  14.830 0.0000000000
103069  36.837  17.918  14.964 0.0000000000
103070  35.509  17.169  14.963 0.0000000000
103071  34.312  16.772  14.931 0.0000000000
103072  33.417  16.687  14.981 0.0000000000
103076  43.892  19.111  15.397 0.0000000000
103077  42.396  19.762  14.862 0.0000000000
103078  40.517  19.124  14.176 0.0000000000
103079  39.195  18.982  14.560 0.0000000000
103080  38.131  18.908  14.789 0.0000000000
103081  37.672  19.226  14.924 0.0000000000
103084  43.220  19.061  14.538 0.0000000000
103085  41.922  19.221  13.999 0.0000000000
103086  41.104  19.030  13.844 0.0000000000
103626  49.279  17.558  36.101 0.0000000000
103627  48.442  17.030  36.960 0.0000000000
103628  47.085  16.877  37.235 0.0000000000
103631  49.810  17.064  34.976 0.0000000000
103632  45.457  17.006  36.820 0.0000000000
103636  50.420  16.736  33.559 0.0000000000
103637  44.151  17.258  35.366 0.0000000000
103638  43.715  16.800  34.825 0.0000000000
103643  50.896  16.411  31.906 0.0000000000
103644  43.889  17.847  34.312 0.0000000000
103645  43.454  17.387  33.994 0.0000000000
103646  42.634  17.505  32.834 0.0000000000
103647  42.076  16.968  32.767 0.0000000000
103656  51.723  15.775  28.990 0.0000000000
103657  51.459  15.983  30.025 0.0000000000
103658  42.282  18.109  32.058 0.0000000000
103659  41.641  17.571  32.078 0.0000000000
103660  40.516  17.646  31.363 0.0000000000
103661  39.828  17.195  31.292 0.0000000000
103662  31.160  17.892  31.413 0.0000000000
103663  30.446  17.688  31.917 0.0000000000
103664  29.837  17.382  32.368 0.0000000000
103667  51.694  15.981  27.936 0.0000000000
103668  51.621  16.231  28.867 0.0000000000
103669  40.254  18.158  30.739 0.0000000000
103670  39.627  17.714  30.784 0.0000000000
103671  38.829  17.719  30.489 0.0000000000
103672  38.075  17.691  30.246 0.0000000000
103673  32.862  18.073  30.367 0.0000000000
103674  32.254  17.945  30.821 0.0000000000
103675  31.620  17.835  31.210 0.0000000000
103679  51.492  15.530  25.898 0.0000000000
103680  50.755  14.968  25.209 0.0000000000
103681  37.395  17.773  29.917 0.0000000000
103682  36.804  17.769  29.683 0.0000000000
103683  36.112  17.734  29.552 0.0000000000
103684  35.323  17.802  29.572 0.0000000000
103685  34.465  17.865  29.689 0.0000000000
103686  33.731  17.970  29.838 0.0000000000
103687  33.215  17.995  30.101 0.0000000000
103692  51.158  15.848  24.419 0.0000000000
103693  50.097  15.078  24.292 0.0000000000
103694  48.738  14.968  23.466 0.0000000000
103695  47.573  15.159  23.406 0.0000000000
103696  46.821  15.285  23.622 0.0000000000
103703  50.095  15.475  23.559 0.0000000000
103704  48.865  15.085  23.215 0.0000000000
103705  47.522  15.325  23.224 0.0000000000
103706  46.147  15.718  23.762 0.0000000000
103707  44.467  16.350  23.775 0.0000000000
103708  43.337  16.503  23.583 0.0000000000
103709  42.897  16.550  23.416 0.0000000000
103711  43.988  16.879  23.521 0.0000000000
103712  43.369  16.990  23.444 0.0000000000
103713  42.627  17.150  23.081 0.0000000000
103714  42.084  17.973  22.390 0.0000000000
103715  41.971  18.961  21.692 0.0000000000
103717  41.771  19.816  20.893 0.0000000000
103718  41.428  20.407  20.488 0.0000000000
103720  41.732  20.350  20.253 0.0000000000
103721  41.395  20.603  20.234 0.0000000000
103722  29.447  16.587  19.225 0.0000000000
103723  28.879  17.165  19.437 0.0000000000
103724  28.525  17.226  19.858 0.0000000000
103725  28.243  17.280  19.904 0.0000000000
103726  28.100  17.443  19.965 0.0000000000
103729  41.197  20.795  19.175 0.0000000000
103730  41.320  20.784  19.839 0.0000000000
103731  30.177  17.001  17.692 0.0000000000
103732  29.517  17.183  18.563 0.0000000000
103733  29.138  17.169  18.981 0.0000000000
103737  41.576  20.620  17.995 0.0000000000
103738  40.906  20.866  18.098 0.0000000000
103739  31.397  16.433  16.263 0.0000000000
103740  30.860  16.960  16.628 0.0000000000
103743  42.121  20.312  16.676 0.0000000000
103744  41.189  20.648  16.875 0.0000000000
103745  40.551  20.851  17.119 0.0000000000
103746  32.533  16.494  15.165 0.0000000000
103747  31.808  16.815  15.483 0.0000000000
103748  31.311  16.877  16.045 0.0000000000
103751  41.778  20.173  15.522 0.0000000000
103752  40.810  20.464  15.743 0.0000000000
103753  39.698  20.696  15.861 0.0000000000
103754  38.498  20.046  15.489 0.0000000000
103755  37.131  19.097  15.114 0.0000000000
103756  35.677  18.100  14.951 0.0000000000
103757  34.320  17.491  14.736 0.0000000000
103758  33.036  17.008  14.774 0.0000000000
103759  32.359  16.852  15.014 0.0000000000
103763  41.334  19.895  14.780 0.0000000000
103764  40.505  19.964  14.822 0.0000000000
103765  39.428  20.019  14.964 0.0000000000
103766  38.511  19.907  15.055 0.0000000000
103767  37.997  19.556  15.110 0.0000000000
104294  49.554  19.180  35.545 0.0000000000
104295  49.393  18.767  35.880 0.0000000000
104296  48.551  18.268  36.681 0.0000000000
104297  47.694  17.714  37.129 0.0000000000
104301  49.715  19.078  35.149 0.0000000000
104302  49.716  18.248  35.060 0.0000000000
104303  47.540  18.419  36.960 0.0000000000
104304  46.411  18.001  36.824 0.0000000000
104309  50.020  18.910  34.390 0.0000000000
104310  50.251  18.175  33.772 0.0000000000
104311  44.969  18.104  35.992 0.0000000000
104316  50.660  17.817  32.219 0.0000000000
104317  44.149  18.330  34.771 0.0000000000
104318  43.747  18.452  33.526 0.0000000000
104319  43.251  18.154  32.895 0.0000000000
104320  30.178  18.234  31.939 0.0000000000
104327  51.052  17.504  30.514 0.0000000000
104328  43.387  18.805  32.562 0.0000000000
104329  42.848  18.585  32.023 0.0000000000
104330  42.042  18.615  31.421 0.0000000000
104331  41.289  18.312  31.273 0.0000000000
104332  32.126  18.353  31.004 0.0000000000
104333  31.674  18.239  31.188 0.0000000000
104334  30.599  18.156  31.725 0.0000000000
104335  29.971  17.748  32.140 0.0000000000
104338  51.568  16.617  27.824 0.0000000000
104339  51.429  17.114  28.545 0.0000000000
104340  41.561  18.816  30.827 0.0000000000
104341  40.835  18.596  30.644 0.0000000000
104342  40.087  18.537  30.294 0.0000000000
104343  39.324  18.375  30.241 0.0000000000
104344  38.622  18.280  30.109 0.0000000000
104345  32.998  18.263  30.285 0.0000000000
104346  32.435  18.251  30.714 0.0000000000
104347  31.813  17.997  31.023 0.0000000000
104350  51.734  16.733  27.044 0.0000000000
104351  51.517  17.730  27.375 0.0000000000
104352  37.988  18.254  29.892 0.0000000000
104353  37.321  18.235  29.709 0.0000000000
104354  36.593  18.166  29.565 0.0000000000
104355  35.812  18.150  29.505 0.0000000000
104356  34.962  18.203  29.559 0.0000000000
104357  34.128  18.235  29.694 0.0000000000
104358  33.405  18.234  29.967 0.0000000000
104363  51.777  16.711  25.481 0.0000000000
104372  47.660  15.513  22.873 0.0000000000
104373  46.296  16.039  23.417 0.0000000000
104374  45.389  16.267  23.717 0.0000000000
104381  46.471  16.332  22.867 0.0000000000
104382  44.886  16.754  23.280 0.0000000000
104383  43.591  17.337  23.097 0.0000000000
104384  42.793  17.657  22.898 0.0000000000
104385  42.297  18.061  22.461 0.0000000000
104386  42.027  18.784  21.850 0.0000000000
104392  41.706  19.559  21.211 0.0000000000
104393  41.341  20.340  20.605 0.0000000000
104395  41.100  20.779  20.103 0.0000000000
104396  28.710  18.228  19.114 0.0000000000
104397  28.496  18.168  19.442 0.0000000000
104398  28.262  18.206  19.668 0.0000000000
104399  28.079  18.258  19.806 0.0000000000
104402  40.420  21.058  18.592 0.0000000000
104403  40.662  20.957  19.257 0.0000000000
104404  29.947  17.753  17.488 0.0000000000
104405  29.545  18.089  17.899 0.0000000000
104406  29.020  17.931  18.724 0.0000000000
104410  40.226  21.044  17.967 0.0000000000
104411  39.599  21.242  17.792 0.0000000000
104412  38.745  21.098  17.303 0.0000000000
104413  30.279  17.862  16.910 0.0000000000
104414  29.844  18.103  17.364 0.0000000000
104417  39.985  20.947  17.158 0.0000000000
104418  39.206  21.039  16.850 0.0000000000
104419  38.332  20.462  16.489 0.0000000000
104420  37.047  19.493  15.640 0.0000000000
104421  36.358  19.125  15.206 0.0000000000
104422  31.688  17.251  15.297 0.0000000000
104423  31.216  17.502  15.859 0.0000000000
104427  39.837  20.918  16.557 0.0000000000
104428  39.186  20.826  16.187 0.0000000000
104429  38.300  20.102  15.920 0.0000000000
104430  37.002  19.368  15.499 0.0000000000
104431  35.651  18.762  14.678 0.0000000000
104432  33.855  17.784  14.562 0.0000000000
104433  32.235  17.341  14.829 0.0000000000
104434  31.572  17.530  15.155 0.0000000000
104917  49.552  19.718  35.484 0.0000000000
104918  48.937  19.390  36.403 0.0000000000
104919  48.043  19.162  36.880 0.0000000000
104925  50.008  19.694  34.401 0.0000000000
104926  46.821  19.004  36.746 0.0000000000
104927  45.483  18.946  36.403 0.0000000000
104933  50.300  19.369  33.525 0.0000000000
104934  50.511  19.089  32.527 0.0000000000
104935  44.911  18.941  35.123 0.0000000000
104940  50.727  18.940  31.069 0.0000000000
104941  44.225  19.135  33.931 0.0000000000
104942  43.920  19.269  32.737 0.0000000000
104943  31.065  18.717  31.636 0.0000000000
104944  30.366  18.460  31.920 0.0000000000
104950  51.040  18.678  29.400 0.0000000000
104951  43.413  19.327  31.846 0.0000000000
104952  42.702  19.333  31.119 0.0000000000
104953  42.022  19.165  30.797 0.0000000000
104954  32.795  18.730  30.737 0.0000000000
104955  32.232  18.557  31.094 0.0000000000
104956  31.365  18.503  31.437 0.0000000000
104957  30.814  18.490  31.640 0.0000000000
104960  51.291  18.435  28.079 0.0000000000
104961  42.201  19.552  30.587 0.0000000000
104962  41.500  19.307  30.415 0.0000000000
104963  40.643  19.144  30.029 0.0000000000
104964  39.775  18.987  29.812 0.0000000000
104965  39.084  18.739  29.835 0.0000000000
104966  38.524  18.638  29.821 0.0000000000
104967  34.262  18.912  29.819 0.0000000000
104968  33.901  18.798  29.889 0.0000000000
104969  33.236  18.558  30.251 0.0000000000
104970  32.689  18.522  30.693 0.0000000000
104972  51.762  17.616  26.448 0.0000000000
104973  51.522  18.752  26.911 0.0000000000
104974  39.320  19.036  29.693 0.0000000000
104975  38.871  18.982  29.725 0.0000000000
104976  38.049  18.742  29.748 0.0000000000
104977  37.176  18.617  29.655 0.0000000000
104978  36.370  18.524  29.602 0.0000000000
104979  35.540  18.537  29.600 0.0000000000
104980  34.591  18.682  29.710 0.0000000000
104981  33.768  18.507  29.842 0.0000000000
104982  33.483  18.463  29.981 0.0000000000
104987  51.860  18.128  25.471 0.0000000000
104988  51.621  19.293  25.999 0.0000000000
105001  45.448  17.017  22.467 0.0000000000
105002  44.014  17.620  22.474 0.0000000000
105003  42.985  18.095  22.522 0.0000000000
105004  42.406  18.285  22.318 0.0000000000
105005  42.111  18.609  21.989 0.0000000000
105013  43.825  18.193  21.865 0.0000000000
105014  42.522  18.567  22.120 0.0000000000
105015  42.131  18.778  21.710 0.0000000000
105016  41.841  19.342  21.413 0.0000000000
105017  41.421  20.206  20.786 0.0000000000
105023  40.874  20.876  20.108 0.0000000000
105024  40.276  21.263  19.462 0.0000000000
105025  28.698  18.844  18.767 0.0000000000
105026  28.426  19.056  19.027 0.0000000000
105027  28.195  19.123  19.254 0.0000000000
105028  28.136  19.217  19.512 0.0000000000
105029  27.945  19.237  19.669 0.0000000000
105035  40.436  21.089  19.400 0.0000000000
105036  39.715  21.364  18.693 0.0000000000
105037  38.969  21.455  17.922 0.0000000000
105038  29.308  18.970  17.779 0.0000000000
105039  28.992  19.108  18.278 0.0000000000
105046  39.914  21.248  18.600 0.0000000000
105047  39.062  21.394  17.706 0.0000000000
105048  38.391  20.925  17.160 0.0000000000
105049  37.714  20.137  16.482 0.0000000000
105050  30.075  18.375  16.748 0.0000000000
105051  29.649  18.755  17.069 0.0000000000
105054  38.570  20.852  17.009 0.0000000000
105055  37.941  20.188  16.359 0.0000000000
105056  36.798  19.427  15.631 0.0000000000
105057  36.053  18.917  15.023 0.0000000000
105058  30.322  18.529  16.222 0.0000000000
105059  29.821  19.384  16.439 0.0000000000
105063  35.886  18.876  14.865 0.0000000000
105064  34.837  18.396  14.455 0.0000000000
105065  32.975  18.003  14.256 0.0000000000
105066  31.446  18.365  14.986 0.0000000000
105070  33.579  18.456  14.087 0.0000000000
105071  32.399  18.608  14.132 0.0000000000
105072  31.693  19.069  14.458 0.0000000000
105559  49.574  20.696  35.419 0.0000000000
105560  49.165  20.392  36.174 0.0000000000
105561  48.392  20.115  36.693 0.0000000000
105571  49.904  20.604  34.538 0.0000000000
105572  47.329  19.856  36.756 0.0000000000
105573  46.125  19.687  36.454 0.0000000000
105580  50.301  20.486  33.273 0.0000000000
105581  50.445  19.835  32.782 0.0000000000
105582  45.183  19.640  35.721 0.0000000000
105583  31.830  19.092  31.684 0.0000000000
105584  31.225  19.122  31.934 0.0000000000
105589  50.394  21.004  32.500 0.0000000000
105590  50.533  20.363  31.857 0.0000000000
105591  44.541  19.772  34.550 0.0000000000
105592  44.250  19.763  33.219 0.0000000000
105593  33.362  19.190  30.743 0.0000000000
105594  32.723  19.069  31.088 0.0000000000
105595  32.131  18.964  31.445 0.0000000000
105596  31.454  18.965  31.668 0.0000000000
105597  30.760  18.867  31.904 0.0000000000
105602  50.742  20.147  30.052 0.0000000000
105603  43.906  19.828  32.097 0.0000000000
105604  43.331  19.852  31.232 0.0000000000
105605  34.300  19.191  30.111 0.0000000000
105606  33.728  19.116  30.277 0.0000000000
105607  33.144  18.934  30.583 0.0000000000
105608  32.499  18.839  31.082 0.0000000000
105609  31.824  18.751  31.445 0.0000000000
105614  51.105  19.853  28.282 0.0000000000
105615  42.669  19.879  30.661 0.0000000000
105616  41.990  19.861  30.317 0.0000000000
105617  41.177  19.744  30.054 0.0000000000
105618  40.319  19.571  29.786 0.0000000000
105619  35.994  19.022  29.922 0.0000000000
105620  35.209  19.044  29.880 0.0000000000
105621  34.582  19.024  29.855 0.0000000000
105622  34.043  19.034  29.950 0.0000000000
105623  33.609  18.911  30.139 0.0000000000
105625  51.369  20.112  26.810 0.0000000000
105626  39.476  19.364  29.683 0.0000000000
105627  38.668  19.239  29.726 0.0000000000
105628  37.802  19.059  29.750 0.0000000000
105629  36.951  18.921  29.702 0.0000000000
105630  36.158  18.813  29.727 0.0000000000
105631  35.392  18.853  29.734 0.0000000000
105632  34.929  18.934  29.751 0.0000000000
105650  43.198  18.392  22.081 0.0000000000
105651  42.768  18.521  22.133 0.0000000000
105657  43.322  18.765  21.538 0.0000000000
105658  42.508  18.885  21.566 0.0000000000
105659  41.890  19.457  21.202 0.0000000000
105660  41.567  20.098  20.939 0.0000000000
105661  41.039  20.688  20.337 0.0000000000
105667  40.544  21.167  19.735 0.0000000000
105668  39.942  21.385  19.132 0.0000000000
105669  28.499  19.972  18.599 0.0000000000
105670  28.213  20.062  18.921 0.0000000000
105671  28.088  20.152  19.139 0.0000000000
105672  28.037  20.275  19.385 0.0000000000
105679  39.323  21.483  18.420 0.0000000000
105680  38.671  21.198  17.660 0.0000000000
105681  29.042  19.928  17.668 0.0000000000
105682  28.786  19.986  18.206 0.0000000000
105690  37.973  20.530  16.966 0.0000000000
105691  37.174  19.807  16.187 0.0000000000
105692  29.367  19.958  16.810 0.0000000000
105698  36.373  19.404  15.314 0.0000000000
105699  35.564  18.806  14.728 0.0000000000
105700  30.198  19.752  15.723 0.0000000000
105701  29.680  19.988  16.332 0.0000000000
105704  34.504  18.600  14.106 0.0000000000
105705  31.179  19.667  14.943 0.0000000000
105709  33.182  18.916  13.802 0.0000000000
105710  32.096  19.396  14.075 0.0000000000
105711  31.590  19.619  14.457 0.0000000000
106136  49.380  21.340  35.864 0.0000000000
106137  48.751  21.146  36.628 0.0000000000
106138  47.789  20.783  37.004 0.0000000000
106152  49.768  21.450  34.920 0.0000000000
106153  46.490  20.437  36.540 0.0000000000
106154  45.626  20.125  36.073 0.0000000000
106167  50.133  21.573  33.803 0.0000000000
106168  50.226  22.056  32.952 0.0000000000
106169  45.636  20.520  36.057 0.0000000000
106170  45.055  20.234  35.343 0.0000000000
106175  34.899  19.392  31.742 0.0000000000
106176  33.971  19.464  31.703 0.0000000000
106177  33.013  19.400  31.737 0.0000000000
106178  32.040  19.232  31.857 0.0000000000
106179  31.379  19.245  32.083 0.0000000000
106181  50.310  21.382  32.896 0.0000000000
106182  50.373  21.746  32.079 0.0000000000
106183  44.651  20.150  34.603 0.0000000000
106184  44.285  20.163  34.009 0.0000000000
106186  35.776  19.179  31.182 0.0000000000
106187  34.843  19.336  31.081 0.0000000000
106188  33.799  19.389  31.009 0.0000000000
106189  32.859  19.262  31.283 0.0000000000
106190  32.320  19.130  31.474 0.0000000000
106192  50.573  21.575  30.715 0.0000000000
106193  44.157  20.231  32.759 0.0000000000
106194  43.647  20.251  31.633 0.0000000000
106195  36.636  19.272  30.422 0.0000000000
106196  36.009  19.185  30.601 0.0000000000
106197  34.746  19.278  30.441 0.0000000000
106198  33.966  19.280  30.457 0.0000000000
106203  50.854  21.423  29.193 0.0000000000
106204  43.024  20.242  30.897 0.0000000000
106205  42.432  20.210  30.518 0.0000000000
106206  41.746  20.182  30.248 0.0000000000
106207  40.800  20.089  29.990 0.0000000000
106208  39.990  20.110  29.899 0.0000000000
106209  39.157  19.916  29.961 0.0000000000
106210  38.215  19.588  30.054 0.0000000000
106211  36.935  19.265  30.188 0.0000000000
106212  35.608  19.149  30.147 0.0000000000
106213  34.867  19.155  30.046 0.0000000000
106215  51.145  21.328  27.724 0.0000000000
106216  39.982  19.830  29.728 0.0000000000
106217  39.297  19.711  29.746 0.0000000000
106218  38.447  19.492  29.829 0.0000000000
106219  37.514  19.238  29.883 0.0000000000
106220  36.711  19.065  29.851 0.0000000000
106242  42.775  19.330  21.070 0.0000000000
106243  42.016  19.679  20.922 0.0000000000
106244  41.509  20.268  20.777 0.0000000000
106245  41.185  20.605  20.522 0.0000000000
106254  41.037  20.801  20.275 0.0000000000
106255  40.692  21.118  19.947 0.0000000000
106256  40.161  21.422  19.380 0.0000000000
106257  28.351  20.877  18.448 0.0000000000
106258  28.209  20.989  18.645 0.0000000000
106259  28.119  21.133  18.874 0.0000000000
106260  28.030  21.131  19.027 0.0000000000
106261  27.949  21.033  19.211 0.0000000000
106268  39.644  21.498  18.886 0.0000000000
106269  39.024  21.483  18.100 0.0000000000
106270  28.840  20.858  17.696 0.0000000000
106271  28.613  20.923  18.127 0.0000000000
106280  38.284  20.960  17.386 0.0000000000
106281  37.487  20.176  16.631 0.0000000000
106282  29.039  20.934  17.209 0.0000000000
106289  36.918  19.530  15.729 0.0000000000
106290  36.073  19.062  15.004 0.0000000000
106291  30.127  20.852  15.853 0.0000000000
106292  29.529  20.960  16.370 0.0000000000
106299  35.427  18.646  14.444 0.0000000000
106300  30.558  20.733  15.251 0.0000000000
106707  48.844  22.792  36.760 0.0000000000
106708  48.612  22.862  37.167 0.0000000000
106717  49.568  22.160  35.424 0.0000000000
106718  49.148  22.222  36.317 0.0000000000
106719  48.370  22.027  37.240 0.0000000000
106720  43.998  20.065  33.690 0.0000000000
106724  49.864  22.321  34.518 0.0000000000
106725  46.785  21.247  36.899 0.0000000000
106726  46.169  21.344  36.606 0.0000000000
106727  43.598  20.123  33.239 0.0000000000
106728  42.811  19.926  32.580 0.0000000000
106733  50.049  22.644  33.579 0.0000000000
106734  50.195  22.884  32.548 0.0000000000
106735  46.045  20.795  36.318 0.0000000000
106736  45.335  20.895  35.769 0.0000000000
106737  44.934  20.848  34.966 0.0000000000
106738  42.574  20.555  31.666 0.0000000000
106739  42.249  20.270  31.840 0.0000000000
106740  41.220  19.885  31.667 0.0000000000
106746  50.492  22.878  31.349 0.0000000000
106747  44.854  20.397  34.662 0.0000000000
106748  44.485  20.548  34.039 0.0000000000
106749  42.383  20.719  31.207 0.0000000000
106750  41.751  20.577  31.173 0.0000000000
106751  40.965  20.301  31.148 0.0000000000
106752  39.953  19.950  31.088 0.0000000000
106753  38.839  19.538  31.052 0.0000000000
106754  37.724  19.170  30.959 0.0000000000
106755  36.654  19.104  31.003 0.0000000000
106756  36.213  19.172  30.870 0.0000000000
106758  50.799  22.822  30.001 0.0000000000
106759  43.846  20.506  32.291 0.0000000000
106760  43.076  20.553  31.191 0.0000000000
106761  42.341  20.674  30.827 0.0000000000
106762  41.612  20.604  30.706 0.0000000000
106763  40.810  20.467  30.659 0.0000000000
106764  39.923  20.224  30.654 0.0000000000
106765  38.972  19.862  30.661 0.0000000000
106766  38.042  19.417  30.636 0.0000000000
106767  36.993  19.263  30.577 0.0000000000
106768  36.460  19.197  30.744 0.0000000000
106773  50.964  22.703  28.588 0.0000000000
106774  42.766  20.428  30.692 0.0000000000
106775  42.363  20.479  30.550 0.0000000000
106776  41.617  20.450  30.375 0.0000000000
106777  40.785  20.382  30.262 0.0000000000
106778  39.937  20.264  30.233 0.0000000000
106779  39.048  19.971  30.287 0.0000000000
106780  38.128  19.594  30.338 0.0000000000
106781  37.521  19.421  30.395 0.0000000000
106783  51.079  22.514  27.222 0.0000000000
106812  40.497  21.283  19.731 0.0000000000
106813  40.058  21.625  19.448 0.0000000000
106814  39.850  21.558  19.132 0.0000000000
106815  28.228  21.645  18.366 0.0000000000
106816  28.143  22.288  18.647 0.0000000000
106817  28.027  22.154  18.834 0.0000000000
106818  27.986  21.920  18.918 0.0000000000
106829  39.958  21.609  19.215 0.0000000000
106830  39.486  21.579  18.711 0.0000000000
106831  38.714  21.320  17.792 0.0000000000
106832  28.703  21.644  17.617 0.0000000000
106833  28.357  22.407  17.997 0.0000000000
106834  28.156  22.420  18.350 0.0000000000
107287  44.366  24.061  38.485 0.0000000000
107303  48.765  23.371  36.935 0.0000000000
107304  48.315  23.211  37.532 0.0000000000
107305  47.641  23.178  37.985 0.0000000000
107306  44.871  23.247  37.913 0.0000000000
107307  44.943  21.677  36.528 0.0000000000
107313  49.410  22.684  35.751 0.0000000000
107314  49.233  23.409  36.092 0.0000000000
107315  47.527  22.295  37.586 0.0000000000
107316  46.827  22.494  37.650 0.0000000000
107317  46.012  22.250  37.167 0.0000000000
107318  45.391  22.192  36.910 0.0000000000
107319  44.836  20.764  35.063 0.0000000000
107321  49.629  22.937  35.157 0.0000000000
107322  49.545  23.873  34.822 0.0000000000
107323  46.671  21.752  37.160 0.0000000000
107324  45.914  21.581  36.580 0.0000000000
107325  45.248  21.450  36.025 0.0000000000
107326  44.901  20.938  34.916 0.0000000000
107327  44.234  20.226  33.687 0.0000000000
107328  43.414  20.188  32.882 0.0000000000
107330  49.819  23.130  34.298 0.0000000000
107331  49.876  23.851  33.485 0.0000000000
107332  45.224  21.117  35.563 0.0000000000
107333  44.773  20.885  34.592 0.0000000000
107334  44.244  20.492  33.575 0.0000000000
107335  43.346  20.432  32.520 0.0000000000
107336  42.966  20.243  32.444 0.0000000000
107338  50.339  24.069  32.145 0.0000000000
107339  44.157  20.579  33.251 0.0000000000
107340  43.670  20.573  32.577 0.0000000000
107341  43.078  20.686  31.816 0.0000000000
107343  50.708  24.114  30.851 0.0000000000
107344  43.911  20.579  32.517 0.0000000000
107345  43.445  20.657  31.901 0.0000000000
107346  42.880  20.742  31.339 0.0000000000
107351  50.858  24.072  29.481 0.0000000000
107355  50.900  23.914  28.048 0.0000000000
107384  28.088  23.275  18.663 0.0000000000
107385  27.910  23.294  18.841 0.0000000000
107386  27.993  23.082  18.740 0.0000000000
107969  47.552  25.098  38.188 0.0000000000
107970  46.747  25.067  38.584 0.0000000000
107971  45.800  25.019  38.779 0.0000000000
107972  44.798  24.766  38.734 0.0000000000
107973  43.793  24.994  38.641 0.0000000000
107988  48.711  24.464  36.979 0.0000000000
107989  47.996  24.239  37.893 0.0000000000
107990  47.044  23.723  38.300 0.0000000000
107991  46.199  23.966  38.476 0.0000000000
107992  45.477  23.740  38.294 0.0000000000
108008  49.199  24.763  35.683 0.0000000000
108009  46.547  22.875  37.839 0.0000000000
108010  46.193  23.059  37.842 0.0000000000
108011  45.828  23.264  37.958 0.0000000000
108018  49.545  25.047  34.347 0.0000000000
108024  49.976  25.221  33.041 0.0000000000
108029  50.455  25.329  31.786 0.0000000000
108031  50.707  25.333  30.503 0.0000000000
108034  50.797  25.398  29.048 0.0000000000
108035  50.749  26.092  28.658 0.0000000000
108040  50.704  24.770  27.969 0.0000000000
108604  47.673  25.633  37.961 0.0000000000
108605  47.299  26.048  38.108 0.0000000000
108606  46.242  26.286  38.468 0.0000000000
108607  45.242  26.140  38.646 0.0000000000
108608  44.232  26.128  38.497 0.0000000000
108609  43.329  26.183  38.082 0.0000000000
108616  48.554  25.247  37.018 0.0000000000
108617  48.106  25.606  37.434 0.0000000000
108618  47.521  26.908  37.238 0.0000000000
108619  45.642  26.954  38.233 0.0000000000
108620  44.848  27.136  37.907 0.0000000000
108621  43.793  27.017  37.488 0.0000000000
108622  42.678  27.033  37.073 0.0000000000
108635  48.663  25.515  36.444 0.0000000000
108636  48.306  26.749  36.194 0.0000000000
108637  47.560  27.589  36.404 0.0000000000
108638  44.406  27.598  36.897 0.0000000000
108639  43.474  27.629  36.389 0.0000000000
108640  42.477  27.708  35.878 0.0000000000
108652  49.027  25.990  35.233 0.0000000000
108653  48.814  27.163  34.816 0.0000000000
108654  44.309  28.053  35.933 0.0000000000
108655  43.403  27.919  35.276 0.0000000000
108656  42.506  27.656  34.716 0.0000000000
108662  49.546  26.318  33.976 0.0000000000
108663  49.331  27.461  33.665 0.0000000000
108664  44.406  28.407  34.943 0.0000000000
108665  43.467  28.122  34.351 0.0000000000
108673  49.991  26.474  32.748 0.0000000000
108674  49.756  27.574  32.571 0.0000000000
108675  45.439  28.977  33.721 0.0000000000
108676  44.842  28.786  34.016 0.0000000000
108677  43.491  28.348  33.829 0.0000000000
108684  50.361  26.489  31.564 0.0000000000
108685  50.155  27.486  31.459 0.0000000000
108686  45.400  29.147  33.602 0.0000000000
108687  44.613  28.944  33.737 0.0000000000
108694  50.592  26.395  30.476 0.0000000000
108695  50.622  27.090  29.954 0.0000000000
109200  46.661  27.051  37.814 0.0000000000
109201  46.093  27.074  38.099 0.0000000000
109206  46.835  27.781  36.992 0.0000000000
109207  45.795  27.610  37.498 0.0000000000
109208  45.026  27.645  37.249 0.0000000000
109216  47.954  27.821  35.467 0.0000000000
109217  47.057  28.256  35.986 0.0000000000
109218  46.074  28.279  36.413 0.0000000000
109219  45.124  28.032  36.628 0.0000000000
109231  48.399  28.139  34.405 0.0000000000
109232  47.319  28.519  34.946 0.0000000000
109233  46.266  28.642  35.363 0.0000000000
109234  45.247  28.503  35.681 0.0000000000
109241  48.858  28.449  33.483 0.0000000000
109242  47.532  28.778  34.029 0.0000000000
109243  46.389  28.820  34.429 0.0000000000
109244  45.436  28.767  34.708 0.0000000000
109248  49.289  28.531  32.594 0.0000000000
109249  47.799  29.021  33.351 0.0000000000
109250  46.145  29.022  33.785 0.0000000000
109251  45.674  28.858  34.129 0.0000000000
109255  49.747  28.430  31.686 0.0000000000
109256  48.328  29.149  32.774 0.0000000000
109257  46.219  29.305  33.478 0.0000000000
