#!ascii label  , from subject bert vox2ras=TkReg
1073
103153  2.422  17.463  -3.329 0.0000000000
103158  2.418  17.063  -3.898 0.0000000000
103831  2.421  18.670  -2.593 0.0000000000
103832  2.363  19.449  -1.759 0.0000000000
104495  2.412  20.060  -1.101 0.0000000000
105117  1.778  21.749  2.878 0.0000000000
105118  1.664  21.849  3.122 0.0000000000
105120  1.971  21.789  2.473 0.0000000000
105125  2.303  21.697  1.770 0.0000000000
105132  2.590  21.416  0.952 0.0000000000
105138  2.524  20.854  -0.152 0.0000000000
105149  2.252  20.757  -1.462 0.0000000000
105748  1.719  22.067  3.157 0.0000000000
105749  1.614  22.134  3.456 0.0000000000
105753  1.694  21.981  2.907 0.0000000000
105754  1.605  21.997  3.300 0.0000000000
105756  2.122  22.026  2.117 0.0000000000
105763  2.376  21.952  1.291 0.0000000000
105770  2.559  21.609  0.498 0.0000000000
105778  2.428  21.291  -0.965 0.0000000000
105782  2.222  21.069  -1.715 0.0000000000
105783  2.289  21.017  -1.339 0.0000000000
106350  1.665  22.281  3.254 0.0000000000
106356  1.568  22.305  2.963 0.0000000000
106357  1.525  22.584  3.080 0.0000000000
106366  1.894  22.615  2.516 0.0000000000
106367  1.597  22.686  2.840 0.0000000000
106376  2.512  22.558  1.733 0.0000000000
106380  2.848  22.315  0.908 0.0000000000
106383  2.744  21.849  0.032 0.0000000000
106933  1.545  22.822  3.171 0.0000000000
106943  1.677  23.526  2.695 0.0000000000
106944  1.604  23.184  2.855 0.0000000000
106954  1.841  23.390  2.551 0.0000000000
106955  1.666  22.936  2.700 0.0000000000
106961  2.368  23.374  2.012 0.0000000000
106964  2.859  23.814  0.790 0.0000000000
106965  2.850  23.436  1.137 0.0000000000
107562  1.545  23.184  3.106 0.0000000000
107575  1.799  24.076  2.634 0.0000000000
107576  1.603  23.787  2.884 0.0000000000
107577  1.591  23.593  3.058 0.0000000000
107584  2.224  24.206  2.215 0.0000000000
107589  2.606  24.787  1.263 0.0000000000
107590  2.588  24.186  1.651 0.0000000000
107593  2.832  24.310  0.818 0.0000000000
107594  2.797  24.168  1.265 0.0000000000
108241  1.849  24.935  2.574 0.0000000000
108242  1.692  24.698  2.684 0.0000000000
108243  1.641  24.159  2.942 0.0000000000
108248  2.006  25.056  2.342 0.0000000000
108251  2.564  25.438  1.320 0.0000000000
108252  2.261  25.237  1.748 0.0000000000
108868  1.696  25.990  2.518 0.0000000000
108876  1.890  26.051  2.066 0.0000000000
108879  2.117  26.026  1.764 0.0000000000
108884  3.156  26.348  1.121 0.0000000000
109455  2.373  26.897  2.557 0.0000000000
109460  2.726  27.515  2.122 0.0000000000
109461  2.318  27.212  2.251 0.0000000000
109463  2.784  27.269  1.832 0.0000000000
109464  2.295  26.533  1.911 0.0000000000
109469  3.325  27.208  1.283 0.0000000000
110010  2.624  28.119  2.670 0.0000000000
110011  2.593  28.434  3.043 0.0000000000
110017  3.003  28.112  2.204 0.0000000000
110018  2.799  28.053  2.456 0.0000000000
110020  3.297  28.065  1.693 0.0000000000
110025  3.459  28.043  1.354 0.0000000000
110547  3.032  29.092  2.958 0.0000000000
110548  2.894  29.215  3.132 0.0000000000
110549  2.960  29.440  3.468 0.0000000000
110554  3.200  29.168  2.376 0.0000000000
110555  3.041  28.828  2.656 0.0000000000
110558  3.292  29.036  1.920 0.0000000000
110564  3.399  28.894  1.345 0.0000000000
111102  3.240  30.303  3.118 0.0000000000
111103  3.190  29.983  3.224 0.0000000000
111104  3.101  30.094  3.582 0.0000000000
111105  3.056  30.177  3.802 0.0000000000
111109  3.250  29.949  2.819 0.0000000000
111110  3.140  29.445  2.939 0.0000000000
111113  3.269  30.014  2.213 0.0000000000
111683  3.262  31.027  3.264 0.0000000000
111684  3.200  30.963  3.691 0.0000000000
111685  3.150  30.976  3.939 0.0000000000
111691  3.276  30.991  2.619 0.0000000000
111696  3.283  30.921  1.986 0.0000000000
111703  3.451  30.908  1.256 0.0000000000
111704  3.351  30.893  1.610 0.0000000000
112172  2.412  32.799  24.047 0.0000000000
112290  3.209  32.027  3.554 0.0000000000
112291  3.215  31.931  3.846 0.0000000000
112292  3.193  31.880  4.126 0.0000000000
112298  3.157  32.626  2.952 0.0000000000
112299  3.200  32.238  3.100 0.0000000000
112303  3.179  32.526  2.711 0.0000000000
112304  3.218  31.895  2.307 0.0000000000
112309  3.418  31.844  1.046 0.0000000000
112310  3.306  31.679  1.658 0.0000000000
112935  3.482  33.717  5.349 0.0000000000
112943  3.512  33.532  3.853 0.0000000000
112944  3.375  32.911  3.983 0.0000000000
112945  3.359  32.770  4.422 0.0000000000
112946  3.341  32.733  4.666 0.0000000000
112951  3.248  33.081  3.082 0.0000000000
112952  3.279  32.949  3.499 0.0000000000
112956  3.244  32.772  2.199 0.0000000000
112957  3.211  32.149  1.981 0.0000000000
112963  3.395  32.944  0.772 0.0000000000
112964  3.346  32.558  1.480 0.0000000000
112965  3.256  32.298  1.796 0.0000000000
113396  2.440  33.550  24.307 0.0000000000
113401  2.691  33.423  23.949 0.0000000000
113402  2.546  33.595  23.999 0.0000000000
113403  2.507  33.939  23.946 0.0000000000
113406  2.818  33.931  23.534 0.0000000000
113409  2.773  34.425  23.304 0.0000000000
113415  2.735  35.048  22.928 0.0000000000
113416  2.693  35.148  23.105 0.0000000000
113433  2.386  35.597  22.902 0.0000000000
113434  2.217  35.876  22.720 0.0000000000
113435  2.116  36.098  22.641 0.0000000000
113568  3.634  34.809  6.269 0.0000000000
113569  3.478  34.670  6.397 0.0000000000
113580  3.595  34.511  5.095 0.0000000000
113581  3.588  34.459  5.335 0.0000000000
113582  3.581  34.430  5.815 0.0000000000
113583  3.509  34.213  5.879 0.0000000000
113592  3.636  34.127  4.206 0.0000000000
113593  3.632  34.170  4.678 0.0000000000
113594  3.598  33.688  4.892 0.0000000000
113595  3.557  33.457  5.039 0.0000000000
113600  3.684  34.040  3.695 0.0000000000
113606  3.775  33.829  2.820 0.0000000000
113614  3.942  34.090  1.146 0.0000000000
113615  3.742  33.686  1.731 0.0000000000
113625  3.900  33.805  0.699 0.0000000000
114045  2.341  35.385  26.703 0.0000000000
114050  2.223  35.427  26.191 0.0000000000
114051  2.062  34.745  25.768 0.0000000000
114055  2.167  34.508  24.635 0.0000000000
114059  2.577  34.019  23.729 0.0000000000
114060  2.542  34.253  23.754 0.0000000000
114061  2.476  34.532  23.915 0.0000000000
114065  2.878  34.565  23.457 0.0000000000
114066  2.717  34.746  23.432 0.0000000000
114067  2.535  34.714  23.565 0.0000000000
114071  2.712  34.863  22.820 0.0000000000
114076  2.660  35.431  22.593 0.0000000000
114077  2.623  35.929  22.305 0.0000000000
114078  2.538  35.759  22.753 0.0000000000
114079  2.528  35.561  22.933 0.0000000000
114087  2.585  36.521  21.724 0.0000000000
114088  2.406  36.427  22.052 0.0000000000
114089  2.197  36.259  22.468 0.0000000000
114090  2.077  36.820  21.908 0.0000000000
114091  2.069  36.484  22.018 0.0000000000
114106  1.967  37.314  21.248 0.0000000000
114107  2.257  36.978  21.306 0.0000000000
114225  3.516  35.599  7.390 0.0000000000
114226  3.459  35.634  7.613 0.0000000000
114236  3.600  35.403  6.606 0.0000000000
114237  3.590  35.189  6.715 0.0000000000
114238  3.543  35.120  6.948 0.0000000000
114249  3.477  35.118  5.123 0.0000000000
114250  3.589  34.895  5.271 0.0000000000
114251  3.685  35.063  6.092 0.0000000000
114252  3.639  34.870  6.226 0.0000000000
114262  3.533  34.821  4.584 0.0000000000
114263  3.577  34.622  4.848 0.0000000000
114272  3.796  34.903  3.574 0.0000000000
114278  4.143  34.843  2.575 0.0000000000
114285  4.359  35.450  0.992 0.0000000000
114286  4.293  35.006  1.064 0.0000000000
114287  4.244  34.994  1.693 0.0000000000
114296  4.369  35.257  0.805 0.0000000000
114297  4.109  34.605  0.665 0.0000000000
114705  1.891  36.388  27.553 0.0000000000
114710  2.214  36.165  27.190 0.0000000000
114714  2.477  36.041  26.349 0.0000000000
114715  2.054  35.532  25.735 0.0000000000
114718  2.061  36.032  25.509 0.0000000000
114719  1.848  35.508  24.945 0.0000000000
114722  2.085  35.400  24.123 0.0000000000
114725  2.646  35.132  23.294 0.0000000000
114726  2.672  35.187  23.103 0.0000000000
114727  2.326  35.523  23.296 0.0000000000
114730  2.808  35.345  22.683 0.0000000000
114731  2.575  35.927  22.705 0.0000000000
114732  2.123  36.291  22.580 0.0000000000
114738  2.614  35.827  21.955 0.0000000000
114739  2.646  36.162  21.888 0.0000000000
114744  2.649  36.636  21.348 0.0000000000
114745  2.700  36.813  21.242 0.0000000000
114746  2.495  36.942  21.373 0.0000000000
114747  2.178  37.091  21.602 0.0000000000
114748  1.916  37.187  21.570 0.0000000000
114758  2.657  37.250  20.788 0.0000000000
114759  2.380  37.517  20.811 0.0000000000
114760  2.002  37.762  20.842 0.0000000000
114761  1.953  37.571  20.911 0.0000000000
114762  2.493  37.238  20.688 0.0000000000
114763  2.908  36.963  20.233 0.0000000000
114779  2.532  37.539  20.268 0.0000000000
114780  3.255  37.137  19.731 0.0000000000
114781  3.282  37.066  19.289 0.0000000000
114795  3.393  36.995  18.809 0.0000000000
114796  3.305  37.094  18.373 0.0000000000
114849  3.594  37.122  10.202 0.0000000000
114862  3.516  36.954  9.823 0.0000000000
114863  3.544  36.799  9.636 0.0000000000
114873  3.516  36.508  8.842 0.0000000000
114874  3.497  36.606  9.187 0.0000000000
114886  3.553  36.177  7.789 0.0000000000
114887  3.559  36.018  7.997 0.0000000000
114888  3.472  36.160  8.420 0.0000000000
114900  3.479  36.284  6.618 0.0000000000
114901  3.654  36.052  6.901 0.0000000000
114902  3.645  35.796  7.066 0.0000000000
114903  3.590  35.818  7.395 0.0000000000
114911  2.653  36.365  5.465 0.0000000000
114912  3.332  35.666  5.510 0.0000000000
114913  3.609  35.601  6.168 0.0000000000
114914  3.615  35.641  6.553 0.0000000000
114922  2.337  36.488  4.936 0.0000000000
114923  2.800  35.899  4.382 0.0000000000
114933  3.523  35.836  3.044 0.0000000000
114943  4.049  35.796  2.196 0.0000000000
114959  4.325  36.082  1.133 0.0000000000
114960  4.257  35.859  1.420 0.0000000000
114961  4.240  35.736  1.756 0.0000000000
114975  4.373  36.132  0.886 0.0000000000
115356  1.834  36.948  27.492 0.0000000000
115357  0.732  37.267  28.440 0.0000000000
115365  2.598  36.893  26.816 0.0000000000
115368  2.677  36.824  25.948 0.0000000000
115371  1.855  36.470  24.660 0.0000000000
115372  1.592  35.898  24.345 0.0000000000
115375  1.376  36.758  23.983 0.0000000000
115376  1.457  36.340  23.703 0.0000000000
115380  1.598  36.579  22.761 0.0000000000
115389  2.787  36.333  22.084 0.0000000000
115390  2.329  36.539  22.108 0.0000000000
115391  2.033  36.901  22.195 0.0000000000
115399  2.786  36.959  21.172 0.0000000000
115400  2.474  36.849  21.558 0.0000000000
115401  2.397  36.788  21.791 0.0000000000
115405  3.210  37.766  20.633 0.0000000000
115406  2.853  37.462  20.617 0.0000000000
115409  3.706  38.417  19.808 0.0000000000
115410  2.913  37.807  20.080 0.0000000000
115411  2.511  38.127  20.190 0.0000000000
115412  2.353  38.006  20.349 0.0000000000
115413  2.249  37.795  20.280 0.0000000000
115425  4.000  38.524  19.216 0.0000000000
115426  3.528  38.307  19.369 0.0000000000
115427  3.080  38.449  19.611 0.0000000000
115428  3.079  38.237  19.489 0.0000000000
115429  2.848  37.823  19.472 0.0000000000
115430  3.381  37.293  18.813 0.0000000000
115444  3.199  38.199  18.717 0.0000000000
115445  3.422  37.681  18.238 0.0000000000
115446  3.387  37.284  17.950 0.0000000000
115447  3.206  37.320  17.442 0.0000000000
115457  3.417  37.622  17.378 0.0000000000
115458  3.255  37.525  16.955 0.0000000000
115459  3.147  37.527  16.535 0.0000000000
115469  3.431  37.831  16.551 0.0000000000
115470  3.254  37.705  16.090 0.0000000000
115471  3.163  37.674  15.752 0.0000000000
115482  3.427  37.985  15.559 0.0000000000
115483  3.304  37.827  15.292 0.0000000000
115484  3.190  37.706  15.139 0.0000000000
115494  3.461  38.010  14.516 0.0000000000
115495  3.327  37.807  14.537 0.0000000000
115500  3.457  37.935  13.225 0.0000000000
115507  3.490  37.575  11.150 0.0000000000
115520  3.511  37.605  9.937 0.0000000000
115521  3.547  37.489  10.198 0.0000000000
115533  3.428  37.602  9.045 0.0000000000
115534  3.489  37.487  9.382 0.0000000000
115535  3.574  36.923  9.175 0.0000000000
115547  3.194  37.491  7.994 0.0000000000
115548  3.360  37.425  8.436 0.0000000000
115549  3.522  36.771  8.320 0.0000000000
115550  3.502  36.466  8.427 0.0000000000
115562  2.437  37.285  6.867 0.0000000000
115563  3.084  37.226  7.283 0.0000000000
115564  3.466  36.653  7.516 0.0000000000
115565  3.564  36.283  7.513 0.0000000000
115574  2.394  37.017  6.321 0.0000000000
115575  3.160  36.544  6.234 0.0000000000
115587  2.150  36.861  5.387 0.0000000000
115588  2.132  36.875  4.549 0.0000000000
115589  2.150  37.439  3.858 0.0000000000
115604  2.679  36.788  3.509 0.0000000000
115605  2.696  37.641  3.111 0.0000000000
115622  3.784  37.362  1.661 0.0000000000
115623  3.437  37.107  2.200 0.0000000000
115624  2.997  37.975  2.506 0.0000000000
115642  4.263  37.126  1.254 0.0000000000
115643  3.979  36.962  1.432 0.0000000000
115644  4.159  36.316  1.833 0.0000000000
115659  4.454  36.896  1.121 0.0000000000
115971  6.773  39.027  34.733 0.0000000000
115972  5.271  39.120  35.119 0.0000000000
115973  3.335  39.301  35.307 0.0000000000
115989  7.679  39.887  33.941 0.0000000000
115990  6.458  40.121  34.059 0.0000000000
115991  4.796  40.139  34.381 0.0000000000
115992  3.495  40.494  34.731 0.0000000000
116005  8.401  40.351  32.943 0.0000000000
116006  7.696  40.635  32.780 0.0000000000
116007  6.750  40.732  32.733 0.0000000000
116008  0.007  38.786  30.694 0.0000000000
116020  8.449  40.486  31.557 0.0000000000
116021  8.031  40.660  31.325 0.0000000000
116022  1.792  37.461  27.404 0.0000000000
116023  1.067  37.900  27.738 0.0000000000
116024  0.296  38.536  29.397 0.0000000000
116033  2.089  37.637  27.076 0.0000000000
116034  1.458  38.499  27.281 0.0000000000
116040  2.687  37.684  26.407 0.0000000000
116044  2.781  37.605  25.389 0.0000000000
116049  1.758  37.326  24.030 0.0000000000
116050  1.211  36.896  23.696 0.0000000000
116061  1.457  37.666  23.465 0.0000000000
116062  1.139  37.227  23.111 0.0000000000
116071  1.390  37.374  22.078 0.0000000000
116074  2.736  37.356  20.714 0.0000000000
116075  2.653  37.191  20.918 0.0000000000
116076  2.204  37.301  21.308 0.0000000000
116078  3.264  37.979  20.466 0.0000000000
116079  2.697  37.692  20.499 0.0000000000
116080  2.567  37.571  20.722 0.0000000000
116083  3.820  38.570  19.612 0.0000000000
116086  4.400  38.854  18.699 0.0000000000
116087  3.935  38.542  18.522 0.0000000000
116088  3.642  38.385  18.853 0.0000000000
116089  3.320  38.327  19.127 0.0000000000
116101  4.469  38.934  17.837 0.0000000000
116102  4.221  38.839  17.421 0.0000000000
116103  3.791  38.723  17.721 0.0000000000
116104  3.674  38.485  18.351 0.0000000000
116105  3.621  38.051  18.155 0.0000000000
116118  4.121  39.092  16.686 0.0000000000
116119  3.914  39.060  16.506 0.0000000000
116120  3.788  38.689  16.922 0.0000000000
116121  3.671  38.023  17.363 0.0000000000
116135  3.905  39.046  15.761 0.0000000000
116136  3.825  38.800  15.477 0.0000000000
116137  3.594  38.295  16.109 0.0000000000
116147  3.689  38.610  14.098 0.0000000000
116148  3.576  38.327  14.890 0.0000000000
116152  3.563  38.437  12.917 0.0000000000
116153  3.556  38.215  13.654 0.0000000000
116156  3.510  38.242  11.867 0.0000000000
116157  3.540  38.017  12.330 0.0000000000
116160  3.379  38.292  10.809 0.0000000000
116161  3.535  38.083  11.032 0.0000000000
116162  3.546  37.846  11.203 0.0000000000
116166  3.131  38.393  9.886 0.0000000000
116167  3.366  38.163  10.081 0.0000000000
116168  3.492  37.858  10.226 0.0000000000
116169  3.530  37.811  10.661 0.0000000000
116177  2.594  38.477  8.861 0.0000000000
116178  3.043  38.215  9.114 0.0000000000
116179  3.345  37.895  9.307 0.0000000000
116180  3.435  37.866  9.749 0.0000000000
116191  2.249  38.105  7.977 0.0000000000
116192  2.939  37.825  8.263 0.0000000000
116193  3.210  37.855  8.784 0.0000000000
116208  2.213  37.632  7.062 0.0000000000
116209  2.523  37.708  7.645 0.0000000000
116221  2.344  37.700  5.869 0.0000000000
116222  2.235  38.177  5.457 0.0000000000
116234  2.291  37.304  5.156 0.0000000000
116235  2.280  37.900  4.746 0.0000000000
116236  2.213  38.231  3.676 0.0000000000
116251  2.827  38.370  3.018 0.0000000000
116269  4.879  38.523  1.862 0.0000000000
116270  4.139  38.015  1.732 0.0000000000
116271  3.436  38.273  2.112 0.0000000000
116272  3.140  38.479  2.569 0.0000000000
116288  4.836  37.973  1.728 0.0000000000
116289  4.228  37.528  1.436 0.0000000000
116308  4.651  37.461  1.400 0.0000000000
116606  2.157  40.250  34.996 0.0000000000
116607  0.790  39.813  34.503 0.0000000000
116624  5.756  40.730  33.237 0.0000000000
116625  4.506  41.171  33.582 0.0000000000
116626  2.860  41.306  34.367 0.0000000000
116627  1.310  40.971  34.176 0.0000000000
116628  -0.167  40.205  33.297 0.0000000000
116641  7.341  40.825  31.700 0.0000000000
116642  6.432  41.217  32.122 0.0000000000
116643  5.518  41.208  32.811 0.0000000000
116644  -0.246  39.969  30.861 0.0000000000
116645  -0.326  40.099  32.030 0.0000000000
116658  8.943  40.669  30.743 0.0000000000
116659  8.497  40.695  30.622 0.0000000000
116660  7.838  40.952  30.772 0.0000000000
116661  7.167  41.076  31.307 0.0000000000
116662  0.625  39.328  28.258 0.0000000000
116663  0.214  39.870  29.552 0.0000000000
116678  8.932  41.073  30.141 0.0000000000
116679  8.425  41.104  30.220 0.0000000000
116680  8.094  41.175  30.375 0.0000000000
116681  2.146  38.356  26.742 0.0000000000
116682  1.386  39.386  27.058 0.0000000000
116696  2.373  38.774  26.058 0.0000000000
116697  1.679  39.590  26.461 0.0000000000
116709  2.864  38.476  24.910 0.0000000000
116718  2.321  38.246  23.844 0.0000000000
116727  1.537  37.948  22.994 0.0000000000
116728  1.129  37.768  22.432 0.0000000000
116733  1.532  38.333  22.353 0.0000000000
116734  1.335  37.973  21.948 0.0000000000
116740  1.572  38.487  21.764 0.0000000000
116741  1.788  38.111  21.277 0.0000000000
116746  3.379  38.198  19.934 0.0000000000
116747  3.079  38.818  20.266 0.0000000000
116748  2.501  38.213  20.236 0.0000000000
116754  3.298  38.473  19.335 0.0000000000
116755  2.913  38.144  19.204 0.0000000000
116756  2.717  38.280  19.127 0.0000000000
116761  3.899  38.531  18.563 0.0000000000
116764  4.366  38.927  17.391 0.0000000000
116765  4.456  39.024  17.622 0.0000000000
116766  4.398  39.082  17.269 0.0000000000
116776  4.403  39.085  17.227 0.0000000000
116777  4.325  39.163  16.893 0.0000000000
116778  4.259  39.234  16.552 0.0000000000
116779  4.056  39.186  16.239 0.0000000000
116796  3.943  39.170  16.137 0.0000000000
116797  3.934  39.238  15.852 0.0000000000
116798  3.849  39.245  15.620 0.0000000000
116799  3.905  39.066  15.175 0.0000000000
116802  3.773  39.318  15.284 0.0000000000
116803  3.790  39.285  14.994 0.0000000000
116804  3.819  39.174  14.659 0.0000000000
116805  3.833  38.944  14.393 0.0000000000
116809  3.626  39.409  14.426 0.0000000000
116810  3.669  39.296  14.059 0.0000000000
116811  3.687  39.087  13.682 0.0000000000
116812  3.647  38.812  13.322 0.0000000000
116815  3.422  39.437  13.493 0.0000000000
116816  3.463  39.233  13.032 0.0000000000
116817  3.541  38.973  12.602 0.0000000000
116818  3.515  38.628  12.270 0.0000000000
116822  3.199  39.436  12.381 0.0000000000
116823  3.271  39.119  11.878 0.0000000000
116824  3.311  38.701  11.467 0.0000000000
116825  3.430  38.405  11.486 0.0000000000
116829  2.790  39.273  11.160 0.0000000000
116830  2.932  38.821  10.636 0.0000000000
116831  3.206  38.488  10.577 0.0000000000
116834  2.442  39.020  9.778 0.0000000000
116835  2.788  38.614  9.655 0.0000000000
116839  2.196  38.791  8.487 0.0000000000
116849  2.117  38.450  7.467 0.0000000000
116850  2.214  38.686  6.827 0.0000000000
116859  2.375  38.250  6.676 0.0000000000
116860  1.903  38.556  5.968 0.0000000000
116861  1.981  39.039  5.270 0.0000000000
116871  1.891  38.496  5.158 0.0000000000
116872  2.126  38.977  4.419 0.0000000000
116886  4.614  39.881  2.098 0.0000000000
116887  4.019  39.654  2.475 0.0000000000
116888  3.342  39.424  2.881 0.0000000000
116889  2.606  39.107  3.369 0.0000000000
116904  5.981  39.476  2.174 0.0000000000
116905  5.111  39.280  2.195 0.0000000000
116906  4.129  38.999  2.107 0.0000000000
116907  3.497  38.939  2.459 0.0000000000
116908  3.056  38.859  2.836 0.0000000000
116924  5.360  38.892  1.873 0.0000000000
117235  4.510  41.713  33.169 0.0000000000
117236  3.690  42.059  33.400 0.0000000000
117237  2.060  41.983  33.600 0.0000000000
117238  0.689  41.582  33.159 0.0000000000
117249  6.208  41.567  31.824 0.0000000000
117250  5.246  41.935  32.482 0.0000000000
117251  3.907  42.835  32.742 0.0000000000
117252  -0.133  40.831  30.995 0.0000000000
117253  0.020  41.225  31.854 0.0000000000
117265  7.802  41.287  30.574 0.0000000000
117266  6.883  41.740  31.190 0.0000000000
117267  5.664  42.721  31.641 0.0000000000
117268  0.349  40.325  29.070 0.0000000000
117269  0.112  41.211  30.204 0.0000000000
117270  0.353  42.234  31.253 0.0000000000
117280  9.216  41.915  30.041 0.0000000000
117281  8.830  41.911  30.025 0.0000000000
117282  8.006  41.810  30.289 0.0000000000
117283  7.315  42.610  30.601 0.0000000000
117284  0.531  40.901  28.284 0.0000000000
117285  0.367  42.045  29.401 0.0000000000
117297  9.634  43.329  30.046 0.0000000000
117298  9.444  43.097  30.059 0.0000000000
117299  9.182  42.767  30.049 0.0000000000
117300  1.755  39.875  26.011 0.0000000000
117301  1.339  40.416  26.890 0.0000000000
117311  2.445  39.462  25.365 0.0000000000
117314  2.724  39.317  24.479 0.0000000000
117326  2.685  38.965  23.273 0.0000000000
117338  2.307  39.122  22.259 0.0000000000
117347  2.092  39.137  21.373 0.0000000000
117348  2.145  38.811  20.378 0.0000000000
117355  2.311  38.636  19.382 0.0000000000
117360  3.343  38.385  18.543 0.0000000000
117361  3.016  38.240  18.597 0.0000000000
117362  2.669  38.541  18.641 0.0000000000
117368  3.783  38.687  17.968 0.0000000000
117369  3.365  38.535  17.969 0.0000000000
117370  2.994  38.512  18.285 0.0000000000
117373  4.555  39.149  17.299 0.0000000000
117374  3.964  39.046  17.292 0.0000000000
117375  3.702  38.664  17.608 0.0000000000
117383  4.520  39.163  17.000 0.0000000000
117384  4.063  39.229  16.569 0.0000000000
117400  3.746  39.224  15.527 0.0000000000
117406  3.375  39.723  14.207 0.0000000000
117407  3.598  39.511  14.667 0.0000000000
117411  3.309  39.663  13.727 0.0000000000
117412  3.446  39.565  13.947 0.0000000000
117415  3.145  39.751  13.332 0.0000000000
117416  3.111  39.679  12.972 0.0000000000
117420  2.755  39.664  11.691 0.0000000000
117423  2.362  39.596  10.466 0.0000000000
117426  2.107  39.694  9.009 0.0000000000
117427  2.171  40.376  8.508 0.0000000000
117435  2.009  39.181  7.781 0.0000000000
117436  2.106  40.331  7.596 0.0000000000
117437  2.226  41.040  6.861 0.0000000000
117444  1.937  38.842  7.222 0.0000000000
117445  2.117  39.435  6.611 0.0000000000
117446  2.212  40.677  6.293 0.0000000000
117449  2.261  39.274  5.806 0.0000000000
117450  2.258  40.082  5.132 0.0000000000
117460  2.747  40.008  3.905 0.0000000000
117476  6.587  41.006  2.263 0.0000000000
117477  5.333  40.770  2.035 0.0000000000
117478  4.418  40.630  2.279 0.0000000000
117479  3.766  40.227  2.843 0.0000000000
117480  3.214  39.855  3.289 0.0000000000
117497  6.102  40.077  2.280 0.0000000000
117839  2.604  42.876  32.918 0.0000000000
117840  1.362  42.390  32.709 0.0000000000
117841  0.596  41.985  32.509 0.0000000000
117854  4.608  43.182  32.184 0.0000000000
117855  3.317  43.623  32.119 0.0000000000
117856  1.608  43.426  31.948 0.0000000000
117857  0.688  42.430  32.006 0.0000000000
117869  6.442  43.309  30.979 0.0000000000
117870  5.117  43.676  31.603 0.0000000000
117871  4.195  43.706  31.815 0.0000000000
117872  0.741  43.022  30.486 0.0000000000
117873  0.725  42.880  31.482 0.0000000000
117890  8.539  42.661  30.173 0.0000000000
117891  7.935  43.336  30.422 0.0000000000
117892  7.226  43.365  30.623 0.0000000000
117893  1.093  41.549  27.432 0.0000000000
117894  0.896  42.662  28.652 0.0000000000
117910  9.841  44.033  29.765 0.0000000000
117911  9.450  43.821  29.795 0.0000000000
117912  8.941  43.344  29.969 0.0000000000
117913  8.517  43.425  30.182 0.0000000000
117914  1.856  40.136  25.576 0.0000000000
117915  1.575  41.216  26.228 0.0000000000
117916  1.360  42.439  27.432 0.0000000000
117934  2.095  40.237  25.080 0.0000000000
117935  1.837  41.251  25.145 0.0000000000
117947  2.442  40.444  24.189 0.0000000000
117948  1.913  41.259  24.615 0.0000000000
117960  2.873  40.085  23.039 0.0000000000
117966  2.754  40.004  22.194 0.0000000000
117971  2.730  40.211  21.643 0.0000000000
117972  2.657  40.009  20.885 0.0000000000
117981  2.371  39.668  19.792 0.0000000000
117990  2.446  39.407  18.817 0.0000000000
117997  3.246  38.705  17.681 0.0000000000
117998  2.803  38.970  17.931 0.0000000000
118001  3.740  38.943  17.026 0.0000000000
118002  3.406  38.863  17.228 0.0000000000
118003  2.564  39.784  17.111 0.0000000000
118010  3.703  38.992  16.653 0.0000000000
118011  3.080  39.649  16.259 0.0000000000
118012  2.381  40.432  16.398 0.0000000000
118018  3.597  39.363  15.767 0.0000000000
118019  3.112  40.170  15.214 0.0000000000
118025  3.304  39.945  14.301 0.0000000000
118026  3.380  39.872  14.543 0.0000000000
118027  2.941  40.523  14.408 0.0000000000
118032  3.312  39.814  13.983 0.0000000000
118033  3.051  40.038  13.627 0.0000000000
118037  3.183  39.804  13.568 0.0000000000
118038  2.748  39.986  12.929 0.0000000000
118039  2.283  40.321  12.148 0.0000000000
118043  2.498  39.967  12.044 0.0000000000
118044  2.012  40.498  11.297 0.0000000000
118048  2.161  40.002  10.987 0.0000000000
118049  1.929  40.681  10.150 0.0000000000
118050  1.941  41.295  9.275 0.0000000000
118054  2.134  40.076  9.986 0.0000000000
118055  2.094  40.622  9.102 0.0000000000
118056  2.042  41.589  8.361 0.0000000000
118065  2.134  40.879  8.193 0.0000000000
118066  2.054  41.589  7.227 0.0000000000
118073  2.317  41.691  6.190 0.0000000000
118081  2.791  41.523  5.262 0.0000000000
118097  6.858  42.425  2.753 0.0000000000
118098  6.243  42.633  2.464 0.0000000000
118099  5.098  42.849  2.143 0.0000000000
118100  4.197  42.597  2.507 0.0000000000
118101  3.409  41.631  3.869 0.0000000000
118116  7.214  42.024  2.642 0.0000000000
118117  5.813  41.956  2.054 0.0000000000
118118  4.751  41.830  2.102 0.0000000000
118119  3.967  41.300  2.677 0.0000000000
118120  3.504  40.581  3.380 0.0000000000
118472  3.268  43.918  31.664 0.0000000000
118473  2.763  43.957  31.627 0.0000000000
118485  6.388  43.994  30.791 0.0000000000
118486  5.638  44.320  30.927 0.0000000000
118487  3.783  44.248  31.326 0.0000000000
118488  2.137  44.255  30.889 0.0000000000
118501  7.790  44.083  30.305 0.0000000000
118502  6.985  44.326  30.421 0.0000000000
118503  5.857  45.121  30.341 0.0000000000
118504  1.578  44.076  29.641 0.0000000000
118517  10.305  45.120  29.078 0.0000000000
118518  9.863  44.968  29.237 0.0000000000
118519  9.233  44.768  29.495 0.0000000000
118520  8.252  44.542  29.966 0.0000000000
118521  7.360  45.387  29.791 0.0000000000
118522  1.501  42.761  26.927 0.0000000000
118523  1.422  43.862  28.140 0.0000000000
118536  1.643  42.455  26.005 0.0000000000
118544  1.943  41.344  24.246 0.0000000000
118545  1.673  42.163  24.953 0.0000000000
118548  10.632  44.325  23.699 0.0000000000
118549  10.491  44.228  23.533 0.0000000000
118550  2.343  41.047  23.527 0.0000000000
118551  1.655  42.074  24.040 0.0000000000
118553  10.700  44.204  23.501 0.0000000000
118554  10.576  44.055  23.345 0.0000000000
118555  2.641  40.768  22.626 0.0000000000
118556  1.900  41.746  23.035 0.0000000000
118558  2.730  40.594  22.082 0.0000000000
118559  2.483  41.232  21.842 0.0000000000
118562  2.495  41.164  20.554 0.0000000000
118572  2.279  40.867  19.344 0.0000000000
118586  2.163  40.495  18.083 0.0000000000
118590  1.982  41.055  17.049 0.0000000000
118597  2.539  40.693  15.615 0.0000000000
118598  1.993  41.533  16.121 0.0000000000
118602  2.521  41.007  14.716 0.0000000000
118603  2.056  41.824  15.137 0.0000000000
118608  2.745  40.511  13.725 0.0000000000
118609  2.387  41.246  13.829 0.0000000000
118610  1.997  42.114  14.129 0.0000000000
118614  2.463  40.486  12.936 0.0000000000
118615  2.059  41.348  12.841 0.0000000000
118616  1.873  42.438  13.016 0.0000000000
118620  2.359  40.411  12.480 0.0000000000
118621  1.970  41.158  11.778 0.0000000000
118622  1.791  42.878  11.586 0.0000000000
118626  1.814  41.391  10.398 0.0000000000
118627  1.765  42.685  10.259 0.0000000000
118631  1.857  41.388  9.723 0.0000000000
118632  1.865  42.455  8.919 0.0000000000
118642  2.034  42.872  7.290 0.0000000000
118651  2.438  42.735  6.235 0.0000000000
118660  2.944  42.571  5.368 0.0000000000
118671  6.517  43.961  3.672 0.0000000000
118672  5.014  44.233  3.312 0.0000000000
118673  3.972  44.191  3.256 0.0000000000
118674  3.516  43.565  3.745 0.0000000000
118675  3.311  42.617  4.441 0.0000000000
118689  7.149  42.773  3.269 0.0000000000
118690  5.651  43.439  2.774 0.0000000000
118691  4.478  43.673  2.548 0.0000000000
118692  3.806  43.277  3.136 0.0000000000
118693  3.469  42.920  3.681 0.0000000000
119040  4.625  45.161  30.492 0.0000000000
119041  3.102  45.034  30.390 0.0000000000
119042  2.253  44.717  30.072 0.0000000000
119050  6.491  45.597  29.885 0.0000000000
119051  5.389  45.914  29.726 0.0000000000
119052  3.917  45.838  29.844 0.0000000000
119053  2.268  45.382  29.311 0.0000000000
119063  10.306  45.962  28.332 0.0000000000
119064  9.661  45.948  28.666 0.0000000000
119065  8.792  45.873  29.020 0.0000000000
119066  7.883  45.942  29.249 0.0000000000
119067  6.899  46.236  29.211 0.0000000000
119068  6.179  46.140  29.486 0.0000000000
119069  1.422  43.811  26.945 0.0000000000
119070  1.488  45.262  27.866 0.0000000000
119080  10.548  45.945  26.947 0.0000000000
119081  9.937  46.193  27.341 0.0000000000
119082  9.100  46.473  27.764 0.0000000000
119083  8.021  46.530  28.228 0.0000000000
119084  7.501  46.412  28.771 0.0000000000
119085  1.325  43.561  25.869 0.0000000000
119086  1.070  45.019  26.667 0.0000000000
119097  10.730  45.324  25.355 0.0000000000
119098  10.177  45.774  25.825 0.0000000000
119099  9.368  46.238  26.288 0.0000000000
119100  8.209  46.589  26.736 0.0000000000
119101  7.534  46.730  26.193 0.0000000000
119102  1.096  43.318  24.788 0.0000000000
119103  0.658  44.767  25.573 0.0000000000
119108  10.787  44.567  24.023 0.0000000000
119109  10.373  44.782  24.220 0.0000000000
119110  9.598  45.537  24.827 0.0000000000
119111  8.769  46.149  25.294 0.0000000000
119112  7.944  46.461  25.444 0.0000000000
119113  1.165  43.060  23.676 0.0000000000
119114  0.422  44.465  24.431 0.0000000000
119118  10.746  44.078  23.124 0.0000000000
119119  10.352  44.183  23.262 0.0000000000
119120  9.722  44.690  23.611 0.0000000000
119121  8.802  45.514  23.997 0.0000000000
119122  8.318  46.052  24.711 0.0000000000
119123  1.406  42.733  22.524 0.0000000000
119124  0.485  44.154  23.237 0.0000000000
119128  10.739  44.005  22.088 0.0000000000
119129  10.324  43.954  22.408 0.0000000000
119130  9.822  44.190  22.680 0.0000000000
119131  9.210  44.696  22.901 0.0000000000
119132  1.658  42.444  21.295 0.0000000000
119133  0.599  43.827  22.002 0.0000000000
119135  10.647  44.795  20.810 0.0000000000
119136  10.555  44.394  21.289 0.0000000000
119137  10.310  44.134  21.610 0.0000000000
119138  9.776  44.277  21.768 0.0000000000
119139  9.484  44.417  22.273 0.0000000000
119140  1.637  42.249  20.037 0.0000000000
119141  0.770  43.568  20.743 0.0000000000
119146  10.604  44.970  20.396 0.0000000000
119147  10.459  44.736  20.614 0.0000000000
119148  10.225  44.431  20.934 0.0000000000
119149  10.024  44.322  21.265 0.0000000000
119150  1.592  42.009  18.806 0.0000000000
119151  0.906  43.427  19.496 0.0000000000
119166  1.658  41.881  17.796 0.0000000000
119167  1.173  43.353  18.164 0.0000000000
119172  1.495  42.805  16.950 0.0000000000
119173  1.253  43.749  17.459 0.0000000000
119178  1.760  42.989  15.706 0.0000000000
119182  1.812  43.195  14.588 0.0000000000
119187  1.788  43.556  13.443 0.0000000000
119191  1.742  44.001  12.178 0.0000000000
119195  1.463  44.504  10.977 0.0000000000
119200  1.400  44.294  10.008 0.0000000000
119209  1.625  44.228  8.781 0.0000000000
119218  7.131  45.220  7.246 0.0000000000
119219  6.481  45.655  6.848 0.0000000000
119220  3.297  45.534  6.712 0.0000000000
119221  2.409  44.599  7.245 0.0000000000
119228  7.988  44.573  7.088 0.0000000000
119229  7.317  45.000  6.862 0.0000000000
119230  5.455  45.820  5.988 0.0000000000
119231  3.719  45.649  5.829 0.0000000000
119232  2.921  44.015  6.168 0.0000000000
119244  8.765  44.378  6.522 0.0000000000
119245  8.178  44.443  6.624 0.0000000000
119246  6.546  45.157  5.492 0.0000000000
119247  4.852  45.439  4.914 0.0000000000
119248  3.707  44.880  4.890 0.0000000000
119249  3.202  43.607  5.277 0.0000000000
119259  8.734  44.255  6.009 0.0000000000
119260  7.593  44.321  4.995 0.0000000000
119261  5.762  44.769  4.301 0.0000000000
119262  4.388  44.813  3.986 0.0000000000
119263  3.669  44.209  4.151 0.0000000000
119264  3.338  43.369  4.570 0.0000000000
119273  7.815  43.297  4.295 0.0000000000
119660  5.322  46.283  29.339 0.0000000000
119661  4.717  46.309  29.274 0.0000000000
119662  3.517  46.296  29.145 0.0000000000
119670  6.594  46.518  28.851 0.0000000000
119671  5.790  46.497  28.979 0.0000000000
119672  4.286  46.678  28.512 0.0000000000
119673  2.681  46.346  28.302 0.0000000000
119683  7.576  46.581  28.051 0.0000000000
119684  6.968  46.575  28.274 0.0000000000
119685  5.492  46.905  27.753 0.0000000000
119686  3.631  46.959  27.267 0.0000000000
119687  1.860  46.272  27.072 0.0000000000
119699  7.583  46.657  27.655 0.0000000000
119700  6.887  46.832  26.947 0.0000000000
119701  5.258  47.239  26.311 0.0000000000
119702  3.635  47.366  26.198 0.0000000000
119703  1.111  45.978  26.124 0.0000000000
119709  6.901  46.818  25.632 0.0000000000
119710  5.919  47.256  24.839 0.0000000000
119711  0.619  46.069  25.043 0.0000000000
119712  0.605  46.628  24.255 0.0000000000
119716  8.319  45.601  23.727 0.0000000000
119717  7.672  46.206  24.140 0.0000000000
119718  6.344  47.008  23.505 0.0000000000
119719  0.209  45.560  23.910 0.0000000000
119720  0.396  46.586  23.534 0.0000000000
119724  8.464  45.406  23.174 0.0000000000
119725  7.609  45.978  22.709 0.0000000000
119726  6.552  46.916  22.352 0.0000000000
119727  0.152  45.453  22.708 0.0000000000
119728  0.336  46.777  22.797 0.0000000000
119733  9.481  44.545  21.454 0.0000000000
119734  8.908  44.977  21.883 0.0000000000
119735  7.591  46.055  21.549 0.0000000000
119736  6.565  47.001  21.439 0.0000000000
119737  0.336  45.014  21.400 0.0000000000
119741  10.813  45.356  20.112 0.0000000000
119742  10.564  45.118  20.070 0.0000000000
119743  10.255  44.801  20.172 0.0000000000
119744  9.575  44.722  20.800 0.0000000000
119745  8.378  45.517  20.703 0.0000000000
119746  7.252  46.471  20.613 0.0000000000
119747  6.385  47.287  20.898 0.0000000000
119748  0.441  44.815  20.219 0.0000000000
119763  10.830  45.557  19.610 0.0000000000
119764  10.515  45.434  19.513 0.0000000000
119765  9.868  45.264  19.604 0.0000000000
119766  8.948  45.570  19.858 0.0000000000
119767  7.945  46.151  19.937 0.0000000000
119768  7.146  46.747  19.957 0.0000000000
119769  0.478  44.835  19.012 0.0000000000
119781  1.310  43.987  17.094 0.0000000000
119782  0.668  44.902  17.580 0.0000000000
119788  1.365  44.571  16.348 0.0000000000
119789  0.842  45.669  16.848 0.0000000000
119793  1.733  44.426  15.114 0.0000000000
119797  1.637  44.744  13.997 0.0000000000
119801  1.488  45.213  12.704 0.0000000000
119806  1.204  45.588  11.296 0.0000000000
119813  1.184  45.686  10.032 0.0000000000
119819  8.336  45.688  8.639 0.0000000000
119820  7.314  45.951  8.280 0.0000000000
119821  5.886  46.436  7.755 0.0000000000
119822  4.314  46.577  7.556 0.0000000000
119823  3.462  46.333  7.709 0.0000000000
119824  1.528  45.523  8.903 0.0000000000
119832  8.909  45.385  8.293 0.0000000000
119833  7.951  45.398  7.942 0.0000000000
119834  6.871  45.680  7.476 0.0000000000
119835  5.078  46.365  6.721 0.0000000000
119836  3.232  45.971  7.247 0.0000000000
119837  2.058  45.467  7.924 0.0000000000
119851  9.069  44.988  7.562 0.0000000000
119852  8.278  44.809  7.442 0.0000000000
119853  7.571  45.081  7.465 0.0000000000
119854  4.454  46.076  6.175 0.0000000000
119855  3.879  46.137  6.393 0.0000000000
119871  9.088  44.504  6.825 0.0000000000
119872  8.740  44.599  7.165 0.0000000000
120301  2.500  46.911  26.355 0.0000000000
120302  1.709  46.494  26.327 0.0000000000
120314  4.210  47.669  25.308 0.0000000000
120315  2.695  47.555  25.541 0.0000000000
120316  1.600  46.824  25.717 0.0000000000
120322  4.744  47.830  24.155 0.0000000000
120323  3.110  48.094  24.574 0.0000000000
120324  1.459  47.437  24.623 0.0000000000
120325  0.812  47.133  23.974 0.0000000000
120330  5.220  47.790  23.048 0.0000000000
120331  3.548  48.305  23.487 0.0000000000
120332  2.228  48.201  23.811 0.0000000000
120333  1.083  47.600  23.381 0.0000000000
120337  5.575  47.748  22.117 0.0000000000
120338  4.303  48.337  22.655 0.0000000000
120339  0.257  46.369  21.906 0.0000000000
120340  0.623  47.491  22.313 0.0000000000
120344  5.654  47.755  21.392 0.0000000000
120345  4.751  48.440  21.935 0.0000000000
120346  0.252  46.075  20.847 0.0000000000
120347  0.317  47.252  21.331 0.0000000000
120349  11.345  46.148  19.507 0.0000000000
120350  11.032  45.816  19.526 0.0000000000
120351  6.542  47.299  20.370 0.0000000000
120352  5.601  48.175  20.910 0.0000000000
120353  5.123  48.467  21.469 0.0000000000
120354  0.161  46.023  19.830 0.0000000000
120355  0.196  46.951  20.383 0.0000000000
120364  11.603  46.561  19.019 0.0000000000
120365  11.164  46.265  18.968 0.0000000000
120366  10.294  45.964  18.926 0.0000000000
120367  9.365  46.064  19.105 0.0000000000
120368  8.351  46.408  19.350 0.0000000000
120369  7.415  46.826  19.534 0.0000000000
120370  6.560  47.711  19.936 0.0000000000
120371  6.028  47.935  20.354 0.0000000000
120372  0.080  46.710  18.839 0.0000000000
120373  0.148  46.789  19.725 0.0000000000
120387  11.136  47.030  18.631 0.0000000000
120388  10.668  46.871  18.673 0.0000000000
120389  9.804  46.899  18.757 0.0000000000
120390  8.717  47.162  18.944 0.0000000000
120391  7.620  47.433  19.292 0.0000000000
120392  7.024  47.549  19.540 0.0000000000
120393  0.357  46.726  17.325 0.0000000000
120405  1.447  45.569  15.400 0.0000000000
120406  1.045  46.506  16.132 0.0000000000
120417  1.512  45.632  14.579 0.0000000000
120418  1.406  46.895  14.850 0.0000000000
120427  1.201  46.702  13.491 0.0000000000
120428  1.277  47.542  14.110 0.0000000000
120437  1.206  46.889  11.850 0.0000000000
120447  10.106  46.940  11.194 0.0000000000
120448  9.236  47.009  10.861 0.0000000000
120449  8.101  47.342  10.430 0.0000000000
120450  6.811  47.894  9.966 0.0000000000
120451  1.446  46.937  10.488 0.0000000000
120462  9.706  46.405  10.478 0.0000000000
120463  8.688  46.509  10.041 0.0000000000
120464  7.397  47.047  9.534 0.0000000000
120465  5.652  47.675  9.190 0.0000000000
120466  4.000  47.461  8.908 0.0000000000
120467  2.201  46.922  9.149 0.0000000000
120482  9.192  45.803  9.450 0.0000000000
120483  8.013  46.268  9.081 0.0000000000
120484  6.595  46.857  8.556 0.0000000000
120485  4.971  47.138  8.191 0.0000000000
120486  3.432  46.673  8.216 0.0000000000
120487  2.329  46.129  8.252 0.0000000000
120502  9.458  45.578  8.824 0.0000000000
120503  2.961  46.191  7.830 0.0000000000
120504  2.612  45.910  7.812 0.0000000000
120976  3.103  48.467  23.243 0.0000000000
120977  2.692  48.477  23.261 0.0000000000
120978  1.919  48.303  23.182 0.0000000000
120983  3.214  48.529  22.958 0.0000000000
120984  2.444  48.588  22.738 0.0000000000
120985  1.479  48.225  22.571 0.0000000000
120991  3.471  48.723  22.314 0.0000000000
120992  2.260  48.814  22.022 0.0000000000
120993  0.990  48.240  21.701 0.0000000000
120998  5.019  48.750  21.006 0.0000000000
120999  4.055  49.105  21.451 0.0000000000
121000  1.659  49.073  21.083 0.0000000000
121001  0.391  48.079  20.699 0.0000000000
121008  11.699  46.917  18.855 0.0000000000
121009  6.111  48.382  20.009 0.0000000000
121010  5.319  48.916  20.502 0.0000000000
121011  2.737  49.988  20.416 0.0000000000
121012  0.659  48.718  19.572 0.0000000000
121013  0.116  47.497  19.845 0.0000000000
121020  11.838  47.593  18.830 0.0000000000
121021  11.449  47.552  18.725 0.0000000000
121022  10.933  47.925  18.625 0.0000000000
121023  10.229  47.893  18.651 0.0000000000
121024  9.272  48.270  18.802 0.0000000000
121025  7.992  48.968  19.161 0.0000000000
121026  6.385  48.897  19.672 0.0000000000
121027  4.362  50.354  19.863 0.0000000000
121028  2.788  50.571  19.307 0.0000000000
121029  0.324  48.187  18.101 0.0000000000
121037  10.538  48.737  18.660 0.0000000000
121038  9.854  49.228  18.698 0.0000000000
121039  8.853  49.801  18.744 0.0000000000
121040  7.917  50.360  18.789 0.0000000000
121041  0.759  48.190  16.850 0.0000000000
121050  1.248  48.218  15.594 0.0000000000
121059  1.617  48.228  13.649 0.0000000000
121060  1.457  48.257  14.535 0.0000000000
121072  10.701  48.241  12.253 0.0000000000
121073  10.058  48.339  12.196 0.0000000000
121074  9.126  48.540  12.007 0.0000000000
121075  7.934  48.840  11.700 0.0000000000
121076  6.506  49.046  11.460 0.0000000000
121077  5.563  49.152  11.398 0.0000000000
121078  1.790  48.200  12.511 0.0000000000
121091  10.449  47.563  11.767 0.0000000000
121092  9.680  47.624  11.567 0.0000000000
121093  8.645  47.873  11.232 0.0000000000
121094  7.282  48.305  10.798 0.0000000000
121095  5.157  48.496  10.514 0.0000000000
121096  3.171  48.542  10.525 0.0000000000
121097  2.103  48.210  11.109 0.0000000000
121113  4.548  47.918  9.536 0.0000000000
121114  3.486  47.929  9.705 0.0000000000
121115  2.306  47.817  10.084 0.0000000000
121619  1.672  49.730  18.978 0.0000000000
121620  0.914  48.965  18.600 0.0000000000
121625  11.725  48.626  18.679 0.0000000000
121626  11.211  49.228  18.515 0.0000000000
121627  10.857  48.928  18.591 0.0000000000
121628  6.866  50.439  19.028 0.0000000000
121629  5.323  50.981  19.138 0.0000000000
121630  3.594  51.148  18.687 0.0000000000
121631  2.260  50.516  18.138 0.0000000000
121632  1.375  49.184  17.868 0.0000000000
121637  11.018  50.306  18.145 0.0000000000
121638  10.505  50.041  18.385 0.0000000000
121639  9.429  50.542  18.157 0.0000000000
121640  8.391  50.879  18.204 0.0000000000
121641  7.297  51.019  18.194 0.0000000000
121642  6.003  51.279  18.043 0.0000000000
121643  4.471  51.694  17.788 0.0000000000
121644  3.019  51.314  17.270 0.0000000000
121645  1.901  49.898  16.493 0.0000000000
121651  1.887  49.368  15.012 0.0000000000
121658  11.543  50.238  13.664 0.0000000000
121659  10.848  50.297  13.461 0.0000000000
121660  9.978  50.519  13.320 0.0000000000
121661  8.982  50.539  13.269 0.0000000000
121662  7.883  50.392  13.249 0.0000000000
121663  6.632  50.298  13.219 0.0000000000
121664  5.294  50.394  13.281 0.0000000000
121665  4.426  50.592  13.323 0.0000000000
121666  2.326  49.497  13.265 0.0000000000
121667  1.907  49.090  14.122 0.0000000000
121678  10.456  49.268  12.667 0.0000000000
121679  9.571  49.514  12.563 0.0000000000
121680  8.489  49.606  12.511 0.0000000000
121681  7.219  49.631  12.401 0.0000000000
121682  5.748  49.632  12.269 0.0000000000
121683  4.172  49.969  12.434 0.0000000000
121684  2.721  49.402  11.925 0.0000000000
121695  4.833  49.293  11.553 0.0000000000
121696  3.714  49.190  11.262 0.0000000000
121697  2.815  49.014  11.055 0.0000000000
122170  11.598  49.794  18.425 0.0000000000
122173  11.777  50.604  17.791 0.0000000000
122174  11.371  50.654  17.754 0.0000000000
122175  10.837  51.053  17.346 0.0000000000
122176  9.900  51.453  16.983 0.0000000000
122177  8.815  51.388  17.311 0.0000000000
122178  7.800  51.240  17.354 0.0000000000
122179  6.676  51.330  17.253 0.0000000000
122180  5.357  51.765  16.741 0.0000000000
122181  3.858  51.874  16.402 0.0000000000
122182  2.892  51.241  16.065 0.0000000000
122188  11.661  51.283  16.699 0.0000000000
122189  11.331  51.416  16.276 0.0000000000
122190  10.675  51.630  15.890 0.0000000000
122191  9.913  51.745  15.495 0.0000000000
122192  4.651  51.789  15.547 0.0000000000
122193  3.495  51.486  15.176 0.0000000000
122194  2.546  50.604  15.123 0.0000000000
122201  11.816  51.109  14.983 0.0000000000
122202  11.171  51.139  14.704 0.0000000000
122203  10.383  51.226  14.462 0.0000000000
122204  9.390  51.402  14.326 0.0000000000
122205  8.418  51.139  14.065 0.0000000000
122206  7.388  50.851  14.089 0.0000000000
122207  6.157  50.680  14.213 0.0000000000
122208  4.610  51.200  14.266 0.0000000000
122209  3.082  50.699  13.971 0.0000000000
122210  2.305  49.950  14.257 0.0000000000
122218  3.822  50.643  13.332 0.0000000000
122219  3.172  50.131  12.935 0.0000000000
122723  9.529  51.818  16.050 0.0000000000
122724  9.038  51.827  16.316 0.0000000000
122725  8.178  51.520  16.473 0.0000000000
122726  7.236  51.328  16.517 0.0000000000
122727  6.343  51.361  16.449 0.0000000000
122733  11.888  51.210  16.896 0.0000000000
122734  9.200  51.871  15.399 0.0000000000
122735  8.486  51.690  15.571 0.0000000000
122736  7.615  51.397  15.696 0.0000000000
122737  6.667  51.282  15.766 0.0000000000
122738  5.759  51.444  15.809 0.0000000000
122744  11.822  51.327  16.061 0.0000000000
122745  8.715  51.648  14.799 0.0000000000
122746  7.973  51.414  14.825 0.0000000000
122747  6.987  51.116  14.946 0.0000000000
122748  5.945  51.108  15.057 0.0000000000
122749  5.281  51.466  15.143 0.0000000000
