#!ascii label  , from subject bert vox2ras=TkReg
488
96456  23.871  8.109  -10.792 0.0000000000
96457  23.951  8.539  -10.286 0.0000000000
96473  21.037  8.165  -12.252 0.0000000000
97284  24.570  9.056  -11.241 0.0000000000
97294  23.999  9.137  -10.964 0.0000000000
97295  23.960  9.269  -10.423 0.0000000000
97296  23.720  9.217  -10.386 0.0000000000
97308  23.004  9.143  -10.078 0.0000000000
97314  21.623  9.586  -10.374 0.0000000000
98079  25.035  10.603  -11.102 0.0000000000
98080  24.644  10.785  -11.403 0.0000000000
98081  24.472  11.331  -11.412 0.0000000000
98089  24.019  10.315  -10.900 0.0000000000
98090  24.121  10.769  -10.784 0.0000000000
98091  23.570  10.247  -10.356 0.0000000000
98105  22.848  10.652  -10.803 0.0000000000
98850  26.210  13.226  -11.642 0.0000000000
98851  25.583  12.502  -11.349 0.0000000000
98852  25.354  12.420  -11.339 0.0000000000
98853  24.951  12.030  -11.145 0.0000000000
98860  25.406  12.837  -11.844 0.0000000000
98861  24.782  12.487  -12.076 0.0000000000
99590  27.960  14.587  -12.167 0.0000000000
99591  27.442  13.997  -11.897 0.0000000000
99598  27.914  14.660  -12.478 0.0000000000
99599  26.979  13.850  -12.354 0.0000000000
99600  26.303  13.551  -12.159 0.0000000000
99601  25.914  13.395  -12.205 0.0000000000
99607  27.896  14.815  -13.191 0.0000000000
99608  27.292  14.235  -13.266 0.0000000000
99609  26.711  13.926  -13.297 0.0000000000
99610  25.824  13.623  -13.113 0.0000000000
99618  27.896  15.049  -13.819 0.0000000000
99619  27.495  14.772  -14.048 0.0000000000
99620  26.830  14.499  -14.231 0.0000000000
99621  25.827  14.477  -14.431 0.0000000000
99622  24.578  14.272  -14.936 0.0000000000
99632  23.383  14.949  -16.573 0.0000000000
100307  28.736  14.096  -10.899 0.0000000000
100308  27.967  13.724  -11.129 0.0000000000
100325  28.919  14.674  -11.331 0.0000000000
100326  28.044  14.038  -11.422 0.0000000000
100337  28.484  15.023  -12.032 0.0000000000
100338  28.229  14.478  -11.713 0.0000000000
100347  29.071  16.334  -13.057 0.0000000000
100348  28.563  15.608  -12.993 0.0000000000
100352  29.065  16.804  -14.084 0.0000000000
100353  28.942  16.505  -13.816 0.0000000000
100354  28.419  15.686  -13.864 0.0000000000
100361  29.021  16.814  -14.332 0.0000000000
100362  28.774  16.474  -14.563 0.0000000000
100363  28.175  15.788  -14.492 0.0000000000
100364  27.584  15.553  -14.743 0.0000000000
100365  26.725  15.554  -15.069 0.0000000000
100366  25.481  15.588  -15.538 0.0000000000
100367  24.363  15.547  -16.249 0.0000000000
100377  28.624  16.542  -15.068 0.0000000000
100378  28.270  16.394  -15.221 0.0000000000
100379  27.679  16.320  -15.393 0.0000000000
100380  26.948  16.505  -15.505 0.0000000000
100381  24.718  16.392  -16.409 0.0000000000
100382  23.412  16.674  -17.567 0.0000000000
100383  22.844  17.751  -18.625 0.0000000000
100391  22.522  17.051  -19.342 0.0000000000
100392  22.499  17.973  -19.244 0.0000000000
100402  22.774  16.952  -20.662 0.0000000000
101096  29.863  16.096  -12.141 0.0000000000
101099  30.055  16.843  -12.609 0.0000000000
101100  29.603  16.557  -12.654 0.0000000000
101106  29.582  17.086  -13.143 0.0000000000
101107  29.228  16.757  -13.432 0.0000000000
101112  29.231  17.057  -14.006 0.0000000000
101113  29.134  16.785  -13.788 0.0000000000
101121  29.128  17.177  -14.883 0.0000000000
101122  28.933  16.911  -15.202 0.0000000000
101123  26.216  16.330  -15.552 0.0000000000
101124  25.524  16.618  -16.002 0.0000000000
101135  29.266  17.255  -15.582 0.0000000000
101136  28.969  17.046  -15.779 0.0000000000
101137  28.428  16.913  -15.891 0.0000000000
101138  27.652  17.066  -15.936 0.0000000000
101139  26.265  17.186  -15.917 0.0000000000
101140  24.735  17.418  -16.800 0.0000000000
101141  23.405  17.994  -17.966 0.0000000000
101142  22.758  18.372  -18.832 0.0000000000
101152  29.004  17.273  -16.350 0.0000000000
101153  28.576  17.341  -16.453 0.0000000000
101154  27.900  17.630  -16.302 0.0000000000
101155  22.460  17.770  -19.880 0.0000000000
101156  22.523  18.324  -19.531 0.0000000000
101166  23.172  16.775  -21.257 0.0000000000
101167  22.528  17.806  -20.235 0.0000000000
101168  22.508  18.247  -19.765 0.0000000000
101846  30.321  17.690  -12.838 0.0000000000
101847  30.141  17.245  -12.757 0.0000000000
101855  30.018  18.026  -13.312 0.0000000000
101856  29.651  17.699  -13.583 0.0000000000
101865  29.651  17.980  -15.060 0.0000000000
101866  29.483  17.777  -14.728 0.0000000000
101875  29.754  17.896  -15.353 0.0000000000
101876  29.639  17.608  -15.636 0.0000000000
101887  29.672  17.498  -16.217 0.0000000000
101888  29.409  17.444  -16.452 0.0000000000
101889  26.992  17.732  -15.967 0.0000000000
101890  25.727  18.221  -16.613 0.0000000000
101891  24.297  18.449  -17.624 0.0000000000
101892  23.313  18.682  -18.541 0.0000000000
101893  22.730  18.782  -19.164 0.0000000000
101904  29.833  17.627  -16.790 0.0000000000
101905  29.322  17.598  -16.912 0.0000000000
101906  28.520  17.904  -16.702 0.0000000000
101907  27.100  18.544  -16.033 0.0000000000
101908  25.820  18.928  -16.931 0.0000000000
101909  22.599  18.678  -19.564 0.0000000000
101916  23.586  16.737  -21.424 0.0000000000
101917  22.976  17.590  -19.970 0.0000000000
101918  22.625  18.067  -19.535 0.0000000000
101919  22.552  18.526  -19.736 0.0000000000
101929  23.745  16.303  -21.815 0.0000000000
101962  23.458  14.805  -27.426 0.0000000000
102554  30.913  17.665  -12.520 0.0000000000
102565  31.225  18.346  -12.586 0.0000000000
102566  30.575  18.245  -12.959 0.0000000000
102577  29.789  18.386  -13.971 0.0000000000
102578  29.558  18.009  -14.203 0.0000000000
102588  29.825  18.267  -15.031 0.0000000000
102589  29.631  18.106  -14.493 0.0000000000
102595  30.148  17.973  -16.025 0.0000000000
102596  29.994  17.687  -16.211 0.0000000000
102605  30.505  18.318  -16.657 0.0000000000
102606  30.214  17.855  -16.680 0.0000000000
102607  24.902  18.881  -17.493 0.0000000000
102608  23.914  19.045  -18.371 0.0000000000
102609  23.058  18.951  -19.005 0.0000000000
102610  22.663  18.904  -19.450 0.0000000000
102617  30.451  18.461  -17.056 0.0000000000
102618  29.990  18.233  -17.249 0.0000000000
102619  29.241  18.233  -17.263 0.0000000000
102620  28.194  18.810  -16.459 0.0000000000
102621  26.490  19.503  -16.528 0.0000000000
102622  24.742  19.393  -17.927 0.0000000000
102623  23.340  19.089  -18.971 0.0000000000
102624  22.782  18.869  -19.249 0.0000000000
102625  22.690  18.838  -19.672 0.0000000000
102633  29.756  18.611  -17.645 0.0000000000
102634  29.069  19.173  -17.188 0.0000000000
102635  27.400  20.193  -16.177 0.0000000000
102636  25.624  19.770  -17.579 0.0000000000
102637  23.596  18.585  -19.759 0.0000000000
102638  22.910  18.377  -19.350 0.0000000000
102639  22.646  18.536  -19.437 0.0000000000
102640  22.555  18.752  -19.839 0.0000000000
102650  24.278  15.456  -22.468 0.0000000000
102651  23.468  17.100  -21.237 0.0000000000
102658  24.303  15.447  -22.923 0.0000000000
102659  23.294  16.710  -22.431 0.0000000000
102668  23.993  15.177  -23.914 0.0000000000
102669  22.950  16.344  -24.001 0.0000000000
102680  23.498  15.012  -25.251 0.0000000000
102681  22.632  16.120  -25.680 0.0000000000
102682  22.641  16.860  -26.474 0.0000000000
102689  23.027  15.049  -26.463 0.0000000000
102690  23.090  15.931  -27.561 0.0000000000
102691  23.187  17.262  -27.717 0.0000000000
102697  26.799  17.329  -30.451 0.0000000000
102698  24.676  16.874  -29.605 0.0000000000
102699  24.018  17.703  -28.606 0.0000000000
102705  26.277  16.615  -30.427 0.0000000000
102706  25.541  16.439  -30.143 0.0000000000
103274  30.989  18.882  -12.961 0.0000000000
103283  30.362  19.048  -13.723 0.0000000000
103289  30.155  19.074  -14.752 0.0000000000
103294  30.417  18.913  -15.976 0.0000000000
103299  30.764  19.079  -17.000 0.0000000000
103305  30.506  19.269  -17.569 0.0000000000
103306  30.035  18.780  -17.656 0.0000000000
103312  30.618  19.828  -18.064 0.0000000000
103313  29.923  19.418  -17.967 0.0000000000
103314  28.302  20.586  -17.082 0.0000000000
103315  26.705  20.626  -16.916 0.0000000000
103316  24.957  19.896  -18.138 0.0000000000
103317  23.507  18.954  -19.343 0.0000000000
103324  28.054  21.251  -17.282 0.0000000000
103325  27.228  21.177  -17.094 0.0000000000
103326  26.269  20.647  -17.549 0.0000000000
103327  22.962  18.358  -20.588 0.0000000000
103332  22.682  18.174  -22.499 0.0000000000
103333  22.476  18.869  -22.742 0.0000000000
103341  22.508  17.356  -24.532 0.0000000000
103342  22.416  18.591  -23.758 0.0000000000
103343  22.369  18.994  -24.030 0.0000000000
103350  30.201  18.926  -30.571 0.0000000000
103351  22.420  17.066  -25.611 0.0000000000
103352  22.497  18.199  -25.805 0.0000000000
103353  22.397  18.704  -24.517 0.0000000000
103359  28.100  18.632  -30.509 0.0000000000
103360  26.782  18.891  -30.170 0.0000000000
103361  23.540  18.206  -27.752 0.0000000000
103366  27.446  17.904  -30.476 0.0000000000
103367  26.239  18.193  -30.059 0.0000000000
103368  24.672  18.119  -29.270 0.0000000000
103369  24.163  18.157  -28.517 0.0000000000
103956  31.005  19.592  -13.575 0.0000000000
103961  30.574  19.801  -14.420 0.0000000000
103967  30.667  19.903  -15.438 0.0000000000
103973  31.039  20.046  -16.604 0.0000000000
103979  31.224  20.210  -17.538 0.0000000000
103985  31.132  20.448  -18.101 0.0000000000
103986  30.549  20.539  -18.379 0.0000000000
103987  29.638  20.160  -18.151 0.0000000000
103988  24.542  19.999  -18.406 0.0000000000
103989  23.982  19.699  -18.508 0.0000000000
103995  30.345  21.021  -18.685 0.0000000000
103996  29.369  20.964  -18.219 0.0000000000
103997  27.794  21.697  -17.585 0.0000000000
103998  25.853  20.803  -18.302 0.0000000000
103999  23.727  19.988  -19.003 0.0000000000
104001  22.921  19.730  -20.559 0.0000000000
104002  22.513  19.698  -22.076 0.0000000000
104003  22.601  20.083  -22.557 0.0000000000
104007  34.679  18.032  -28.898 0.0000000000
104008  34.213  18.160  -28.711 0.0000000000
104009  33.616  18.365  -28.443 0.0000000000
104010  32.950  18.680  -28.670 0.0000000000
104011  22.465  19.162  -22.925 0.0000000000
104012  22.492  19.599  -23.379 0.0000000000
104015  35.547  17.907  -29.469 0.0000000000
104016  35.180  17.503  -29.309 0.0000000000
104017  31.967  19.085  -29.441 0.0000000000
104018  30.505  19.527  -30.272 0.0000000000
104019  22.867  19.677  -25.562 0.0000000000
104020  22.439  19.178  -24.597 0.0000000000
104025  28.669  19.794  -30.467 0.0000000000
104026  26.638  19.629  -29.696 0.0000000000
104027  24.830  19.741  -28.378 0.0000000000
104028  23.440  19.275  -27.195 0.0000000000
104034  26.283  18.911  -29.866 0.0000000000
104035  25.432  18.912  -29.399 0.0000000000
104036  24.353  18.713  -28.430 0.0000000000
104597  31.119  20.416  -14.049 0.0000000000
104599  30.996  20.691  -14.945 0.0000000000
104602  31.155  20.999  -16.004 0.0000000000
104604  31.952  22.447  -17.762 0.0000000000
104605  31.670  21.663  -17.302 0.0000000000
104607  31.976  22.205  -18.070 0.0000000000
104608  31.700  21.334  -18.097 0.0000000000
104610  31.900  21.994  -18.334 0.0000000000
104611  31.548  22.046  -18.633 0.0000000000
104612  30.893  21.416  -18.720 0.0000000000
104614  31.139  22.134  -19.005 0.0000000000
104615  30.243  21.698  -18.942 0.0000000000
104616  28.799  21.868  -18.850 0.0000000000
104617  27.029  21.691  -19.033 0.0000000000
104618  25.060  21.267  -19.310 0.0000000000
104619  23.497  20.911  -19.600 0.0000000000
104621  24.222  21.621  -19.930 0.0000000000
104622  23.302  21.145  -20.869 0.0000000000
104623  22.918  20.728  -22.186 0.0000000000
104624  22.768  20.395  -22.904 0.0000000000
104627  34.618  18.317  -28.850 0.0000000000
104628  34.341  18.493  -28.659 0.0000000000
104629  33.702  18.713  -28.489 0.0000000000
104630  33.180  18.892  -28.585 0.0000000000
104631  23.054  20.775  -23.987 0.0000000000
104632  22.827  20.507  -23.651 0.0000000000
104635  35.374  18.339  -29.525 0.0000000000
104636  34.868  18.487  -29.424 0.0000000000
104637  33.840  19.003  -29.266 0.0000000000
104638  33.067  19.400  -29.111 0.0000000000
104639  32.276  19.562  -29.385 0.0000000000
104640  30.824  20.146  -30.232 0.0000000000
104641  23.134  20.640  -24.706 0.0000000000
104642  22.606  19.946  -24.375 0.0000000000
104645  35.791  18.590  -29.962 0.0000000000
104646  35.260  19.274  -31.208 0.0000000000
104647  29.202  20.709  -30.369 0.0000000000
104648  27.544  20.845  -29.480 0.0000000000
104649  25.827  20.794  -28.270 0.0000000000
104650  24.119  20.667  -26.581 0.0000000000
104654  37.229  19.072  -30.106 0.0000000000
105237  31.441  21.481  -14.299 0.0000000000
105239  31.346  21.712  -15.409 0.0000000000
105242  31.877  23.211  -16.509 0.0000000000
105243  31.538  22.108  -16.339 0.0000000000
105245  32.025  23.735  -17.707 0.0000000000
105246  31.820  22.620  -16.987 0.0000000000
105247  31.560  23.267  -19.263 0.0000000000
105248  30.831  22.692  -19.389 0.0000000000
105249  29.685  22.588  -19.389 0.0000000000
105250  28.034  22.932  -19.729 0.0000000000
105251  26.165  22.250  -19.865 0.0000000000
105252  25.017  21.981  -19.873 0.0000000000
105253  27.750  23.781  -20.473 0.0000000000
105254  26.745  23.366  -20.648 0.0000000000
105255  24.982  22.462  -20.859 0.0000000000
105256  23.765  22.004  -22.366 0.0000000000
105257  23.100  20.939  -22.881 0.0000000000
105258  22.924  20.624  -23.129 0.0000000000
105260  41.349  22.266  -25.259 0.0000000000
105261  25.550  22.860  -24.365 0.0000000000
105262  24.346  22.199  -24.002 0.0000000000
105263  23.323  21.204  -23.713 0.0000000000
105264  23.041  20.788  -23.293 0.0000000000
105266  41.432  22.206  -26.155 0.0000000000
105267  34.414  19.540  -31.022 0.0000000000
105268  33.341  20.412  -30.411 0.0000000000
105269  32.349  20.564  -30.185 0.0000000000
105270  31.202  21.016  -30.587 0.0000000000
105271  29.757  21.651  -30.418 0.0000000000
105272  26.036  22.823  -25.216 0.0000000000
105273  25.385  22.195  -25.519 0.0000000000
105274  24.044  21.461  -25.088 0.0000000000
105276  36.188  19.900  -31.295 0.0000000000
105277  35.317  20.746  -31.321 0.0000000000
105278  34.306  20.643  -30.972 0.0000000000
105279  28.325  21.991  -29.366 0.0000000000
105280  26.771  21.908  -28.147 0.0000000000
105281  25.470  21.617  -26.933 0.0000000000
105282  24.754  21.475  -26.012 0.0000000000
105283  39.590  21.067  -28.742 0.0000000000
105284  38.418  20.778  -30.065 0.0000000000
105285  37.246  20.822  -31.244 0.0000000000
105286  36.360  20.893  -31.406 0.0000000000
105857  31.811  22.380  -14.333 0.0000000000
105859  32.207  23.345  -14.662 0.0000000000
105860  31.676  22.525  -15.027 0.0000000000
105863  32.048  23.746  -15.633 0.0000000000
105864  31.618  22.641  -15.783 0.0000000000
105866  32.254  24.655  -16.618 0.0000000000
105867  30.381  23.551  -19.744 0.0000000000
105868  29.351  23.453  -19.841 0.0000000000
105869  29.769  24.144  -20.062 0.0000000000
105870  28.710  24.249  -20.468 0.0000000000
105871  27.634  24.392  -21.375 0.0000000000
105872  26.409  23.803  -22.076 0.0000000000
105873  25.142  22.976  -22.272 0.0000000000
105874  40.793  23.373  -25.001 0.0000000000
105875  26.030  23.620  -23.427 0.0000000000
105876  24.908  22.768  -23.206 0.0000000000
105877  41.130  22.399  -26.908 0.0000000000
105878  40.847  22.943  -26.574 0.0000000000
105879  33.366  21.371  -30.641 0.0000000000
105880  32.777  21.609  -30.575 0.0000000000
105881  31.623  22.083  -30.605 0.0000000000
105882  30.425  22.395  -30.557 0.0000000000
105883  26.602  23.568  -25.197 0.0000000000
105884  26.406  22.859  -26.004 0.0000000000
105885  40.784  22.301  -27.320 0.0000000000
105886  39.710  22.828  -27.748 0.0000000000
105887  35.335  22.252  -30.848 0.0000000000
105888  33.896  22.080  -30.824 0.0000000000
105889  32.163  23.102  -30.300 0.0000000000
105890  30.642  23.542  -30.242 0.0000000000
105891  29.287  23.263  -29.557 0.0000000000
105892  27.659  23.275  -27.374 0.0000000000
105893  26.341  22.376  -26.809 0.0000000000
105894  39.936  21.939  -28.015 0.0000000000
105895  38.953  22.061  -29.035 0.0000000000
105896  38.000  21.962  -30.613 0.0000000000
105897  36.567  22.124  -30.832 0.0000000000
106468  33.427  25.769  -14.759 0.0000000000
106469  32.753  24.961  -14.974 0.0000000000
106472  32.494  24.997  -15.820 0.0000000000
106475  30.914  24.587  -19.860 0.0000000000
106476  30.294  24.342  -19.991 0.0000000000
106477  30.833  25.508  -20.346 0.0000000000
106478  29.945  25.225  -20.618 0.0000000000
106479  28.705  25.475  -21.733 0.0000000000
106480  27.827  25.282  -23.228 0.0000000000
106481  26.808  24.388  -23.168 0.0000000000
106482  40.454  24.090  -25.990 0.0000000000
106483  28.253  25.622  -25.312 0.0000000000
106484  27.155  24.581  -24.271 0.0000000000
106485  39.417  24.483  -27.223 0.0000000000
106486  38.275  25.487  -27.572 0.0000000000
106487  28.740  25.180  -26.803 0.0000000000
106488  27.854  24.394  -25.926 0.0000000000
106489  38.603  23.312  -28.896 0.0000000000
106490  37.510  24.723  -29.001 0.0000000000
106491  35.396  24.075  -30.103 0.0000000000
106492  33.040  24.353  -29.756 0.0000000000
106493  31.144  24.797  -29.731 0.0000000000
106494  29.775  24.866  -29.290 0.0000000000
106495  29.057  24.369  -27.969 0.0000000000
106496  28.409  24.247  -26.975 0.0000000000
106497  38.277  22.582  -29.866 0.0000000000
106498  37.665  23.044  -30.120 0.0000000000
106499  36.866  23.560  -30.298 0.0000000000
107057  34.118  26.502  -14.682 0.0000000000
107058  33.596  26.260  -15.196 0.0000000000
107060  33.058  25.942  -15.664 0.0000000000
107063  32.732  25.680  -16.231 0.0000000000
107065  31.677  25.556  -20.137 0.0000000000
107066  30.810  26.631  -21.167 0.0000000000
107067  29.650  26.630  -22.067 0.0000000000
107068  28.936  26.474  -23.161 0.0000000000
107069  39.864  26.847  -24.760 0.0000000000
107070  30.288  27.773  -22.465 0.0000000000
107071  29.596  27.704  -23.703 0.0000000000
107072  29.032  26.986  -25.017 0.0000000000
107073  40.292  25.312  -25.002 0.0000000000
107074  38.687  26.572  -26.377 0.0000000000
107075  37.093  27.371  -27.167 0.0000000000
107076  29.369  26.946  -27.910 0.0000000000
107077  29.078  26.971  -26.924 0.0000000000
107078  37.482  26.208  -27.712 0.0000000000
107079  35.762  26.806  -28.315 0.0000000000
107080  33.675  26.144  -28.869 0.0000000000
107081  31.795  26.084  -29.064 0.0000000000
107082  30.281  26.174  -28.509 0.0000000000
107083  29.207  26.019  -28.118 0.0000000000
107686  34.693  27.765  -15.447 0.0000000000
107687  33.661  26.746  -15.615 0.0000000000
107689  34.336  27.830  -16.147 0.0000000000
107690  33.532  26.935  -16.179 0.0000000000
107691  41.286  26.676  -20.882 0.0000000000
107692  32.704  25.841  -16.840 0.0000000000
107693  40.801  26.505  -22.726 0.0000000000
107694  32.067  26.270  -20.195 0.0000000000
107695  39.845  27.390  -23.972 0.0000000000
107696  32.303  27.093  -20.366 0.0000000000
107697  31.882  27.355  -20.903 0.0000000000
107698  31.147  28.291  -22.014 0.0000000000
107699  38.777  27.977  -24.971 0.0000000000
107700  30.713  29.093  -23.858 0.0000000000
107701  29.734  28.529  -25.686 0.0000000000
107702  29.417  27.642  -26.568 0.0000000000
107703  37.384  28.257  -26.048 0.0000000000
107704  35.915  28.502  -26.884 0.0000000000
107705  34.246  29.248  -26.837 0.0000000000
107706  31.842  29.289  -26.495 0.0000000000
107707  30.011  27.616  -27.278 0.0000000000
107708  29.241  27.676  -27.079 0.0000000000
107709  34.924  28.216  -27.454 0.0000000000
107710  33.771  28.030  -27.798 0.0000000000
107711  32.038  27.342  -27.931 0.0000000000
107712  30.998  26.860  -28.227 0.0000000000
108330  35.731  28.713  -15.902 0.0000000000
108331  39.812  29.481  -18.849 0.0000000000
108332  37.374  29.939  -17.554 0.0000000000
108333  35.155  28.738  -16.530 0.0000000000
108334  34.120  27.776  -16.485 0.0000000000
108335  40.252  28.659  -20.566 0.0000000000
108336  37.941  30.297  -19.119 0.0000000000
108337  35.184  29.483  -18.157 0.0000000000
108338  33.670  27.516  -17.126 0.0000000000
108339  39.889  28.689  -21.615 0.0000000000
108340  33.613  28.778  -19.588 0.0000000000
108341  39.102  28.595  -23.612 0.0000000000
108342  32.764  28.902  -21.301 0.0000000000
108343  31.911  28.548  -21.716 0.0000000000
108344  37.024  29.450  -24.570 0.0000000000
108345  34.863  29.925  -24.055 0.0000000000
108346  33.199  29.837  -23.346 0.0000000000
108347  31.915  29.233  -22.719 0.0000000000
108348  36.471  29.085  -25.898 0.0000000000
108349  35.364  29.498  -25.697 0.0000000000
108350  33.596  29.966  -25.328 0.0000000000
108351  32.213  29.739  -24.376 0.0000000000
108961  36.434  30.318  -19.074 0.0000000000
108962  35.632  30.133  -19.462 0.0000000000
108963  36.964  30.576  -19.833 0.0000000000
108964  36.209  30.496  -20.981 0.0000000000
108965  34.332  29.940  -21.292 0.0000000000
108966  37.643  29.924  -22.692 0.0000000000
108967  35.730  30.303  -22.739 0.0000000000
108968  34.076  30.074  -22.498 0.0000000000
133088  28.155  13.533  -10.780 0.0000000000
133134  24.092  15.132  -28.849 0.0000000000
133139  25.572  15.913  -30.262 0.0000000000
133194  31.870  22.903  -18.438 0.0000000000
133196  32.336  25.167  -16.890 0.0000000000
133198  31.268  23.591  -19.607 0.0000000000
133200  32.274  25.057  -17.144 0.0000000000
133201  40.575  23.475  -23.366 0.0000000000
133202  39.182  29.110  -22.245 0.0000000000
133203  32.615  25.911  -17.584 0.0000000000
133204  32.431  25.840  -18.369 0.0000000000
133205  31.712  24.433  -19.633 0.0000000000
133206  40.454  26.465  -24.122 0.0000000000
133207  38.507  30.008  -20.846 0.0000000000
133208  37.976  30.060  -21.700 0.0000000000
133209  33.266  27.445  -18.269 0.0000000000
133210  31.847  24.959  -19.740 0.0000000000
133211  32.027  25.297  -19.324 0.0000000000
133212  40.347  26.857  -23.899 0.0000000000
133213  32.821  26.830  -18.939 0.0000000000
133214  32.612  27.623  -20.086 0.0000000000
