#!ascii label  , from subject subject001 vox2ras=TkReg
829
68930  -40.770  -34.594  -4.234 0.0000000000
68931  -41.666  -34.474  -5.289 0.0000000000
68932  -42.250  -33.944  -5.518 0.0000000000
68937  -41.751  -35.008  -6.640 0.0000000000
68938  -42.253  -34.299  -6.208 0.0000000000
68942  -42.284  -34.597  -7.285 0.0000000000
70022  -40.299  -34.381  -3.750 0.0000000000
70032  -39.231  -33.370  -3.738 0.0000000000
70033  -40.336  -33.603  -3.761 0.0000000000
70034  -41.388  -33.555  -4.263 0.0000000000
70035  -42.330  -33.300  -4.950 0.0000000000
70036  -42.798  -32.752  -5.002 0.0000000000
70046  -42.590  -33.624  -5.896 0.0000000000
70047  -42.851  -32.956  -5.572 0.0000000000
70056  -42.605  -33.877  -6.902 0.0000000000
70057  -42.965  -33.211  -6.504 0.0000000000
70062  -42.765  -34.200  -7.896 0.0000000000
70063  -43.084  -33.515  -7.533 0.0000000000
70066  -43.386  -33.945  -8.771 0.0000000000
70067  -43.804  -33.446  -9.538 0.0000000000
71164  -38.368  -32.351  -4.311 0.0000000000
71165  -39.626  -32.442  -3.984 0.0000000000
71166  -40.793  -32.529  -3.971 0.0000000000
71167  -41.872  -32.540  -4.252 0.0000000000
71168  -42.662  -32.363  -4.671 0.0000000000
71177  -37.328  -31.814  -4.937 0.0000000000
71178  -37.999  -31.442  -4.879 0.0000000000
71179  -43.154  -32.365  -5.191 0.0000000000
71189  -43.326  -32.571  -6.075 0.0000000000
71199  -43.429  -32.783  -7.105 0.0000000000
71200  -43.712  -32.580  -7.746 0.0000000000
71209  -43.454  -33.105  -7.981 0.0000000000
71210  -43.867  -32.811  -8.675 0.0000000000
71218  -44.282  -32.862  -9.847 0.0000000000
71227  -44.128  -32.901  -11.113 0.0000000000
72295  -38.874  -31.518  -4.629 0.0000000000
72296  -40.011  -31.407  -4.427 0.0000000000
72297  -41.250  -31.653  -4.152 0.0000000000
72298  -42.255  -31.634  -4.346 0.0000000000
72299  -43.211  -31.501  -4.757 0.0000000000
72300  -43.592  -30.951  -4.874 0.0000000000
72305  -36.678  -31.371  -5.709 0.0000000000
72306  -37.383  -31.005  -5.608 0.0000000000
72307  -38.190  -30.751  -5.271 0.0000000000
72308  -39.051  -30.781  -5.005 0.0000000000
72309  -43.616  -31.882  -5.657 0.0000000000
72310  -43.874  -31.188  -5.314 0.0000000000
72317  -36.420  -30.820  -6.536 0.0000000000
72318  -36.894  -30.916  -6.051 0.0000000000
72319  -38.370  -30.328  -5.476 0.0000000000
72320  -38.602  -30.459  -5.316 0.0000000000
72321  -43.730  -32.145  -6.655 0.0000000000
72322  -44.166  -31.478  -6.265 0.0000000000
72335  -43.744  -32.344  -7.285 0.0000000000
72336  -44.150  -31.892  -7.647 0.0000000000
72351  -44.574  -32.071  -9.057 0.0000000000
72365  -44.929  -32.055  -10.291 0.0000000000
72366  -45.284  -31.604  -10.549 0.0000000000
72380  -44.734  -31.910  -11.380 0.0000000000
72381  -45.109  -31.720  -10.811 0.0000000000
73495  -40.136  -30.959  -4.592 0.0000000000
73496  -40.563  -30.922  -4.521 0.0000000000
73497  -41.520  -30.783  -4.501 0.0000000000
73498  -42.544  -30.826  -4.508 0.0000000000
73499  -43.256  -30.647  -4.674 0.0000000000
73503  -37.342  -30.692  -5.903 0.0000000000
73504  -37.569  -30.604  -5.781 0.0000000000
73505  -39.825  -30.543  -4.821 0.0000000000
73506  -40.567  -30.207  -4.870 0.0000000000
73507  -41.260  -30.013  -4.936 0.0000000000
73508  -43.886  -30.466  -5.017 0.0000000000
73509  -44.425  -30.120  -5.394 0.0000000000
73514  -36.677  -30.533  -6.589 0.0000000000
73515  -37.105  -30.467  -6.302 0.0000000000
73516  -37.899  -30.138  -5.839 0.0000000000
73517  -38.810  -29.979  -5.462 0.0000000000
73518  -44.414  -30.752  -5.762 0.0000000000
73519  -44.849  -30.214  -6.092 0.0000000000
73524  -36.539  -30.297  -6.887 0.0000000000
73525  -36.837  -29.746  -7.038 0.0000000000
73526  -44.746  -30.816  -6.985 0.0000000000
73527  -45.178  -30.267  -6.766 0.0000000000
73542  -44.989  -31.177  -8.396 0.0000000000
73543  -45.580  -31.131  -9.222 0.0000000000
73564  -45.158  -31.574  -9.434 0.0000000000
73565  -45.617  -31.347  -10.114 0.0000000000
73566  -45.781  -31.016  -10.606 0.0000000000
73590  -44.954  -31.156  -11.940 0.0000000000
73591  -45.441  -31.281  -11.002 0.0000000000
73592  -45.715  -30.972  -10.842 0.0000000000
74740  -41.972  -30.264  -4.749 0.0000000000
74741  -42.655  -30.113  -4.726 0.0000000000
74742  -43.312  -30.026  -4.807 0.0000000000
74746  -39.742  -29.720  -5.214 0.0000000000
74747  -40.484  -29.274  -5.226 0.0000000000
74748  -41.711  -29.486  -5.130 0.0000000000
74749  -42.750  -29.402  -5.101 0.0000000000
74750  -43.761  -29.539  -5.159 0.0000000000
74751  -44.643  -29.535  -5.574 0.0000000000
74755  -37.403  -29.724  -6.507 0.0000000000
74756  -38.018  -29.267  -6.257 0.0000000000
74757  -39.143  -28.764  -5.959 0.0000000000
74758  -40.152  -28.385  -5.707 0.0000000000
74759  -45.325  -29.657  -6.339 0.0000000000
74760  -45.983  -29.554  -6.940 0.0000000000
74770  -37.295  -29.061  -7.152 0.0000000000
74771  -37.982  -28.303  -7.070 0.0000000000
74772  -38.725  -27.895  -6.837 0.0000000000
74773  -45.193  -30.438  -7.197 0.0000000000
74774  -45.597  -30.136  -7.317 0.0000000000
74775  -46.285  -29.869  -7.783 0.0000000000
74794  -37.172  -28.253  -8.134 0.0000000000
74795  -37.699  -27.657  -7.892 0.0000000000
74796  -45.238  -30.577  -7.704 0.0000000000
74797  -45.817  -30.496  -8.507 0.0000000000
74798  -46.510  -30.107  -8.591 0.0000000000
74821  -36.951  -27.769  -9.067 0.0000000000
74822  -46.058  -30.839  -9.532 0.0000000000
74823  -46.170  -30.818  -10.186 0.0000000000
74844  -45.130  -30.881  -11.972 0.0000000000
74845  -45.361  -30.732  -11.754 0.0000000000
74846  -45.952  -30.636  -10.929 0.0000000000
75913  -40.958  -28.650  -5.404 0.0000000000
75914  -41.852  -28.592  -5.464 0.0000000000
75915  -42.967  -28.562  -5.486 0.0000000000
75916  -44.088  -28.784  -5.464 0.0000000000
75917  -44.958  -28.923  -5.758 0.0000000000
75922  -39.553  -27.698  -6.396 0.0000000000
75923  -40.704  -27.665  -5.762 0.0000000000
75924  -42.009  -27.774  -5.715 0.0000000000
75925  -42.750  -27.867  -5.728 0.0000000000
75926  -45.785  -28.876  -6.198 0.0000000000
75927  -46.871  -29.219  -7.098 0.0000000000
75928  -47.535  -28.968  -7.375 0.0000000000
75941  -38.243  -27.544  -7.493 0.0000000000
75942  -38.801  -27.244  -7.229 0.0000000000
75943  -46.902  -29.657  -8.242 0.0000000000
75944  -47.448  -29.227  -7.968 0.0000000000
75965  -37.419  -27.264  -8.721 0.0000000000
75966  -37.991  -27.122  -8.120 0.0000000000
75967  -38.392  -27.111  -7.726 0.0000000000
75968  -46.461  -30.394  -9.272 0.0000000000
75969  -46.943  -29.993  -9.097 0.0000000000
75970  -47.400  -29.538  -8.866 0.0000000000
75989  -37.067  -27.124  -9.483 0.0000000000
75990  -46.414  -30.583  -9.783 0.0000000000
75991  -46.780  -30.102  -10.073 0.0000000000
75992  -47.205  -29.756  -9.471 0.0000000000
76003  -36.959  -26.822  -10.180 0.0000000000
76005  -45.784  -30.110  -11.759 0.0000000000
76006  -46.405  -29.893  -11.212 0.0000000000
77092  -43.456  -27.980  -5.750 0.0000000000
77093  -44.469  -28.218  -5.748 0.0000000000
77094  -45.118  -28.451  -5.900 0.0000000000
77100  -39.937  -27.167  -6.262 0.0000000000
77101  -40.246  -26.682  -6.274 0.0000000000
77102  -41.251  -26.788  -5.873 0.0000000000
77103  -42.583  -27.119  -5.775 0.0000000000
77104  -43.859  -27.313  -5.944 0.0000000000
77105  -45.148  -27.800  -6.006 0.0000000000
77106  -46.455  -28.174  -6.305 0.0000000000
77107  -47.728  -28.385  -6.901 0.0000000000
77108  -48.511  -27.978  -6.989 0.0000000000
77124  -39.449  -26.740  -6.903 0.0000000000
77125  -39.880  -26.139  -6.811 0.0000000000
77126  -47.910  -28.831  -7.688 0.0000000000
77127  -48.589  -28.305  -7.750 0.0000000000
77128  -49.081  -27.963  -8.294 0.0000000000
77145  -37.507  -26.887  -8.932 0.0000000000
77146  -37.786  -26.683  -8.808 0.0000000000
77147  -38.629  -26.581  -8.014 0.0000000000
77148  -47.990  -29.011  -8.520 0.0000000000
77149  -48.566  -28.440  -9.004 0.0000000000
77150  -49.192  -27.825  -8.857 0.0000000000
77161  -37.408  -26.787  -9.215 0.0000000000
77162  -37.650  -26.321  -9.528 0.0000000000
77163  -47.161  -29.671  -10.178 0.0000000000
77164  -47.595  -29.302  -9.781 0.0000000000
77165  -48.235  -28.391  -10.178 0.0000000000
77178  -37.247  -26.612  -9.756 0.0000000000
77179  -37.461  -26.217  -10.360 0.0000000000
77180  -47.014  -29.506  -10.680 0.0000000000
77181  -47.438  -28.735  -10.938 0.0000000000
77182  -47.958  -27.954  -11.096 0.0000000000
78315  -40.503  -25.810  -6.496 0.0000000000
78316  -41.747  -26.015  -6.109 0.0000000000
78317  -43.065  -26.261  -5.891 0.0000000000
78318  -44.411  -26.623  -5.955 0.0000000000
78319  -45.762  -27.050  -5.919 0.0000000000
78320  -47.087  -27.377  -6.112 0.0000000000
78321  -48.232  -27.454  -6.476 0.0000000000
78322  -49.190  -27.431  -7.025 0.0000000000
78323  -49.970  -26.827  -7.250 0.0000000000
78324  -50.267  -26.618  -7.496 0.0000000000
78338  -39.485  -25.872  -7.549 0.0000000000
78339  -39.942  -25.725  -7.033 0.0000000000
78340  -49.196  -27.807  -7.772 0.0000000000
78341  -49.725  -27.296  -8.129 0.0000000000
78342  -50.108  -26.846  -7.728 0.0000000000
78356  -38.199  -26.025  -9.031 0.0000000000
78357  -38.922  -25.748  -8.516 0.0000000000
78358  -48.848  -27.818  -9.642 0.0000000000
78359  -49.502  -27.331  -9.268 0.0000000000
78370  -38.098  -25.824  -10.000 0.0000000000
78371  -38.712  -25.514  -9.499 0.0000000000
78372  -48.559  -27.663  -10.506 0.0000000000
78373  -49.138  -27.276  -10.171 0.0000000000
78386  -37.997  -25.730  -10.878 0.0000000000
78387  -38.776  -25.248  -10.689 0.0000000000
78388  -39.237  -24.853  -11.141 0.0000000000
78389  -48.456  -27.301  -11.338 0.0000000000
78390  -48.791  -27.242  -10.707 0.0000000000
79480  -50.381  -25.824  -6.232 0.0000000000
79481  -50.670  -25.697  -6.430 0.0000000000
79489  -40.464  -25.320  -6.784 0.0000000000
79490  -40.938  -25.020  -6.525 0.0000000000
79491  -42.251  -25.134  -5.924 0.0000000000
79492  -43.668  -25.435  -5.865 0.0000000000
79493  -45.064  -25.849  -5.731 0.0000000000
79494  -46.438  -26.267  -5.667 0.0000000000
79495  -47.696  -26.539  -5.855 0.0000000000
79496  -48.810  -26.637  -6.065 0.0000000000
79497  -49.774  -26.313  -6.352 0.0000000000
79498  -50.547  -26.203  -6.952 0.0000000000
79508  -39.648  -25.469  -7.663 0.0000000000
79509  -40.048  -25.167  -7.387 0.0000000000
79510  -40.529  -24.660  -7.168 0.0000000000
79511  -50.047  -26.902  -8.345 0.0000000000
79512  -50.348  -26.481  -8.107 0.0000000000
79522  -39.469  -25.381  -8.066 0.0000000000
79523  -39.687  -24.898  -8.406 0.0000000000
79524  -49.957  -26.817  -8.826 0.0000000000
79525  -50.220  -26.139  -9.210 0.0000000000
79534  -39.262  -25.237  -8.955 0.0000000000
79535  -39.701  -24.751  -9.404 0.0000000000
79536  -40.013  -24.403  -10.015 0.0000000000
79537  -49.742  -26.549  -9.933 0.0000000000
79538  -50.053  -25.991  -9.805 0.0000000000
79549  -39.224  -25.151  -9.820 0.0000000000
79550  -39.542  -24.786  -10.468 0.0000000000
79551  -40.061  -24.209  -10.819 0.0000000000
79552  -40.405  -23.884  -11.413 0.0000000000
79554  -49.097  -26.758  -10.889 0.0000000000
79565  -39.549  -24.559  -11.280 0.0000000000
80559  -50.104  -25.486  -5.583 0.0000000000
80560  -50.748  -25.383  -5.934 0.0000000000
80567  -40.907  -24.226  -7.028 0.0000000000
80568  -41.704  -24.171  -6.339 0.0000000000
80569  -42.993  -24.244  -6.011 0.0000000000
80570  -44.385  -24.551  -5.712 0.0000000000
80571  -45.833  -25.046  -5.592 0.0000000000
80572  -47.170  -25.486  -5.512 0.0000000000
80573  -48.290  -25.776  -5.556 0.0000000000
80574  -49.208  -25.724  -5.556 0.0000000000
80575  -51.028  -25.375  -6.593 0.0000000000
80576  -51.336  -24.975  -7.217 0.0000000000
80585  -39.990  -24.668  -8.052 0.0000000000
80586  -40.411  -24.308  -7.819 0.0000000000
80587  -50.935  -25.578  -7.611 0.0000000000
80588  -51.323  -24.880  -8.072 0.0000000000
80597  -40.078  -24.492  -8.665 0.0000000000
80598  -40.476  -23.995  -8.831 0.0000000000
80599  -50.728  -25.313  -8.816 0.0000000000
80600  -51.203  -24.740  -8.670 0.0000000000
80610  -40.173  -24.312  -9.387 0.0000000000
80611  -40.450  -23.791  -9.897 0.0000000000
80612  -40.787  -23.318  -10.428 0.0000000000
80613  -49.997  -25.754  -10.310 0.0000000000
80614  -50.306  -25.528  -9.745 0.0000000000
80624  -40.506  -23.695  -10.781 0.0000000000
80625  -40.929  -23.341  -11.283 0.0000000000
80627  -49.577  -25.998  -10.863 0.0000000000
81596  -44.037  -22.306  -5.606 0.0000000000
81597  -44.786  -22.576  -5.451 0.0000000000
81598  -46.132  -23.029  -5.299 0.0000000000
81599  -47.643  -23.658  -5.065 0.0000000000
81600  -49.251  -24.544  -5.104 0.0000000000
81601  -50.675  -24.651  -5.480 0.0000000000
81602  -51.236  -24.424  -5.933 0.0000000000
81610  -40.841  -23.893  -7.501 0.0000000000
81611  -41.345  -23.481  -7.177 0.0000000000
81612  -42.331  -23.218  -6.348 0.0000000000
81613  -43.658  -22.987  -5.771 0.0000000000
81614  -45.247  -23.750  -5.570 0.0000000000
81615  -46.691  -24.313  -5.380 0.0000000000
81616  -48.002  -24.859  -5.213 0.0000000000
81617  -48.730  -25.260  -5.243 0.0000000000
81618  -51.193  -24.979  -5.907 0.0000000000
81619  -51.425  -24.641  -6.501 0.0000000000
81629  -40.819  -23.625  -8.060 0.0000000000
81630  -41.311  -22.962  -8.179 0.0000000000
81631  -51.768  -24.289  -7.443 0.0000000000
81632  -52.192  -23.800  -7.942 0.0000000000
81641  -40.861  -23.358  -9.008 0.0000000000
81642  -41.260  -22.665  -9.209 0.0000000000
81643  -51.109  -24.648  -9.142 0.0000000000
81644  -51.765  -24.264  -8.674 0.0000000000
81645  -52.390  -23.600  -8.536 0.0000000000
81654  -40.898  -23.146  -9.786 0.0000000000
81655  -41.251  -22.680  -10.346 0.0000000000
81656  -50.245  -25.283  -10.304 0.0000000000
81657  -50.678  -24.769  -9.982 0.0000000000
81658  -52.189  -23.770  -9.103 0.0000000000
81659  -52.477  -23.403  -9.061 0.0000000000
81668  -41.477  -22.561  -11.415 0.0000000000
81669  -49.446  -25.636  -11.371 0.0000000000
81670  -49.997  -25.116  -11.078 0.0000000000
81671  -50.693  -24.369  -10.877 0.0000000000
82771  -45.743  -21.377  -5.229 0.0000000000
82772  -46.062  -21.470  -5.157 0.0000000000
82778  -43.179  -21.824  -6.058 0.0000000000
82779  -43.488  -21.967  -5.796 0.0000000000
82780  -44.331  -21.757  -5.516 0.0000000000
82781  -45.472  -21.696  -5.225 0.0000000000
82782  -46.889  -22.189  -5.105 0.0000000000
82783  -48.595  -22.882  -5.081 0.0000000000
82784  -50.282  -23.387  -5.340 0.0000000000
82785  -51.114  -23.917  -5.706 0.0000000000
82792  -41.851  -22.516  -7.210 0.0000000000
82793  -42.825  -22.076  -6.279 0.0000000000
82794  -43.290  -22.318  -5.894 0.0000000000
82795  -51.138  -23.192  -6.035 0.0000000000
82796  -51.714  -23.631  -6.502 0.0000000000
82797  -52.414  -23.066  -7.029 0.0000000000
82806  -41.647  -22.079  -8.330 0.0000000000
82807  -52.212  -23.599  -7.294 0.0000000000
82808  -52.657  -23.173  -7.796 0.0000000000
82816  -41.689  -21.829  -9.529 0.0000000000
82817  -51.388  -24.330  -9.543 0.0000000000
82818  -51.834  -23.965  -9.481 0.0000000000
82819  -52.764  -23.054  -8.661 0.0000000000
82828  -41.734  -21.914  -10.679 0.0000000000
82829  -51.470  -23.944  -10.312 0.0000000000
82830  -52.239  -23.484  -9.687 0.0000000000
82831  -52.652  -23.058  -9.294 0.0000000000
82840  -42.034  -21.792  -11.607 0.0000000000
82841  -42.418  -21.427  -11.689 0.0000000000
82842  -50.333  -24.204  -11.564 0.0000000000
82843  -51.002  -23.820  -11.225 0.0000000000
83925  -45.124  -20.691  -5.364 0.0000000000
83926  -45.717  -20.974  -5.267 0.0000000000
83927  -46.519  -21.115  -5.203 0.0000000000
83932  -43.275  -21.457  -6.189 0.0000000000
83933  -43.796  -21.180  -5.826 0.0000000000
83934  -44.563  -20.864  -5.516 0.0000000000
83935  -45.211  -21.056  -5.315 0.0000000000
83936  -47.733  -21.376  -5.364 0.0000000000
83937  -49.410  -21.800  -5.585 0.0000000000
83938  -51.090  -22.175  -5.990 0.0000000000
83939  -51.897  -21.835  -6.206 0.0000000000
83945  -42.277  -21.588  -7.428 0.0000000000
83946  -42.874  -21.125  -6.785 0.0000000000
83947  -43.452  -20.581  -6.403 0.0000000000
83948  -43.919  -20.585  -5.870 0.0000000000
83949  -51.566  -22.867  -6.269 0.0000000000
83950  -52.199  -22.396  -6.501 0.0000000000
83951  -52.872  -22.347  -7.262 0.0000000000
83959  -42.154  -21.319  -8.517 0.0000000000
83960  -42.731  -20.690  -7.677 0.0000000000
83961  -43.025  -20.569  -6.987 0.0000000000
83962  -53.056  -22.416  -8.198 0.0000000000
83970  -42.187  -21.174  -9.359 0.0000000000
83971  -42.484  -20.659  -8.749 0.0000000000
83972  -53.021  -22.546  -9.086 0.0000000000
83981  -42.107  -21.335  -10.203 0.0000000000
83982  -42.409  -20.715  -9.739 0.0000000000
83983  -51.595  -23.462  -10.974 0.0000000000
83984  -52.121  -23.282  -10.478 0.0000000000
83985  -52.658  -22.810  -9.944 0.0000000000
83995  -42.147  -21.519  -10.874 0.0000000000
83996  -42.552  -20.949  -10.983 0.0000000000
83997  -43.281  -20.407  -11.435 0.0000000000
84001  -52.400  -22.847  -10.589 0.0000000000
84014  -42.607  -21.280  -11.780 0.0000000000
85120  -45.358  -20.390  -5.335 0.0000000000
85121  -45.821  -20.350  -5.250 0.0000000000
85122  -46.155  -20.618  -5.222 0.0000000000
85126  -44.822  -20.185  -5.463 0.0000000000
85127  -45.341  -19.775  -5.393 0.0000000000
85128  -46.582  -20.061  -5.299 0.0000000000
85129  -48.410  -20.186  -5.564 0.0000000000
85130  -50.357  -20.819  -5.521 0.0000000000
85131  -51.926  -21.090  -5.864 0.0000000000
85132  -52.616  -20.671  -6.047 0.0000000000
85138  -43.561  -20.014  -6.534 0.0000000000
85139  -44.058  -19.835  -5.990 0.0000000000
85140  -44.721  -19.662  -5.594 0.0000000000
85141  -46.915  -19.433  -5.440 0.0000000000
85142  -47.347  -19.679  -5.465 0.0000000000
85143  -52.283  -21.638  -6.346 0.0000000000
85144  -52.996  -21.245  -6.630 0.0000000000
85145  -53.437  -20.733  -7.094 0.0000000000
85154  -42.918  -20.234  -7.656 0.0000000000
85155  -43.234  -20.008  -7.211 0.0000000000
85156  -43.604  -19.689  -6.621 0.0000000000
85157  -53.335  -21.497  -7.754 0.0000000000
85158  -53.417  -20.960  -7.380 0.0000000000
85170  -42.873  -20.066  -8.103 0.0000000000
85171  -43.122  -19.756  -7.734 0.0000000000
85172  -53.340  -21.723  -8.718 0.0000000000
85183  -42.723  -20.123  -9.095 0.0000000000
85184  -42.931  -19.856  -9.539 0.0000000000
85185  -53.227  -22.044  -9.627 0.0000000000
85196  -42.687  -20.262  -9.961 0.0000000000
85197  -43.083  -19.944  -10.365 0.0000000000
85198  -43.619  -19.743  -11.044 0.0000000000
86314  -45.206  -19.366  -5.490 0.0000000000
86315  -45.602  -19.395  -5.445 0.0000000000
86316  -48.598  -19.120  -5.372 0.0000000000
86317  -49.807  -19.540  -5.286 0.0000000000
86318  -51.296  -19.917  -5.230 0.0000000000
86319  -52.390  -20.117  -5.568 0.0000000000
86326  -44.184  -19.254  -6.200 0.0000000000
86327  -44.788  -18.969  -5.736 0.0000000000
86328  -46.249  -18.937  -5.462 0.0000000000
86329  -47.501  -19.107  -5.482 0.0000000000
86330  -53.003  -20.206  -6.172 0.0000000000
86331  -53.474  -20.272  -6.811 0.0000000000
86338  -43.272  -19.533  -7.468 0.0000000000
86339  -43.687  -18.987  -6.840 0.0000000000
86340  -44.396  -18.446  -6.391 0.0000000000
86341  -53.506  -20.887  -7.794 0.0000000000
86342  -53.623  -20.372  -7.627 0.0000000000
86350  -42.932  -19.831  -8.573 0.0000000000
86351  -43.179  -19.477  -8.140 0.0000000000
86352  -43.533  -18.764  -8.219 0.0000000000
86353  -53.548  -20.716  -8.346 0.0000000000
86354  -53.670  -20.198  -8.163 0.0000000000
86363  -43.010  -19.723  -8.932 0.0000000000
86364  -43.321  -19.410  -9.253 0.0000000000
86365  -43.923  -18.798  -9.384 0.0000000000
86366  -44.443  -18.553  -9.934 0.0000000000
86367  -53.521  -21.060  -9.191 0.0000000000
86379  -43.604  -19.383  -10.163 0.0000000000
86380  -44.188  -19.161  -10.651 0.0000000000
86381  -44.734  -18.575  -10.780 0.0000000000
86382  -53.414  -21.499  -9.963 0.0000000000
87401  -48.061  -18.365  -5.347 0.0000000000
87402  -49.246  -18.459  -5.058 0.0000000000
87403  -50.702  -18.716  -4.896 0.0000000000
87404  -52.209  -19.050  -5.121 0.0000000000
87405  -53.171  -18.954  -5.517 0.0000000000
87410  -44.727  -18.182  -6.143 0.0000000000
87411  -45.651  -17.892  -6.030 0.0000000000
87412  -47.020  -18.161  -5.590 0.0000000000
87413  -52.926  -19.571  -5.663 0.0000000000
87414  -53.588  -19.436  -6.237 0.0000000000
87420  -43.845  -18.359  -7.541 0.0000000000
87421  -44.465  -17.786  -7.002 0.0000000000
87422  -45.289  -17.324  -6.582 0.0000000000
87423  -53.988  -19.598  -7.162 0.0000000000
87431  -44.030  -18.195  -8.266 0.0000000000
87432  -44.559  -17.760  -8.414 0.0000000000
87433  -53.671  -20.114  -8.413 0.0000000000
87434  -53.871  -19.640  -8.177 0.0000000000
87442  -44.411  -18.280  -9.131 0.0000000000
87443  -44.882  -17.971  -9.647 0.0000000000
87444  -53.653  -19.976  -8.835 0.0000000000
87445  -53.770  -19.373  -8.687 0.0000000000
87455  -45.365  -17.976  -10.861 0.0000000000
87457  -53.690  -20.465  -9.481 0.0000000000
87469  -53.827  -20.257  -9.567 0.0000000000
88499  -47.663  -17.788  -5.457 0.0000000000
88500  -48.444  -17.628  -5.195 0.0000000000
88501  -49.876  -17.398  -4.847 0.0000000000
88502  -51.555  -17.783  -4.821 0.0000000000
88503  -52.983  -18.043  -5.248 0.0000000000
88504  -53.784  -17.804  -5.717 0.0000000000
88507  -45.997  -16.977  -6.441 0.0000000000
88508  -47.223  -17.135  -5.701 0.0000000000
88509  -48.722  -16.802  -5.225 0.0000000000
88510  -49.518  -16.736  -5.020 0.0000000000
88511  -53.746  -18.511  -5.881 0.0000000000
88512  -54.194  -17.945  -6.293 0.0000000000
88517  -44.807  -17.394  -7.829 0.0000000000
88518  -45.337  -16.991  -7.432 0.0000000000
88519  -54.220  -18.769  -6.663 0.0000000000
88520  -54.541  -18.028  -7.067 0.0000000000
88528  -45.095  -17.338  -8.622 0.0000000000
88529  -45.590  -16.780  -8.628 0.0000000000
88530  -54.340  -18.826  -7.614 0.0000000000
88531  -54.618  -18.048  -7.971 0.0000000000
88541  -45.459  -17.350  -9.682 0.0000000000
88542  -45.904  -16.741  -9.709 0.0000000000
88543  -53.711  -19.312  -8.914 0.0000000000
88544  -54.090  -18.705  -8.696 0.0000000000
88545  -54.507  -18.010  -8.527 0.0000000000
88556  -45.753  -17.299  -10.529 0.0000000000
88558  -53.777  -19.455  -9.107 0.0000000000
88559  -54.073  -18.869  -9.214 0.0000000000
88570  -53.889  -19.632  -9.422 0.0000000000
88571  -54.338  -18.715  -9.466 0.0000000000
88585  -54.812  -17.789  -9.744 0.0000000000
88586  -54.891  -17.520  -10.085 0.0000000000
89646  -49.958  -16.674  -4.919 0.0000000000
89647  -50.881  -16.498  -4.806 0.0000000000
89648  -52.423  -16.938  -4.979 0.0000000000
89649  -53.507  -17.152  -5.472 0.0000000000
89652  -45.953  -16.457  -6.959 0.0000000000
89653  -46.688  -16.256  -6.408 0.0000000000
89654  -47.883  -16.005  -5.757 0.0000000000
89655  -49.502  -16.095  -5.257 0.0000000000
89656  -50.521  -15.734  -5.120 0.0000000000
89657  -54.123  -17.334  -5.918 0.0000000000
89662  -45.817  -16.288  -7.685 0.0000000000
89663  -47.102  -15.641  -6.419 0.0000000000
89664  -47.657  -15.276  -6.305 0.0000000000
89665  -54.545  -17.247  -6.492 0.0000000000
89673  -46.029  -16.143  -8.614 0.0000000000
89674  -54.836  -17.257  -7.390 0.0000000000
89683  -46.280  -16.001  -9.742 0.0000000000
89684  -46.476  -15.461  -10.178 0.0000000000
89685  -54.439  -17.954  -8.793 0.0000000000
89686  -54.685  -17.333  -8.503 0.0000000000
89696  -54.475  -17.851  -9.245 0.0000000000
89697  -54.577  -16.923  -9.327 0.0000000000
89707  -54.684  -17.381  -9.893 0.0000000000
89708  -54.631  -16.807  -10.521 0.0000000000
89721  -54.776  -17.194  -10.205 0.0000000000
89722  -54.665  -16.725  -10.846 0.0000000000
89723  -54.825  -16.434  -11.382 0.0000000000
90833  -51.139  -15.784  -4.958 0.0000000000
90834  -52.007  -15.896  -5.103 0.0000000000
90835  -53.181  -16.284  -5.294 0.0000000000
90840  -46.196  -16.029  -7.064 0.0000000000
90841  -46.578  -15.718  -6.866 0.0000000000
90842  -48.619  -15.219  -5.856 0.0000000000
90843  -49.866  -15.187  -5.607 0.0000000000
90844  -51.099  -15.148  -5.293 0.0000000000
90845  -52.179  -15.087  -5.227 0.0000000000
90846  -54.209  -16.490  -5.802 0.0000000000
90852  -46.242  -15.727  -7.590 0.0000000000
90853  -46.878  -15.186  -7.119 0.0000000000
90854  -47.835  -14.470  -6.616 0.0000000000
90855  -54.998  -16.417  -6.606 0.0000000000
90863  -46.320  -15.396  -8.369 0.0000000000
90864  -46.724  -14.505  -8.033 0.0000000000
90865  -47.608  -13.790  -7.408 0.0000000000
90866  -55.151  -16.429  -7.738 0.0000000000
90876  -46.371  -15.177  -9.221 0.0000000000
90877  -46.491  -14.546  -9.722 0.0000000000
90878  -54.784  -16.285  -8.899 0.0000000000
90889  -54.555  -17.005  -9.798 0.0000000000
90890  -54.561  -16.244  -9.974 0.0000000000
90899  -54.543  -16.701  -10.295 0.0000000000
90900  -54.434  -16.128  -10.923 0.0000000000
90909  -54.593  -15.854  -11.624 0.0000000000
90910  -54.903  -15.639  -12.028 0.0000000000
90911  -55.410  -15.348  -12.179 0.0000000000
90912  -55.998  -14.975  -12.125 0.0000000000
90913  -56.412  -14.575  -11.738 0.0000000000
91943  -52.888  -15.532  -5.208 0.0000000000
91944  -53.695  -15.662  -5.374 0.0000000000
91948  -49.096  -14.535  -6.091 0.0000000000
91949  -50.218  -14.385  -5.949 0.0000000000
91950  -51.596  -14.198  -5.620 0.0000000000
91951  -53.124  -14.729  -5.237 0.0000000000
91952  -54.637  -15.233  -5.797 0.0000000000
91953  -55.377  -14.736  -6.456 0.0000000000
91957  -48.944  -13.644  -6.703 0.0000000000
91958  -50.520  -13.588  -6.193 0.0000000000
91959  -51.294  -13.585  -5.898 0.0000000000
91960  -55.426  -15.572  -6.958 0.0000000000
91961  -55.545  -14.770  -7.475 0.0000000000
91969  -46.818  -13.547  -8.437 0.0000000000
91970  -47.908  -13.072  -7.623 0.0000000000
91971  -55.306  -15.558  -8.178 0.0000000000
91972  -55.429  -14.855  -8.554 0.0000000000
91980  -46.527  -13.364  -9.883 0.0000000000
91981  -54.984  -15.379  -9.448 0.0000000000
91982  -55.362  -14.576  -9.347 0.0000000000
91992  -54.598  -15.340  -10.646 0.0000000000
91994  -58.686  -13.387  -8.698 0.0000000000
92004  -54.522  -14.793  -11.853 0.0000000000
92005  -54.528  -15.027  -11.682 0.0000000000
92006  -57.148  -14.091  -10.568 0.0000000000
92007  -57.812  -13.471  -10.116 0.0000000000
92008  -58.640  -12.663  -9.576 0.0000000000
92016  -54.584  -14.791  -12.080 0.0000000000
92017  -54.708  -14.974  -12.133 0.0000000000
92018  -55.141  -14.662  -12.450 0.0000000000
92019  -55.708  -14.473  -12.477 0.0000000000
92020  -56.316  -14.009  -12.275 0.0000000000
92021  -57.001  -13.699  -11.358 0.0000000000
92022  -57.677  -12.861  -10.929 0.0000000000
92030  -55.528  -13.976  -12.575 0.0000000000
92031  -55.936  -13.670  -12.619 0.0000000000
92032  -56.310  -13.287  -12.526 0.0000000000
93071  -51.693  -13.585  -5.790 0.0000000000
93072  -52.468  -13.561  -5.590 0.0000000000
93073  -53.869  -13.994  -5.424 0.0000000000
93074  -54.966  -14.028  -5.866 0.0000000000
93078  -48.792  -12.950  -7.251 0.0000000000
93079  -49.656  -12.690  -6.854 0.0000000000
93080  -51.302  -13.014  -6.107 0.0000000000
93081  -52.147  -12.970  -5.831 0.0000000000
93082  -55.724  -13.979  -6.710 0.0000000000
93090  -46.993  -12.386  -8.617 0.0000000000
93091  -48.523  -12.342  -7.642 0.0000000000
93092  -49.279  -12.218  -7.378 0.0000000000
93093  -55.780  -14.016  -8.328 0.0000000000
93101  -46.646  -12.247  -10.210 0.0000000000
93102  -55.010  -14.731  -10.176 0.0000000000
93103  -55.482  -13.890  -10.071 0.0000000000
93113  -54.766  -14.460  -11.065 0.0000000000
93114  -55.065  -13.637  -11.370 0.0000000000
93115  -59.313  -12.328  -8.940 0.0000000000
93124  -54.552  -14.572  -11.967 0.0000000000
93125  -54.673  -14.207  -11.923 0.0000000000
93126  -54.881  -13.591  -11.917 0.0000000000
93127  -58.339  -12.420  -10.348 0.0000000000
93128  -59.245  -11.751  -9.696 0.0000000000
93129  -60.199  -11.066  -9.532 0.0000000000
93138  -54.649  -14.556  -12.195 0.0000000000
93139  -54.874  -14.213  -12.328 0.0000000000
93140  -55.284  -13.760  -12.506 0.0000000000
93141  -56.757  -13.130  -12.147 0.0000000000
93142  -57.326  -12.635  -11.583 0.0000000000
93143  -57.963  -12.030  -10.975 0.0000000000
93153  -55.707  -13.294  -12.613 0.0000000000
93154  -56.093  -12.941  -12.644 0.0000000000
93155  -56.503  -12.636  -12.378 0.0000000000
94191  -52.530  -12.985  -5.705 0.0000000000
94192  -53.199  -13.085  -5.481 0.0000000000
94193  -54.284  -13.295  -5.450 0.0000000000
94197  -49.618  -12.111  -7.180 0.0000000000
94198  -50.341  -11.888  -6.825 0.0000000000
94199  -52.154  -12.353  -6.073 0.0000000000
94200  -53.656  -12.435  -5.549 0.0000000000
94201  -55.308  -12.889  -5.645 0.0000000000
94202  -56.165  -12.385  -6.465 0.0000000000
94208  -46.972  -11.419  -9.365 0.0000000000
94209  -47.854  -11.543  -8.344 0.0000000000
94210  -49.165  -11.663  -7.624 0.0000000000
94211  -49.767  -11.379  -7.366 0.0000000000
94212  -56.288  -13.187  -7.189 0.0000000000
94213  -56.609  -12.388  -7.625 0.0000000000
94219  -46.938  -11.317  -10.561 0.0000000000
94220  -56.387  -12.853  -8.954 0.0000000000
94221  -56.730  -12.264  -8.402 0.0000000000
94228  -47.315  -11.153  -11.737 0.0000000000
94230  -55.666  -12.783  -10.720 0.0000000000
94240  -54.922  -13.695  -12.145 0.0000000000
94241  -55.220  -12.931  -11.885 0.0000000000
94242  -58.721  -11.649  -10.483 0.0000000000
94243  -59.653  -10.950  -10.296 0.0000000000
94254  -55.122  -13.498  -12.325 0.0000000000
94255  -55.538  -12.883  -12.411 0.0000000000
94256  -56.952  -12.372  -11.994 0.0000000000
94257  -57.572  -11.619  -11.607 0.0000000000
94258  -58.669  -11.195  -10.977 0.0000000000
94259  -59.270  -10.814  -10.730 0.0000000000
94267  -55.912  -12.552  -12.559 0.0000000000
94268  -56.300  -12.200  -12.409 0.0000000000
94269  -56.854  -11.818  -12.092 0.0000000000
94270  -57.287  -11.367  -11.989 0.0000000000
95239  -50.152  -11.163  -7.274 0.0000000000
95240  -51.138  -11.147  -7.007 0.0000000000
95241  -52.589  -11.394  -6.171 0.0000000000
95242  -54.054  -11.608  -5.530 0.0000000000
95243  -55.393  -11.693  -5.683 0.0000000000
95250  -47.108  -10.666  -9.840 0.0000000000
95251  -47.558  -10.813  -8.969 0.0000000000
95252  -48.374  -10.872  -8.267 0.0000000000
95253  -49.337  -10.825  -7.659 0.0000000000
95254  -50.104  -10.642  -7.429 0.0000000000
95255  -56.428  -11.702  -6.639 0.0000000000
95261  -47.354  -10.545  -10.844 0.0000000000
95262  -56.780  -12.040  -8.928 0.0000000000
95263  -56.986  -11.752  -8.013 0.0000000000
95269  -47.361  -10.147  -12.075 0.0000000000
95272  -56.487  -11.746  -10.095 0.0000000000
95273  -56.992  -11.493  -9.064 0.0000000000
95284  -55.774  -11.854  -11.344 0.0000000000
95285  -59.654  -10.536  -10.578 0.0000000000
95286  -60.462  -10.023  -10.043 0.0000000000
95298  -55.787  -11.907  -12.112 0.0000000000
95299  -56.092  -11.476  -12.156 0.0000000000
95300  -57.682  -10.956  -11.870 0.0000000000
95301  -58.392  -10.788  -11.414 0.0000000000
95302  -59.192  -10.529  -10.847 0.0000000000
95303  -59.797  -10.283  -10.587 0.0000000000
95310  -55.821  -12.267  -12.417 0.0000000000
95311  -56.155  -11.759  -12.293 0.0000000000
95312  -56.633  -11.469  -12.179 0.0000000000
95313  -57.148  -11.147  -12.136 0.0000000000
96328  -51.587  -10.390  -6.932 0.0000000000
96329  -52.855  -10.501  -6.150 0.0000000000
96330  -54.303  -10.675  -5.512 0.0000000000
96331  -55.757  -10.873  -5.655 0.0000000000
96336  -47.552  -10.276  -9.416 0.0000000000
96337  -47.955  -10.316  -8.824 0.0000000000
96338  -48.541  -10.153  -8.255 0.0000000000
96339  -49.409  -9.987  -7.709 0.0000000000
96340  -50.506  -10.156  -7.415 0.0000000000
96341  -56.862  -10.987  -6.872 0.0000000000
96348  -47.362  -10.064  -10.071 0.0000000000
96349  -57.279  -10.941  -8.357 0.0000000000
96356  -47.711  -9.900  -10.885 0.0000000000
96357  -47.684  -9.378  -11.823 0.0000000000
96360  -56.588  -10.996  -10.425 0.0000000000
96361  -56.995  -10.837  -9.720 0.0000000000
96373  -56.275  -10.968  -11.019 0.0000000000
96374  -56.661  -10.531  -10.548 0.0000000000
96375  -60.700  -9.449  -9.865 0.0000000000
96388  -56.070  -11.224  -11.711 0.0000000000
96389  -56.199  -11.169  -11.979 0.0000000000
96390  -57.519  -10.563  -11.966 0.0000000000
96391  -58.217  -10.306  -11.611 0.0000000000
96392  -59.013  -10.110  -11.014 0.0000000000
96393  -59.921  -9.925  -10.516 0.0000000000
96402  -56.407  -11.135  -12.063 0.0000000000
96403  -56.631  -11.099  -12.146 0.0000000000
96404  -57.013  -10.850  -12.168 0.0000000000
97414  -50.536  -8.975  -7.456 0.0000000000
97415  -51.346  -9.358  -7.079 0.0000000000
97416  -52.963  -9.480  -5.918 0.0000000000
97417  -54.664  -9.769  -5.413 0.0000000000
97418  -56.347  -10.085  -5.765 0.0000000000
97423  -47.805  -10.056  -9.200 0.0000000000
97424  -48.063  -9.824  -8.984 0.0000000000
97425  -48.575  -9.306  -8.521 0.0000000000
97426  -49.910  -9.102  -7.713 0.0000000000
97427  -50.853  -9.737  -7.338 0.0000000000
97428  -57.432  -10.161  -7.243 0.0000000000
97431  -47.668  -9.832  -9.558 0.0000000000
97432  -47.891  -9.354  -9.502 0.0000000000
97433  -48.269  -8.701  -9.572 0.0000000000
97434  -48.599  -8.221  -10.061 0.0000000000
97435  -57.589  -10.119  -8.894 0.0000000000
97439  -47.560  -9.613  -10.067 0.0000000000
97440  -47.886  -9.279  -10.465 0.0000000000
97441  -48.412  -8.886  -10.930 0.0000000000
97444  -57.127  -10.004  -10.135 0.0000000000
97453  -56.403  -10.725  -11.519 0.0000000000
97454  -56.691  -10.118  -11.016 0.0000000000
97455  -60.552  -9.016  -9.895 0.0000000000
97467  -56.353  -10.906  -11.793 0.0000000000
97468  -56.714  -10.415  -11.718 0.0000000000
97469  -57.307  -9.949  -11.785 0.0000000000
97470  -57.925  -9.835  -11.708 0.0000000000
97471  -58.847  -9.605  -11.102 0.0000000000
97472  -59.830  -9.429  -10.516 0.0000000000
97473  -60.425  -9.354  -10.051 0.0000000000
97481  -56.636  -10.792  -12.036 0.0000000000
97482  -56.919  -10.575  -12.027 0.0000000000
97483  -57.310  -10.347  -11.984 0.0000000000
98524  -53.872  -7.750  -5.233 0.0000000000
98525  -54.723  -8.143  -5.096 0.0000000000
98526  -55.953  -8.510  -5.259 0.0000000000
98530  -50.466  -8.604  -7.492 0.0000000000
98531  -51.277  -8.078  -6.948 0.0000000000
98532  -53.420  -8.365  -5.459 0.0000000000
98533  -55.386  -9.051  -5.287 0.0000000000
98534  -57.144  -9.173  -5.982 0.0000000000
98535  -57.802  -8.743  -6.855 0.0000000000
98540  -48.876  -8.517  -8.592 0.0000000000
98541  -49.592  -7.808  -8.288 0.0000000000
98542  -50.130  -7.243  -7.718 0.0000000000
98543  -57.868  -9.156  -7.886 0.0000000000
98544  -57.958  -8.641  -7.455 0.0000000000
98548  -48.657  -8.023  -9.171 0.0000000000
98549  -49.098  -7.595  -9.651 0.0000000000
98551  -57.707  -9.310  -9.485 0.0000000000
98558  -57.317  -9.322  -10.480 0.0000000000
98566  -57.140  -9.418  -11.125 0.0000000000
98578  -57.352  -9.439  -11.407 0.0000000000
98579  -57.826  -9.228  -11.488 0.0000000000
98580  -58.587  -9.086  -11.109 0.0000000000
98581  -59.778  -8.854  -10.326 0.0000000000
98582  -60.276  -8.958  -10.075 0.0000000000
99616  -53.105  -7.216  -5.229 0.0000000000
99617  -54.233  -7.337  -4.982 0.0000000000
99618  -55.649  -7.714  -5.066 0.0000000000
99619  -56.820  -7.813  -5.301 0.0000000000
99624  -50.568  -6.746  -7.342 0.0000000000
99625  -51.910  -7.070  -6.245 0.0000000000
99626  -56.710  -8.342  -5.442 0.0000000000
99627  -57.597  -8.258  -6.054 0.0000000000
99631  -49.214  -7.153  -8.864 0.0000000000
99632  -49.659  -6.691  -8.471 0.0000000000
99633  -58.031  -8.368  -8.000 0.0000000000
99634  -58.108  -8.296  -7.111 0.0000000000
99638  -49.329  -6.949  -9.316 0.0000000000
99641  -58.098  -8.610  -8.957 0.0000000000
99649  -57.795  -8.681  -9.925 0.0000000000
99658  -57.709  -8.712  -10.559 0.0000000000
99659  -57.963  -8.504  -10.671 0.0000000000
99660  -58.166  -8.496  -10.800 0.0000000000
99674  -57.519  -8.920  -11.073 0.0000000000
99675  -57.781  -8.815  -11.158 0.0000000000
99676  -58.313  -8.645  -10.988 0.0000000000
99677  -59.162  -8.507  -10.509 0.0000000000
100705  -52.303  -6.174  -5.757 0.0000000000
100706  -53.454  -6.424  -4.943 0.0000000000
100707  -54.837  -6.728  -4.664 0.0000000000
100708  -56.296  -7.066  -4.916 0.0000000000
100714  -50.166  -6.001  -7.973 0.0000000000
100715  -51.093  -5.821  -7.014 0.0000000000
100716  -57.502  -7.417  -5.504 0.0000000000
100721  -50.260  -5.235  -8.230 0.0000000000
100722  -58.212  -7.858  -7.746 0.0000000000
100723  -58.272  -7.584  -6.754 0.0000000000
100730  -58.230  -7.901  -8.596 0.0000000000
100731  -58.415  -7.293  -8.031 0.0000000000
100738  -58.212  -8.141  -9.477 0.0000000000
100739  -58.428  -7.403  -8.967 0.0000000000
100747  -58.012  -8.351  -10.054 0.0000000000
100748  -58.351  -7.982  -9.840 0.0000000000
100749  -58.614  -8.027  -10.212 0.0000000000
100760  -58.375  -8.402  -10.643 0.0000000000
100761  -58.754  -8.306  -10.499 0.0000000000
101723  -52.769  -5.383  -5.405 0.0000000000
101724  -54.044  -5.606  -4.733 0.0000000000
101731  -51.863  -5.092  -6.398 0.0000000000
101735  -50.909  -4.654  -7.334 0.0000000000
101739  -50.438  -4.403  -8.523 0.0000000000
101760  -58.822  -7.402  -9.491 0.0000000000
102743  -52.408  -4.613  -6.033 0.0000000000
102744  -53.163  -4.485  -5.302 0.0000000000
102750  -51.690  -4.021  -6.675 0.0000000000
102751  -52.437  -4.132  -6.053 0.0000000000
102756  -50.966  -3.728  -7.700 0.0000000000
102757  -50.892  -3.378  -8.263 0.0000000000
102765  -50.619  -3.757  -8.628 0.0000000000
103799  -51.757  -3.414  -6.913 0.0000000000
103800  -52.569  -3.482  -6.152 0.0000000000
103807  -51.451  -3.470  -7.231 0.0000000000
103808  -51.485  -2.805  -7.590 0.0000000000
