#!ascii label  , from subject subject001 vox2ras=TkReg
1882
71081  -62.458  -32.349  1.755 0.0000000000
71082  -63.702  -32.498  1.988 0.0000000000
71083  -64.923  -32.638  2.388 0.0000000000
71084  -65.818  -32.650  2.954 0.0000000000
71099  -61.897  -31.979  1.399 0.0000000000
71100  -62.258  -31.892  1.444 0.0000000000
72164  -63.482  -29.760  1.921 0.0000000000
72165  -63.851  -29.936  1.848 0.0000000000
72178  -63.430  -30.069  1.651 0.0000000000
72179  -64.305  -30.650  1.579 0.0000000000
72180  -65.109  -31.139  1.763 0.0000000000
72201  -60.995  -31.031  0.865 0.0000000000
72202  -61.905  -30.871  1.219 0.0000000000
72203  -62.985  -31.076  1.406 0.0000000000
72204  -64.505  -31.661  1.756 0.0000000000
72205  -65.638  -31.845  2.310 0.0000000000
72206  -66.596  -32.247  3.226 0.0000000000
72207  -67.084  -31.961  3.512 0.0000000000
72226  -59.501  -29.705  0.592 0.0000000000
72227  -61.667  -31.453  1.182 0.0000000000
72228  -62.194  -31.482  1.351 0.0000000000
72229  -62.474  -31.708  1.442 0.0000000000
73356  -59.511  -28.472  4.868 0.0000000000
73357  -60.150  -28.525  4.642 0.0000000000
73358  -60.908  -28.572  4.214 0.0000000000
73359  -61.769  -28.635  3.725 0.0000000000
73360  -62.335  -28.675  3.489 0.0000000000
73369  -51.630  -28.465  4.955 0.0000000000
73370  -51.849  -28.432  4.812 0.0000000000
73371  -59.296  -28.352  4.253 0.0000000000
73372  -60.117  -28.546  3.786 0.0000000000
73373  -60.919  -28.815  3.362 0.0000000000
73374  -61.823  -29.065  2.942 0.0000000000
73375  -63.066  -29.280  2.559 0.0000000000
73376  -64.736  -29.892  2.189 0.0000000000
73377  -65.697  -30.037  2.486 0.0000000000
73378  -67.517  -30.786  3.945 0.0000000000
73387  -51.437  -28.413  4.804 0.0000000000
73388  -51.649  -28.422  4.669 0.0000000000
73389  -59.086  -28.195  3.510 0.0000000000
73390  -59.869  -28.398  2.851 0.0000000000
73391  -60.754  -28.960  2.346 0.0000000000
73392  -61.636  -29.463  2.090 0.0000000000
73393  -62.585  -29.886  1.729 0.0000000000
73394  -65.036  -30.635  1.788 0.0000000000
73395  -65.786  -30.766  2.240 0.0000000000
73396  -66.784  -30.790  3.167 0.0000000000
73397  -67.298  -31.558  3.687 0.0000000000
73405  -59.214  -28.297  2.317 0.0000000000
73406  -60.095  -29.389  1.191 0.0000000000
73407  -61.313  -29.966  1.343 0.0000000000
73408  -62.210  -30.270  1.403 0.0000000000
73409  -62.604  -30.413  1.440 0.0000000000
73410  -66.408  -31.499  2.753 0.0000000000
73411  -66.881  -31.644  3.308 0.0000000000
73412  -67.085  -31.715  3.509 0.0000000000
73425  -58.913  -28.810  1.043 0.0000000000
73426  -59.507  -29.318  0.924 0.0000000000
74548  -66.827  -28.282  9.085 0.0000000000
74559  -57.026  -27.619  6.230 0.0000000000
74560  -57.667  -27.794  6.501 0.0000000000
74561  -58.638  -28.089  6.457 0.0000000000
74562  -59.385  -28.153  6.326 0.0000000000
74563  -60.056  -28.115  5.972 0.0000000000
74564  -60.721  -27.983  5.420 0.0000000000
74565  -61.172  -27.847  5.107 0.0000000000
74566  -67.300  -28.720  7.385 0.0000000000
74575  -50.918  -28.240  5.354 0.0000000000
74576  -51.499  -28.223  5.539 0.0000000000
74577  -52.458  -27.901  5.600 0.0000000000
74578  -53.734  -27.440  5.640 0.0000000000
74579  -55.009  -27.271  5.654 0.0000000000
74580  -56.091  -27.380  5.551 0.0000000000
74581  -56.953  -27.587  5.509 0.0000000000
74582  -57.742  -27.863  5.560 0.0000000000
74583  -58.663  -28.241  5.514 0.0000000000
74584  -59.401  -28.365  5.659 0.0000000000
74585  -60.103  -28.361  5.406 0.0000000000
74586  -60.838  -28.266  4.872 0.0000000000
74587  -61.941  -28.129  4.179 0.0000000000
74588  -62.988  -28.050  3.849 0.0000000000
74589  -67.323  -28.527  6.490 0.0000000000
74590  -67.634  -29.253  5.592 0.0000000000
74596  -50.406  -27.562  3.721 0.0000000000
74597  -50.869  -28.105  4.553 0.0000000000
74598  -51.331  -28.412  5.037 0.0000000000
74599  -52.081  -28.309  4.968 0.0000000000
74600  -53.338  -27.764  4.867 0.0000000000
74601  -54.627  -27.392  4.739 0.0000000000
74602  -55.811  -27.412  4.642 0.0000000000
74603  -56.816  -27.544  4.563 0.0000000000
74604  -57.698  -27.708  4.548 0.0000000000
74605  -58.490  -28.083  4.534 0.0000000000
74606  -62.734  -28.656  3.391 0.0000000000
74607  -63.782  -28.520  3.126 0.0000000000
74608  -65.952  -29.235  2.919 0.0000000000
74609  -67.266  -29.747  3.795 0.0000000000
74610  -67.822  -30.379  4.704 0.0000000000
74616  -48.540  -27.293  1.977 0.0000000000
74617  -49.268  -27.411  2.327 0.0000000000
74618  -50.093  -27.386  2.710 0.0000000000
74619  -50.764  -27.759  3.375 0.0000000000
74620  -51.414  -28.211  4.139 0.0000000000
74621  -52.139  -28.220  4.190 0.0000000000
74622  -53.138  -27.893  4.007 0.0000000000
74623  -54.362  -27.517  3.786 0.0000000000
74624  -55.593  -27.476  3.612 0.0000000000
74625  -56.692  -27.524  3.490 0.0000000000
74626  -57.641  -27.600  3.439 0.0000000000
74627  -58.471  -27.847  3.444 0.0000000000
74628  -66.225  -30.166  2.709 0.0000000000
74629  -66.627  -30.008  3.111 0.0000000000
74637  -47.958  -27.343  1.087 0.0000000000
74638  -48.766  -27.373  1.267 0.0000000000
74639  -49.655  -27.408  1.564 0.0000000000
74640  -50.543  -27.514  2.011 0.0000000000
74641  -51.356  -27.666  2.575 0.0000000000
74642  -52.166  -27.757  2.921 0.0000000000
74643  -53.088  -27.604  2.932 0.0000000000
74644  -54.202  -27.529  2.752 0.0000000000
74645  -55.405  -27.451  2.523 0.0000000000
74646  -56.599  -27.457  2.318 0.0000000000
74647  -57.579  -27.634  2.306 0.0000000000
74648  -58.402  -27.907  2.305 0.0000000000
74659  -50.237  -27.406  0.536 0.0000000000
74660  -51.239  -27.476  1.005 0.0000000000
74661  -52.166  -27.505  1.427 0.0000000000
74666  -57.626  -28.048  0.957 0.0000000000
74667  -58.185  -28.031  1.591 0.0000000000
75778  -66.234  -27.360  9.408 0.0000000000
75788  -54.817  -26.947  6.625 0.0000000000
75789  -55.283  -26.981  6.704 0.0000000000
75790  -56.443  -27.301  6.775 0.0000000000
75791  -57.250  -27.451  7.060 0.0000000000
75792  -57.987  -27.698  7.024 0.0000000000
75793  -58.745  -27.853  6.964 0.0000000000
75794  -59.432  -27.816  6.763 0.0000000000
75795  -60.110  -27.698  6.320 0.0000000000
75796  -60.778  -27.548  5.676 0.0000000000
75797  -66.592  -27.812  8.285 0.0000000000
75804  -50.776  -28.131  5.493 0.0000000000
75805  -51.072  -28.052  5.660 0.0000000000
75806  -51.804  -27.801  5.863 0.0000000000
75807  -52.926  -27.381  6.033 0.0000000000
75808  -54.382  -27.053  6.345 0.0000000000
75809  -55.574  -27.212  6.345 0.0000000000
75810  -56.405  -27.410  6.191 0.0000000000
75811  -61.564  -27.513  4.957 0.0000000000
75812  -62.590  -27.548  4.214 0.0000000000
75813  -66.953  -28.076  7.059 0.0000000000
75814  -67.285  -28.164  5.931 0.0000000000
75822  -49.675  -27.189  3.238 0.0000000000
75823  -50.064  -27.240  3.554 0.0000000000
75824  -50.653  -27.808  4.788 0.0000000000
75825  -63.838  -27.716  3.678 0.0000000000
75826  -65.368  -27.932  3.293 0.0000000000
75827  -66.783  -28.205  4.302 0.0000000000
75834  -48.480  -27.170  2.288 0.0000000000
75835  -49.182  -27.205  2.866 0.0000000000
75836  -49.835  -27.273  3.045 0.0000000000
75837  -66.080  -27.601  3.650 0.0000000000
75838  -66.382  -27.489  4.027 0.0000000000
75843  -47.126  -27.167  1.232 0.0000000000
75844  -47.856  -27.138  1.659 0.0000000000
76960  -57.830  -26.997  7.446 0.0000000000
76961  -58.371  -26.951  7.446 0.0000000000
76962  -58.927  -26.791  7.435 0.0000000000
76963  -59.218  -26.601  7.394 0.0000000000
76964  -65.781  -26.626  9.956 0.0000000000
76965  -66.167  -27.024  9.084 0.0000000000
76976  -54.867  -26.715  6.655 0.0000000000
76977  -55.781  -26.862  6.996 0.0000000000
76978  -56.745  -27.027  7.151 0.0000000000
76979  -57.536  -27.242  7.283 0.0000000000
76980  -58.196  -27.385  7.275 0.0000000000
76981  -58.859  -27.376  7.257 0.0000000000
76982  -59.507  -27.006  7.024 0.0000000000
76983  -60.323  -26.978  6.332 0.0000000000
76984  -61.171  -26.918  5.615 0.0000000000
76985  -66.818  -27.393  7.677 0.0000000000
76986  -67.111  -27.056  7.045 0.0000000000
76994  -50.794  -27.910  5.519 0.0000000000
76995  -51.302  -27.638  5.839 0.0000000000
76996  -52.282  -27.312  6.086 0.0000000000
76997  -53.426  -27.014  6.313 0.0000000000
76998  -54.205  -26.845  6.396 0.0000000000
76999  -62.172  -26.859  4.783 0.0000000000
77000  -63.459  -26.897  4.070 0.0000000000
77001  -67.077  -27.754  6.608 0.0000000000
77002  -67.220  -27.345  5.918 0.0000000000
77010  -49.735  -27.095  3.434 0.0000000000
77011  -50.249  -27.298  4.038 0.0000000000
77012  -50.636  -27.462  4.874 0.0000000000
77013  -50.871  -27.638  5.530 0.0000000000
77014  -65.000  -26.993  3.526 0.0000000000
77015  -65.625  -27.410  3.504 0.0000000000
77016  -66.671  -27.269  4.585 0.0000000000
77024  -48.458  -27.055  2.476 0.0000000000
77025  -49.006  -27.033  2.995 0.0000000000
77026  -49.868  -27.016  3.628 0.0000000000
77027  -50.302  -27.155  4.226 0.0000000000
77028  -65.585  -26.780  3.730 0.0000000000
77029  -65.965  -27.104  3.764 0.0000000000
77030  -66.340  -27.202  4.126 0.0000000000
77035  -47.191  -27.018  1.420 0.0000000000
77036  -47.943  -26.912  1.816 0.0000000000
77037  -48.348  -26.918  2.320 0.0000000000
77045  -47.302  -26.906  1.512 0.0000000000
78182  -57.687  -26.796  7.430 0.0000000000
78183  -57.976  -26.707  7.446 0.0000000000
78184  -58.596  -26.430  7.523 0.0000000000
78185  -59.089  -26.345  7.580 0.0000000000
78186  -65.456  -25.856  10.503 0.0000000000
78187  -65.744  -26.219  9.865 0.0000000000
78195  -54.834  -26.455  6.658 0.0000000000
78196  -55.381  -26.478  6.908 0.0000000000
78197  -56.243  -26.580  7.141 0.0000000000
78198  -57.371  -26.703  7.328 0.0000000000
78199  -58.134  -26.324  7.408 0.0000000000
78200  -58.698  -26.051  7.602 0.0000000000
78201  -59.446  -26.337  7.408 0.0000000000
78202  -60.021  -26.337  6.999 0.0000000000
78203  -60.777  -26.252  6.256 0.0000000000
78204  -66.348  -26.595  9.013 0.0000000000
78205  -66.944  -26.713  7.981 0.0000000000
78212  -51.378  -27.397  5.814 0.0000000000
78213  -51.810  -27.168  6.002 0.0000000000
78214  -52.922  -26.938  6.199 0.0000000000
78215  -54.198  -26.587  6.333 0.0000000000
78216  -61.709  -26.143  5.448 0.0000000000
78217  -62.867  -26.041  4.537 0.0000000000
78218  -67.338  -26.609  6.748 0.0000000000
78227  -50.633  -27.212  4.836 0.0000000000
78228  -51.098  -27.250  5.330 0.0000000000
78229  -51.782  -26.861  5.740 0.0000000000
78230  -64.426  -26.115  4.054 0.0000000000
78231  -65.720  -26.023  4.171 0.0000000000
78232  -66.894  -26.441  5.029 0.0000000000
78241  -48.844  -26.916  2.923 0.0000000000
78242  -49.253  -26.907  3.148 0.0000000000
78243  -50.263  -26.960  4.081 0.0000000000
78244  -50.952  -26.784  4.594 0.0000000000
78245  -65.350  -26.462  3.811 0.0000000000
78246  -65.996  -26.579  4.025 0.0000000000
78247  -66.351  -26.927  4.305 0.0000000000
78254  -48.054  -26.689  1.810 0.0000000000
78255  -48.504  -26.736  2.363 0.0000000000
78256  -49.209  -26.494  2.722 0.0000000000
78257  -50.101  -26.590  3.056 0.0000000000
78263  -41.877  -24.694  3.355 0.0000000000
78265  -47.425  -26.704  1.393 0.0000000000
78266  -48.216  -26.200  1.697 0.0000000000
78267  -48.884  -25.972  1.990 0.0000000000
78273  -47.309  -26.257  0.749 0.0000000000
78274  -47.872  -25.840  0.948 0.0000000000
79327  -65.414  -24.984  10.926 0.0000000000
79338  -59.066  -26.033  7.674 0.0000000000
79339  -59.296  -26.085  7.589 0.0000000000
79340  -65.460  -25.363  10.401 0.0000000000
79341  -65.874  -25.699  9.781 0.0000000000
79347  -46.425  -23.792  6.453 0.0000000000
79348  -54.987  -26.269  6.723 0.0000000000
79349  -55.736  -26.174  7.022 0.0000000000
79350  -56.730  -26.273  7.121 0.0000000000
79351  -57.684  -26.187  7.224 0.0000000000
79352  -58.471  -25.906  7.426 0.0000000000
79353  -59.091  -25.752  7.515 0.0000000000
79354  -59.632  -25.804  7.367 0.0000000000
79355  -60.435  -25.646  6.765 0.0000000000
79356  -61.290  -25.487  6.094 0.0000000000
79357  -66.677  -26.016  9.046 0.0000000000
79358  -67.381  -25.927  8.070 0.0000000000
79359  -67.571  -25.389  8.199 0.0000000000
79362  -45.856  -24.507  6.363 0.0000000000
79363  -46.468  -23.967  6.312 0.0000000000
79364  -52.558  -26.782  5.980 0.0000000000
79365  -53.622  -26.616  6.088 0.0000000000
79366  -54.544  -26.206  6.433 0.0000000000
79367  -55.194  -26.053  6.789 0.0000000000
79368  -62.310  -25.336  5.270 0.0000000000
79369  -63.639  -25.294  4.586 0.0000000000
79370  -67.545  -25.881  6.556 0.0000000000
79371  -67.689  -25.481  7.598 0.0000000000
79376  -45.145  -24.906  5.891 0.0000000000
79377  -45.919  -24.462  5.876 0.0000000000
79378  -46.395  -24.137  6.065 0.0000000000
79379  -51.570  -26.693  5.085 0.0000000000
79380  -52.337  -26.542  5.461 0.0000000000
79381  -53.295  -26.360  5.702 0.0000000000
79382  -54.067  -26.271  6.013 0.0000000000
79383  -65.074  -25.377  4.235 0.0000000000
79384  -66.428  -25.627  4.537 0.0000000000
79385  -67.233  -25.780  5.410 0.0000000000
79392  -44.053  -24.755  5.125 0.0000000000
79393  -44.907  -24.652  5.317 0.0000000000
79394  -45.558  -24.372  5.315 0.0000000000
79395  -50.707  -26.517  3.754 0.0000000000
79396  -51.344  -26.404  4.306 0.0000000000
79397  -52.235  -26.231  4.465 0.0000000000
79398  -52.897  -26.205  5.111 0.0000000000
79404  -42.755  -24.551  3.854 0.0000000000
79405  -43.761  -24.098  4.176 0.0000000000
79406  -44.754  -24.236  4.710 0.0000000000
79407  -45.265  -24.291  4.956 0.0000000000
79408  -49.567  -26.036  2.329 0.0000000000
79409  -50.555  -26.091  2.558 0.0000000000
79410  -51.293  -26.186  3.419 0.0000000000
79411  -51.721  -26.158  3.917 0.0000000000
79417  -41.364  -24.216  2.519 0.0000000000
79418  -42.421  -23.915  2.867 0.0000000000
79419  -43.123  -23.979  3.528 0.0000000000
79420  -48.477  -25.721  1.280 0.0000000000
79421  -49.139  -25.659  1.572 0.0000000000
79422  -49.859  -25.711  1.634 0.0000000000
79426  -41.157  -23.608  1.742 0.0000000000
79427  -41.704  -23.701  2.241 0.0000000000
79429  -47.427  -25.795  0.125 0.0000000000
79430  -48.120  -25.637  0.401 0.0000000000
79431  -48.938  -25.542  0.464 0.0000000000
79432  -49.441  -25.567  1.098 0.0000000000
79439  -46.913  -25.484  -0.667 0.0000000000
79440  -47.772  -25.298  -0.681 0.0000000000
79441  -48.387  -25.462  -0.193 0.0000000000
79449  -47.143  -25.034  -1.050 0.0000000000
80383  -65.472  -24.110  11.346 0.0000000000
80384  -65.407  -24.444  10.844 0.0000000000
80395  -65.575  -24.749  10.329 0.0000000000
80396  -66.299  -25.009  9.666 0.0000000000
80397  -66.736  -24.590  9.530 0.0000000000
80405  -55.650  -25.899  6.859 0.0000000000
80406  -56.343  -25.939  6.920 0.0000000000
80407  -57.277  -25.964  6.954 0.0000000000
80408  -58.157  -25.780  7.117 0.0000000000
80409  -58.998  -25.439  7.229 0.0000000000
80410  -59.662  -25.330  7.147 0.0000000000
80411  -60.240  -25.193  6.939 0.0000000000
80412  -60.906  -24.989  6.509 0.0000000000
80413  -66.978  -25.578  9.017 0.0000000000
80414  -67.305  -25.081  8.919 0.0000000000
80415  -67.773  -25.002  8.124 0.0000000000
80419  -47.157  -23.274  6.200 0.0000000000
80420  -47.787  -22.867  5.956 0.0000000000
80421  -54.512  -25.866  6.217 0.0000000000
80422  -55.155  -25.758  6.526 0.0000000000
80423  -56.041  -25.618  6.541 0.0000000000
80424  -56.983  -25.684  6.586 0.0000000000
80425  -57.891  -25.598  6.711 0.0000000000
80426  -58.588  -25.430  6.926 0.0000000000
80427  -61.759  -24.746  5.816 0.0000000000
80428  -62.925  -24.610  5.009 0.0000000000
80429  -67.637  -25.457  6.018 0.0000000000
80430  -67.981  -25.124  7.035 0.0000000000
80433  -46.520  -23.988  5.712 0.0000000000
80434  -47.008  -23.640  5.912 0.0000000000
80435  -47.668  -23.096  5.815 0.0000000000
80436  -53.464  -25.897  5.220 0.0000000000
80437  -54.084  -25.772  5.680 0.0000000000
80438  -54.887  -25.414  5.893 0.0000000000
80439  -55.545  -25.453  6.139 0.0000000000
80440  -64.421  -24.683  4.593 0.0000000000
80441  -65.907  -25.000  4.443 0.0000000000
80442  -67.219  -25.267  5.087 0.0000000000
80443  -67.838  -25.035  6.037 0.0000000000
80448  -46.191  -23.982  5.262 0.0000000000
80449  -46.843  -23.551  5.228 0.0000000000
80450  -47.402  -23.248  5.440 0.0000000000
80451  -52.685  -25.820  3.866 0.0000000000
80452  -53.171  -25.779  4.413 0.0000000000
80453  -53.954  -25.351  4.832 0.0000000000
80454  -54.503  -25.265  5.321 0.0000000000
80461  -44.129  -23.592  3.764 0.0000000000
80462  -44.647  -23.671  4.143 0.0000000000
80463  -45.621  -23.628  4.505 0.0000000000
80464  -46.391  -23.610  4.844 0.0000000000
80465  -50.941  -25.733  2.082 0.0000000000
80466  -51.346  -25.788  2.519 0.0000000000
80467  -52.107  -25.760  3.243 0.0000000000
80468  -53.161  -25.340  3.213 0.0000000000
80469  -53.717  -25.223  3.993 0.0000000000
80476  -42.758  -23.344  2.520 0.0000000000
80477  -43.540  -23.316  3.084 0.0000000000
80478  -44.536  -23.254  3.517 0.0000000000
80479  -45.051  -23.311  3.886 0.0000000000
80480  -50.604  -25.605  1.505 0.0000000000
80481  -51.298  -25.530  1.593 0.0000000000
80482  -51.916  -25.415  2.002 0.0000000000
80483  -52.594  -25.327  2.146 0.0000000000
80488  -41.451  -23.248  0.974 0.0000000000
80489  -42.175  -23.238  1.813 0.0000000000
80490  -42.981  -23.025  2.142 0.0000000000
80491  -49.392  -25.395  -0.335 0.0000000000
80492  -49.991  -25.512  0.399 0.0000000000
80493  -51.058  -25.445  0.503 0.0000000000
80494  -51.933  -25.317  0.769 0.0000000000
80495  -52.297  -25.353  1.462 0.0000000000
80500  -42.545  -22.847  1.525 0.0000000000
80501  -42.709  -22.929  1.727 0.0000000000
80502  -48.110  -24.784  -1.213 0.0000000000
80503  -48.808  -25.217  -1.005 0.0000000000
80504  -49.829  -25.021  -0.851 0.0000000000
80505  -50.745  -25.037  -0.585 0.0000000000
80506  -51.705  -25.140  -0.535 0.0000000000
80507  -52.057  -24.946  -1.173 0.0000000000
80514  -46.088  -23.878  -1.831 0.0000000000
80515  -47.366  -24.383  -1.526 0.0000000000
80516  -48.512  -24.318  -1.601 0.0000000000
80517  -49.496  -24.453  -1.698 0.0000000000
80518  -50.477  -24.508  -1.549 0.0000000000
80519  -51.377  -24.665  -1.368 0.0000000000
80520  -51.847  -24.824  -1.314 0.0000000000
81405  -65.428  -23.300  11.837 0.0000000000
81406  -65.460  -22.918  12.337 0.0000000000
81410  -65.385  -23.561  11.285 0.0000000000
81411  -65.439  -23.810  10.834 0.0000000000
81421  -65.742  -24.065  10.377 0.0000000000
81422  -66.251  -24.087  9.957 0.0000000000
81423  -67.189  -24.067  9.337 0.0000000000
81424  -67.651  -23.600  8.967 0.0000000000
81435  -59.206  -25.186  6.782 0.0000000000
81436  -59.790  -24.980  6.837 0.0000000000
81437  -60.340  -24.861  6.713 0.0000000000
81438  -60.629  -24.827  6.618 0.0000000000
81439  -67.635  -24.604  8.669 0.0000000000
81440  -68.149  -24.213  8.219 0.0000000000
81445  -47.042  -22.872  6.354 0.0000000000
81446  -47.875  -22.445  5.830 0.0000000000
81447  -48.244  -21.905  5.355 0.0000000000
81448  -56.099  -25.340  5.980 0.0000000000
81449  -56.788  -25.411  6.050 0.0000000000
81450  -57.703  -25.360  6.118 0.0000000000
81451  -58.706  -25.246  6.310 0.0000000000
81452  -59.835  -24.741  6.190 0.0000000000
81453  -60.621  -24.499  6.343 0.0000000000
81454  -61.203  -24.400  6.202 0.0000000000
81455  -62.303  -24.144  5.467 0.0000000000
81456  -68.369  -24.407  6.556 0.0000000000
81460  -48.018  -22.560  5.529 0.0000000000
81461  -48.289  -21.984  5.133 0.0000000000
81462  -55.014  -25.054  5.249 0.0000000000
81463  -55.679  -25.132  5.431 0.0000000000
81464  -56.591  -25.178  5.345 0.0000000000
81465  -57.447  -25.204  5.424 0.0000000000
81466  -58.500  -25.092  5.321 0.0000000000
81467  -59.218  -25.051  5.773 0.0000000000
81468  -63.725  -24.091  4.890 0.0000000000
81469  -65.364  -24.412  4.452 0.0000000000
81470  -66.871  -24.741  4.566 0.0000000000
81471  -67.724  -24.749  5.456 0.0000000000
81475  -47.345  -23.075  4.862 0.0000000000
81476  -47.808  -22.717  5.057 0.0000000000
81477  -48.246  -22.178  4.754 0.0000000000
81478  -54.179  -24.889  4.135 0.0000000000
81479  -54.678  -24.848  4.623 0.0000000000
81480  -55.427  -24.772  4.669 0.0000000000
81481  -56.307  -24.722  4.385 0.0000000000
81482  -57.277  -24.954  4.663 0.0000000000
81483  -57.867  -25.014  4.896 0.0000000000
81488  -46.053  -22.998  3.942 0.0000000000
81489  -46.704  -23.071  4.374 0.0000000000
81490  -47.523  -22.367  4.196 0.0000000000
81491  -48.022  -22.286  4.482 0.0000000000
81492  -53.683  -25.083  2.627 0.0000000000
81493  -54.085  -24.834  3.219 0.0000000000
81494  -54.624  -24.601  3.729 0.0000000000
81495  -55.234  -24.495  3.963 0.0000000000
81496  -55.724  -24.564  4.099 0.0000000000
81503  -43.900  -22.746  2.660 0.0000000000
81504  -44.354  -22.761  2.946 0.0000000000
81505  -45.307  -22.676  3.291 0.0000000000
81506  -46.372  -22.450  3.595 0.0000000000
81507  -46.963  -22.374  3.868 0.0000000000
81508  -53.355  -25.241  1.962 0.0000000000
81509  -54.178  -25.156  2.082 0.0000000000
81510  -54.657  -25.106  1.689 0.0000000000
81516  -41.826  -22.931  0.986 0.0000000000
81517  -41.880  -22.997  1.222 0.0000000000
81518  -43.544  -22.676  2.259 0.0000000000
81519  -44.210  -22.387  2.184 0.0000000000
81520  -44.728  -22.448  2.639 0.0000000000
81521  -52.321  -25.353  0.201 0.0000000000
81522  -52.758  -25.365  0.787 0.0000000000
81523  -53.729  -25.413  0.815 0.0000000000
81524  -54.493  -25.336  0.889 0.0000000000
81528  -41.904  -22.889  0.576 0.0000000000
81529  -42.279  -22.761  1.118 0.0000000000
81530  -43.104  -22.549  1.409 0.0000000000
81531  -43.710  -22.389  1.778 0.0000000000
81532  -52.107  -25.301  -0.074 0.0000000000
81533  -52.445  -25.171  -0.665 0.0000000000
81534  -53.310  -25.257  -0.470 0.0000000000
81535  -54.122  -25.306  -0.417 0.0000000000
81539  -42.250  -22.801  -0.102 0.0000000000
81540  -42.470  -22.597  0.455 0.0000000000
81541  -42.732  -22.503  0.846 0.0000000000
81543  -46.755  -23.030  -1.712 0.0000000000
81544  -48.015  -23.409  -1.691 0.0000000000
81545  -49.150  -23.642  -2.006 0.0000000000
81546  -50.197  -23.855  -2.062 0.0000000000
81547  -51.214  -24.118  -1.869 0.0000000000
81548  -52.179  -24.517  -1.904 0.0000000000
81549  -53.021  -24.808  -1.553 0.0000000000
81550  -53.670  -24.853  -1.514 0.0000000000
81560  -46.159  -22.975  -1.906 0.0000000000
81561  -52.670  -24.103  -2.417 0.0000000000
81562  -53.014  -24.342  -2.251 0.0000000000
81563  -53.370  -24.562  -2.031 0.0000000000
82563  -65.520  -22.446  12.660 0.0000000000
82565  -65.272  -22.827  11.712 0.0000000000
82566  -65.273  -22.746  12.123 0.0000000000
82568  -65.321  -22.990  11.280 0.0000000000
82569  -65.445  -23.066  10.816 0.0000000000
82570  -65.545  -22.645  10.746 0.0000000000
82577  -65.827  -23.596  10.395 0.0000000000
82578  -66.219  -23.132  10.327 0.0000000000
82579  -67.237  -23.013  9.552 0.0000000000
82580  -67.913  -23.056  8.653 0.0000000000
82590  -68.528  -23.269  7.434 0.0000000000
82591  -68.596  -22.831  7.043 0.0000000000
82600  -47.465  -22.113  5.899 0.0000000000
82601  -48.060  -21.751  5.275 0.0000000000
82602  -60.433  -24.388  5.723 0.0000000000
82603  -60.907  -24.132  5.905 0.0000000000
82604  -61.553  -24.016  5.878 0.0000000000
82605  -61.898  -23.953  5.711 0.0000000000
82606  -68.535  -23.705  6.342 0.0000000000
82607  -68.615  -23.122  6.514 0.0000000000
82611  -48.387  -21.297  4.480 0.0000000000
82612  -48.637  -20.717  3.865 0.0000000000
82613  -59.007  -24.989  4.627 0.0000000000
82614  -59.782  -24.796  5.151 0.0000000000
82615  -61.119  -24.172  5.191 0.0000000000
82616  -61.922  -23.838  5.374 0.0000000000
82617  -62.880  -23.784  5.127 0.0000000000
82618  -64.718  -23.884  4.574 0.0000000000
82619  -66.524  -24.283  4.265 0.0000000000
82620  -67.947  -24.052  5.186 0.0000000000
82621  -68.476  -23.504  5.890 0.0000000000
82625  -48.432  -21.447  4.210 0.0000000000
82626  -48.699  -20.782  3.641 0.0000000000
82627  -56.565  -24.633  3.546 0.0000000000
82628  -57.172  -24.767  3.697 0.0000000000
82629  -58.256  -24.887  4.060 0.0000000000
82630  -59.482  -25.031  3.891 0.0000000000
82631  -60.650  -24.700  4.159 0.0000000000
82632  -67.157  -24.041  4.176 0.0000000000
82633  -67.376  -24.059  4.482 0.0000000000
82636  -47.701  -21.969  3.700 0.0000000000
82637  -48.097  -21.698  3.774 0.0000000000
82638  -48.722  -20.656  3.082 0.0000000000
82639  -49.048  -19.889  2.452 0.0000000000
82640  -54.355  -24.676  3.066 0.0000000000
82641  -54.589  -24.594  3.079 0.0000000000
82642  -55.100  -24.482  3.115 0.0000000000
82643  -55.931  -24.507  3.254 0.0000000000
82644  -56.789  -24.812  2.791 0.0000000000
82645  -57.739  -25.046  2.695 0.0000000000
82646  -58.877  -25.294  2.653 0.0000000000
82647  -60.310  -25.377  2.590 0.0000000000
82652  -45.375  -22.162  2.744 0.0000000000
82653  -45.829  -21.872  2.806 0.0000000000
82654  -47.114  -21.576  3.126 0.0000000000
82655  -47.991  -20.557  2.390 0.0000000000
82656  -48.761  -19.829  1.791 0.0000000000
82657  -49.162  -19.570  1.913 0.0000000000
82658  -54.415  -24.754  2.803 0.0000000000
82659  -54.798  -24.779  2.365 0.0000000000
82660  -55.481  -24.750  2.180 0.0000000000
82661  -56.235  -24.888  1.875 0.0000000000
82662  -57.126  -25.256  1.558 0.0000000000
82663  -58.150  -25.398  1.379 0.0000000000
82664  -59.282  -25.494  1.229 0.0000000000
82665  -60.465  -25.629  0.891 0.0000000000
82672  -44.399  -22.105  1.846 0.0000000000
82673  -44.982  -21.976  2.136 0.0000000000
82674  -45.943  -20.992  1.742 0.0000000000
82675  -47.215  -20.390  1.256 0.0000000000
82676  -48.214  -19.976  1.224 0.0000000000
82677  -48.683  -19.771  1.089 0.0000000000
82678  -55.067  -25.124  1.332 0.0000000000
82679  -55.696  -25.134  0.841 0.0000000000
82680  -56.483  -25.303  0.406 0.0000000000
82681  -57.423  -25.378  0.146 0.0000000000
82682  -58.431  -25.415  0.014 0.0000000000
82683  -59.452  -25.483  -0.145 0.0000000000
82684  -60.433  -25.382  -0.371 0.0000000000
82685  -61.226  -25.126  -0.679 0.0000000000
82692  -43.390  -22.173  1.053 0.0000000000
82693  -43.949  -21.928  1.312 0.0000000000
82694  -44.988  -21.230  0.836 0.0000000000
82695  -46.157  -20.650  0.217 0.0000000000
82696  -47.158  -20.470  0.196 0.0000000000
82697  -54.986  -25.242  -0.254 0.0000000000
82698  -55.810  -25.154  -0.761 0.0000000000
82699  -56.682  -24.889  -1.169 0.0000000000
82700  -57.673  -25.026  -1.100 0.0000000000
82701  -58.581  -25.038  -1.159 0.0000000000
82702  -59.495  -24.872  -1.199 0.0000000000
82703  -60.372  -24.616  -1.316 0.0000000000
82704  -61.291  -24.440  -1.502 0.0000000000
82710  -42.447  -22.659  -0.152 0.0000000000
82711  -42.609  -22.503  -0.042 0.0000000000
82712  -43.193  -22.254  0.446 0.0000000000
82713  -44.180  -21.730  0.122 0.0000000000
82714  -45.182  -21.373  -0.394 0.0000000000
82715  -46.380  -21.612  -1.107 0.0000000000
82716  -47.588  -22.230  -1.527 0.0000000000
82717  -48.723  -22.683  -1.762 0.0000000000
82718  -49.825  -23.004  -1.974 0.0000000000
82719  -51.101  -23.207  -1.768 0.0000000000
82720  -51.780  -23.747  -2.144 0.0000000000
82721  -54.343  -24.755  -1.713 0.0000000000
82722  -57.116  -24.308  -1.927 0.0000000000
82723  -57.783  -24.145  -1.916 0.0000000000
82724  -58.621  -24.003  -1.884 0.0000000000
82725  -59.459  -23.859  -1.995 0.0000000000
82726  -60.323  -23.713  -2.188 0.0000000000
82727  -61.145  -23.478  -2.308 0.0000000000
82733  -42.621  -22.625  -0.323 0.0000000000
82734  -42.931  -22.488  -0.375 0.0000000000
82735  -43.630  -22.320  -0.506 0.0000000000
82736  -44.508  -22.176  -0.824 0.0000000000
82737  -45.439  -22.292  -1.205 0.0000000000
82738  -46.086  -22.616  -1.578 0.0000000000
82739  -51.881  -23.108  -2.125 0.0000000000
82740  -52.380  -23.586  -2.429 0.0000000000
82741  -53.043  -23.748  -2.546 0.0000000000
82742  -53.681  -24.100  -2.395 0.0000000000
83740  -65.576  -21.172  14.396 0.0000000000
83747  -65.534  -21.923  13.180 0.0000000000
83752  -65.184  -22.534  11.816 0.0000000000
83753  -65.191  -22.253  12.206 0.0000000000
83755  -65.249  -22.574  11.586 0.0000000000
83756  -65.179  -22.285  11.550 0.0000000000
83757  -65.364  -22.117  11.119 0.0000000000
83758  -65.745  -21.738  10.848 0.0000000000
83765  -65.730  -22.327  10.663 0.0000000000
83766  -66.466  -22.055  10.242 0.0000000000
83767  -67.509  -22.071  9.383 0.0000000000
83776  -68.267  -22.104  8.294 0.0000000000
83777  -68.529  -22.497  7.421 0.0000000000
83786  -45.896  -21.665  5.477 0.0000000000
83787  -46.822  -21.633  5.334 0.0000000000
83788  -47.608  -21.467  5.171 0.0000000000
83789  -68.495  -21.833  7.494 0.0000000000
83790  -68.610  -22.362  6.720 0.0000000000
83795  -44.712  -21.036  5.305 0.0000000000
83796  -45.413  -20.999  4.990 0.0000000000
83797  -46.214  -20.949  4.772 0.0000000000
83798  -47.097  -20.814  4.545 0.0000000000
83799  -47.998  -20.798  4.341 0.0000000000
83800  -48.502  -20.470  3.711 0.0000000000
83801  -61.578  -23.956  4.967 0.0000000000
83802  -61.973  -23.788  4.862 0.0000000000
83803  -63.081  -23.459  4.609 0.0000000000
83804  -64.373  -23.452  4.332 0.0000000000
83805  -65.607  -23.841  4.184 0.0000000000
83806  -68.107  -23.595  5.021 0.0000000000
83807  -68.501  -23.015  5.528 0.0000000000
83812  -48.813  -20.180  3.240 0.0000000000
83813  -49.172  -19.617  2.725 0.0000000000
83814  -61.601  -24.161  4.490 0.0000000000
83815  -62.668  -24.033  3.894 0.0000000000
83816  -63.623  -23.383  3.818 0.0000000000
83817  -65.597  -23.607  3.843 0.0000000000
83818  -66.659  -23.907  3.849 0.0000000000
83819  -67.746  -23.588  4.389 0.0000000000
83820  -68.328  -22.608  4.564 0.0000000000
83824  -49.027  -20.150  2.882 0.0000000000
83825  -49.353  -19.403  2.142 0.0000000000
83826  -61.617  -24.759  3.267 0.0000000000
83827  -62.844  -24.894  2.311 0.0000000000
83828  -63.457  -24.916  1.336 0.0000000000
83829  -66.358  -23.615  3.320 0.0000000000
83830  -67.123  -23.401  3.355 0.0000000000
83831  -67.910  -22.782  3.621 0.0000000000
83832  -68.305  -22.165  3.925 0.0000000000
83837  -48.941  -19.680  1.036 0.0000000000
83838  -49.394  -19.374  0.942 0.0000000000
83839  -61.622  -25.406  1.703 0.0000000000
83840  -62.685  -25.435  0.893 0.0000000000
83841  -63.556  -24.886  0.334 0.0000000000
83846  -47.639  -20.421  0.415 0.0000000000
83847  -48.106  -20.419  0.452 0.0000000000
83848  -48.931  -20.075  0.376 0.0000000000
83849  -49.829  -19.858  -0.578 0.0000000000
83850  -61.526  -25.599  0.304 0.0000000000
83851  -62.408  -25.146  -0.546 0.0000000000
83852  -63.518  -24.334  -0.925 0.0000000000
83853  -64.033  -23.650  -1.260 0.0000000000
83860  -46.939  -20.640  -0.614 0.0000000000
83861  -47.836  -20.919  -0.237 0.0000000000
83862  -48.763  -20.994  -0.359 0.0000000000
83863  -49.650  -20.999  -0.721 0.0000000000
83864  -50.680  -20.907  -1.346 0.0000000000
83865  -55.075  -24.746  -1.753 0.0000000000
83866  -55.724  -24.292  -2.164 0.0000000000
83867  -56.461  -23.974  -2.302 0.0000000000
83868  -62.204  -23.939  -1.765 0.0000000000
83869  -63.094  -23.161  -1.954 0.0000000000
83870  -64.101  -22.974  -1.667 0.0000000000
83875  -47.391  -21.245  -1.108 0.0000000000
83876  -48.307  -21.619  -1.173 0.0000000000
83877  -49.406  -21.928  -1.106 0.0000000000
83878  -50.468  -22.058  -1.375 0.0000000000
83879  -51.677  -22.096  -1.736 0.0000000000
83880  -52.481  -22.105  -2.291 0.0000000000
83881  -53.213  -22.240  -2.652 0.0000000000
83882  -54.352  -23.286  -2.774 0.0000000000
83883  -55.729  -23.023  -3.031 0.0000000000
83884  -56.878  -23.124  -2.688 0.0000000000
83885  -57.797  -22.865  -2.459 0.0000000000
83886  -58.601  -22.772  -2.464 0.0000000000
83887  -59.405  -22.687  -2.615 0.0000000000
83888  -60.290  -22.544  -2.884 0.0000000000
83889  -61.593  -22.376  -2.962 0.0000000000
83890  -62.696  -22.290  -2.837 0.0000000000
83894  -52.297  -22.773  -2.252 0.0000000000
83895  -52.839  -22.957  -2.553 0.0000000000
83896  -53.531  -23.298  -2.640 0.0000000000
83897  -53.894  -23.532  -2.603 0.0000000000
83898  -62.238  -21.865  -3.196 0.0000000000
83899  -62.625  -21.892  -3.110 0.0000000000
84932  -65.597  -21.208  14.058 0.0000000000
84933  -65.507  -20.706  14.298 0.0000000000
84940  -65.397  -21.400  13.295 0.0000000000
84941  -65.257  -20.667  13.107 0.0000000000
84948  -65.154  -21.514  12.314 0.0000000000
84949  -65.270  -20.821  12.266 0.0000000000
84954  -65.212  -21.602  11.742 0.0000000000
84955  -65.580  -21.126  11.511 0.0000000000
84956  -66.290  -21.078  10.855 0.0000000000
84963  -41.673  -19.948  7.389 0.0000000000
84964  -67.004  -21.084  10.091 0.0000000000
84965  -67.562  -21.056  9.167 0.0000000000
84971  -42.232  -20.390  6.930 0.0000000000
84972  -42.785  -20.033  6.657 0.0000000000
84973  -67.955  -20.976  8.113 0.0000000000
84976  -42.520  -20.861  6.601 0.0000000000
84977  -43.030  -20.573  6.366 0.0000000000
84978  -43.760  -20.591  5.758 0.0000000000
84979  -68.275  -21.197  6.673 0.0000000000
84980  -68.562  -22.122  6.127 0.0000000000
84983  -44.379  -20.462  5.354 0.0000000000
84984  -45.046  -20.259  4.878 0.0000000000
84985  -45.751  -20.318  4.550 0.0000000000
84986  -46.461  -20.109  4.251 0.0000000000
84987  -47.300  -19.659  3.773 0.0000000000
84988  -48.493  -19.527  3.353 0.0000000000
84989  -48.764  -19.913  3.289 0.0000000000
84990  -64.249  -23.204  3.963 0.0000000000
84991  -64.835  -23.193  3.970 0.0000000000
84992  -68.302  -20.956  5.274 0.0000000000
84993  -68.467  -21.951  5.472 0.0000000000
84997  -45.226  -19.855  4.764 0.0000000000
84998  -45.520  -19.825  4.614 0.0000000000
84999  -46.052  -19.669  4.303 0.0000000000
85000  -46.562  -19.381  3.998 0.0000000000
85001  -49.097  -18.993  3.033 0.0000000000
85002  -49.206  -19.364  2.967 0.0000000000
85003  -49.624  -19.026  2.344 0.0000000000
85004  -63.647  -23.919  2.873 0.0000000000
85005  -64.524  -23.423  3.090 0.0000000000
85006  -65.310  -23.412  3.394 0.0000000000
85007  -68.303  -21.113  4.163 0.0000000000
85008  -68.413  -21.785  4.556 0.0000000000
85012  -50.154  -18.590  1.225 0.0000000000
85013  -50.878  -18.188  0.838 0.0000000000
85014  -63.612  -24.526  1.961 0.0000000000
85015  -64.401  -24.172  1.465 0.0000000000
85016  -66.012  -23.276  2.330 0.0000000000
85017  -67.321  -22.629  2.634 0.0000000000
85018  -68.048  -21.667  3.093 0.0000000000
85019  -68.417  -21.745  3.898 0.0000000000
85024  -50.363  -18.956  -0.271 0.0000000000
85025  -50.935  -18.241  -0.020 0.0000000000
85026  -64.435  -24.165  -0.072 0.0000000000
85027  -65.464  -23.367  0.567 0.0000000000
85028  -66.710  -22.185  1.253 0.0000000000
85029  -67.473  -21.953  2.155 0.0000000000
85033  -50.948  -19.700  -1.403 0.0000000000
85034  -51.370  -18.754  -1.169 0.0000000000
85035  -64.240  -23.914  -0.782 0.0000000000
85036  -64.936  -23.299  -0.893 0.0000000000
85037  -65.946  -22.403  -0.339 0.0000000000
85043  -51.705  -20.800  -1.881 0.0000000000
85044  -52.267  -19.708  -2.018 0.0000000000
85045  -53.064  -19.671  -2.301 0.0000000000
85046  -56.096  -20.210  -2.685 0.0000000000
85047  -57.069  -20.176  -2.583 0.0000000000
85048  -57.934  -20.172  -2.513 0.0000000000
85049  -58.646  -20.136  -2.532 0.0000000000
85050  -59.240  -20.070  -2.593 0.0000000000
85051  -59.529  -20.013  -2.651 0.0000000000
85052  -63.571  -22.332  -2.320 0.0000000000
85053  -64.714  -22.071  -1.840 0.0000000000
85054  -65.457  -22.385  -1.181 0.0000000000
85061  -52.119  -21.512  -2.101 0.0000000000
85062  -52.545  -21.142  -2.347 0.0000000000
85063  -53.487  -20.802  -2.602 0.0000000000
85064  -54.817  -21.433  -3.068 0.0000000000
85065  -55.983  -21.606  -3.133 0.0000000000
85066  -56.968  -21.539  -2.810 0.0000000000
85067  -57.831  -21.491  -2.762 0.0000000000
85068  -58.608  -21.445  -2.733 0.0000000000
85069  -59.337  -21.333  -2.857 0.0000000000
85070  -60.056  -20.933  -2.995 0.0000000000
85071  -60.860  -20.953  -3.330 0.0000000000
85072  -63.039  -21.801  -2.900 0.0000000000
85073  -63.817  -21.525  -2.652 0.0000000000
85081  -61.719  -21.080  -3.368 0.0000000000
85082  -62.513  -21.388  -3.216 0.0000000000
85083  -63.074  -21.119  -3.051 0.0000000000
85088  -61.884  -20.584  -3.392 0.0000000000
85089  -62.248  -20.780  -3.329 0.0000000000
85090  -62.634  -20.936  -3.208 0.0000000000
86115  -65.590  -19.681  15.180 0.0000000000
86121  -65.423  -19.727  13.932 0.0000000000
86128  -65.305  -19.832  12.899 0.0000000000
86132  -42.162  -18.098  8.407 0.0000000000
86133  -42.435  -18.117  8.330 0.0000000000
86140  -65.534  -20.049  12.082 0.0000000000
86144  -41.892  -18.522  8.031 0.0000000000
86145  -42.608  -18.341  7.936 0.0000000000
86146  -43.343  -18.274  7.671 0.0000000000
86147  -43.773  -18.181  7.506 0.0000000000
86154  -66.079  -20.262  11.416 0.0000000000
86155  -66.622  -20.181  10.764 0.0000000000
86162  -42.331  -19.314  7.406 0.0000000000
86163  -43.169  -18.788  7.305 0.0000000000
86164  -43.762  -18.421  7.256 0.0000000000
86169  -67.169  -20.078  10.035 0.0000000000
86170  -67.431  -19.879  9.149 0.0000000000
86175  -42.603  -19.812  6.961 0.0000000000
86176  -43.095  -19.531  6.794 0.0000000000
86177  -43.898  -18.886  6.629 0.0000000000
86178  -44.416  -18.770  6.252 0.0000000000
86179  -67.420  -19.399  7.831 0.0000000000
86182  -43.142  -19.981  6.442 0.0000000000
86183  -43.691  -19.794  6.001 0.0000000000
86184  -44.337  -19.168  5.901 0.0000000000
86185  -67.629  -19.649  6.114 0.0000000000
86189  -44.063  -20.116  5.509 0.0000000000
86190  -44.652  -19.662  5.288 0.0000000000
86191  -45.128  -19.372  5.150 0.0000000000
86192  -46.239  -18.750  4.469 0.0000000000
86193  -47.038  -18.653  3.995 0.0000000000
86194  -48.122  -18.495  3.437 0.0000000000
86195  -67.858  -19.856  4.744 0.0000000000
86199  -45.043  -19.834  4.929 0.0000000000
86200  -45.294  -19.528  4.887 0.0000000000
86201  -45.813  -19.303  4.500 0.0000000000
86202  -46.284  -19.104  4.148 0.0000000000
86203  -49.023  -18.372  3.005 0.0000000000
86204  -49.451  -18.665  2.701 0.0000000000
86205  -49.583  -18.848  2.524 0.0000000000
86206  -67.856  -20.182  3.598 0.0000000000
86211  -49.301  -17.968  2.777 0.0000000000
86212  -49.628  -18.054  2.597 0.0000000000
86213  -50.154  -18.354  2.172 0.0000000000
86214  -50.796  -18.007  1.326 0.0000000000
86215  -67.695  -20.309  2.632 0.0000000000
86219  -51.327  -17.855  0.520 0.0000000000
86220  -55.706  -17.405  -0.011 0.0000000000
86221  -56.795  -17.859  0.520 0.0000000000
86222  -57.738  -18.279  0.972 0.0000000000
86223  -58.206  -18.402  1.164 0.0000000000
86224  -67.071  -21.287  0.962 0.0000000000
86225  -67.476  -20.988  1.667 0.0000000000
86229  -52.049  -18.069  -0.699 0.0000000000
86230  -53.165  -17.757  -1.234 0.0000000000
86231  -54.243  -17.769  -1.335 0.0000000000
86232  -55.386  -18.006  -1.192 0.0000000000
86233  -56.495  -18.323  -0.809 0.0000000000
86234  -57.537  -18.541  -0.387 0.0000000000
86235  -58.440  -18.637  0.122 0.0000000000
86236  -59.072  -18.792  -0.497 0.0000000000
86237  -59.312  -18.762  -0.805 0.0000000000
86238  -66.777  -21.061  0.045 0.0000000000
86239  -67.195  -20.812  0.839 0.0000000000
86242  -52.144  -18.728  -1.616 0.0000000000
86243  -52.994  -18.824  -2.031 0.0000000000
86244  -53.914  -18.490  -1.968 0.0000000000
86245  -55.040  -18.957  -2.193 0.0000000000
86246  -56.248  -19.027  -1.991 0.0000000000
86247  -57.271  -19.136  -1.740 0.0000000000
86248  -58.134  -19.226  -1.507 0.0000000000
86249  -58.801  -19.242  -1.554 0.0000000000
86250  -59.393  -19.242  -1.879 0.0000000000
86251  -59.800  -19.522  -2.407 0.0000000000
86252  -65.199  -21.384  -2.038 0.0000000000
86253  -65.903  -21.408  -1.527 0.0000000000
86257  -53.438  -19.669  -2.407 0.0000000000
86258  -54.136  -19.703  -2.533 0.0000000000
86259  -55.222  -20.345  -2.757 0.0000000000
86260  -59.754  -19.906  -2.659 0.0000000000
86261  -60.201  -19.930  -2.890 0.0000000000
86262  -64.668  -20.974  -2.471 0.0000000000
86263  -65.400  -20.887  -2.233 0.0000000000
86271  -60.946  -20.129  -3.301 0.0000000000
86272  -63.745  -20.594  -3.065 0.0000000000
86279  -61.558  -20.206  -3.374 0.0000000000
86280  -62.048  -20.179  -3.387 0.0000000000
86281  -62.763  -20.375  -3.310 0.0000000000
87203  -65.634  -18.596  14.814 0.0000000000
87204  -65.800  -17.893  15.827 0.0000000000
87210  -65.455  -18.851  13.596 0.0000000000
87216  -65.617  -18.862  12.643 0.0000000000
87217  -65.974  -18.225  12.661 0.0000000000
87223  -41.788  -17.666  8.609 0.0000000000
87224  -42.421  -17.875  8.333 0.0000000000
87225  -42.923  -17.887  8.022 0.0000000000
87226  -43.210  -17.888  7.836 0.0000000000
87231  -66.041  -19.368  11.748 0.0000000000
87232  -66.274  -18.425  12.122 0.0000000000
87237  -42.665  -18.088  8.236 0.0000000000
87238  -42.944  -18.113  8.021 0.0000000000
87239  -43.673  -17.971  7.586 0.0000000000
87240  -44.338  -17.808  7.315 0.0000000000
87246  -66.364  -19.678  11.232 0.0000000000
87247  -66.794  -18.896  10.900 0.0000000000
87248  -67.239  -18.016  10.677 0.0000000000
87253  -44.205  -18.142  7.295 0.0000000000
87254  -44.929  -17.709  7.244 0.0000000000
87255  -45.731  -17.381  7.245 0.0000000000
87262  -67.237  -19.296  9.958 0.0000000000
87263  -67.356  -18.295  9.694 0.0000000000
87267  -44.159  -18.414  6.990 0.0000000000
87268  -44.745  -18.310  6.678 0.0000000000
87269  -45.905  -17.568  6.715 0.0000000000
87270  -47.089  -17.239  6.312 0.0000000000
87271  -47.652  -17.035  6.034 0.0000000000
87276  -67.345  -17.663  8.283 0.0000000000
87280  -44.775  -18.747  5.886 0.0000000000
87281  -45.507  -18.300  5.893 0.0000000000
87282  -46.473  -17.766  5.619 0.0000000000
87283  -47.667  -17.177  5.333 0.0000000000
87284  -48.674  -16.853  4.695 0.0000000000
87285  -49.135  -16.755  4.387 0.0000000000
87289  -67.444  -17.887  6.842 0.0000000000
87293  -44.718  -19.140  5.564 0.0000000000
87294  -45.190  -18.986  5.321 0.0000000000
87295  -45.968  -18.470  5.093 0.0000000000
87296  -46.877  -18.005  4.625 0.0000000000
87297  -48.259  -17.444  3.936 0.0000000000
87298  -48.862  -16.990  4.216 0.0000000000
87299  -67.566  -18.336  5.375 0.0000000000
87302  -45.312  -19.238  5.047 0.0000000000
87303  -45.623  -19.040  4.858 0.0000000000
87304  -48.982  -17.659  3.179 0.0000000000
87305  -49.742  -17.200  2.792 0.0000000000
87306  -50.215  -16.971  2.536 0.0000000000
87307  -54.298  -15.987  2.527 0.0000000000
87308  -54.878  -16.198  2.725 0.0000000000
87309  -67.594  -18.644  4.094 0.0000000000
87314  -49.138  -17.863  2.927 0.0000000000
87315  -49.516  -17.673  2.758 0.0000000000
87316  -50.408  -17.433  2.243 0.0000000000
87317  -50.686  -17.776  1.737 0.0000000000
87318  -52.885  -16.349  1.467 0.0000000000
87319  -53.997  -16.269  1.606 0.0000000000
87320  -55.157  -16.427  2.158 0.0000000000
87321  -56.210  -16.926  2.353 0.0000000000
87322  -56.725  -17.097  2.458 0.0000000000
87323  -67.556  -18.993  2.941 0.0000000000
87329  -50.906  -17.082  1.846 0.0000000000
87330  -51.452  -17.347  1.239 0.0000000000
87331  -52.603  -16.724  0.647 0.0000000000
87332  -53.702  -16.555  0.538 0.0000000000
87333  -54.839  -16.786  0.857 0.0000000000
87334  -56.000  -17.114  1.310 0.0000000000
87335  -57.059  -17.513  1.802 0.0000000000
87336  -57.970  -18.108  1.635 0.0000000000
87337  -67.651  -19.402  1.840 0.0000000000
87342  -51.828  -17.617  0.259 0.0000000000
87343  -52.438  -17.344  -0.072 0.0000000000
87344  -53.439  -17.067  -0.403 0.0000000000
87345  -54.545  -17.138  -0.348 0.0000000000
87346  -58.524  -18.344  1.257 0.0000000000
87347  -59.008  -18.488  0.662 0.0000000000
87348  -59.363  -18.546  -0.009 0.0000000000
87349  -67.019  -20.140  -0.211 0.0000000000
87350  -67.347  -19.829  0.618 0.0000000000
87353  -59.616  -18.619  -0.993 0.0000000000
87354  -59.954  -19.099  -2.028 0.0000000000
87355  -66.660  -20.055  -1.118 0.0000000000
87356  -67.076  -19.483  -0.335 0.0000000000
87359  -60.521  -19.101  -2.663 0.0000000000
87360  -61.011  -18.852  -2.897 0.0000000000
87361  -65.185  -20.456  -2.573 0.0000000000
87362  -65.732  -19.972  -2.368 0.0000000000
87367  -61.151  -19.489  -3.232 0.0000000000
87368  -61.494  -19.028  -3.228 0.0000000000
87369  -64.671  -19.804  -2.983 0.0000000000
87370  -65.266  -19.305  -2.866 0.0000000000
87378  -61.681  -19.666  -3.362 0.0000000000
87379  -62.251  -19.365  -3.436 0.0000000000
87380  -63.399  -19.503  -3.398 0.0000000000
88306  -65.651  -17.994  14.161 0.0000000000
88307  -65.819  -17.209  15.175 0.0000000000
88312  -65.691  -18.080  13.364 0.0000000000
88313  -65.889  -17.145  14.041 0.0000000000
88318  -65.851  -18.162  12.912 0.0000000000
88319  -66.225  -17.376  12.905 0.0000000000
88320  -66.438  -16.528  12.886 0.0000000000
88327  -41.960  -17.404  8.458 0.0000000000
88328  -42.471  -17.658  8.136 0.0000000000
88329  -42.880  -17.715  7.855 0.0000000000
88333  -66.805  -17.697  11.737 0.0000000000
88334  -66.737  -16.560  12.287 0.0000000000
88338  -43.335  -17.772  7.604 0.0000000000
88339  -43.922  -17.747  7.326 0.0000000000
88343  -67.033  -17.885  11.063 0.0000000000
88344  -67.352  -16.899  10.983 0.0000000000
88348  -44.768  -17.500  7.220 0.0000000000
88349  -45.832  -17.158  7.309 0.0000000000
88350  -46.331  -16.923  7.342 0.0000000000
88356  -67.659  -16.211  9.301 0.0000000000
88357  -68.332  -15.225  9.124 0.0000000000
88361  -46.101  -17.277  7.265 0.0000000000
88362  -46.656  -17.022  7.029 0.0000000000
88363  -47.744  -16.752  6.268 0.0000000000
88364  -48.343  -16.420  6.113 0.0000000000
88369  -67.639  -16.519  7.765 0.0000000000
88370  -68.457  -15.291  8.365 0.0000000000
88374  -47.928  -16.884  5.876 0.0000000000
88375  -48.558  -16.537  5.590 0.0000000000
88376  -49.647  -16.355  4.744 0.0000000000
88377  -50.430  -16.031  4.623 0.0000000000
88382  -67.753  -16.522  6.736 0.0000000000
88383  -68.530  -15.643  7.210 0.0000000000
88386  -48.960  -17.188  3.641 0.0000000000
88387  -49.359  -16.803  3.868 0.0000000000
88388  -50.644  -16.128  4.046 0.0000000000
88389  -51.839  -15.637  3.790 0.0000000000
88390  -52.834  -15.465  3.771 0.0000000000
88391  -53.398  -15.502  3.886 0.0000000000
88395  -61.826  -16.251  6.725 0.0000000000
88396  -67.843  -16.991  5.867 0.0000000000
88397  -68.533  -16.011  6.189 0.0000000000
88400  -48.887  -17.378  3.505 0.0000000000
88401  -49.322  -17.105  3.276 0.0000000000
88402  -50.280  -16.659  2.978 0.0000000000
88403  -51.379  -16.013  2.983 0.0000000000
88404  -52.449  -15.626  2.975 0.0000000000
88405  -53.677  -15.596  3.297 0.0000000000
88406  -54.858  -16.012  3.181 0.0000000000
88407  -55.305  -16.114  3.315 0.0000000000
88408  -61.714  -15.772  6.154 0.0000000000
88409  -61.780  -15.965  6.343 0.0000000000
88410  -67.967  -16.894  4.645 0.0000000000
88411  -68.330  -16.317  5.489 0.0000000000
88415  -50.629  -16.838  2.307 0.0000000000
88416  -51.208  -16.439  2.296 0.0000000000
88417  -52.095  -16.002  2.176 0.0000000000
88418  -53.199  -15.889  2.288 0.0000000000
88419  -55.163  -16.275  2.835 0.0000000000
88420  -55.631  -16.433  2.998 0.0000000000
88421  -56.441  -16.760  2.766 0.0000000000
88422  -67.887  -17.522  3.284 0.0000000000
88428  -50.732  -16.979  2.043 0.0000000000
88429  -51.115  -16.823  1.882 0.0000000000
88430  -51.860  -16.531  1.581 0.0000000000
88431  -57.011  -17.077  2.453 0.0000000000
88432  -57.653  -17.462  2.007 0.0000000000
88433  -67.901  -17.883  2.136 0.0000000000
88440  -58.361  -17.906  1.719 0.0000000000
88441  -58.959  -18.171  1.359 0.0000000000
88442  -59.297  -18.186  0.805 0.0000000000
88443  -67.808  -18.201  1.092 0.0000000000
88450  -59.699  -18.157  -0.050 0.0000000000
88451  -60.193  -18.260  -1.313 0.0000000000
88452  -66.850  -18.925  -0.884 0.0000000000
88453  -67.429  -18.314  -0.071 0.0000000000
88456  -60.825  -18.256  -2.246 0.0000000000
88457  -61.273  -18.436  -2.831 0.0000000000
88458  -66.389  -18.870  -1.835 0.0000000000
88459  -66.905  -17.844  -1.199 0.0000000000
88464  -61.817  -18.362  -3.188 0.0000000000
88465  -65.003  -19.003  -3.195 0.0000000000
88466  -65.573  -18.338  -2.894 0.0000000000
88467  -66.404  -17.789  -2.156 0.0000000000
88473  -62.753  -18.353  -3.527 0.0000000000
88474  -64.243  -18.360  -3.485 0.0000000000
88475  -64.965  -17.543  -3.455 0.0000000000
89438  -65.618  -15.940  16.105 0.0000000000
89444  -65.863  -15.798  14.897 0.0000000000
89445  -65.864  -15.053  14.726 0.0000000000
89451  -66.097  -16.303  13.733 0.0000000000
89452  -65.968  -15.291  14.177 0.0000000000
89458  -66.317  -16.480  13.186 0.0000000000
89459  -66.415  -15.634  13.165 0.0000000000
89467  -42.214  -17.259  8.032 0.0000000000
89468  -42.584  -17.542  7.892 0.0000000000
89472  -66.880  -15.107  11.957 0.0000000000
89477  -41.993  -16.716  7.532 0.0000000000
89478  -42.878  -17.454  7.498 0.0000000000
89479  -43.507  -17.625  7.357 0.0000000000
89485  -67.471  -15.084  10.624 0.0000000000
89488  -42.293  -16.607  6.930 0.0000000000
89489  -42.911  -17.095  6.933 0.0000000000
89490  -43.978  -17.421  7.025 0.0000000000
89491  -45.463  -17.001  7.227 0.0000000000
89492  -46.109  -16.954  7.412 0.0000000000
89498  -68.192  -14.837  9.697 0.0000000000
89499  -68.580  -14.544  9.023 0.0000000000
89502  -46.019  -16.678  7.081 0.0000000000
89503  -46.519  -16.794  7.087 0.0000000000
89504  -47.405  -16.585  6.520 0.0000000000
89505  -48.157  -16.308  6.302 0.0000000000
89509  -68.701  -14.304  8.337 0.0000000000
89514  -48.773  -16.076  5.871 0.0000000000
89515  -49.647  -15.930  5.400 0.0000000000
89516  -50.604  -15.694  4.988 0.0000000000
89517  -51.207  -15.456  5.081 0.0000000000
89520  -62.360  -15.692  7.325 0.0000000000
89521  -62.496  -15.060  6.911 0.0000000000
89522  -69.042  -14.652  7.593 0.0000000000
89526  -50.780  -15.831  4.600 0.0000000000
89527  -51.471  -15.577  4.697 0.0000000000
89528  -52.482  -15.437  4.405 0.0000000000
89529  -53.197  -15.395  4.245 0.0000000000
89533  -62.188  -15.844  6.666 0.0000000000
89534  -62.406  -15.237  6.564 0.0000000000
89535  -68.997  -14.908  6.510 0.0000000000
89539  -53.808  -15.516  4.050 0.0000000000
89540  -54.475  -15.668  3.742 0.0000000000
89541  -55.092  -15.860  3.540 0.0000000000
89542  -61.430  -14.832  5.125 0.0000000000
89543  -61.587  -15.385  5.718 0.0000000000
89544  -62.063  -15.426  5.880 0.0000000000
89545  -62.290  -15.318  6.208 0.0000000000
89546  -68.423  -15.898  4.336 0.0000000000
89547  -68.682  -15.367  5.202 0.0000000000
89551  -55.586  -16.082  3.356 0.0000000000
89552  -56.138  -16.332  3.112 0.0000000000
89553  -61.611  -14.619  4.547 0.0000000000
89554  -61.857  -14.758  4.510 0.0000000000
89555  -61.999  -14.905  4.847 0.0000000000
89556  -68.078  -16.229  3.529 0.0000000000
89557  -68.621  -15.184  3.968 0.0000000000
89561  -56.727  -16.587  2.775 0.0000000000
89562  -57.341  -16.889  2.359 0.0000000000
89563  -62.037  -14.565  4.046 0.0000000000
89564  -62.043  -14.678  4.268 0.0000000000
89565  -68.312  -16.536  2.397 0.0000000000
89566  -68.317  -15.359  2.775 0.0000000000
89571  -58.054  -17.238  1.964 0.0000000000
89572  -58.879  -17.504  1.498 0.0000000000
89573  -59.223  -17.946  1.248 0.0000000000
89574  -68.440  -16.747  1.351 0.0000000000
89575  -68.930  -15.505  1.559 0.0000000000
89582  -59.176  -17.230  1.210 0.0000000000
89583  -59.516  -17.495  0.761 0.0000000000
89584  -60.082  -17.632  -0.266 0.0000000000
89585  -67.973  -17.046  0.548 0.0000000000
89586  -68.735  -15.530  0.429 0.0000000000
89593  -60.098  -17.026  -0.050 0.0000000000
89594  -60.722  -17.204  -1.190 0.0000000000
89595  -61.332  -17.702  -2.459 0.0000000000
89596  -67.752  -16.710  -0.483 0.0000000000
89597  -68.307  -15.149  -0.883 0.0000000000
89604  -61.326  -16.810  -2.177 0.0000000000
89605  -61.940  -17.249  -3.152 0.0000000000
89606  -66.136  -17.293  -2.611 0.0000000000
89607  -66.903  -16.419  -1.906 0.0000000000
89608  -67.535  -14.838  -1.831 0.0000000000
89613  -63.072  -17.158  -3.500 0.0000000000
89614  -64.228  -16.813  -3.606 0.0000000000
89615  -65.604  -16.460  -3.253 0.0000000000
89616  -66.491  -15.142  -2.705 0.0000000000
89617  -67.134  -14.548  -2.285 0.0000000000
89622  -65.760  -15.316  -3.278 0.0000000000
89623  -65.995  -14.874  -3.188 0.0000000000
90609  -65.777  -14.769  15.991 0.0000000000
90615  -65.873  -14.623  15.200 0.0000000000
90616  -65.945  -14.499  14.670 0.0000000000
90622  -66.176  -14.441  13.966 0.0000000000
90629  -66.587  -14.242  13.070 0.0000000000
90640  -66.965  -13.769  12.377 0.0000000000
90646  -41.409  -16.177  7.517 0.0000000000
90652  -67.360  -13.691  11.499 0.0000000000
90656  -41.653  -15.867  6.800 0.0000000000
90657  -42.836  -16.662  6.466 0.0000000000
90658  -43.910  -17.056  6.589 0.0000000000
90659  -44.665  -16.952  7.052 0.0000000000
90664  -67.793  -13.846  10.417 0.0000000000
90665  -68.134  -13.748  9.539 0.0000000000
90669  -42.104  -15.470  5.811 0.0000000000
90670  -42.731  -16.216  5.841 0.0000000000
90671  -43.903  -16.742  5.956 0.0000000000
90672  -45.315  -16.743  6.655 0.0000000000
90673  -46.642  -16.519  6.581 0.0000000000
90674  -47.486  -16.344  6.465 0.0000000000
90675  -47.959  -16.264  6.459 0.0000000000
90679  -62.540  -13.632  7.793 0.0000000000
90680  -68.343  -13.581  8.721 0.0000000000
90685  -42.383  -15.282  5.392 0.0000000000
90686  -42.761  -15.724  5.294 0.0000000000
90687  -43.720  -16.329  5.080 0.0000000000
90688  -45.144  -16.604  5.306 0.0000000000
90689  -46.581  -16.365  5.940 0.0000000000
90690  -47.725  -15.937  6.188 0.0000000000
90691  -48.550  -15.918  6.030 0.0000000000
90692  -49.573  -15.604  5.500 0.0000000000
90693  -50.653  -15.348  5.397 0.0000000000
90694  -51.025  -15.395  5.237 0.0000000000
90697  -62.382  -15.210  7.722 0.0000000000
90698  -62.491  -14.384  7.249 0.0000000000
90699  -68.556  -13.521  7.866 0.0000000000
90702  -44.225  -16.274  4.655 0.0000000000
90703  -44.494  -16.440  4.837 0.0000000000
90704  -51.333  -15.129  5.459 0.0000000000
90705  -51.645  -15.261  5.253 0.0000000000
90706  -52.458  -15.264  4.903 0.0000000000
90707  -53.000  -15.292  4.636 0.0000000000
90711  -62.480  -14.544  6.554 0.0000000000
90712  -68.810  -13.627  6.890 0.0000000000
90716  -53.584  -15.237  4.464 0.0000000000
90717  -54.358  -15.321  4.154 0.0000000000
90718  -54.893  -15.610  3.894 0.0000000000
90719  -60.996  -14.538  5.307 0.0000000000
90720  -62.275  -14.932  5.529 0.0000000000
90721  -62.444  -14.469  5.760 0.0000000000
90722  -68.991  -13.813  5.754 0.0000000000
90726  -54.948  -15.385  4.007 0.0000000000
90727  -55.381  -15.647  3.548 0.0000000000
90728  -55.919  -16.007  3.373 0.0000000000
90729  -61.394  -14.311  4.451 0.0000000000
90730  -61.701  -14.475  4.166 0.0000000000
90731  -62.265  -14.661  5.073 0.0000000000
90732  -62.628  -13.708  4.671 0.0000000000
90733  -68.839  -13.990  4.545 0.0000000000
90736  -55.948  -15.747  3.360 0.0000000000
90737  -56.399  -16.055  3.090 0.0000000000
90738  -57.030  -16.284  2.621 0.0000000000
90739  -61.653  -14.197  3.808 0.0000000000
90740  -61.975  -14.229  3.711 0.0000000000
90741  -62.323  -14.132  3.947 0.0000000000
90742  -62.766  -13.457  4.010 0.0000000000
90743  -68.204  -14.216  3.312 0.0000000000
90746  -57.676  -16.455  2.049 0.0000000000
90747  -58.349  -16.830  1.673 0.0000000000
90748  -62.252  -13.835  3.305 0.0000000000
90749  -62.417  -13.683  3.370 0.0000000000
90750  -68.413  -14.313  2.077 0.0000000000
90757  -58.143  -16.221  1.474 0.0000000000
90758  -58.916  -16.573  0.982 0.0000000000
90759  -59.631  -16.659  0.328 0.0000000000
90760  -69.280  -14.262  0.855 0.0000000000
90772  -59.409  -16.028  0.191 0.0000000000
90773  -60.183  -16.149  -0.450 0.0000000000
90774  -60.990  -16.013  -1.534 0.0000000000
90775  -69.227  -12.798  -0.571 0.0000000000
90776  -69.104  -13.696  -0.178 0.0000000000
90786  -61.554  -15.957  -2.778 0.0000000000
90787  -62.321  -16.316  -3.311 0.0000000000
90788  -69.139  -12.902  -0.785 0.0000000000
90789  -68.470  -13.736  -1.215 0.0000000000
90797  -62.076  -15.436  -3.367 0.0000000000
90798  -63.085  -15.720  -3.577 0.0000000000
90799  -64.395  -15.422  -3.656 0.0000000000
90800  -65.236  -15.340  -3.532 0.0000000000
90801  -66.875  -14.166  -2.549 0.0000000000
90802  -67.635  -13.989  -2.031 0.0000000000
90808  -64.874  -14.737  -3.626 0.0000000000
90809  -65.538  -14.600  -3.449 0.0000000000
90810  -66.227  -14.336  -3.109 0.0000000000
91700  -65.699  -13.853  16.814 0.0000000000
91706  -65.905  -13.652  15.711 0.0000000000
91707  -65.940  -13.170  15.325 0.0000000000
91713  -65.979  -14.066  15.125 0.0000000000
91714  -66.020  -13.580  14.825 0.0000000000
91722  -66.323  -13.416  13.887 0.0000000000
91732  -66.732  -13.157  13.053 0.0000000000
91744  -67.134  -12.888  12.314 0.0000000000
91755  -67.352  -12.669  11.738 0.0000000000
91764  -67.551  -12.857  11.009 0.0000000000
91765  -67.710  -12.922  10.097 0.0000000000
91769  -41.569  -14.855  6.185 0.0000000000
91773  -62.698  -13.045  8.449 0.0000000000
91774  -67.893  -12.848  9.253 0.0000000000
91778  -42.050  -14.819  5.568 0.0000000000
91779  -42.708  -15.115  4.852 0.0000000000
91780  -43.207  -15.773  4.878 0.0000000000
91781  -45.704  -16.366  4.799 0.0000000000
91782  -46.523  -16.140  5.170 0.0000000000
91783  -47.820  -15.619  5.601 0.0000000000
91784  -49.062  -15.492  5.534 0.0000000000
91785  -49.780  -15.363  5.503 0.0000000000
91786  -50.260  -15.299  5.505 0.0000000000
91789  -63.062  -12.711  7.362 0.0000000000
91790  -63.756  -11.911  7.009 0.0000000000
91791  -68.021  -12.624  8.360 0.0000000000
91795  -43.384  -15.053  4.186 0.0000000000
91796  -43.821  -15.782  4.385 0.0000000000
91797  -44.969  -16.292  4.381 0.0000000000
91798  -46.197  -16.154  4.328 0.0000000000
91799  -47.535  -15.594  4.680 0.0000000000
91800  -49.857  -14.997  5.473 0.0000000000
91801  -50.262  -15.006  5.551 0.0000000000
91802  -50.969  -15.060  5.525 0.0000000000
91803  -51.892  -15.040  5.330 0.0000000000
91804  -52.772  -15.014  4.985 0.0000000000
91805  -53.161  -15.142  4.801 0.0000000000
91809  -62.800  -13.269  6.335 0.0000000000
91810  -63.498  -12.168  6.443 0.0000000000
91811  -68.313  -12.562  7.326 0.0000000000
91816  -43.956  -15.286  3.679 0.0000000000
91817  -44.690  -15.735  3.559 0.0000000000
91818  -45.686  -16.026  3.479 0.0000000000
91819  -46.846  -15.751  3.546 0.0000000000
91820  -53.463  -14.908  4.711 0.0000000000
91821  -53.836  -15.046  4.548 0.0000000000
91822  -54.686  -15.085  4.177 0.0000000000
91823  -60.735  -13.892  5.546 0.0000000000
91824  -63.224  -12.718  5.219 0.0000000000
91825  -63.339  -12.419  5.883 0.0000000000
91826  -68.509  -12.576  6.255 0.0000000000
91833  -44.511  -15.118  2.785 0.0000000000
91834  -45.368  -15.632  2.732 0.0000000000
91835  -46.267  -15.663  2.608 0.0000000000
91836  -55.243  -15.196  3.827 0.0000000000
91837  -55.727  -15.345  3.362 0.0000000000
91838  -61.032  -13.740  4.572 0.0000000000
91839  -63.277  -12.763  4.172 0.0000000000
91840  -68.566  -12.695  5.108 0.0000000000
91844  -44.968  -14.803  2.023 0.0000000000
91845  -45.452  -15.189  2.021 0.0000000000
91846  -45.906  -15.497  2.172 0.0000000000
91847  -56.207  -15.552  3.117 0.0000000000
91848  -56.681  -15.667  2.630 0.0000000000
91849  -57.250  -15.897  2.277 0.0000000000
91850  -61.467  -13.674  3.713 0.0000000000
91851  -61.834  -13.869  3.398 0.0000000000
91852  -62.610  -13.528  3.402 0.0000000000
91853  -63.104  -13.062  3.450 0.0000000000
91854  -68.249  -12.984  3.978 0.0000000000
91857  -57.069  -15.475  2.022 0.0000000000
91858  -57.601  -15.661  1.608 0.0000000000
91859  -61.869  -13.358  3.153 0.0000000000
91860  -62.331  -13.332  2.986 0.0000000000
91861  -62.844  -13.119  2.923 0.0000000000
91862  -63.956  -12.187  2.675 0.0000000000
91863  -64.865  -11.588  2.383 0.0000000000
91864  -67.923  -13.262  2.723 0.0000000000
91871  -58.204  -15.635  0.929 0.0000000000
91872  -58.754  -15.579  0.229 0.0000000000
91873  -63.026  -12.644  2.443 0.0000000000
91874  -63.640  -12.159  2.262 0.0000000000
91875  -64.681  -11.578  1.928 0.0000000000
91876  -65.528  -11.310  1.990 0.0000000000
91877  -68.004  -12.599  0.703 0.0000000000
91878  -68.462  -13.126  1.293 0.0000000000
91886  -59.388  -15.368  -0.469 0.0000000000
91887  -60.196  -15.034  -1.421 0.0000000000
91888  -60.990  -15.191  -2.207 0.0000000000
91889  -65.560  -11.098  1.515 0.0000000000
91890  -66.034  -11.033  1.614 0.0000000000
91891  -69.000  -12.722  -0.102 0.0000000000
91892  -69.446  -13.392  0.417 0.0000000000
91898  -60.654  -14.452  -2.294 0.0000000000
91899  -61.397  -14.638  -2.995 0.0000000000
91900  -69.186  -12.367  -0.824 0.0000000000
91901  -68.751  -12.629  -1.176 0.0000000000
91907  -62.354  -14.459  -3.487 0.0000000000
91908  -63.486  -14.275  -3.594 0.0000000000
91909  -64.336  -14.392  -3.635 0.0000000000
91910  -67.238  -13.392  -2.188 0.0000000000
91911  -67.965  -13.157  -1.689 0.0000000000
91918  -64.154  -13.659  -3.659 0.0000000000
91919  -64.922  -13.806  -3.634 0.0000000000
91920  -65.790  -13.622  -3.382 0.0000000000
91921  -66.516  -13.484  -2.802 0.0000000000
92792  -65.604  -12.930  16.503 0.0000000000
92798  -65.163  -12.245  16.086 0.0000000000
92799  -65.741  -12.622  15.527 0.0000000000
92800  -65.953  -12.968  15.115 0.0000000000
92806  -64.676  -11.855  15.543 0.0000000000
92807  -65.726  -12.286  15.094 0.0000000000
92808  -65.956  -12.643  14.647 0.0000000000
92818  -64.366  -11.533  14.669 0.0000000000
92819  -66.321  -12.556  13.672 0.0000000000
92832  -64.144  -11.408  13.576 0.0000000000
92833  -66.748  -12.345  12.895 0.0000000000
92846  -63.876  -11.494  12.369 0.0000000000
92847  -67.108  -12.176  12.220 0.0000000000
92858  -67.219  -12.148  11.523 0.0000000000
92868  -67.261  -12.174  10.626 0.0000000000
92869  -67.353  -12.253  9.753 0.0000000000
92877  -63.697  -12.033  8.760 0.0000000000
92878  -64.427  -11.709  8.427 0.0000000000
92879  -67.416  -12.282  9.045 0.0000000000
92886  -48.469  -15.349  5.124 0.0000000000
92887  -48.729  -15.363  5.370 0.0000000000
92890  -63.456  -12.354  8.053 0.0000000000
92891  -64.333  -11.725  7.690 0.0000000000
92892  -65.178  -11.358  7.406 0.0000000000
92893  -67.325  -12.125  8.480 0.0000000000
92900  -48.647  -15.185  4.562 0.0000000000
92901  -49.411  -14.918  5.078 0.0000000000
92902  -50.461  -14.661  5.264 0.0000000000
92903  -51.237  -14.725  5.350 0.0000000000
92904  -52.016  -14.839  5.252 0.0000000000
92905  -52.475  -14.901  5.145 0.0000000000
92909  -64.350  -11.489  6.551 0.0000000000
92910  -64.947  -11.276  6.995 0.0000000000
92911  -67.565  -12.018  7.761 0.0000000000
92917  -48.140  -15.267  3.708 0.0000000000
92918  -49.446  -14.624  3.953 0.0000000000
92919  -50.470  -14.291  4.524 0.0000000000
92920  -51.379  -14.320  4.773 0.0000000000
92921  -52.167  -14.481  4.847 0.0000000000
92922  -53.145  -14.589  4.717 0.0000000000
92923  -54.030  -14.823  4.394 0.0000000000
92924  -54.446  -14.926  4.321 0.0000000000
92925  -60.641  -13.167  5.937 0.0000000000
92926  -63.816  -11.913  5.061 0.0000000000
92927  -63.925  -11.690  5.580 0.0000000000
92928  -67.845  -11.755  6.797 0.0000000000
92935  -47.510  -15.474  2.513 0.0000000000
92936  -48.892  -14.962  2.788 0.0000000000
92937  -53.722  -14.389  4.075 0.0000000000
92938  -54.167  -14.566  4.089 0.0000000000
92939  -54.999  -14.776  3.775 0.0000000000
92940  -55.509  -15.049  3.481 0.0000000000
92941  -60.866  -12.854  4.836 0.0000000000
92942  -64.041  -11.830  4.492 0.0000000000
92943  -64.131  -11.635  4.982 0.0000000000
92944  -67.013  -11.565  4.908 0.0000000000
92945  -67.885  -11.646  5.647 0.0000000000
92950  -45.543  -14.455  1.085 0.0000000000
92951  -46.667  -15.353  1.352 0.0000000000
92952  -48.521  -15.329  1.279 0.0000000000
92953  -55.449  -14.699  3.068 0.0000000000
92954  -56.040  -15.030  2.679 0.0000000000
92955  -56.683  -15.304  2.148 0.0000000000
92956  -61.253  -12.868  3.928 0.0000000000
92957  -64.336  -11.830  3.471 0.0000000000
92958  -65.210  -11.441  3.383 0.0000000000
92959  -67.043  -11.779  3.992 0.0000000000
92960  -67.955  -11.953  4.505 0.0000000000
92969  -46.752  -14.759  -0.161 0.0000000000
92970  -47.917  -15.098  -0.063 0.0000000000
92971  -56.436  -14.915  1.717 0.0000000000
92972  -57.107  -14.982  1.343 0.0000000000
92973  -57.771  -15.177  1.051 0.0000000000
92974  -61.703  -12.764  3.249 0.0000000000
92975  -62.202  -12.620  2.743 0.0000000000
92976  -64.671  -11.677  2.778 0.0000000000
92977  -65.736  -11.341  2.757 0.0000000000
92978  -67.044  -11.787  2.982 0.0000000000
92979  -67.743  -12.273  3.466 0.0000000000
92990  -57.513  -14.679  0.358 0.0000000000
92991  -58.111  -14.874  0.172 0.0000000000
92992  -58.780  -15.026  -0.311 0.0000000000
92993  -62.850  -12.329  2.319 0.0000000000
92994  -63.690  -11.800  1.958 0.0000000000
92995  -64.301  -11.534  1.814 0.0000000000
92996  -66.279  -11.257  1.823 0.0000000000
92997  -67.309  -11.850  1.663 0.0000000000
92998  -67.662  -12.461  2.415 0.0000000000
93008  -58.152  -14.405  -0.801 0.0000000000
93009  -58.995  -14.364  -1.167 0.0000000000
93010  -60.004  -13.891  -2.206 0.0000000000
93011  -64.499  -11.125  1.531 0.0000000000
93012  -65.309  -10.975  1.187 0.0000000000
93013  -66.520  -11.235  0.935 0.0000000000
93014  -67.717  -11.988  0.266 0.0000000000
93019  -60.810  -13.569  -2.694 0.0000000000
93020  -61.691  -13.367  -3.353 0.0000000000
93021  -66.267  -10.767  0.519 0.0000000000
93022  -66.534  -11.031  0.340 0.0000000000
93023  -68.569  -11.959  -0.684 0.0000000000
93024  -68.517  -12.009  -1.065 0.0000000000
93029  -62.706  -13.235  -3.686 0.0000000000
93030  -63.659  -13.000  -3.795 0.0000000000
93031  -67.501  -12.877  -1.891 0.0000000000
93032  -67.765  -12.389  -1.524 0.0000000000
93040  -64.503  -12.820  -3.753 0.0000000000
93041  -65.296  -12.784  -3.563 0.0000000000
93042  -66.062  -12.705  -3.100 0.0000000000
93043  -66.868  -12.617  -2.197 0.0000000000
93044  -67.186  -12.223  -1.770 0.0000000000
93905  -65.426  -12.165  15.591 0.0000000000
93906  -65.561  -12.129  15.301 0.0000000000
93911  -65.263  -11.907  15.377 0.0000000000
93912  -65.635  -11.948  14.805 0.0000000000
93913  -65.954  -12.097  14.134 0.0000000000
93924  -65.088  -11.637  14.741 0.0000000000
93925  -65.620  -11.711  14.030 0.0000000000
93926  -66.216  -11.950  13.432 0.0000000000
93938  -65.003  -11.432  13.809 0.0000000000
93939  -65.798  -11.588  13.118 0.0000000000
93940  -66.561  -11.857  12.646 0.0000000000
93949  -65.072  -11.324  12.534 0.0000000000
93950  -66.185  -11.565  12.160 0.0000000000
93951  -66.869  -11.810  12.004 0.0000000000
93958  -64.662  -11.320  11.283 0.0000000000
93959  -65.802  -11.392  11.261 0.0000000000
93960  -66.730  -11.699  11.304 0.0000000000
93968  -64.236  -11.469  10.169 0.0000000000
93969  -65.379  -11.324  10.155 0.0000000000
93970  -66.612  -11.614  10.090 0.0000000000
93971  -67.061  -11.973  9.473 0.0000000000
93980  -63.953  -11.705  9.466 0.0000000000
93981  -64.782  -11.526  9.028 0.0000000000
93982  -66.014  -11.506  9.094 0.0000000000
93983  -66.866  -11.833  9.059 0.0000000000
93992  -64.794  -11.551  8.265 0.0000000000
93993  -65.581  -11.512  7.989 0.0000000000
93994  -66.698  -11.759  8.263 0.0000000000
94003  -60.616  -12.507  6.336 0.0000000000
94004  -65.189  -11.220  6.450 0.0000000000
94005  -65.781  -11.376  6.925 0.0000000000
94006  -66.763  -11.629  7.339 0.0000000000
94012  -49.876  -14.361  3.019 0.0000000000
94013  -50.592  -14.030  3.552 0.0000000000
94014  -51.467  -13.845  3.983 0.0000000000
94015  -52.291  -13.977  4.294 0.0000000000
94016  -52.778  -14.184  4.525 0.0000000000
94017  -60.817  -12.268  5.453 0.0000000000
94018  -64.998  -11.208  5.778 0.0000000000
94019  -65.933  -11.281  6.066 0.0000000000
94020  -66.866  -11.500  6.396 0.0000000000
94027  -49.745  -14.714  2.004 0.0000000000
94028  -50.683  -14.150  2.469 0.0000000000
94029  -51.555  -13.798  2.915 0.0000000000
94030  -52.428  -13.791  3.314 0.0000000000
94031  -53.303  -14.095  3.766 0.0000000000
94032  -54.214  -14.349  3.544 0.0000000000
94033  -54.661  -14.502  3.638 0.0000000000
94034  -61.289  -11.581  4.284 0.0000000000
94035  -61.088  -11.860  4.656 0.0000000000
94036  -64.628  -11.504  4.318 0.0000000000
94037  -64.831  -11.360  4.828 0.0000000000
94038  -65.954  -11.295  5.263 0.0000000000
94039  -66.764  -11.439  5.652 0.0000000000
94046  -49.762  -15.059  0.873 0.0000000000
94047  -50.650  -14.555  1.231 0.0000000000
94048  -51.608  -14.120  1.683 0.0000000000
94049  -52.497  -13.902  2.070 0.0000000000
94050  -53.376  -13.983  2.392 0.0000000000
94051  -54.245  -14.219  2.581 0.0000000000
94052  -55.075  -14.459  2.862 0.0000000000
94053  -55.624  -14.691  2.623 0.0000000000
94054  -61.352  -11.712  4.099 0.0000000000
94055  -61.288  -11.962  4.082 0.0000000000
94056  -64.521  -11.583  4.041 0.0000000000
94057  -65.156  -11.373  3.919 0.0000000000
94058  -66.055  -11.388  4.409 0.0000000000
94067  -49.299  -14.841  -0.009 0.0000000000
94068  -50.507  -14.786  0.026 0.0000000000
94069  -51.572  -14.548  0.322 0.0000000000
94070  -52.537  -14.272  0.699 0.0000000000
94071  -53.432  -14.162  1.028 0.0000000000
94072  -54.285  -14.257  1.280 0.0000000000
94073  -55.070  -14.361  1.257 0.0000000000
94074  -55.956  -14.740  1.572 0.0000000000
94075  -56.640  -14.760  1.214 0.0000000000
94076  -61.601  -11.923  3.384 0.0000000000
94077  -62.062  -11.794  2.790 0.0000000000
94078  -65.583  -11.424  3.413 0.0000000000
94079  -66.145  -11.481  3.582 0.0000000000
94087  -48.945  -14.631  -1.132 0.0000000000
94088  -50.245  -14.657  -1.127 0.0000000000
94089  -51.439  -14.596  -0.954 0.0000000000
94090  -52.497  -14.425  -0.675 0.0000000000
94091  -53.448  -14.343  -0.394 0.0000000000
94092  -54.421  -14.458  -0.064 0.0000000000
94093  -55.209  -14.389  -0.135 0.0000000000
94094  -56.021  -14.452  -0.036 0.0000000000
94095  -56.992  -14.503  0.116 0.0000000000
94096  -57.702  -14.487  -0.389 0.0000000000
94097  -62.663  -11.586  2.350 0.0000000000
94098  -63.445  -11.170  2.046 0.0000000000
94107  -49.967  -14.125  -2.104 0.0000000000
94108  -51.223  -13.949  -1.920 0.0000000000
94109  -52.375  -14.016  -1.837 0.0000000000
94110  -53.391  -14.108  -1.704 0.0000000000
94111  -54.312  -14.162  -1.507 0.0000000000
94112  -55.162  -14.154  -1.349 0.0000000000
94113  -55.950  -14.007  -1.270 0.0000000000
94114  -56.884  -13.548  -1.360 0.0000000000
94115  -58.027  -13.497  -1.437 0.0000000000
94116  -59.549  -12.671  -2.536 0.0000000000
94117  -60.314  -13.064  -2.589 0.0000000000
94118  -64.215  -10.735  1.493 0.0000000000
94119  -64.996  -10.429  0.874 0.0000000000
94120  -66.806  -11.279  0.152 0.0000000000
94121  -67.114  -11.510  0.217 0.0000000000
94129  -50.981  -12.886  -2.787 0.0000000000
94130  -52.222  -13.106  -2.716 0.0000000000
94131  -53.272  -13.195  -2.564 0.0000000000
94132  -54.207  -13.222  -2.398 0.0000000000
94133  -55.060  -13.214  -2.210 0.0000000000
94134  -55.817  -13.140  -1.979 0.0000000000
94135  -56.433  -13.021  -1.833 0.0000000000
94136  -60.240  -11.612  -3.127 0.0000000000
94137  -60.925  -12.206  -3.059 0.0000000000
94138  -62.239  -12.090  -3.562 0.0000000000
94139  -65.900  -10.294  0.183 0.0000000000
94140  -66.562  -10.889  -0.160 0.0000000000
94141  -67.409  -11.500  -0.451 0.0000000000
94142  -68.020  -11.582  -1.000 0.0000000000
94149  -63.179  -12.206  -3.726 0.0000000000
94150  -64.069  -11.909  -3.840 0.0000000000
94151  -66.854  -11.585  -1.602 0.0000000000
94152  -67.487  -11.742  -1.351 0.0000000000
94159  -64.922  -11.908  -3.747 0.0000000000
94160  -65.527  -11.945  -3.349 0.0000000000
94161  -66.153  -11.886  -2.707 0.0000000000
94162  -66.813  -11.835  -1.911 0.0000000000
94163  -67.329  -12.026  -1.600 0.0000000000
95100  -60.652  -11.707  7.518 0.0000000000
95106  -60.823  -11.753  6.684 0.0000000000
95107  -60.882  -11.841  5.884 0.0000000000
95112  -61.167  -11.318  5.806 0.0000000000
95113  -61.152  -11.347  5.093 0.0000000000
95119  -61.390  -11.383  4.050 0.0000000000
95120  -61.386  -11.074  4.221 0.0000000000
95128  -61.436  -11.586  3.915 0.0000000000
95129  -61.578  -11.080  3.587 0.0000000000
95138  -54.637  -14.364  0.603 0.0000000000
95139  -54.743  -14.300  0.951 0.0000000000
95140  -62.001  -10.821  2.863 0.0000000000
95141  -62.552  -10.670  2.425 0.0000000000
95149  -54.809  -14.425  0.247 0.0000000000
95150  -54.910  -14.346  0.590 0.0000000000
95151  -63.139  -10.400  1.999 0.0000000000
95152  -63.866  -9.987  1.462 0.0000000000
95160  -56.922  -12.239  -2.078 0.0000000000
95161  -57.607  -12.169  -2.103 0.0000000000
95162  -58.573  -11.675  -2.596 0.0000000000
95163  -64.645  -9.682  0.736 0.0000000000
95164  -65.368  -9.588  0.007 0.0000000000
95173  -51.310  -11.807  -3.350 0.0000000000
95174  -52.110  -11.902  -3.253 0.0000000000
95175  -53.102  -11.946  -2.982 0.0000000000
95176  -54.024  -11.926  -2.717 0.0000000000
95177  -54.911  -11.970  -2.620 0.0000000000
95178  -55.753  -11.987  -2.456 0.0000000000
95179  -56.413  -12.095  -2.260 0.0000000000
95180  -59.729  -10.936  -3.270 0.0000000000
95181  -60.798  -10.714  -3.396 0.0000000000
95182  -61.859  -10.824  -3.483 0.0000000000
95183  -65.781  -9.828  -0.632 0.0000000000
95184  -66.241  -10.363  -0.781 0.0000000000
95185  -66.773  -11.094  -0.972 0.0000000000
95186  -67.469  -11.419  -0.930 0.0000000000
95196  -63.241  -10.919  -3.774 0.0000000000
95197  -64.718  -10.887  -3.513 0.0000000000
95198  -65.227  -10.633  -3.136 0.0000000000
95199  -66.423  -11.000  -1.938 0.0000000000
95200  -66.724  -11.295  -1.454 0.0000000000
95201  -67.293  -11.478  -1.115 0.0000000000
95209  -65.183  -11.427  -3.505 0.0000000000
95210  -65.520  -11.115  -3.079 0.0000000000
95211  -66.189  -11.169  -2.360 0.0000000000
95212  -66.616  -11.359  -1.869 0.0000000000
96198  -61.301  -11.076  7.161 0.0000000000
96204  -61.511  -10.739  6.015 0.0000000000
96205  -61.799  -10.179  5.095 0.0000000000
96210  -61.435  -10.782  5.281 0.0000000000
96211  -61.638  -10.232  4.367 0.0000000000
96218  -61.696  -9.954  3.443 0.0000000000
96226  -61.981  -9.758  2.777 0.0000000000
96233  -62.514  -9.522  2.160 0.0000000000
96234  -62.865  -9.784  1.958 0.0000000000
96241  -62.887  -9.146  1.678 0.0000000000
96242  -63.383  -9.171  1.385 0.0000000000
96243  -64.137  -8.880  0.604 0.0000000000
96251  -52.127  -9.948  -3.095 0.0000000000
96252  -52.495  -9.906  -2.964 0.0000000000
96253  -53.178  -9.750  -2.726 0.0000000000
96254  -56.821  -11.525  -2.329 0.0000000000
96255  -57.301  -11.228  -2.393 0.0000000000
96256  -58.017  -10.940  -2.514 0.0000000000
96257  -64.797  -8.729  -0.458 0.0000000000
96258  -65.428  -9.258  -0.937 0.0000000000
96266  -51.869  -10.564  -3.378 0.0000000000
96267  -52.817  -10.761  -3.220 0.0000000000
96268  -53.779  -10.432  -2.866 0.0000000000
96269  -54.672  -10.611  -2.674 0.0000000000
96270  -55.581  -10.581  -2.593 0.0000000000
96271  -56.652  -10.640  -2.511 0.0000000000
96272  -57.777  -9.968  -2.564 0.0000000000
96273  -58.905  -9.869  -3.015 0.0000000000
96274  -60.575  -9.199  -3.539 0.0000000000
96275  -61.488  -9.779  -3.523 0.0000000000
96276  -64.895  -8.902  -1.979 0.0000000000
96277  -65.787  -9.849  -1.575 0.0000000000
96278  -66.308  -10.561  -1.433 0.0000000000
96279  -66.545  -10.923  -1.395 0.0000000000
96289  -61.716  -8.897  -3.567 0.0000000000
96290  -62.507  -9.535  -3.346 0.0000000000
96291  -63.974  -9.506  -3.173 0.0000000000
96292  -65.263  -10.118  -2.732 0.0000000000
96293  -66.041  -10.543  -2.100 0.0000000000
96294  -66.413  -10.835  -1.692 0.0000000000
96302  -65.389  -10.609  -2.927 0.0000000000
96303  -65.669  -10.679  -2.652 0.0000000000
97277  -61.826  -10.288  6.499 0.0000000000
97278  -62.210  -9.638  5.444 0.0000000000
97283  -62.087  -9.299  4.321 0.0000000000
97291  -62.309  -7.874  2.559 0.0000000000
97292  -61.993  -8.757  3.207 0.0000000000
97301  -62.290  -7.948  2.283 0.0000000000
97302  -62.030  -8.800  2.575 0.0000000000
97314  -52.356  -7.731  -0.079 0.0000000000
97315  -52.843  -7.627  -0.335 0.0000000000
97316  -62.335  -7.940  1.914 0.0000000000
97317  -62.436  -8.403  1.844 0.0000000000
97329  -51.729  -8.477  -1.007 0.0000000000
97330  -52.421  -8.362  -1.266 0.0000000000
97331  -53.144  -7.818  -1.392 0.0000000000
97332  -62.959  -8.165  1.010 0.0000000000
97333  -63.546  -8.226  0.269 0.0000000000
97334  -63.990  -8.289  -0.412 0.0000000000
97346  -51.898  -9.492  -2.537 0.0000000000
97347  -52.814  -8.933  -2.323 0.0000000000
97348  -53.807  -8.611  -2.420 0.0000000000
97349  -54.802  -8.409  -2.432 0.0000000000
97350  -55.546  -8.240  -2.402 0.0000000000
97351  -63.135  -7.557  -0.346 0.0000000000
97352  -63.502  -7.786  -0.914 0.0000000000
97353  -63.947  -8.203  -1.516 0.0000000000
97363  -51.606  -10.071  -3.134 0.0000000000
97364  -54.460  -9.446  -2.678 0.0000000000
97365  -55.212  -9.327  -2.660 0.0000000000
97366  -56.216  -8.936  -2.535 0.0000000000
97367  -57.306  -8.858  -2.677 0.0000000000
97368  -58.400  -8.504  -2.862 0.0000000000
97369  -59.616  -8.139  -3.290 0.0000000000
97370  -60.713  -7.793  -3.429 0.0000000000
97371  -63.725  -8.534  -2.449 0.0000000000
97380  -61.596  -8.056  -3.468 0.0000000000
97381  -62.311  -8.400  -3.257 0.0000000000
97382  -63.032  -8.698  -2.878 0.0000000000
98393  -54.739  -6.513  3.798 0.0000000000
98394  -55.164  -6.506  3.753 0.0000000000
98395  -55.419  -6.376  3.582 0.0000000000
98396  -62.645  -7.538  3.379 0.0000000000
98404  -53.882  -7.014  2.775 0.0000000000
98405  -54.109  -6.857  2.875 0.0000000000
98406  -54.536  -6.708  2.792 0.0000000000
98407  -55.242  -6.446  2.691 0.0000000000
98408  -55.561  -6.042  1.936 0.0000000000
98409  -62.407  -7.568  2.749 0.0000000000
98410  -62.305  -8.340  3.567 0.0000000000
98422  -53.394  -7.307  2.056 0.0000000000
98423  -53.839  -7.239  1.855 0.0000000000
98424  -54.431  -6.850  1.537 0.0000000000
98425  -55.065  -6.210  1.153 0.0000000000
98426  -62.392  -7.157  2.005 0.0000000000
98437  -52.657  -7.466  1.119 0.0000000000
98438  -53.094  -7.531  0.927 0.0000000000
98439  -53.604  -7.292  0.250 0.0000000000
98440  -54.381  -6.601  -0.007 0.0000000000
98441  -55.215  -5.956  -0.287 0.0000000000
98442  -62.360  -7.046  1.397 0.0000000000
98443  -62.471  -7.494  1.360 0.0000000000
98454  -53.980  -7.387  -1.224 0.0000000000
98455  -54.767  -6.746  -1.256 0.0000000000
98456  -55.749  -6.256  -1.457 0.0000000000
98457  -56.622  -6.163  -1.728 0.0000000000
98458  -62.298  -6.878  0.834 0.0000000000
98459  -62.515  -7.224  0.681 0.0000000000
98471  -54.520  -7.670  -1.942 0.0000000000
98472  -55.275  -7.413  -1.974 0.0000000000
98473  -56.196  -7.242  -2.263 0.0000000000
98474  -57.283  -6.509  -2.267 0.0000000000
98475  -58.204  -6.350  -2.586 0.0000000000
98476  -62.533  -6.965  -0.660 0.0000000000
98477  -62.834  -7.327  -1.508 0.0000000000
98478  -63.271  -7.714  -1.793 0.0000000000
98488  -56.973  -7.778  -2.488 0.0000000000
98489  -57.870  -7.472  -2.598 0.0000000000
98490  -58.973  -6.917  -3.027 0.0000000000
98491  -60.206  -6.974  -3.049 0.0000000000
98492  -61.738  -7.018  -2.574 0.0000000000
98493  -62.713  -7.577  -2.422 0.0000000000
98494  -63.293  -7.972  -2.336 0.0000000000
98501  -62.270  -7.721  -3.045 0.0000000000
98502  -62.815  -8.013  -2.846 0.0000000000
98503  -63.187  -8.249  -2.622 0.0000000000
99483  -55.996  -5.546  4.862 0.0000000000
99484  -56.473  -5.250  4.833 0.0000000000
99485  -57.015  -4.810  4.857 0.0000000000
99486  -57.319  -4.490  4.785 0.0000000000
99495  -54.919  -6.179  4.404 0.0000000000
99496  -55.329  -6.048  4.566 0.0000000000
99497  -55.825  -6.040  4.126 0.0000000000
99498  -56.537  -5.281  4.091 0.0000000000
99499  -57.137  -4.643  4.219 0.0000000000
99509  -54.585  -6.424  3.605 0.0000000000
99510  -55.583  -6.212  3.382 0.0000000000
99511  -55.972  -5.666  2.798 0.0000000000
99512  -56.813  -4.684  3.085 0.0000000000
99513  -62.644  -6.744  2.674 0.0000000000
99527  -55.857  -5.453  0.916 0.0000000000
99528  -56.646  -4.604  1.569 0.0000000000
99529  -62.428  -6.438  1.961 0.0000000000
99530  -62.533  -5.713  2.069 0.0000000000
99544  -56.153  -5.403  -0.638 0.0000000000
99545  -56.738  -4.644  0.053 0.0000000000
99546  -62.131  -5.952  1.081 0.0000000000
99547  -62.211  -5.423  1.370 0.0000000000
99559  -56.476  -5.725  -1.297 0.0000000000
99560  -57.403  -5.158  -1.364 0.0000000000
99561  -58.519  -4.644  -1.408 0.0000000000
99562  -61.961  -5.988  0.197 0.0000000000
99563  -62.209  -6.616  0.372 0.0000000000
99574  -57.944  -5.724  -2.278 0.0000000000
99575  -59.158  -5.433  -2.105 0.0000000000
99576  -61.074  -5.488  -1.286 0.0000000000
99577  -62.061  -6.365  -0.365 0.0000000000
99586  -59.698  -6.345  -2.711 0.0000000000
99587  -60.598  -6.158  -2.337 0.0000000000
99588  -61.648  -6.303  -1.524 0.0000000000
100576  -56.942  -4.006  5.560 0.0000000000
100577  -57.150  -3.598  5.629 0.0000000000
100578  -57.428  -3.044  5.567 0.0000000000
100586  -56.036  -5.068  5.026 0.0000000000
100587  -56.511  -4.676  5.088 0.0000000000
100588  -56.943  -4.489  5.301 0.0000000000
100589  -57.414  -3.941  5.189 0.0000000000
100598  -55.010  -5.802  4.505 0.0000000000
100599  -55.347  -5.686  4.741 0.0000000000
100600  -57.531  -4.013  4.452 0.0000000000
100609  -57.488  -3.982  3.417 0.0000000000
100622  -57.330  -3.771  2.072 0.0000000000
100623  -62.061  -4.517  1.427 0.0000000000
100635  -57.612  -3.748  0.521 0.0000000000
100636  -58.380  -3.524  0.033 0.0000000000
100637  -61.545  -5.099  0.214 0.0000000000
100638  -61.519  -4.568  0.645 0.0000000000
100650  -57.528  -4.406  -0.354 0.0000000000
100651  -58.367  -4.090  -0.611 0.0000000000
100652  -61.077  -4.872  -0.546 0.0000000000
100653  -60.878  -4.409  -0.132 0.0000000000
100665  -59.177  -4.334  -1.190 0.0000000000
100666  -60.107  -4.600  -1.107 0.0000000000
100667  -60.451  -4.408  -0.598 0.0000000000
101591  -57.036  -2.961  5.731 0.0000000000
101592  -57.253  -2.472  5.875 0.0000000000
101593  -57.660  -2.180  5.856 0.0000000000
101594  -58.151  -1.997  5.674 0.0000000000
101600  -56.540  -3.968  5.180 0.0000000000
101601  -56.755  -3.714  5.466 0.0000000000
101602  -57.860  -2.861  5.392 0.0000000000
101603  -58.510  -2.310  5.131 0.0000000000
101614  -55.931  -4.866  4.850 0.0000000000
101615  -57.993  -3.236  4.757 0.0000000000
101616  -58.615  -2.550  4.209 0.0000000000
101629  -58.036  -3.238  3.760 0.0000000000
101630  -58.939  -2.489  2.954 0.0000000000
101640  -58.102  -3.241  2.545 0.0000000000
101641  -58.805  -2.800  1.709 0.0000000000
101642  -59.489  -2.855  1.080 0.0000000000
101643  -60.777  -3.365  1.008 0.0000000000
101654  -58.033  -3.218  1.439 0.0000000000
101655  -58.642  -3.123  0.624 0.0000000000
101656  -59.634  -3.301  0.332 0.0000000000
101657  -60.447  -3.818  0.138 0.0000000000
101668  -58.960  -3.474  -0.191 0.0000000000
101669  -59.662  -3.682  -0.319 0.0000000000
101670  -60.190  -4.071  -0.415 0.0000000000
101682  -59.173  -3.813  -0.701 0.0000000000
101683  -59.701  -4.093  -0.755 0.0000000000
101684  -60.090  -4.268  -0.725 0.0000000000
102611  -57.028  -1.613  6.254 0.0000000000
102612  -57.390  -1.328  6.445 0.0000000000
102623  -56.801  -2.658  5.553 0.0000000000
102624  -56.891  -2.150  5.926 0.0000000000
102634  -56.609  -3.194  5.029 0.0000000000
102649  -59.374  -2.513  2.048 0.0000000000
102661  -59.352  -2.634  1.582 0.0000000000
102662  -59.950  -2.670  1.648 0.0000000000
103655  -56.636  -0.880  6.694 0.0000000000
103674  -56.583  -1.660  5.649 0.0000000000
103675  -56.590  -1.298  6.154 0.0000000000
104699  -56.100  -0.591  6.974 0.0000000000
