#!ascii label  , from subject subject001 vox2ras=TkReg
2150
2287  -0.900  -94.978  -48.168 0.0000000000
2288  -1.056  -95.280  -48.567 0.0000000000
2298  -0.625  -94.773  -48.892 0.0000000000
2299  -0.902  -95.386  -49.395 0.0000000000
2313  -0.336  -94.502  -50.338 0.0000000000
2314  -1.052  -95.486  -50.387 0.0000000000
2315  -1.529  -95.940  -50.711 0.0000000000
2329  -0.502  -94.676  -51.785 0.0000000000
2330  -0.969  -95.508  -51.590 0.0000000000
2331  -1.476  -95.922  -51.482 0.0000000000
2934  -1.091  -93.213  -43.841 0.0000000000
2935  -1.145  -93.315  -43.630 0.0000000000
2936  -1.318  -93.517  -43.419 0.0000000000
2945  -1.000  -93.421  -43.901 0.0000000000
2946  -0.874  -93.792  -43.957 0.0000000000
2947  -1.112  -94.089  -44.006 0.0000000000
2956  -0.516  -93.721  -44.081 0.0000000000
2957  -0.708  -93.982  -44.357 0.0000000000
2958  -1.099  -94.319  -44.762 0.0000000000
2964  -0.488  -93.704  -44.521 0.0000000000
2965  -0.805  -93.900  -45.345 0.0000000000
2966  -1.382  -94.716  -45.924 0.0000000000
2967  -2.071  -95.210  -46.413 0.0000000000
2973  -0.767  -94.089  -47.514 0.0000000000
2974  -1.483  -95.267  -47.582 0.0000000000
2975  -2.351  -95.479  -47.185 0.0000000000
2981  -0.394  -93.771  -49.292 0.0000000000
2982  -1.510  -95.636  -48.751 0.0000000000
2983  -2.144  -95.588  -48.096 0.0000000000
2995  -0.491  -93.349  -50.541 0.0000000000
2996  -1.370  -95.849  -49.448 0.0000000000
2997  -2.355  -95.728  -49.378 0.0000000000
2998  -3.736  -94.672  -49.402 0.0000000000
3013  -0.780  -93.357  -51.900 0.0000000000
3014  -1.162  -92.755  -53.130 0.0000000000
3015  -1.990  -96.184  -50.695 0.0000000000
3033  -0.777  -93.761  -53.528 0.0000000000
3034  -1.415  -92.189  -54.021 0.0000000000
3035  -1.667  -96.252  -51.831 0.0000000000
3418  0.587  -91.526  -19.709 0.0000000000
3429  0.796  -91.792  -21.162 0.0000000000
3443  -0.066  -92.144  -22.674 0.0000000000
3444  -0.381  -91.339  -23.141 0.0000000000
3465  -0.418  -91.578  -23.358 0.0000000000
3706  -0.653  -92.266  -39.444 0.0000000000
3707  -1.016  -92.368  -39.754 0.0000000000
3708  -1.405  -92.981  -40.450 0.0000000000
3709  -2.987  -93.457  -40.971 0.0000000000
3720  -1.067  -93.043  -43.664 0.0000000000
3721  -0.938  -92.830  -43.223 0.0000000000
3722  -1.449  -93.322  -42.204 0.0000000000
3723  -2.933  -93.538  -42.150 0.0000000000
3733  -0.932  -92.930  -43.892 0.0000000000
3734  -0.944  -92.710  -43.589 0.0000000000
3735  -1.760  -93.801  -43.462 0.0000000000
3736  -2.476  -93.633  -42.897 0.0000000000
3744  -0.658  -92.971  -44.328 0.0000000000
3745  -1.766  -94.239  -44.350 0.0000000000
3746  -2.671  -93.985  -43.815 0.0000000000
3751  -0.356  -93.034  -45.015 0.0000000000
3752  -0.791  -92.715  -46.270 0.0000000000
3753  -1.668  -94.476  -45.037 0.0000000000
3754  -2.497  -94.650  -45.152 0.0000000000
3759  -0.748  -92.327  -47.628 0.0000000000
3760  -2.964  -95.029  -46.388 0.0000000000
3767  -0.493  -92.772  -48.609 0.0000000000
3768  -3.346  -95.141  -47.692 0.0000000000
3775  -1.388  -92.142  -49.834 0.0000000000
3776  -2.153  -91.044  -51.107 0.0000000000
3777  -3.847  -94.660  -48.752 0.0000000000
3790  -1.051  -92.316  -51.225 0.0000000000
3791  -2.244  -91.154  -52.746 0.0000000000
3792  -2.061  -89.609  -54.803 0.0000000000
3812  -2.371  -90.694  -55.036 0.0000000000
3813  -2.484  -89.075  -55.676 0.0000000000
3829  -3.396  -91.113  -56.309 0.0000000000
4222  -0.213  -88.983  -17.687 0.0000000000
4223  -1.316  -88.310  -17.786 0.0000000000
4236  0.207  -89.830  -18.828 0.0000000000
4237  -0.536  -88.080  -18.755 0.0000000000
4238  -1.693  -87.571  -18.722 0.0000000000
4252  -0.239  -89.269  -21.494 0.0000000000
4253  0.058  -89.782  -20.829 0.0000000000
4264  0.083  -89.651  -21.800 0.0000000000
4265  0.332  -90.496  -22.116 0.0000000000
4275  -0.355  -90.858  -23.073 0.0000000000
4276  -0.436  -91.094  -23.168 0.0000000000
4295  -0.481  -91.129  -23.692 0.0000000000
4296  -0.474  -91.236  -23.356 0.0000000000
4316  -0.658  -91.027  -24.691 0.0000000000
4329  -0.259  -90.621  -25.987 0.0000000000
4344  0.221  -90.343  -27.483 0.0000000000
4358  0.491  -90.709  -29.027 0.0000000000
4371  0.929  -90.742  -30.140 0.0000000000
4515  -0.135  -91.743  -38.828 0.0000000000
4516  0.423  -91.662  -39.198 0.0000000000
4531  -0.124  -91.995  -39.372 0.0000000000
4532  0.341  -91.517  -39.538 0.0000000000
4554  -0.445  -92.233  -39.651 0.0000000000
4555  -0.310  -92.018  -40.125 0.0000000000
4556  -0.090  -92.414  -41.315 0.0000000000
4575  -0.547  -91.954  -43.119 0.0000000000
4576  -0.052  -92.416  -42.491 0.0000000000
4592  -0.860  -92.542  -43.753 0.0000000000
4593  -0.626  -92.171  -43.612 0.0000000000
4594  -3.675  -93.047  -43.078 0.0000000000
4606  -0.662  -92.423  -44.029 0.0000000000
4607  -0.341  -91.564  -44.306 0.0000000000
4608  -3.811  -93.424  -44.399 0.0000000000
4618  -0.412  -92.325  -44.595 0.0000000000
4619  -0.343  -91.551  -45.431 0.0000000000
4620  -3.736  -93.931  -45.638 0.0000000000
4628  -0.500  -91.198  -47.066 0.0000000000
4629  -4.006  -93.967  -46.717 0.0000000000
4638  -0.495  -90.769  -48.894 0.0000000000
4647  -1.831  -90.249  -50.645 0.0000000000
4648  -2.191  -89.793  -52.016 0.0000000000
4658  -1.848  -88.991  -53.990 0.0000000000
4659  -2.215  -88.521  -55.302 0.0000000000
4660  -6.058  -88.495  -53.496 0.0000000000
4679  -2.752  -88.289  -56.049 0.0000000000
4680  -3.814  -88.046  -56.051 0.0000000000
4681  -5.126  -88.070  -55.211 0.0000000000
4682  -6.099  -89.444  -54.184 0.0000000000
4697  -2.813  -88.743  -55.888 0.0000000000
4698  -3.330  -88.656  -55.929 0.0000000000
4699  -4.369  -89.180  -56.151 0.0000000000
4700  -5.433  -89.864  -55.659 0.0000000000
5076  -4.194  -90.281  -9.906 0.0000000000
5077  -4.529  -90.301  -9.401 0.0000000000
5087  -4.067  -90.391  -10.474 0.0000000000
5099  -4.096  -90.575  -11.445 0.0000000000
5134  -7.757  -90.119  -14.948 0.0000000000
5135  -8.733  -90.053  -15.663 0.0000000000
5136  -9.168  -90.516  -16.004 0.0000000000
5146  -9.010  -89.523  -16.017 0.0000000000
5147  -9.330  -89.939  -16.241 0.0000000000
5160  -9.973  -90.124  -16.922 0.0000000000
5179  -10.244  -89.754  -17.394 0.0000000000
5209  -2.536  -87.684  -17.928 0.0000000000
5210  -3.280  -87.062  -18.456 0.0000000000
5224  -1.059  -87.836  -20.953 0.0000000000
5225  -0.639  -88.209  -20.266 0.0000000000
5226  -1.619  -87.128  -19.916 0.0000000000
5227  -2.711  -86.950  -19.397 0.0000000000
5228  -3.506  -86.504  -19.309 0.0000000000
5243  -0.575  -88.555  -21.235 0.0000000000
5244  -0.409  -88.847  -20.800 0.0000000000
5245  -2.142  -86.681  -20.585 0.0000000000
5246  -2.792  -86.534  -20.747 0.0000000000
5247  -3.473  -86.244  -20.774 0.0000000000
5248  -3.744  -85.781  -21.703 0.0000000000
5261  -0.153  -88.976  -22.086 0.0000000000
5262  0.133  -89.661  -22.215 0.0000000000
5263  -3.190  -86.289  -21.387 0.0000000000
5264  -3.573  -86.070  -21.626 0.0000000000
5265  -3.815  -85.786  -21.980 0.0000000000
5277  -0.029  -89.007  -22.602 0.0000000000
5278  -0.221  -89.675  -22.709 0.0000000000
5279  -3.727  -85.832  -22.033 0.0000000000
5280  -3.924  -85.762  -22.186 0.0000000000
5294  -0.349  -89.938  -23.715 0.0000000000
5305  0.272  -89.459  -24.852 0.0000000000
5313  0.490  -89.087  -26.166 0.0000000000
5314  0.466  -88.468  -26.752 0.0000000000
5320  0.543  -89.136  -27.213 0.0000000000
5321  -0.245  -88.362  -27.557 0.0000000000
5329  0.313  -89.280  -28.225 0.0000000000
5330  -0.799  -88.033  -28.647 0.0000000000
5331  -1.737  -87.446  -29.310 0.0000000000
5340  0.241  -89.069  -29.529 0.0000000000
5341  -1.177  -87.782  -29.614 0.0000000000
5342  -2.115  -87.230  -30.041 0.0000000000
5354  0.433  -89.563  -30.952 0.0000000000
5355  -0.453  -88.013  -30.376 0.0000000000
5356  -1.688  -87.450  -30.310 0.0000000000
5369  1.133  -90.822  -32.346 0.0000000000
5370  -1.043  -87.677  -30.679 0.0000000000
5371  -1.328  -87.598  -30.527 0.0000000000
5468  -0.141  -90.464  -38.367 0.0000000000
5486  0.415  -90.896  -39.224 0.0000000000
5487  0.570  -91.346  -39.349 0.0000000000
5500  0.701  -90.669  -39.434 0.0000000000
5501  0.598  -90.844  -39.582 0.0000000000
5517  0.340  -90.914  -40.132 0.0000000000
5518  -0.339  -90.948  -40.912 0.0000000000
5535  -0.211  -91.551  -42.802 0.0000000000
5536  -0.182  -90.929  -42.253 0.0000000000
5555  -0.103  -90.927  -43.486 0.0000000000
5556  -0.342  -89.713  -43.346 0.0000000000
5571  -0.112  -90.016  -44.769 0.0000000000
5572  -0.111  -89.819  -43.993 0.0000000000
5588  -0.331  -89.866  -46.405 0.0000000000
5603  -0.145  -89.718  -47.831 0.0000000000
5616  -0.461  -88.870  -48.989 0.0000000000
5632  -0.721  -88.649  -50.678 0.0000000000
5633  -1.347  -88.740  -51.744 0.0000000000
5634  -6.032  -87.089  -52.721 0.0000000000
5635  -6.369  -87.684  -51.782 0.0000000000
5646  -0.920  -87.792  -52.214 0.0000000000
5647  -1.145  -88.036  -53.155 0.0000000000
5648  -2.393  -87.456  -54.337 0.0000000000
5649  -3.900  -86.795  -54.298 0.0000000000
5650  -5.619  -87.062  -53.869 0.0000000000
5651  -6.508  -88.519  -51.971 0.0000000000
5668  -2.607  -88.101  -55.461 0.0000000000
5669  -3.276  -87.781  -55.433 0.0000000000
5670  -4.346  -87.379  -55.315 0.0000000000
6047  -3.393  -88.978  -9.854 0.0000000000
6048  -3.753  -89.513  -9.683 0.0000000000
6057  -3.339  -88.977  -10.329 0.0000000000
6058  -3.640  -89.707  -10.917 0.0000000000
6069  -3.358  -88.863  -11.320 0.0000000000
6070  -3.981  -89.558  -12.267 0.0000000000
6071  -4.559  -90.098  -12.710 0.0000000000
6083  -4.425  -89.000  -12.933 0.0000000000
6084  -4.989  -89.527  -13.295 0.0000000000
6085  -6.286  -89.288  -14.286 0.0000000000
6086  -7.164  -89.612  -14.579 0.0000000000
6098  -6.766  -88.477  -14.640 0.0000000000
6099  -7.540  -88.783  -15.046 0.0000000000
6100  -8.227  -89.414  -15.385 0.0000000000
6107  -8.073  -88.203  -15.538 0.0000000000
6108  -8.710  -88.813  -15.907 0.0000000000
6109  -9.158  -89.338  -16.186 0.0000000000
6119  -9.129  -88.523  -16.500 0.0000000000
6120  -9.427  -89.156  -16.554 0.0000000000
6135  -9.906  -89.100  -17.275 0.0000000000
6136  -10.420  -89.558  -17.795 0.0000000000
6152  -3.113  -87.877  -16.930 0.0000000000
6153  -4.004  -87.657  -16.765 0.0000000000
6154  -5.087  -87.611  -16.765 0.0000000000
6155  -6.023  -87.809  -16.950 0.0000000000
6156  -10.162  -88.766  -17.824 0.0000000000
6157  -10.457  -89.280  -18.352 0.0000000000
6169  -3.448  -87.435  -17.640 0.0000000000
6170  -4.223  -86.877  -18.087 0.0000000000
6171  -5.421  -87.052  -17.579 0.0000000000
6172  -6.423  -87.328  -17.408 0.0000000000
6173  -7.305  -87.856  -17.588 0.0000000000
6181  -1.196  -87.386  -21.026 0.0000000000
6182  -1.255  -87.349  -20.739 0.0000000000
6183  -1.331  -87.269  -20.408 0.0000000000
6184  -3.936  -86.218  -19.215 0.0000000000
6185  -8.028  -88.096  -17.898 0.0000000000
6186  -8.682  -88.332  -18.328 0.0000000000
6187  -9.395  -88.667  -18.720 0.0000000000
6196  -0.908  -87.387  -21.372 0.0000000000
6197  -1.211  -86.960  -21.075 0.0000000000
6198  -1.806  -86.683  -20.968 0.0000000000
6199  -2.418  -86.545  -20.915 0.0000000000
6200  -3.715  -85.987  -20.114 0.0000000000
6201  -3.834  -85.892  -21.285 0.0000000000
6210  -0.410  -87.820  -21.957 0.0000000000
6211  -2.334  -86.147  -21.825 0.0000000000
6212  -2.882  -86.287  -21.497 0.0000000000
6213  -3.351  -86.132  -21.700 0.0000000000
6214  -4.249  -85.681  -22.555 0.0000000000
6215  -5.020  -85.945  -23.288 0.0000000000
6226  -0.063  -88.255  -22.741 0.0000000000
6227  0.017  -89.077  -23.102 0.0000000000
6228  -2.539  -85.894  -22.215 0.0000000000
6229  -3.086  -85.913  -22.308 0.0000000000
6230  -3.707  -85.798  -22.305 0.0000000000
6231  -4.435  -85.796  -22.931 0.0000000000
6232  -5.363  -85.959  -23.666 0.0000000000
6233  -6.408  -86.374  -24.076 0.0000000000
6244  0.238  -87.585  -23.201 0.0000000000
6245  0.125  -88.502  -23.774 0.0000000000
6246  -3.886  -85.851  -22.930 0.0000000000
6247  -4.751  -85.913  -23.450 0.0000000000
6248  -5.478  -86.423  -23.955 0.0000000000
6249  -6.399  -86.518  -24.449 0.0000000000
6250  -6.765  -86.542  -24.301 0.0000000000
6260  0.384  -87.476  -23.818 0.0000000000
6261  0.576  -87.975  -24.808 0.0000000000
6262  -5.511  -86.476  -24.166 0.0000000000
6263  -6.005  -86.631  -24.531 0.0000000000
6264  -6.523  -86.738  -24.838 0.0000000000
6274  0.419  -87.789  -26.024 0.0000000000
6275  -0.305  -87.673  -26.958 0.0000000000
6284  -0.832  -87.539  -27.808 0.0000000000
6289  -1.594  -87.208  -28.759 0.0000000000
6290  -2.223  -87.075  -29.746 0.0000000000
6297  -2.939  -86.952  -30.556 0.0000000000
6298  -3.653  -86.981  -30.780 0.0000000000
6308  0.151  -88.640  -31.149 0.0000000000
6309  -0.060  -88.470  -30.887 0.0000000000
6310  -2.776  -87.191  -30.633 0.0000000000
6311  -3.917  -87.130  -30.948 0.0000000000
6312  -4.472  -87.231  -31.410 0.0000000000
6323  0.267  -89.016  -31.834 0.0000000000
6324  -0.419  -87.801  -31.097 0.0000000000
6325  -2.008  -87.287  -30.826 0.0000000000
6326  -3.616  -87.219  -31.080 0.0000000000
6327  -4.633  -87.234  -31.469 0.0000000000
6343  0.652  -89.454  -33.199 0.0000000000
6344  -0.252  -87.749  -32.233 0.0000000000
6345  -1.622  -87.057  -31.476 0.0000000000
6346  -3.202  -87.065  -31.385 0.0000000000
6347  -4.351  -87.245  -31.647 0.0000000000
6363  0.927  -89.224  -34.294 0.0000000000
6364  -1.408  -86.838  -32.235 0.0000000000
6365  -2.762  -86.492  -31.908 0.0000000000
6366  -4.142  -87.148  -32.020 0.0000000000
6367  -4.800  -87.382  -32.066 0.0000000000
6381  0.593  -88.000  -35.297 0.0000000000
6382  0.859  -88.449  -35.070 0.0000000000
6391  0.771  -88.079  -35.663 0.0000000000
6392  0.820  -89.010  -35.986 0.0000000000
6399  0.811  -88.224  -36.530 0.0000000000
6400  0.832  -89.168  -36.516 0.0000000000
6405  0.703  -88.461  -37.490 0.0000000000
6406  0.583  -89.339  -36.993 0.0000000000
6413  0.140  -88.878  -38.277 0.0000000000
6414  -0.027  -89.728  -37.690 0.0000000000
6423  0.138  -89.446  -38.954 0.0000000000
6433  0.530  -90.043  -39.550 0.0000000000
6434  0.524  -89.940  -39.946 0.0000000000
6444  -0.158  -89.689  -40.498 0.0000000000
6445  -0.761  -89.452  -41.468 0.0000000000
6458  -1.015  -89.229  -42.407 0.0000000000
6475  -1.427  -88.379  -43.240 0.0000000000
6476  -1.506  -87.665  -43.910 0.0000000000
6489  -0.168  -89.137  -44.929 0.0000000000
6490  -0.516  -88.472  -44.446 0.0000000000
6491  -1.338  -87.836  -44.069 0.0000000000
6503  -0.153  -88.788  -45.674 0.0000000000
6504  -0.241  -87.375  -45.823 0.0000000000
6515  0.092  -87.799  -47.682 0.0000000000
6516  -0.164  -86.573  -46.724 0.0000000000
6529  -0.416  -87.452  -50.053 0.0000000000
6530  -6.603  -86.777  -50.387 0.0000000000
6531  -7.350  -87.213  -49.285 0.0000000000
6546  -0.731  -87.073  -51.947 0.0000000000
6547  -1.496  -85.110  -52.343 0.0000000000
6548  -5.327  -85.727  -53.681 0.0000000000
6549  -5.950  -86.583  -52.341 0.0000000000
6550  -6.805  -87.570  -50.409 0.0000000000
6566  -0.680  -87.348  -52.855 0.0000000000
6567  -1.286  -86.571  -53.277 0.0000000000
6568  -2.988  -84.670  -53.583 0.0000000000
6569  -4.794  -85.740  -54.254 0.0000000000
6570  -5.445  -86.197  -53.740 0.0000000000
6953  -2.734  -87.459  -9.370 0.0000000000
6954  -3.156  -87.602  -8.683 0.0000000000
6966  -2.606  -87.641  -10.148 0.0000000000
6967  -3.160  -88.404  -9.626 0.0000000000
6968  -3.750  -88.555  -8.646 0.0000000000
6978  -2.554  -87.726  -10.881 0.0000000000
6979  -2.900  -88.322  -10.631 0.0000000000
6992  -2.403  -87.455  -11.349 0.0000000000
6993  -2.866  -88.033  -11.535 0.0000000000
6994  -3.439  -88.533  -12.100 0.0000000000
7006  -2.473  -87.440  -11.939 0.0000000000
7007  -2.969  -87.822  -12.437 0.0000000000
7008  -3.786  -88.429  -12.893 0.0000000000
7009  -4.688  -88.526  -13.472 0.0000000000
7010  -5.450  -88.724  -13.916 0.0000000000
7022  -5.114  -88.186  -14.048 0.0000000000
7023  -5.984  -88.119  -14.508 0.0000000000
7024  -6.947  -88.030  -14.867 0.0000000000
7032  -6.532  -87.584  -15.069 0.0000000000
7033  -7.428  -87.632  -15.506 0.0000000000
7034  -8.273  -87.854  -15.925 0.0000000000
7040  -7.906  -87.268  -16.311 0.0000000000
7041  -8.741  -87.805  -16.697 0.0000000000
7042  -9.398  -88.478  -16.897 0.0000000000
7051  -8.839  -87.638  -17.261 0.0000000000
7052  -9.442  -88.089  -17.457 0.0000000000
7065  -9.912  -88.285  -18.151 0.0000000000
7066  -10.282  -88.759  -18.510 0.0000000000
7080  -4.930  -86.485  -18.315 0.0000000000
7081  -5.723  -86.409  -18.147 0.0000000000
7082  -6.734  -86.832  -17.810 0.0000000000
7083  -7.428  -87.377  -17.739 0.0000000000
7084  -9.570  -88.175  -18.365 0.0000000000
7085  -10.117  -88.529  -18.554 0.0000000000
7095  -4.395  -86.165  -18.971 0.0000000000
7096  -4.939  -86.048  -18.843 0.0000000000
7097  -6.650  -86.765  -18.064 0.0000000000
7098  -7.466  -87.136  -17.890 0.0000000000
7099  -8.331  -87.720  -18.083 0.0000000000
7100  -9.220  -88.130  -18.465 0.0000000000
7101  -9.957  -88.518  -18.745 0.0000000000
7109  -0.817  -86.977  -21.505 0.0000000000
7110  -1.004  -86.830  -21.434 0.0000000000
7111  -1.387  -86.642  -21.400 0.0000000000
7112  -4.040  -85.782  -19.721 0.0000000000
7113  -3.985  -85.670  -20.662 0.0000000000
7119  -0.675  -86.847  -21.855 0.0000000000
7120  -1.164  -86.493  -21.783 0.0000000000
7121  -1.628  -86.253  -21.813 0.0000000000
7122  -3.935  -85.565  -21.935 0.0000000000
7123  -4.734  -85.829  -22.997 0.0000000000
7133  -0.221  -87.063  -22.623 0.0000000000
7134  -2.009  -85.691  -22.301 0.0000000000
7135  -2.673  -85.685  -22.491 0.0000000000
7136  -5.797  -86.181  -23.767 0.0000000000
7137  -6.635  -86.321  -24.224 0.0000000000
7143  -0.054  -86.785  -23.357 0.0000000000
7144  -2.326  -85.301  -22.707 0.0000000000
7145  -3.257  -85.501  -23.084 0.0000000000
7146  -4.314  -85.756  -23.530 0.0000000000
7147  -6.769  -86.717  -24.856 0.0000000000
7148  -6.781  -86.203  -24.780 0.0000000000
7156  -0.005  -86.603  -24.068 0.0000000000
7157  0.004  -86.659  -25.110 0.0000000000
7158  -4.089  -85.593  -23.902 0.0000000000
7159  -5.260  -86.096  -24.438 0.0000000000
7160  -6.209  -86.548  -24.995 0.0000000000
7161  -6.672  -86.438  -25.087 0.0000000000
7162  -6.827  -85.791  -25.181 0.0000000000
7170  -0.102  -86.652  -26.513 0.0000000000
7171  -0.550  -87.180  -27.288 0.0000000000
7172  -5.446  -86.037  -24.944 0.0000000000
7173  -5.784  -86.122  -25.117 0.0000000000
7174  -6.346  -86.152  -25.377 0.0000000000
7175  -6.626  -85.855  -25.381 0.0000000000
7185  -0.191  -86.248  -27.074 0.0000000000
7186  -0.759  -86.737  -27.815 0.0000000000
7191  -1.522  -86.664  -28.777 0.0000000000
7192  -2.102  -86.839  -29.456 0.0000000000
7199  -2.560  -86.929  -30.293 0.0000000000
7200  -3.356  -86.930  -30.671 0.0000000000
7210  -4.033  -86.921  -30.999 0.0000000000
7211  -4.448  -87.068  -31.234 0.0000000000
7224  -4.948  -87.117  -31.702 0.0000000000
7225  -5.611  -86.931  -32.317 0.0000000000
7239  0.677  -88.727  -33.708 0.0000000000
7240  0.115  -88.197  -33.230 0.0000000000
7241  -5.138  -87.215  -32.028 0.0000000000
7242  -5.920  -86.916  -32.724 0.0000000000
7257  0.529  -88.011  -33.935 0.0000000000
7258  -0.469  -86.869  -33.068 0.0000000000
7259  -2.200  -86.229  -32.735 0.0000000000
7260  -3.818  -86.698  -32.693 0.0000000000
7261  -5.169  -87.276  -32.722 0.0000000000
7262  -6.206  -87.056  -33.340 0.0000000000
7272  0.335  -87.469  -35.231 0.0000000000
7273  -0.129  -86.871  -34.365 0.0000000000
7274  -1.567  -86.029  -33.702 0.0000000000
7275  -3.276  -86.299  -33.565 0.0000000000
7276  -4.717  -86.910  -33.553 0.0000000000
7277  -5.766  -87.177  -33.689 0.0000000000
7278  -6.420  -86.888  -34.019 0.0000000000
7284  0.070  -87.104  -35.859 0.0000000000
7285  -0.390  -86.484  -35.228 0.0000000000
7286  -1.210  -85.718  -34.703 0.0000000000
7287  -2.593  -85.813  -34.486 0.0000000000
7288  -4.135  -86.437  -34.417 0.0000000000
7289  -5.448  -86.867  -34.344 0.0000000000
7290  -6.096  -86.938  -34.215 0.0000000000
7296  0.139  -87.111  -36.481 0.0000000000
7302  0.330  -87.304  -37.193 0.0000000000
7310  0.482  -87.498  -38.099 0.0000000000
7317  0.399  -88.016  -38.921 0.0000000000
7326  0.411  -88.683  -39.572 0.0000000000
7327  0.534  -89.336  -39.826 0.0000000000
7337  0.310  -88.097  -39.786 0.0000000000
7338  0.375  -88.595  -40.082 0.0000000000
7339  -0.498  -88.131  -40.851 0.0000000000
7353  -1.149  -87.799  -42.130 0.0000000000
7367  -1.531  -87.135  -43.400 0.0000000000
7368  -1.719  -87.421  -43.979 0.0000000000
7382  -0.783  -86.698  -44.566 0.0000000000
7383  -1.096  -87.593  -44.172 0.0000000000
7395  -0.008  -85.432  -46.621 0.0000000000
7396  -0.223  -85.887  -45.840 0.0000000000
7406  -0.129  -85.795  -47.555 0.0000000000
7407  0.060  -85.924  -46.678 0.0000000000
7423  -5.301  -84.754  -52.877 0.0000000000
7424  -6.093  -85.677  -51.313 0.0000000000
7425  -7.059  -86.326  -49.543 0.0000000000
7426  -8.024  -86.691  -48.431 0.0000000000
7439  -0.938  -86.389  -51.018 0.0000000000
7440  -5.385  -85.433  -52.985 0.0000000000
7453  -4.890  -84.978  -54.049 0.0000000000
7804  -2.626  -86.797  -8.847 0.0000000000
7805  -3.170  -86.699  -8.054 0.0000000000
7817  -1.949  -86.353  -10.334 0.0000000000
7818  -2.331  -86.763  -9.760 0.0000000000
7829  -1.710  -86.341  -11.027 0.0000000000
7830  -2.192  -87.045  -10.725 0.0000000000
7843  -1.434  -86.272  -11.926 0.0000000000
7844  -2.021  -86.935  -11.613 0.0000000000
7855  -1.320  -86.046  -12.846 0.0000000000
7856  -2.155  -86.885  -12.678 0.0000000000
7857  -3.053  -87.578  -13.335 0.0000000000
7858  -4.024  -87.899  -13.702 0.0000000000
7859  -4.649  -88.037  -13.905 0.0000000000
7869  -1.209  -85.926  -13.259 0.0000000000
7870  -1.527  -86.172  -13.480 0.0000000000
7871  -2.362  -86.799  -13.777 0.0000000000
7872  -3.297  -87.278  -14.205 0.0000000000
7873  -4.683  -87.535  -14.440 0.0000000000
7874  -5.702  -87.388  -14.995 0.0000000000
7883  -1.733  -86.235  -14.214 0.0000000000
7884  -2.432  -86.523  -14.626 0.0000000000
7885  -3.560  -86.775  -14.996 0.0000000000
7886  -4.792  -86.932  -15.398 0.0000000000
7887  -6.128  -87.069  -15.835 0.0000000000
7888  -7.114  -87.115  -16.215 0.0000000000
7895  -6.497  -86.827  -16.599 0.0000000000
7896  -7.224  -86.899  -16.853 0.0000000000
7897  -8.038  -87.043  -16.859 0.0000000000
7902  -7.558  -86.927  -17.193 0.0000000000
7903  -8.194  -87.213  -17.313 0.0000000000
7904  -8.788  -87.576  -17.530 0.0000000000
7914  -8.267  -87.315  -17.670 0.0000000000
7915  -9.043  -87.671  -17.834 0.0000000000
7927  -6.137  -86.194  -18.269 0.0000000000
7928  -6.398  -86.495  -18.092 0.0000000000
7929  -8.118  -87.454  -17.915 0.0000000000
7930  -9.175  -87.810  -18.099 0.0000000000
7943  -4.431  -85.612  -19.558 0.0000000000
7944  -5.181  -85.609  -19.239 0.0000000000
7945  -6.323  -86.205  -18.396 0.0000000000
7946  -7.110  -86.876  -18.047 0.0000000000
7947  -7.898  -87.427  -17.907 0.0000000000
7948  -8.862  -87.741  -18.176 0.0000000000
7956  -4.145  -85.544  -20.151 0.0000000000
7957  -4.240  -85.296  -20.904 0.0000000000
7964  -0.567  -86.342  -22.497 0.0000000000
7965  -0.978  -86.239  -22.248 0.0000000000
7966  -1.303  -86.222  -22.069 0.0000000000
7967  -4.263  -85.482  -22.721 0.0000000000
7968  -5.156  -85.701  -23.672 0.0000000000
7980  -0.336  -86.032  -23.018 0.0000000000
7981  -0.689  -85.561  -22.757 0.0000000000
7982  -1.346  -85.841  -22.379 0.0000000000
7983  -6.257  -85.781  -24.164 0.0000000000
7984  -6.706  -85.817  -24.594 0.0000000000
7989  -0.234  -86.121  -23.491 0.0000000000
7990  -0.616  -84.960  -23.005 0.0000000000
7991  -1.337  -84.947  -22.877 0.0000000000
7992  -2.355  -84.928  -23.102 0.0000000000
7993  -6.740  -85.218  -24.997 0.0000000000
7994  -6.513  -84.213  -25.019 0.0000000000
8000  -0.129  -85.723  -23.716 0.0000000000
8001  0.094  -85.536  -24.191 0.0000000000
8002  -1.874  -84.437  -23.390 0.0000000000
8003  -3.108  -84.936  -23.930 0.0000000000
8004  -4.383  -85.407  -24.354 0.0000000000
8005  -6.804  -85.085  -25.192 0.0000000000
8006  -6.566  -83.963  -25.133 0.0000000000
8013  0.206  -85.368  -25.266 0.0000000000
8014  -3.932  -84.979  -24.625 0.0000000000
8015  -5.081  -85.483  -24.918 0.0000000000
8016  -5.869  -85.482  -25.371 0.0000000000
8017  -6.316  -85.440  -25.470 0.0000000000
8018  -6.418  -84.567  -25.214 0.0000000000
8019  -6.570  -83.722  -25.181 0.0000000000
8029  0.277  -85.327  -26.585 0.0000000000
8030  -0.157  -85.893  -27.486 0.0000000000
8031  -6.071  -85.096  -25.450 0.0000000000
8032  -6.134  -84.550  -25.410 0.0000000000
8033  -6.342  -83.789  -25.368 0.0000000000
8043  0.139  -85.163  -27.518 0.0000000000
8044  -0.789  -85.844  -28.577 0.0000000000
8045  -1.771  -86.396  -29.262 0.0000000000
8055  -1.583  -85.971  -29.604 0.0000000000
8056  -2.078  -86.508  -30.217 0.0000000000
8057  -2.677  -86.653  -30.873 0.0000000000
8071  -3.301  -86.765  -31.514 0.0000000000
8072  -4.410  -86.758  -31.620 0.0000000000
8084  -5.327  -86.479  -32.282 0.0000000000
8085  -6.427  -86.142  -32.849 0.0000000000
8086  -7.163  -85.502  -33.087 0.0000000000
8098  -6.682  -86.447  -33.330 0.0000000000
8099  -7.465  -85.648  -33.393 0.0000000000
8100  -8.088  -85.314  -33.656 0.0000000000
8111  -6.741  -86.639  -33.745 0.0000000000
8112  -7.289  -86.197  -33.865 0.0000000000
8113  -7.928  -85.664  -34.032 0.0000000000
8120  -6.983  -86.539  -34.232 0.0000000000
8121  -7.574  -86.184  -34.567 0.0000000000
8122  -8.226  -85.684  -34.786 0.0000000000
8129  -0.242  -86.678  -35.915 0.0000000000
8130  -0.407  -86.341  -35.798 0.0000000000
8131  -0.962  -85.745  -35.560 0.0000000000
8132  -2.021  -85.471  -35.376 0.0000000000
8133  -3.420  -85.737  -35.330 0.0000000000
8134  -4.957  -86.273  -35.285 0.0000000000
8135  -6.535  -86.484  -34.998 0.0000000000
8136  -7.787  -86.114  -35.577 0.0000000000
8137  -8.299  -85.615  -35.808 0.0000000000
8144  -0.245  -86.566  -36.161 0.0000000000
8145  -0.617  -85.929  -36.230 0.0000000000
8146  -1.450  -85.641  -36.221 0.0000000000
8147  -2.723  -85.585  -36.244 0.0000000000
8148  -4.213  -85.616  -36.238 0.0000000000
8149  -5.785  -86.002  -36.278 0.0000000000
8150  -7.186  -86.100  -36.451 0.0000000000
8151  -8.083  -85.919  -36.750 0.0000000000
8152  -8.482  -85.486  -36.940 0.0000000000
8158  -0.194  -86.452  -36.810 0.0000000000
8159  -0.720  -85.756  -37.018 0.0000000000
8160  -1.925  -85.710  -37.147 0.0000000000
8161  -3.354  -85.527  -37.203 0.0000000000
8162  -4.910  -85.510  -37.261 0.0000000000
8163  -6.405  -85.741  -37.414 0.0000000000
8164  -7.558  -85.917  -37.645 0.0000000000
8165  -8.271  -85.674  -37.893 0.0000000000
8166  -8.664  -85.279  -37.827 0.0000000000
8173  0.103  -86.220  -37.829 0.0000000000
8174  -0.902  -85.552  -38.004 0.0000000000
8175  -2.383  -85.436  -38.103 0.0000000000
8176  -3.931  -85.413  -38.222 0.0000000000
8177  -5.471  -85.534  -38.358 0.0000000000
8178  -6.780  -85.787  -38.537 0.0000000000
8179  -7.630  -85.753  -38.657 0.0000000000
8180  -7.979  -85.439  -38.741 0.0000000000
8181  -8.228  -85.234  -38.564 0.0000000000
8190  0.464  -86.718  -38.872 0.0000000000
8191  -0.212  -85.803  -38.915 0.0000000000
8192  -1.368  -85.238  -39.017 0.0000000000
8193  -2.869  -85.067  -39.113 0.0000000000
8194  -4.469  -85.341  -39.284 0.0000000000
8195  -5.862  -85.552  -39.399 0.0000000000
8196  -6.949  -85.647  -39.502 0.0000000000
8197  -7.645  -85.417  -39.530 0.0000000000
8198  -7.953  -85.198  -39.186 0.0000000000
8207  0.512  -87.450  -39.599 0.0000000000
8208  0.098  -86.373  -39.760 0.0000000000
8209  -0.631  -85.420  -40.008 0.0000000000
8210  -1.860  -84.822  -40.057 0.0000000000
8211  -3.458  -84.863  -40.133 0.0000000000
8212  -4.928  -85.337  -40.320 0.0000000000
8213  -6.079  -85.211  -40.254 0.0000000000
8214  -7.025  -85.305  -40.370 0.0000000000
8226  0.404  -87.797  -39.925 0.0000000000
8227  0.210  -87.297  -40.166 0.0000000000
8228  -0.365  -86.085  -41.133 0.0000000000
8229  -1.202  -84.898  -41.217 0.0000000000
8230  -2.593  -84.661  -41.086 0.0000000000
8231  -4.044  -84.831  -41.129 0.0000000000
8232  -5.254  -85.126  -41.228 0.0000000000
8233  -6.158  -84.825  -41.037 0.0000000000
8243  -0.813  -85.950  -42.383 0.0000000000
8244  -1.938  -84.203  -41.782 0.0000000000
8245  -3.133  -84.075  -41.978 0.0000000000
8246  -4.517  -84.457  -41.895 0.0000000000
8247  -5.469  -84.633  -42.049 0.0000000000
8248  -6.125  -84.752  -41.742 0.0000000000
8260  -0.868  -85.431  -43.578 0.0000000000
8261  -3.951  -83.673  -42.449 0.0000000000
8262  -4.821  -84.003  -42.519 0.0000000000
8263  -5.208  -84.143  -42.458 0.0000000000
8277  -0.455  -84.446  -45.617 0.0000000000
8278  -0.385  -84.507  -45.388 0.0000000000
8279  -0.362  -84.925  -44.839 0.0000000000
8291  -0.431  -84.475  -45.851 0.0000000000
8292  -0.197  -84.957  -45.934 0.0000000000
8293  -0.290  -85.256  -45.536 0.0000000000
8308  -0.271  -84.488  -46.321 0.0000000000
8309  -0.014  -84.661  -47.070 0.0000000000
8310  -7.640  -85.145  -48.769 0.0000000000
8328  -0.508  -84.642  -48.336 0.0000000000
8329  -5.653  -84.409  -51.916 0.0000000000
8330  -6.780  -85.075  -50.052 0.0000000000
8331  -7.579  -85.900  -48.794 0.0000000000
8755  -2.196  -85.703  -9.143 0.0000000000
8756  -2.573  -85.898  -8.510 0.0000000000
8768  -1.937  -85.888  -9.742 0.0000000000
8769  -2.281  -86.201  -9.165 0.0000000000
8780  -1.677  -85.825  -10.469 0.0000000000
8792  -1.485  -85.553  -11.234 0.0000000000
8801  -1.125  -85.390  -12.309 0.0000000000
8809  -1.008  -85.478  -13.452 0.0000000000
8810  -1.238  -85.796  -14.125 0.0000000000
8819  -0.840  -85.276  -14.457 0.0000000000
8820  -1.338  -85.733  -14.992 0.0000000000
8821  -2.412  -86.169  -15.476 0.0000000000
8822  -3.553  -86.414  -15.953 0.0000000000
8823  -4.791  -86.505  -16.364 0.0000000000
8824  -5.703  -86.574  -16.693 0.0000000000
8834  -1.461  -85.596  -15.811 0.0000000000
8835  -2.310  -85.708  -16.312 0.0000000000
8836  -3.617  -85.816  -16.800 0.0000000000
8837  -4.917  -85.794  -17.176 0.0000000000
8838  -6.086  -86.376  -17.261 0.0000000000
8839  -6.737  -86.803  -17.452 0.0000000000
8846  -5.298  -85.385  -17.798 0.0000000000
8847  -6.109  -85.816  -17.983 0.0000000000
8848  -7.071  -87.003  -17.698 0.0000000000
8849  -7.794  -87.113  -17.609 0.0000000000
8856  -5.991  -85.621  -18.382 0.0000000000
8857  -6.443  -86.393  -18.153 0.0000000000
8858  -7.446  -87.087  -17.827 0.0000000000
8868  -6.611  -86.490  -18.030 0.0000000000
8869  -7.107  -86.860  -17.807 0.0000000000
8882  -4.797  -85.373  -19.578 0.0000000000
8883  -6.101  -86.183  -18.689 0.0000000000
8884  -6.906  -86.651  -18.179 0.0000000000
8885  -7.325  -86.991  -17.928 0.0000000000
8898  -4.180  -85.076  -21.067 0.0000000000
8906  -4.208  -84.929  -22.621 0.0000000000
8907  -4.808  -85.112  -23.483 0.0000000000
8918  -0.326  -85.669  -23.153 0.0000000000
8919  -0.376  -85.439  -23.084 0.0000000000
8920  -5.565  -84.991  -24.239 0.0000000000
8921  -6.318  -84.802  -24.859 0.0000000000
8929  -0.230  -85.515  -23.324 0.0000000000
8930  -0.267  -85.030  -23.249 0.0000000000
8931  -0.551  -84.660  -23.320 0.0000000000
8932  -6.545  -83.912  -24.977 0.0000000000
8933  -6.829  -83.460  -25.124 0.0000000000
8940  -0.002  -85.149  -23.616 0.0000000000
8941  -0.134  -84.583  -24.113 0.0000000000
8942  -0.951  -84.121  -23.723 0.0000000000
8943  -1.986  -83.996  -23.956 0.0000000000
8944  -7.193  -83.174  -25.378 0.0000000000
8953  -0.109  -83.577  -26.172 0.0000000000
8954  -0.052  -84.034  -25.731 0.0000000000
8955  -2.981  -84.232  -24.536 0.0000000000
8956  -4.037  -84.436  -24.991 0.0000000000
8957  -5.089  -84.677  -25.314 0.0000000000
8958  -6.611  -83.508  -25.301 0.0000000000
8968  -0.035  -83.693  -26.728 0.0000000000
8969  0.223  -84.473  -26.916 0.0000000000
8970  -5.735  -84.471  -25.506 0.0000000000
8971  -6.218  -83.812  -25.716 0.0000000000
8972  -7.101  -83.139  -25.679 0.0000000000
8987  0.006  -83.629  -27.353 0.0000000000
8988  0.038  -84.390  -28.149 0.0000000000
8989  -0.268  -85.165  -28.814 0.0000000000
9006  -0.239  -84.161  -29.500 0.0000000000
9007  -0.843  -85.183  -29.615 0.0000000000
9008  -1.793  -85.933  -30.560 0.0000000000
9009  -2.208  -86.369  -30.898 0.0000000000
9024  -0.358  -83.936  -30.106 0.0000000000
9025  -0.831  -84.376  -30.415 0.0000000000
9026  -1.611  -85.194  -31.024 0.0000000000
9027  -2.534  -86.079  -31.521 0.0000000000
9028  -3.486  -86.320  -32.025 0.0000000000
9042  -3.224  -85.726  -32.255 0.0000000000
9043  -4.387  -85.867  -32.412 0.0000000000
9044  -5.855  -85.602  -32.574 0.0000000000
9045  -6.992  -85.195  -32.841 0.0000000000
9046  -7.722  -84.833  -32.891 0.0000000000
9061  -7.598  -85.212  -33.079 0.0000000000
9062  -8.090  -85.041  -33.259 0.0000000000
9071  -8.512  -85.218  -33.985 0.0000000000
9072  -8.761  -85.018  -34.288 0.0000000000
9078  -8.510  -85.175  -34.804 0.0000000000
9079  -8.806  -84.976  -34.543 0.0000000000
9088  -8.356  -85.166  -35.934 0.0000000000
9098  -8.619  -85.126  -37.134 0.0000000000
9110  -8.687  -85.035  -37.831 0.0000000000
9122  -8.404  -85.027  -38.491 0.0000000000
9137  -7.967  -85.146  -39.875 0.0000000000
9138  -8.079  -85.007  -39.480 0.0000000000
9151  -7.590  -85.182  -40.327 0.0000000000
9152  -7.710  -84.987  -40.312 0.0000000000
9164  -0.667  -85.400  -41.963 0.0000000000
9165  -0.751  -85.029  -41.879 0.0000000000
9166  -6.853  -84.840  -41.163 0.0000000000
9167  -7.383  -84.905  -40.725 0.0000000000
9178  -0.712  -84.898  -42.621 0.0000000000
9179  -1.235  -84.238  -42.426 0.0000000000
9180  -2.054  -83.514  -42.352 0.0000000000
9181  -5.424  -84.120  -42.343 0.0000000000
9182  -5.675  -84.127  -42.184 0.0000000000
9196  -0.639  -83.719  -44.258 0.0000000000
9197  -0.660  -83.984  -43.760 0.0000000000
9198  -1.675  -83.258  -43.190 0.0000000000
9199  -2.908  -82.857  -43.031 0.0000000000
9200  -4.194  -82.846  -43.054 0.0000000000
9201  -5.087  -83.482  -42.993 0.0000000000
9202  -5.231  -83.141  -43.138 0.0000000000
9218  -0.487  -84.214  -45.567 0.0000000000
9219  -0.503  -83.881  -44.848 0.0000000000
9220  -0.468  -84.218  -44.442 0.0000000000
9221  -3.646  -82.423  -44.161 0.0000000000
9222  -4.554  -82.407  -44.300 0.0000000000
9223  -5.213  -82.525  -44.060 0.0000000000
9224  -5.578  -82.801  -44.131 0.0000000000
9242  -0.510  -84.191  -45.986 0.0000000000
9243  -0.627  -83.910  -45.810 0.0000000000
9244  -1.597  -83.067  -47.170 0.0000000000
9245  -1.991  -82.984  -47.562 0.0000000000
9246  -3.521  -82.437  -45.189 0.0000000000
9247  -4.051  -82.528  -45.350 0.0000000000
9265  -0.379  -84.292  -46.173 0.0000000000
9266  -0.239  -83.901  -46.772 0.0000000000
9267  -1.174  -83.604  -47.396 0.0000000000
9268  -1.855  -83.272  -48.334 0.0000000000
9269  -7.213  -83.895  -49.631 0.0000000000
9270  -8.355  -84.550  -48.248 0.0000000000
9285  -0.190  -84.267  -47.484 0.0000000000
9286  -0.578  -84.108  -47.801 0.0000000000
9287  -1.520  -83.857  -49.229 0.0000000000
9288  -4.758  -83.656  -53.344 0.0000000000
9289  -4.849  -83.383  -52.971 0.0000000000
9290  -6.091  -83.518  -51.384 0.0000000000
9302  -1.461  -83.212  -50.579 0.0000000000
9303  -4.341  -83.703  -53.629 0.0000000000
9304  -4.223  -83.233  -53.463 0.0000000000
9732  -2.181  -85.459  -9.173 0.0000000000
9733  -2.266  -85.350  -8.943 0.0000000000
9745  -2.067  -85.368  -9.409 0.0000000000
9746  -2.168  -84.797  -9.281 0.0000000000
9758  -1.707  -85.106  -10.208 0.0000000000
9759  -2.041  -84.053  -10.224 0.0000000000
9773  -1.388  -84.449  -11.577 0.0000000000
9774  -1.803  -83.659  -11.234 0.0000000000
9786  -0.893  -84.531  -13.000 0.0000000000
9799  -0.687  -84.606  -14.242 0.0000000000
9812  -0.351  -84.755  -15.472 0.0000000000
9813  -0.817  -85.321  -15.718 0.0000000000
9826  -0.006  -84.104  -16.631 0.0000000000
9827  -0.757  -85.024  -16.540 0.0000000000
9828  -2.262  -85.190  -17.231 0.0000000000
9829  -3.733  -85.297  -17.639 0.0000000000
9830  -4.652  -85.249  -17.736 0.0000000000
9841  0.285  -83.931  -17.008 0.0000000000
9842  -0.026  -84.102  -17.159 0.0000000000
9843  -0.951  -84.464  -17.662 0.0000000000
9844  -2.441  -84.689  -18.246 0.0000000000
9845  -4.187  -84.942  -18.280 0.0000000000
9846  -5.134  -85.059  -18.373 0.0000000000
9853  -3.094  -84.604  -18.924 0.0000000000
9854  -4.097  -84.712  -19.083 0.0000000000
9855  -5.329  -85.128  -18.749 0.0000000000
9856  -5.846  -85.557  -18.639 0.0000000000
9864  -4.233  -84.832  -19.667 0.0000000000
9865  -5.158  -85.185  -19.163 0.0000000000
9866  -5.999  -85.845  -18.635 0.0000000000
9875  -2.577  -83.789  -21.406 0.0000000000
9876  -2.969  -84.160  -21.338 0.0000000000
9877  -3.953  -84.772  -20.486 0.0000000000
9878  -5.319  -85.611  -19.126 0.0000000000
9879  -6.271  -86.146  -18.470 0.0000000000
9890  -2.609  -83.661  -21.673 0.0000000000
9891  -3.006  -83.968  -21.968 0.0000000000
9892  -3.748  -84.668  -21.580 0.0000000000
9902  -3.527  -83.508  -22.849 0.0000000000
9903  -4.113  -84.101  -23.071 0.0000000000
9904  -5.123  -84.160  -23.921 0.0000000000
9915  -5.989  -83.933  -24.760 0.0000000000
9916  -7.039  -83.464  -25.004 0.0000000000
9917  -7.926  -83.096  -24.995 0.0000000000
9927  -7.630  -83.183  -25.069 0.0000000000
9934  -0.379  -83.561  -24.666 0.0000000000
9935  -1.373  -83.511  -24.453 0.0000000000
9936  -2.172  -83.690  -24.482 0.0000000000
9943  -0.046  -83.231  -26.141 0.0000000000
9944  -0.172  -83.080  -25.521 0.0000000000
9945  -0.798  -82.916  -25.067 0.0000000000
9946  -2.533  -83.259  -25.119 0.0000000000
9947  -4.341  -83.826  -25.477 0.0000000000
9948  -5.166  -84.116  -25.549 0.0000000000
9958  -0.125  -83.249  -26.585 0.0000000000
9959  -2.642  -82.584  -25.660 0.0000000000
9960  -3.700  -83.011  -25.875 0.0000000000
9961  -5.289  -83.510  -25.971 0.0000000000
9962  -6.387  -83.274  -26.048 0.0000000000
9975  -0.083  -83.250  -26.958 0.0000000000
9976  -0.077  -83.310  -27.642 0.0000000000
9992  -0.065  -83.435  -28.690 0.0000000000
10005  -0.102  -83.509  -29.779 0.0000000000
10006  -0.488  -83.647  -30.526 0.0000000000
10007  -1.493  -84.168  -31.515 0.0000000000
10008  -2.444  -85.122  -32.009 0.0000000000
10022  -2.614  -84.302  -32.287 0.0000000000
10023  -3.616  -84.885  -32.556 0.0000000000
10024  -5.099  -84.876  -32.662 0.0000000000
10025  -6.391  -84.688  -32.551 0.0000000000
10026  -7.316  -84.441  -32.557 0.0000000000
10027  -7.941  -84.349  -32.829 0.0000000000
10040  -8.263  -84.708  -33.437 0.0000000000
10048  -8.625  -84.951  -34.087 0.0000000000
10049  -8.934  -84.931  -34.141 0.0000000000
10057  -8.367  -84.821  -35.170 0.0000000000
10058  -8.579  -84.964  -34.713 0.0000000000
10059  -8.873  -84.945  -34.305 0.0000000000
10071  -8.260  -84.904  -35.902 0.0000000000
10072  -8.437  -85.053  -35.622 0.0000000000
10085  -8.360  -84.811  -36.751 0.0000000000
10086  -8.505  -85.056  -36.491 0.0000000000
10100  -8.428  -84.769  -37.179 0.0000000000
10101  -8.623  -84.844  -37.379 0.0000000000
10118  -7.967  -84.650  -38.503 0.0000000000
10119  -8.383  -84.835  -38.291 0.0000000000
10135  -7.730  -84.668  -39.045 0.0000000000
10136  -7.996  -84.872  -39.253 0.0000000000
10146  -7.507  -84.637  -39.881 0.0000000000
10147  -7.537  -84.809  -40.376 0.0000000000
10160  -5.968  -84.329  -41.716 0.0000000000
10161  -6.777  -84.878  -40.956 0.0000000000
10174  -5.323  -83.459  -42.622 0.0000000000
10183  -0.938  -83.357  -44.315 0.0000000000
10184  -1.365  -83.091  -43.906 0.0000000000
10185  -2.067  -82.389  -44.017 0.0000000000
10186  -2.879  -82.442  -43.934 0.0000000000
10187  -5.112  -82.778  -43.502 0.0000000000
10197  -1.107  -83.114  -45.062 0.0000000000
10198  -1.592  -82.667  -45.422 0.0000000000
10199  -2.128  -82.515  -45.194 0.0000000000
10200  -2.896  -82.360  -44.773 0.0000000000
10201  -5.057  -82.294  -45.321 0.0000000000
10202  -5.315  -82.161  -45.334 0.0000000000
10203  -5.193  -82.278  -44.380 0.0000000000
10218  -0.808  -83.473  -45.604 0.0000000000
10219  -1.144  -83.050  -46.256 0.0000000000
10220  -1.975  -82.771  -46.600 0.0000000000
10221  -3.269  -82.619  -46.759 0.0000000000
10222  -4.160  -82.018  -46.376 0.0000000000
10223  -4.542  -81.704  -46.374 0.0000000000
10224  -8.871  -83.740  -48.070 0.0000000000
10238  -0.761  -83.580  -46.205 0.0000000000
10239  -0.761  -83.489  -46.651 0.0000000000
10240  -2.333  -82.806  -48.210 0.0000000000
10241  -2.177  -81.558  -49.399 0.0000000000
10242  -7.102  -83.134  -49.690 0.0000000000
10243  -7.655  -83.005  -49.122 0.0000000000
10244  -8.658  -82.665  -48.247 0.0000000000
10254  -1.656  -82.417  -50.405 0.0000000000
10255  -1.864  -81.249  -50.722 0.0000000000
10256  -4.896  -82.202  -52.385 0.0000000000
10257  -6.373  -82.281  -50.733 0.0000000000
10258  -6.949  -81.654  -50.094 0.0000000000
10269  -1.559  -84.243  -52.415 0.0000000000
10270  -1.522  -83.737  -51.638 0.0000000000
10271  -3.582  -83.341  -53.600 0.0000000000
10272  -3.916  -82.778  -53.110 0.0000000000
10751  -1.560  -83.588  -11.944 0.0000000000
10752  -2.171  -83.030  -11.761 0.0000000000
10766  -1.090  -83.669  -12.687 0.0000000000
10767  -1.680  -82.919  -12.507 0.0000000000
10783  -0.835  -83.612  -13.935 0.0000000000
10784  -1.175  -82.867  -13.362 0.0000000000
10785  -2.036  -82.134  -13.151 0.0000000000
10805  -0.336  -83.912  -15.006 0.0000000000
10822  0.019  -83.588  -16.055 0.0000000000
10837  0.114  -83.514  -17.135 0.0000000000
10838  -0.203  -83.845  -17.999 0.0000000000
10839  -0.929  -84.037  -18.651 0.0000000000
10840  -1.957  -84.265  -19.071 0.0000000000
10847  -0.877  -83.197  -18.012 0.0000000000
10848  -0.553  -83.295  -18.966 0.0000000000
10849  -1.128  -83.693  -19.519 0.0000000000
10850  -2.635  -84.140  -19.646 0.0000000000
10851  -3.436  -84.423  -19.893 0.0000000000
10857  -0.686  -83.016  -19.954 0.0000000000
10858  -1.636  -83.486  -20.342 0.0000000000
10859  -2.653  -83.977  -20.479 0.0000000000
10860  -3.400  -84.401  -20.466 0.0000000000
10868  -1.159  -82.806  -20.605 0.0000000000
10869  -2.031  -83.233  -21.304 0.0000000000
10870  -2.766  -84.043  -21.056 0.0000000000
10871  -3.270  -84.352  -20.904 0.0000000000
10877  -2.577  -82.934  -22.044 0.0000000000
10878  -3.019  -82.629  -22.731 0.0000000000
10886  -3.589  -82.345  -23.200 0.0000000000
10887  -4.245  -82.519  -23.529 0.0000000000
10888  -5.337  -82.632  -24.274 0.0000000000
10889  -6.520  -82.215  -24.141 0.0000000000
10896  -5.748  -83.371  -24.575 0.0000000000
10897  -6.812  -82.857  -24.557 0.0000000000
10898  -8.004  -82.916  -24.786 0.0000000000
10909  -8.399  -82.930  -24.994 0.0000000000
10928  -0.162  -82.816  -26.072 0.0000000000
10929  -0.364  -82.621  -25.812 0.0000000000
10930  -1.476  -82.586  -25.661 0.0000000000
10931  -2.139  -82.602  -25.576 0.0000000000
10943  -0.086  -82.906  -26.525 0.0000000000
10944  -0.144  -82.652  -26.558 0.0000000000
10945  -0.912  -82.400  -26.502 0.0000000000
10946  -1.900  -82.207  -26.079 0.0000000000
10947  -2.995  -82.200  -26.009 0.0000000000
10948  -4.386  -82.503  -26.318 0.0000000000
10949  -5.925  -82.813  -26.226 0.0000000000
10950  -6.970  -82.903  -26.016 0.0000000000
10965  -0.088  -82.871  -27.055 0.0000000000
10966  -0.151  -82.594  -27.650 0.0000000000
10967  -1.020  -81.970  -27.097 0.0000000000
10968  -2.062  -81.715  -26.577 0.0000000000
10969  -3.221  -81.851  -26.375 0.0000000000
10970  -4.140  -82.050  -26.571 0.0000000000
10987  -0.190  -82.758  -29.197 0.0000000000
10988  -0.097  -82.478  -29.977 0.0000000000
11003  0.010  -83.055  -30.214 0.0000000000
11004  -0.992  -82.869  -30.998 0.0000000000
11005  -2.356  -83.225  -32.236 0.0000000000
11006  -3.878  -83.080  -32.437 0.0000000000
11007  -5.245  -83.046  -32.116 0.0000000000
11008  -6.446  -83.102  -31.909 0.0000000000
11009  -6.881  -82.751  -32.010 0.0000000000
11018  -3.376  -83.923  -32.517 0.0000000000
11019  -4.522  -83.983  -32.523 0.0000000000
11020  -5.825  -83.945  -32.342 0.0000000000
11021  -6.769  -83.963  -32.234 0.0000000000
11022  -7.275  -83.607  -32.333 0.0000000000
11023  -7.757  -83.792  -32.690 0.0000000000
11027  -8.081  -84.052  -33.006 0.0000000000
11030  -7.334  -83.844  -33.714 0.0000000000
11031  -7.949  -84.020  -33.592 0.0000000000
11032  -8.183  -84.418  -33.534 0.0000000000
11037  -4.768  -83.641  -35.089 0.0000000000
11038  -6.059  -84.033  -34.679 0.0000000000
11039  -7.214  -84.180  -34.572 0.0000000000
11040  -8.064  -84.451  -34.423 0.0000000000
11041  -8.364  -84.603  -34.048 0.0000000000
11047  -4.578  -83.764  -36.261 0.0000000000
11048  -5.737  -84.227  -35.700 0.0000000000
11049  -6.958  -84.358  -35.476 0.0000000000
11050  -7.829  -84.605  -35.269 0.0000000000
11060  -4.581  -83.687  -37.381 0.0000000000
11061  -5.573  -84.149  -36.866 0.0000000000
11062  -6.810  -84.387  -36.539 0.0000000000
11063  -7.732  -84.650  -36.201 0.0000000000
11074  -4.632  -83.640  -37.988 0.0000000000
11075  -5.330  -83.701  -38.050 0.0000000000
11076  -6.546  -84.190  -37.681 0.0000000000
11077  -7.940  -84.585  -37.369 0.0000000000
11078  -8.436  -84.700  -37.803 0.0000000000
11093  -4.830  -83.484  -39.144 0.0000000000
11094  -5.166  -83.519  -38.935 0.0000000000
11095  -6.058  -83.796  -38.737 0.0000000000
11096  -7.260  -84.332  -38.590 0.0000000000
11097  -8.126  -84.631  -38.110 0.0000000000
11105  -4.737  -83.498  -39.517 0.0000000000
11106  -5.380  -83.581  -39.605 0.0000000000
11107  -6.182  -83.881  -39.611 0.0000000000
11108  -6.884  -84.394  -39.701 0.0000000000
11117  -4.563  -83.461  -40.313 0.0000000000
11118  -5.142  -83.537  -40.613 0.0000000000
11119  -5.943  -83.965  -40.525 0.0000000000
11120  -6.464  -84.616  -40.584 0.0000000000
11121  -6.544  -84.840  -40.924 0.0000000000
11130  -5.234  -83.504  -41.250 0.0000000000
11131  -5.606  -83.776  -41.456 0.0000000000
11132  -5.924  -84.364  -41.470 0.0000000000
11133  -6.261  -84.780  -41.232 0.0000000000
11137  -5.538  -83.572  -42.091 0.0000000000
11138  -5.457  -83.561  -42.430 0.0000000000
11142  -1.290  -83.025  -44.206 0.0000000000
11143  -1.571  -82.739  -44.273 0.0000000000
11144  -1.811  -82.449  -44.596 0.0000000000
11145  -5.209  -82.988  -43.272 0.0000000000
11149  -1.279  -82.958  -44.480 0.0000000000
11150  -1.521  -82.689  -44.757 0.0000000000
11151  -1.755  -82.466  -44.951 0.0000000000
11152  -5.182  -81.648  -45.400 0.0000000000
11153  -5.279  -82.413  -44.131 0.0000000000
11161  -2.752  -80.944  -48.646 0.0000000000
11162  -3.166  -80.583  -48.002 0.0000000000
11163  -3.634  -80.669  -47.220 0.0000000000
11173  -2.451  -80.638  -50.587 0.0000000000
11174  -3.037  -79.816  -50.041 0.0000000000
11175  -2.956  -79.711  -48.970 0.0000000000
11176  -7.803  -81.579  -49.358 0.0000000000
11177  -8.642  -81.845  -48.671 0.0000000000
11186  -1.748  -82.411  -51.995 0.0000000000
11187  -2.349  -81.472  -51.838 0.0000000000
11188  -4.133  -80.383  -51.840 0.0000000000
11189  -5.986  -80.582  -51.047 0.0000000000
11190  -6.852  -80.762  -50.285 0.0000000000
11200  -2.520  -82.935  -53.047 0.0000000000
11201  -3.452  -81.819  -52.624 0.0000000000
11739  -1.091  -82.820  -14.091 0.0000000000
11740  -1.423  -82.180  -14.016 0.0000000000
11741  -2.385  -81.431  -13.810 0.0000000000
11761  -1.084  -82.616  -15.210 0.0000000000
11762  -1.900  -81.497  -14.671 0.0000000000
11763  -2.811  -80.831  -14.307 0.0000000000
11781  -0.383  -82.243  -16.606 0.0000000000
11782  -0.765  -81.660  -16.936 0.0000000000
11801  -0.283  -82.387  -17.650 0.0000000000
11802  -0.467  -81.824  -17.275 0.0000000000
11815  -0.692  -82.465  -18.485 0.0000000000
11816  -0.859  -82.379  -19.365 0.0000000000
11827  -0.848  -82.269  -20.203 0.0000000000
11837  -1.396  -82.158  -20.932 0.0000000000
11838  -2.278  -81.844  -21.828 0.0000000000
11839  -2.842  -81.291  -22.128 0.0000000000
11846  -2.677  -82.188  -22.392 0.0000000000
11847  -2.926  -81.604  -22.628 0.0000000000
11848  -3.473  -81.173  -22.905 0.0000000000
11849  -4.230  -81.027  -22.845 0.0000000000
11859  -3.301  -81.737  -23.141 0.0000000000
11860  -3.887  -81.574  -23.327 0.0000000000
11861  -4.986  -81.454  -23.367 0.0000000000
11862  -6.239  -81.685  -23.575 0.0000000000
11874  -7.184  -81.956  -23.857 0.0000000000
11875  -8.077  -82.354  -24.299 0.0000000000
11886  -8.730  -82.582  -24.757 0.0000000000
11887  -8.655  -82.781  -25.367 0.0000000000
11919  -5.196  -82.149  -26.326 0.0000000000
11920  -6.894  -82.466  -26.022 0.0000000000
11921  -8.078  -82.771  -25.853 0.0000000000
11922  -8.810  -82.580  -25.692 0.0000000000
11939  -0.249  -81.987  -28.451 0.0000000000
11940  -1.086  -81.436  -27.719 0.0000000000
11941  -2.103  -81.443  -26.978 0.0000000000
11942  -3.500  -81.821  -26.430 0.0000000000
11943  -4.368  -81.968  -26.577 0.0000000000
11958  -0.195  -82.194  -29.357 0.0000000000
11959  -0.642  -81.577  -29.668 0.0000000000
11960  -1.287  -80.992  -28.137 0.0000000000
11973  -1.680  -81.853  -31.734 0.0000000000
11974  -3.097  -82.220  -32.430 0.0000000000
11975  -4.443  -82.076  -32.095 0.0000000000
11976  -5.763  -82.136  -31.787 0.0000000000
11977  -6.617  -82.105  -31.769 0.0000000000
11978  -6.989  -82.092  -31.931 0.0000000000
11986  -2.144  -81.300  -32.047 0.0000000000
11987  -2.712  -81.495  -32.290 0.0000000000
11988  -3.546  -81.614  -32.226 0.0000000000
11989  -7.035  -82.787  -32.350 0.0000000000
11990  -7.388  -83.459  -32.572 0.0000000000
11996  -6.963  -82.433  -32.513 0.0000000000
11997  -7.511  -83.364  -32.789 0.0000000000
12003  -5.836  -83.179  -33.515 0.0000000000
12004  -6.336  -83.194  -33.373 0.0000000000
12005  -7.156  -82.879  -32.895 0.0000000000
12006  -7.893  -83.764  -33.124 0.0000000000
12016  -2.602  -82.736  -34.774 0.0000000000
12017  -3.550  -82.877  -34.614 0.0000000000
12018  -5.466  -83.230  -34.025 0.0000000000
12019  -6.492  -83.753  -33.983 0.0000000000
12028  -0.534  -81.900  -35.922 0.0000000000
12029  -1.086  -82.148  -35.903 0.0000000000
12030  -2.100  -82.783  -35.460 0.0000000000
12031  -3.371  -83.345  -35.832 0.0000000000
12040  -0.134  -81.735  -36.851 0.0000000000
12041  -0.337  -81.942  -36.602 0.0000000000
12042  -0.953  -82.534  -36.781 0.0000000000
12043  -2.051  -83.122  -36.924 0.0000000000
12044  -3.426  -83.499  -37.128 0.0000000000
12055  -0.105  -81.689  -37.332 0.0000000000
12056  -0.113  -81.989  -37.768 0.0000000000
12057  -0.778  -82.392  -38.305 0.0000000000
12058  -2.221  -83.305  -38.343 0.0000000000
12059  -3.834  -83.554  -38.234 0.0000000000
12060  -4.666  -83.579  -38.363 0.0000000000
12073  -0.096  -81.651  -37.868 0.0000000000
12074  -0.041  -81.723  -38.098 0.0000000000
12075  -1.243  -82.409  -39.898 0.0000000000
12076  -2.843  -83.368  -39.508 0.0000000000
12077  -4.390  -83.517  -39.048 0.0000000000
12078  -4.946  -83.547  -38.582 0.0000000000
12089  -1.398  -81.327  -41.487 0.0000000000
12090  -2.408  -82.562  -40.925 0.0000000000
12091  -3.726  -83.371  -40.191 0.0000000000
12100  -1.530  -80.650  -42.296 0.0000000000
12101  -2.203  -81.352  -42.535 0.0000000000
12102  -3.750  -82.863  -41.540 0.0000000000
12103  -4.777  -83.132  -41.406 0.0000000000
12111  -2.447  -80.923  -43.415 0.0000000000
12112  -2.957  -81.560  -43.482 0.0000000000
12113  -4.658  -82.791  -42.309 0.0000000000
12114  -5.349  -83.155  -42.173 0.0000000000
12118  -2.968  -81.138  -44.385 0.0000000000
12119  -3.803  -81.667  -44.209 0.0000000000
12120  -5.113  -82.723  -43.037 0.0000000000
12121  -5.333  -82.935  -43.056 0.0000000000
12125  -4.282  -81.255  -44.963 0.0000000000
12126  -4.783  -81.771  -44.457 0.0000000000
12127  -5.114  -82.338  -43.911 0.0000000000
12129  -4.993  -81.325  -45.334 0.0000000000
12130  -5.489  -81.922  -44.665 0.0000000000
12138  -3.556  -80.330  -47.141 0.0000000000
12148  -3.409  -79.005  -50.131 0.0000000000
12149  -3.103  -79.405  -48.836 0.0000000000
12150  -7.104  -80.293  -49.853 0.0000000000
12151  -8.515  -80.711  -49.252 0.0000000000
12160  -4.233  -79.337  -50.712 0.0000000000
12161  -5.148  -79.613  -51.085 0.0000000000
12162  -6.185  -79.956  -50.589 0.0000000000
12758  -0.788  -81.721  -16.191 0.0000000000
12759  -1.354  -81.267  -15.574 0.0000000000
12760  -2.365  -80.584  -14.973 0.0000000000
12761  -3.150  -80.360  -14.623 0.0000000000
12779  -0.574  -81.600  -16.486 0.0000000000
12780  -0.717  -81.153  -16.519 0.0000000000
12781  -2.032  -80.293  -15.838 0.0000000000
12782  -3.469  -79.725  -15.083 0.0000000000
12804  -0.706  -81.752  -17.721 0.0000000000
12805  -0.726  -81.298  -17.594 0.0000000000
12806  -0.694  -80.913  -18.121 0.0000000000
12819  -0.851  -81.841  -18.047 0.0000000000
12820  -0.850  -81.543  -18.607 0.0000000000
12821  -1.042  -80.712  -18.765 0.0000000000
12822  -1.906  -80.220  -18.944 0.0000000000
12833  -0.882  -81.540  -19.571 0.0000000000
12834  -1.451  -80.889  -19.700 0.0000000000
12835  -2.572  -80.234  -19.689 0.0000000000
12836  -3.677  -80.060  -19.769 0.0000000000
12846  -1.153  -81.609  -20.274 0.0000000000
12847  -1.885  -81.180  -20.714 0.0000000000
12848  -3.040  -80.790  -21.231 0.0000000000
12849  -4.449  -80.122  -20.405 0.0000000000
12850  -5.124  -79.674  -20.218 0.0000000000
12861  -3.170  -81.050  -22.351 0.0000000000
12862  -3.880  -80.740  -22.084 0.0000000000
12863  -5.423  -80.504  -21.752 0.0000000000
12864  -6.272  -80.347  -21.994 0.0000000000
12877  -5.968  -81.225  -22.804 0.0000000000
12878  -6.685  -81.002  -22.904 0.0000000000
12893  -7.761  -81.530  -23.850 0.0000000000
12894  -8.586  -81.899  -24.436 0.0000000000
12906  -9.088  -82.073  -25.007 0.0000000000
12907  -9.163  -82.308  -25.455 0.0000000000
12918  -9.157  -81.887  -25.306 0.0000000000
12929  -7.486  -81.470  -25.570 0.0000000000
12930  -8.087  -81.679  -25.620 0.0000000000
12931  -8.862  -82.090  -25.638 0.0000000000
12940  -3.868  -81.832  -26.279 0.0000000000
12941  -4.817  -81.819  -26.251 0.0000000000
12942  -6.710  -81.817  -25.887 0.0000000000
12943  -8.003  -82.234  -25.815 0.0000000000
12944  -8.611  -82.451  -25.832 0.0000000000
12952  -1.273  -80.851  -28.252 0.0000000000
12953  -1.897  -81.178  -27.588 0.0000000000
12954  -3.149  -81.707  -26.552 0.0000000000
12955  -4.141  -81.908  -26.497 0.0000000000
12964  -0.550  -80.486  -29.737 0.0000000000
12965  -0.928  -80.920  -29.006 0.0000000000
12966  -1.664  -81.126  -27.913 0.0000000000
12974  -0.746  -80.487  -30.374 0.0000000000
12975  -0.923  -81.061  -30.763 0.0000000000
12976  -4.031  -81.146  -32.089 0.0000000000
12977  -5.058  -81.130  -32.005 0.0000000000
12978  -6.187  -81.185  -31.714 0.0000000000
12979  -6.865  -81.295  -31.809 0.0000000000
12990  -1.180  -80.513  -31.182 0.0000000000
12991  -1.707  -80.894  -31.731 0.0000000000
12992  -2.557  -80.928  -32.121 0.0000000000
12993  -3.289  -81.068  -32.215 0.0000000000
12994  -7.084  -81.557  -32.053 0.0000000000
13005  -7.069  -81.354  -32.467 0.0000000000
13016  -5.727  -82.745  -33.435 0.0000000000
13017  -6.505  -81.781  -33.137 0.0000000000
13018  -6.934  -81.390  -32.735 0.0000000000
13029  -0.486  -81.432  -35.116 0.0000000000
13030  -1.204  -81.671  -34.753 0.0000000000
13031  -2.321  -82.198  -34.510 0.0000000000
13032  -3.506  -82.051  -34.050 0.0000000000
13033  -4.772  -82.170  -33.796 0.0000000000
13034  -5.758  -81.645  -33.505 0.0000000000
13042  -0.079  -81.338  -36.493 0.0000000000
13043  -0.234  -81.553  -35.925 0.0000000000
13044  -0.730  -81.884  -35.392 0.0000000000
13045  -1.423  -82.248  -35.119 0.0000000000
13056  -0.105  -81.411  -37.026 0.0000000000
13057  -0.118  -81.653  -36.542 0.0000000000
13070  -0.110  -81.379  -37.473 0.0000000000
13071  0.015  -81.965  -38.582 0.0000000000
13072  -0.091  -82.048  -38.784 0.0000000000
13088  -0.080  -81.374  -37.852 0.0000000000
13089  0.117  -81.415  -38.543 0.0000000000
13090  -0.138  -81.700  -39.302 0.0000000000
13105  -0.187  -80.653  -39.882 0.0000000000
13106  -0.510  -80.916  -40.752 0.0000000000
13123  -0.782  -79.734  -41.269 0.0000000000
13124  -1.088  -79.974  -42.200 0.0000000000
13125  -1.590  -80.235  -42.912 0.0000000000
13142  -1.801  -78.592  -42.814 0.0000000000
13143  -1.718  -79.225  -43.476 0.0000000000
13144  -1.980  -80.197  -43.760 0.0000000000
13145  -2.450  -80.721  -43.888 0.0000000000
13159  -2.056  -78.280  -43.559 0.0000000000
13160  -2.309  -78.038  -44.224 0.0000000000
13161  -2.206  -78.947  -44.802 0.0000000000
13162  -2.492  -80.307  -44.737 0.0000000000
13163  -3.025  -80.901  -44.802 0.0000000000
13176  -2.862  -77.309  -45.414 0.0000000000
13177  -2.516  -77.851  -45.853 0.0000000000
13178  -2.451  -78.628  -46.397 0.0000000000
13179  -3.266  -80.330  -45.675 0.0000000000
13180  -4.576  -80.907  -45.387 0.0000000000
13184  -2.508  -78.185  -47.408 0.0000000000
13185  -2.722  -78.654  -47.544 0.0000000000
13186  -3.335  -80.165  -46.768 0.0000000000
13191  -2.549  -78.333  -48.347 0.0000000000
13192  -2.802  -78.854  -48.591 0.0000000000
13204  -4.157  -78.816  -50.623 0.0000000000
13205  -4.341  -78.722  -49.850 0.0000000000
13206  -6.856  -79.091  -49.637 0.0000000000
13207  -9.298  -79.560  -48.828 0.0000000000
13220  -4.703  -78.960  -50.819 0.0000000000
13221  -5.536  -79.283  -50.529 0.0000000000
13222  -6.396  -79.632  -50.156 0.0000000000
13880  -1.061  -80.868  -17.318 0.0000000000
13881  -1.810  -80.317  -16.846 0.0000000000
13882  -3.074  -79.220  -16.214 0.0000000000
13883  -4.516  -78.779  -15.690 0.0000000000
13884  -5.168  -78.434  -15.959 0.0000000000
13903  -0.769  -80.883  -17.763 0.0000000000
13904  -1.273  -80.456  -17.804 0.0000000000
13905  -2.467  -79.631  -17.352 0.0000000000
13918  -1.874  -80.061  -18.239 0.0000000000
13919  -3.043  -79.414  -18.210 0.0000000000
13920  -3.979  -78.870  -18.269 0.0000000000
13932  -3.584  -79.580  -18.923 0.0000000000
13933  -4.440  -79.099  -18.937 0.0000000000
13934  -4.888  -78.443  -19.002 0.0000000000
13943  -4.868  -79.250  -19.521 0.0000000000
13944  -5.122  -78.751  -19.511 0.0000000000
13954  -5.511  -79.343  -20.326 0.0000000000
13955  -6.064  -79.769  -21.230 0.0000000000
13969  -6.639  -80.046  -22.200 0.0000000000
13988  -7.295  -80.676  -23.293 0.0000000000
13989  -8.070  -81.166  -24.054 0.0000000000
14007  -8.679  -81.437  -24.625 0.0000000000
14018  -0.796  -80.415  -25.625 0.0000000000
14019  -1.599  -80.704  -25.161 0.0000000000
14020  -2.363  -81.029  -24.767 0.0000000000
14021  -8.970  -81.520  -25.042 0.0000000000
14029  -0.567  -80.417  -26.140 0.0000000000
14030  -1.142  -80.696  -26.279 0.0000000000
14031  -2.590  -81.416  -25.429 0.0000000000
14032  -4.203  -81.513  -25.472 0.0000000000
14033  -5.551  -81.287  -25.458 0.0000000000
14034  -6.841  -81.219  -25.448 0.0000000000
14035  -7.950  -81.172  -25.367 0.0000000000
14036  -8.759  -81.448  -25.319 0.0000000000
14042  -1.146  -80.662  -26.967 0.0000000000
14043  -1.788  -80.998  -26.791 0.0000000000
14044  -3.120  -81.823  -26.182 0.0000000000
14045  -4.606  -81.669  -25.949 0.0000000000
14046  -5.764  -81.560  -25.826 0.0000000000
14053  -0.549  -80.148  -29.252 0.0000000000
14054  -0.630  -80.535  -28.624 0.0000000000
14055  -1.441  -80.888  -27.660 0.0000000000
14056  -2.196  -81.480  -26.872 0.0000000000
14066  -0.541  -80.023  -29.901 0.0000000000
14067  -0.489  -80.413  -29.357 0.0000000000
14077  -1.133  -79.898  -30.994 0.0000000000
14078  -1.976  -79.749  -31.629 0.0000000000
14079  -2.904  -79.801  -31.995 0.0000000000
14080  -4.074  -80.201  -32.033 0.0000000000
14081  -5.518  -80.184  -31.698 0.0000000000
14082  -6.465  -80.191  -31.694 0.0000000000
14083  -7.030  -80.680  -31.849 0.0000000000
14092  -1.680  -80.274  -31.533 0.0000000000
14093  -2.332  -80.349  -31.914 0.0000000000
14094  -3.136  -80.484  -32.175 0.0000000000
14095  -3.635  -80.719  -32.144 0.0000000000
14096  -6.762  -79.958  -31.892 0.0000000000
14097  -7.127  -80.468  -32.089 0.0000000000
14107  -6.945  -80.077  -32.589 0.0000000000
14108  -7.096  -80.426  -32.472 0.0000000000
14119  -6.838  -80.484  -32.917 0.0000000000
14120  -7.096  -80.851  -32.675 0.0000000000
14136  -0.716  -80.889  -34.487 0.0000000000
14137  -1.634  -81.270  -33.989 0.0000000000
14138  -2.845  -81.402  -33.667 0.0000000000
14139  -4.236  -81.159  -33.743 0.0000000000
14140  -5.355  -80.902  -33.621 0.0000000000
14141  -6.165  -80.656  -33.396 0.0000000000
14157  -0.177  -81.006  -36.237 0.0000000000
14158  -0.378  -80.734  -35.541 0.0000000000
14173  -0.222  -80.819  -36.946 0.0000000000
14174  -0.497  -80.234  -36.563 0.0000000000
14175  -4.180  -78.404  -37.972 0.0000000000
14191  -0.165  -80.913  -37.726 0.0000000000
14192  -0.606  -79.807  -37.775 0.0000000000
14193  -1.667  -78.819  -38.379 0.0000000000
14194  -3.114  -78.423  -38.362 0.0000000000
14195  -4.752  -78.762  -38.202 0.0000000000
14206  0.210  -81.000  -38.272 0.0000000000
14207  -0.164  -80.430  -38.834 0.0000000000
14208  -1.121  -79.388  -39.091 0.0000000000
14209  -2.331  -78.643  -39.136 0.0000000000
14210  -3.841  -78.603  -38.945 0.0000000000
14217  -0.769  -79.654  -40.197 0.0000000000
14218  -1.626  -78.680  -40.354 0.0000000000
14219  -2.918  -78.481  -40.025 0.0000000000
14220  -4.322  -78.711  -39.637 0.0000000000
14231  -1.343  -78.841  -41.399 0.0000000000
14232  -1.943  -78.400  -41.400 0.0000000000
14233  -3.497  -78.448  -40.584 0.0000000000
14270  -3.341  -77.218  -46.830 0.0000000000
14271  -2.506  -77.723  -46.769 0.0000000000
14272  -4.245  -77.334  -44.408 0.0000000000
14283  -2.573  -77.831  -47.365 0.0000000000
14284  -2.536  -78.048  -47.764 0.0000000000
14285  -5.373  -77.190  -45.441 0.0000000000
14286  -5.688  -77.378  -45.029 0.0000000000
14295  -3.152  -77.874  -48.123 0.0000000000
14296  -3.742  -78.019  -49.061 0.0000000000
14312  -5.240  -77.639  -48.597 0.0000000000
14986  -4.057  -78.451  -16.288 0.0000000000
14987  -4.774  -78.193  -16.305 0.0000000000
14988  -5.497  -78.180  -16.205 0.0000000000
15006  -3.825  -78.508  -16.916 0.0000000000
15007  -4.327  -78.205  -16.534 0.0000000000
15019  -4.157  -78.393  -17.556 0.0000000000
15020  -4.568  -78.107  -18.008 0.0000000000
15032  -4.938  -77.853  -18.405 0.0000000000
15033  -5.088  -77.728  -18.820 0.0000000000
15044  -5.319  -78.218  -19.463 0.0000000000
15055  -5.675  -78.844  -20.350 0.0000000000
15056  -6.243  -79.269  -21.302 0.0000000000
15070  -6.637  -79.505  -21.968 0.0000000000
15087  -0.976  -79.689  -22.773 0.0000000000
15088  -1.191  -79.797  -22.717 0.0000000000
15089  -6.984  -79.857  -22.706 0.0000000000
15090  -7.544  -80.511  -23.623 0.0000000000
15107  -0.946  -79.801  -23.172 0.0000000000
15108  -1.702  -80.251  -23.104 0.0000000000
15109  -2.893  -80.809  -23.292 0.0000000000
15110  -3.812  -81.039  -23.453 0.0000000000
15111  -7.283  -80.110  -23.498 0.0000000000
15112  -7.990  -80.815  -24.206 0.0000000000
15121  -0.718  -80.256  -24.463 0.0000000000
15122  -2.070  -80.717  -24.203 0.0000000000
15123  -3.174  -81.192  -24.256 0.0000000000
15124  -4.493  -80.990  -24.090 0.0000000000
15125  -5.740  -80.502  -24.324 0.0000000000
15126  -6.805  -80.257  -24.406 0.0000000000
15127  -7.571  -80.453  -24.271 0.0000000000
15128  -8.470  -81.087  -24.778 0.0000000000
15135  -0.505  -79.868  -26.046 0.0000000000
15136  -0.569  -80.235  -26.625 0.0000000000
15137  -3.941  -81.380  -24.822 0.0000000000
15138  -5.127  -81.097  -24.884 0.0000000000
15139  -6.356  -80.758  -24.979 0.0000000000
15140  -7.442  -80.678  -24.992 0.0000000000
15141  -8.296  -80.975  -24.999 0.0000000000
15142  -8.776  -81.214  -25.064 0.0000000000
15149  -0.586  -79.499  -27.325 0.0000000000
15150  -0.680  -80.325  -27.344 0.0000000000
15151  -1.110  -80.626  -27.321 0.0000000000
15157  -0.533  -79.550  -28.822 0.0000000000
15158  -0.735  -80.568  -27.879 0.0000000000
15159  -1.280  -80.759  -27.448 0.0000000000
15166  -0.802  -79.255  -30.363 0.0000000000
15167  -3.961  -78.546  -31.261 0.0000000000
15168  -5.136  -78.468  -30.984 0.0000000000
15169  -5.910  -78.345  -30.875 0.0000000000
15170  -6.140  -78.185  -30.917 0.0000000000
15181  -1.440  -79.117  -31.253 0.0000000000
15182  -2.453  -79.154  -31.595 0.0000000000
15183  -3.502  -79.205  -31.772 0.0000000000
15184  -4.722  -79.226  -31.641 0.0000000000
15185  -5.810  -79.209  -31.327 0.0000000000
15186  -6.235  -78.893  -31.467 0.0000000000
15194  -6.660  -79.487  -31.995 0.0000000000
15195  -7.052  -80.066  -32.212 0.0000000000
15209  -6.603  -79.572  -32.556 0.0000000000
15210  -6.964  -79.913  -32.359 0.0000000000
15226  -4.463  -79.741  -33.072 0.0000000000
15227  -5.336  -79.516  -33.134 0.0000000000
15228  -6.200  -79.620  -33.125 0.0000000000
15243  -0.926  -80.175  -34.338 0.0000000000
15244  -1.168  -80.370  -33.806 0.0000000000
15245  -2.158  -80.566  -33.347 0.0000000000
15246  -3.572  -80.432  -33.183 0.0000000000
15247  -4.904  -80.253  -33.458 0.0000000000
15248  -5.711  -80.093  -33.504 0.0000000000
15259  -0.772  -79.942  -35.004 0.0000000000
15272  -0.620  -79.563  -36.030 0.0000000000
15273  -1.860  -78.283  -37.555 0.0000000000
15274  -2.828  -78.193  -37.839 0.0000000000
15275  -4.596  -78.208  -37.664 0.0000000000
15291  -0.791  -79.217  -36.982 0.0000000000
15292  -1.373  -78.662  -37.690 0.0000000000
15293  -2.230  -78.548  -38.048 0.0000000000
15312  -2.365  -78.333  -40.934 0.0000000000
15313  -2.848  -78.328  -40.733 0.0000000000
15398  -5.197  -77.005  -46.453 0.0000000000
16135  -4.872  -77.987  -16.479 0.0000000000
16136  -5.115  -77.948  -16.454 0.0000000000
16155  -4.317  -78.140  -16.867 0.0000000000
16156  -4.671  -77.962  -16.693 0.0000000000
16157  -5.616  -77.768  -16.605 0.0000000000
16172  -4.429  -78.077  -17.077 0.0000000000
16173  -4.906  -77.735  -17.233 0.0000000000
16174  -6.007  -77.370  -17.140 0.0000000000
16186  -5.227  -77.506  -17.744 0.0000000000
16187  -5.940  -77.120  -17.840 0.0000000000
16196  -5.515  -77.077  -18.420 0.0000000000
16203  -5.361  -77.962  -19.429 0.0000000000
16204  -5.728  -78.599  -20.509 0.0000000000
16215  -1.290  -78.659  -20.992 0.0000000000
16216  -2.276  -79.089  -20.809 0.0000000000
16217  -2.903  -79.141  -20.791 0.0000000000
16218  -6.392  -79.069  -21.622 0.0000000000
16233  -0.980  -79.193  -22.453 0.0000000000
16234  -1.879  -79.627  -22.100 0.0000000000
16235  -3.140  -79.560  -21.546 0.0000000000
16236  -4.520  -79.140  -22.051 0.0000000000
16237  -5.174  -78.814  -22.261 0.0000000000
16238  -6.330  -79.003  -22.420 0.0000000000
16239  -6.704  -79.376  -22.547 0.0000000000
16255  -0.509  -79.142  -23.701 0.0000000000
16256  -2.062  -80.039  -22.600 0.0000000000
16257  -2.613  -80.242  -22.493 0.0000000000
16258  -3.965  -80.280  -22.810 0.0000000000
16259  -5.381  -79.301  -22.814 0.0000000000
16260  -6.343  -79.272  -23.138 0.0000000000
16261  -6.899  -79.659  -23.301 0.0000000000
16278  -0.605  -78.810  -25.308 0.0000000000
16279  -0.257  -77.915  -26.277 0.0000000000
16280  -4.318  -80.819  -23.412 0.0000000000
16281  -5.041  -80.261  -23.573 0.0000000000
16282  -6.111  -79.904  -23.692 0.0000000000
16283  -6.870  -79.858  -23.775 0.0000000000
16288  -0.570  -78.538  -26.830 0.0000000000
16289  -0.384  -77.571  -26.843 0.0000000000
16294  -0.404  -78.425  -28.128 0.0000000000
16301  -0.578  -78.235  -29.044 0.0000000000
16302  -1.222  -77.846  -29.607 0.0000000000
16303  -2.356  -77.644  -29.802 0.0000000000
16304  -3.762  -77.563  -29.767 0.0000000000
16305  -4.856  -77.510  -29.721 0.0000000000
16313  -0.842  -78.558  -29.918 0.0000000000
16314  -1.705  -78.188  -30.379 0.0000000000
16315  -3.018  -78.173  -30.616 0.0000000000
16316  -4.427  -78.036  -30.378 0.0000000000
16317  -5.455  -77.777  -30.274 0.0000000000
16318  -5.942  -77.748  -30.548 0.0000000000
16328  -1.231  -78.666  -30.721 0.0000000000
16329  -2.089  -78.657  -31.032 0.0000000000
16330  -2.971  -78.671  -31.384 0.0000000000
16331  -6.129  -77.950  -30.826 0.0000000000
16340  -6.146  -78.330  -31.342 0.0000000000
16353  -5.705  -78.249  -32.220 0.0000000000
16354  -6.043  -78.471  -32.064 0.0000000000
16364  -1.157  -78.745  -33.374 0.0000000000
16365  -1.681  -78.987  -32.639 0.0000000000
16366  -2.864  -79.096  -32.307 0.0000000000
16367  -4.399  -79.049  -32.385 0.0000000000
16368  -5.620  -78.694  -32.540 0.0000000000
16369  -6.193  -79.038  -32.656 0.0000000000
16376  -1.015  -79.150  -34.341 0.0000000000
16377  -1.513  -79.684  -33.234 0.0000000000
16378  -2.529  -79.820  -32.771 0.0000000000
16379  -3.586  -79.711  -32.608 0.0000000000
16385  -0.835  -78.785  -35.602 0.0000000000
16393  -0.956  -78.440  -36.699 0.0000000000
16394  -2.029  -77.857  -37.400 0.0000000000
16395  -3.608  -77.655  -37.570 0.0000000000
16406  -1.008  -78.644  -37.181 0.0000000000
16407  -1.353  -78.341  -37.318 0.0000000000
17254  -6.487  -76.576  -17.803 0.0000000000
17261  -1.930  -76.704  -18.708 0.0000000000
17262  -2.286  -76.794  -18.600 0.0000000000
17263  -6.424  -76.295  -17.996 0.0000000000
17269  -0.774  -77.142  -19.124 0.0000000000
17270  -1.411  -77.121  -18.941 0.0000000000
17271  -2.740  -77.483  -18.935 0.0000000000
17272  -3.765  -77.730  -19.021 0.0000000000
17273  -4.688  -77.603  -18.880 0.0000000000
17274  -5.506  -77.250  -18.621 0.0000000000
17275  -5.418  -78.142  -19.791 0.0000000000
17283  -0.835  -77.391  -19.806 0.0000000000
17284  -1.793  -78.206  -19.817 0.0000000000
17285  -3.098  -78.565  -20.088 0.0000000000
17286  -4.333  -78.216  -20.075 0.0000000000
17287  -5.201  -78.085  -20.101 0.0000000000
17288  -5.591  -78.309  -20.193 0.0000000000
17289  -5.819  -78.555  -20.733 0.0000000000
17307  -0.610  -77.945  -21.315 0.0000000000
17308  -3.226  -79.067  -20.849 0.0000000000
17309  -3.935  -78.779  -21.067 0.0000000000
17310  -5.096  -78.575  -21.510 0.0000000000
17311  -5.742  -78.555  -21.394 0.0000000000
17312  -6.132  -78.767  -21.517 0.0000000000
17327  -0.641  -78.053  -22.851 0.0000000000
17328  -5.433  -78.751  -22.311 0.0000000000
17329  -5.801  -78.773  -22.344 0.0000000000
17348  -0.108  -77.831  -24.238 0.0000000000
17349  -0.467  -77.281  -25.795 0.0000000000
17357  -0.539  -77.655  -27.744 0.0000000000
17358  -1.363  -76.722  -27.309 0.0000000000
17359  -2.589  -76.263  -27.769 0.0000000000
17367  -0.392  -77.718  -28.541 0.0000000000
17368  -1.018  -77.305  -28.386 0.0000000000
17369  -2.343  -76.657  -28.383 0.0000000000
17370  -3.630  -76.424  -28.664 0.0000000000
17378  -0.792  -77.596  -28.986 0.0000000000
17379  -1.680  -77.284  -29.092 0.0000000000
17380  -3.016  -76.959  -29.212 0.0000000000
17381  -4.503  -76.805  -29.191 0.0000000000
17382  -5.566  -77.076  -29.472 0.0000000000
17383  -6.010  -76.934  -29.640 0.0000000000
17390  -6.016  -77.396  -29.917 0.0000000000
17391  -6.093  -77.247  -30.152 0.0000000000
17401  -6.048  -77.470  -30.657 0.0000000000
17410  -5.442  -77.491  -31.336 0.0000000000
17411  -5.805  -77.589  -31.260 0.0000000000
17419  -0.949  -77.407  -32.623 0.0000000000
17420  -1.219  -77.475  -32.322 0.0000000000
17421  -2.231  -77.652  -31.795 0.0000000000
17422  -3.559  -77.784  -31.499 0.0000000000
17423  -5.190  -77.826  -31.715 0.0000000000
17424  -5.773  -77.907  -31.742 0.0000000000
17431  -1.079  -77.857  -32.916 0.0000000000
17432  -1.984  -78.266  -32.247 0.0000000000
17433  -3.172  -78.487  -31.783 0.0000000000
17434  -4.306  -78.431  -31.714 0.0000000000
17435  -5.003  -78.417  -32.198 0.0000000000
17442  -0.973  -77.906  -34.110 0.0000000000
17449  -0.825  -77.510  -35.540 0.0000000000
17450  -1.884  -76.570  -36.714 0.0000000000
17451  -3.535  -76.176  -37.096 0.0000000000
17461  -0.873  -78.043  -36.142 0.0000000000
17462  -1.407  -77.498  -36.736 0.0000000000
17463  -2.748  -77.044  -37.302 0.0000000000
17464  -4.351  -76.901  -37.358 0.0000000000
18317  -0.950  -75.978  -18.663 0.0000000000
18318  -1.957  -76.208  -18.521 0.0000000000
18319  -3.320  -76.306  -18.125 0.0000000000
18320  -4.710  -75.846  -18.035 0.0000000000
18321  -5.773  -75.666  -18.346 0.0000000000
18322  -6.688  -75.755  -18.204 0.0000000000
18334  -0.654  -76.761  -18.966 0.0000000000
18335  -1.054  -76.612  -18.664 0.0000000000
18336  -3.521  -77.143  -18.535 0.0000000000
18337  -4.203  -76.915  -18.398 0.0000000000
18338  -5.128  -76.645  -18.319 0.0000000000
18339  -5.773  -76.348  -18.240 0.0000000000
18350  -0.378  -76.569  -19.457 0.0000000000
18373  -0.379  -76.759  -20.446 0.0000000000
18387  -0.473  -76.723  -22.042 0.0000000000
18388  -0.350  -76.123  -23.163 0.0000000000
18408  -0.249  -77.048  -23.356 0.0000000000
18409  -0.305  -76.290  -24.458 0.0000000000
18418  -1.549  -75.816  -26.089 0.0000000000
18419  -3.074  -75.542  -27.403 0.0000000000
18420  -4.415  -75.068  -27.632 0.0000000000
18428  -3.303  -76.056  -28.165 0.0000000000
18429  -4.695  -75.771  -28.451 0.0000000000
18430  -5.467  -75.690  -28.736 0.0000000000
18438  -5.259  -76.500  -29.040 0.0000000000
18439  -5.698  -76.291  -29.158 0.0000000000
18440  -6.079  -76.580  -29.653 0.0000000000
18447  -6.092  -76.746  -30.101 0.0000000000
18454  -5.558  -76.510  -30.468 0.0000000000
18455  -5.934  -76.915  -30.543 0.0000000000
18461  -2.946  -76.432  -30.930 0.0000000000
18462  -4.165  -76.676  -30.803 0.0000000000
18463  -5.233  -77.038  -31.022 0.0000000000
18464  -5.732  -76.998  -30.827 0.0000000000
18472  -0.989  -76.871  -32.801 0.0000000000
18473  -1.309  -76.860  -31.854 0.0000000000
18474  -2.606  -76.993  -31.435 0.0000000000
18475  -3.890  -77.163  -31.221 0.0000000000
18476  -4.675  -77.170  -31.209 0.0000000000
18485  -0.924  -77.066  -33.796 0.0000000000
18493  -0.754  -76.984  -34.755 0.0000000000
18494  -0.802  -76.389  -35.116 0.0000000000
18503  -0.770  -76.738  -35.325 0.0000000000
18504  -1.224  -76.168  -35.831 0.0000000000
18505  -2.553  -75.537  -36.672 0.0000000000
19442  -1.475  -74.290  -18.506 0.0000000000
19443  -2.311  -74.403  -18.320 0.0000000000
19444  -2.857  -74.272  -18.117 0.0000000000
19461  -0.810  -74.874  -18.669 0.0000000000
19462  -1.776  -75.134  -18.503 0.0000000000
19463  -2.853  -74.993  -18.062 0.0000000000
19464  -4.163  -74.940  -17.998 0.0000000000
19465  -5.371  -74.970  -18.547 0.0000000000
19466  -6.792  -74.855  -18.971 0.0000000000
19480  -0.691  -75.731  -19.093 0.0000000000
19498  -0.973  -75.476  -19.956 0.0000000000
19526  -0.850  -75.348  -21.104 0.0000000000
19545  -0.699  -75.209  -22.383 0.0000000000
19546  -0.993  -75.111  -23.593 0.0000000000
19568  -1.502  -74.958  -24.956 0.0000000000
19579  -2.586  -74.694  -26.261 0.0000000000
19580  -3.824  -74.648  -27.130 0.0000000000
19581  -4.619  -74.565  -27.506 0.0000000000
19587  -5.080  -74.864  -27.850 0.0000000000
19588  -5.425  -75.159  -28.382 0.0000000000
19591  -5.602  -75.555  -29.045 0.0000000000
19592  -5.905  -76.135  -29.372 0.0000000000
19595  -5.540  -75.569  -29.462 0.0000000000
19596  -5.946  -76.139  -29.615 0.0000000000
19600  -4.077  -75.449  -29.802 0.0000000000
19601  -5.222  -75.794  -29.913 0.0000000000
19602  -5.874  -76.246  -30.038 0.0000000000
19608  -1.344  -75.291  -31.398 0.0000000000
19609  -2.036  -75.574  -30.698 0.0000000000
19610  -3.364  -75.819  -30.345 0.0000000000
19611  -4.692  -76.209  -30.389 0.0000000000
19619  -0.949  -76.111  -33.133 0.0000000000
19620  -1.177  -75.729  -32.438 0.0000000000
19621  -1.632  -76.213  -31.289 0.0000000000
19631  -1.112  -76.288  -33.834 0.0000000000
19632  -1.271  -75.432  -33.831 0.0000000000
19641  -0.884  -76.474  -34.515 0.0000000000
19642  -1.080  -75.699  -34.978 0.0000000000
19653  -1.666  -74.957  -36.081 0.0000000000
19654  -3.057  -74.546  -36.541 0.0000000000
20661  -1.414  -73.797  -18.690 0.0000000000
20662  -2.078  -73.785  -18.599 0.0000000000
20663  -2.702  -73.939  -18.253 0.0000000000
20682  -0.861  -73.888  -18.792 0.0000000000
20683  -2.738  -73.549  -18.522 0.0000000000
20684  -3.513  -73.871  -18.395 0.0000000000
20685  -4.871  -74.146  -18.813 0.0000000000
20686  -5.950  -74.342  -19.407 0.0000000000
20687  -6.726  -74.359  -19.840 0.0000000000
20708  -0.723  -74.257  -19.403 0.0000000000
20709  -4.473  -73.445  -19.267 0.0000000000
20710  -5.497  -73.648  -20.075 0.0000000000
20711  -6.454  -74.068  -20.436 0.0000000000
20739  -0.486  -73.979  -20.481 0.0000000000
20740  -6.384  -73.445  -21.058 0.0000000000
20763  -0.965  -73.739  -21.759 0.0000000000
20779  -1.187  -73.972  -22.932 0.0000000000
20780  -1.550  -74.059  -24.032 0.0000000000
20801  -2.040  -74.005  -25.204 0.0000000000
20814  -2.632  -73.844  -26.052 0.0000000000
20815  -3.401  -74.003  -26.673 0.0000000000
20816  -4.252  -74.032  -27.213 0.0000000000
20819  -4.900  -74.152  -27.649 0.0000000000
20820  -5.261  -74.378  -28.042 0.0000000000
20822  -5.290  -74.634  -28.527 0.0000000000
20825  -5.326  -74.787  -28.972 0.0000000000
20829  -1.465  -73.934  -30.321 0.0000000000
20830  -1.785  -74.119  -29.969 0.0000000000
20831  -3.051  -74.533  -29.515 0.0000000000
20832  -4.678  -74.854  -29.281 0.0000000000
20838  -1.474  -74.407  -30.745 0.0000000000
20839  -2.337  -74.995  -30.078 0.0000000000
20840  -3.152  -75.249  -29.836 0.0000000000
20847  -1.297  -74.446  -32.077 0.0000000000
20855  -1.376  -74.380  -33.524 0.0000000000
20861  -1.407  -74.323  -35.095 0.0000000000
20874  -2.140  -73.916  -36.199 0.0000000000
20875  -3.390  -73.739  -36.390 0.0000000000
21902  -1.383  -72.815  -19.444 0.0000000000
21903  -1.549  -73.252  -19.154 0.0000000000
21904  -2.331  -73.211  -18.963 0.0000000000
21917  -1.024  -72.790  -19.541 0.0000000000
21918  -0.770  -73.212  -19.381 0.0000000000
21919  -3.006  -73.085  -18.834 0.0000000000
21920  -3.710  -72.982  -19.208 0.0000000000
21937  -0.523  -72.572  -19.574 0.0000000000
21938  -0.701  -72.792  -20.086 0.0000000000
21939  -4.696  -72.710  -20.171 0.0000000000
21940  -5.581  -73.158  -20.677 0.0000000000
21962  -0.239  -72.669  -21.185 0.0000000000
21963  -5.023  -72.081  -20.689 0.0000000000
21964  -5.669  -72.637  -20.994 0.0000000000
21977  -1.056  -72.388  -22.096 0.0000000000
21978  -6.388  -72.828  -21.404 0.0000000000
21991  -0.844  -72.630  -22.736 0.0000000000
21992  -0.643  -72.848  -23.625 0.0000000000
22011  -1.330  -73.008  -24.597 0.0000000000
22027  -2.049  -73.112  -25.651 0.0000000000
22028  -2.923  -73.246  -26.441 0.0000000000
22029  -3.746  -73.461  -26.947 0.0000000000
22039  -4.316  -73.327  -27.463 0.0000000000
22040  -4.965  -73.739  -27.859 0.0000000000
22046  -4.479  -73.085  -27.939 0.0000000000
22047  -5.056  -73.810  -28.184 0.0000000000
22050  -4.410  -73.127  -28.370 0.0000000000
22051  -4.957  -73.997  -28.623 0.0000000000
22054  -1.346  -72.480  -30.725 0.0000000000
22055  -1.461  -73.163  -30.446 0.0000000000
22056  -2.262  -73.341  -29.507 0.0000000000
22057  -3.848  -73.486  -28.875 0.0000000000
22058  -4.838  -74.288  -28.890 0.0000000000
22063  -1.401  -72.525  -31.209 0.0000000000
22064  -1.410  -73.424  -31.601 0.0000000000
22071  -1.581  -72.563  -32.292 0.0000000000
22072  -1.550  -73.220  -33.084 0.0000000000
22080  -1.433  -72.292  -34.771 0.0000000000
22081  -1.434  -73.041  -34.547 0.0000000000
22088  -1.608  -72.487  -35.214 0.0000000000
22089  -1.852  -73.115  -35.644 0.0000000000
22104  -2.752  -73.239  -36.108 0.0000000000
22105  -3.682  -73.177  -36.185 0.0000000000
23188  -1.342  -72.556  -19.573 0.0000000000
23189  -1.719  -72.700  -19.418 0.0000000000
23190  -2.024  -72.920  -19.221 0.0000000000
23195  -1.104  -72.368  -19.743 0.0000000000
23196  -1.587  -72.213  -19.782 0.0000000000
23197  -2.455  -72.561  -19.396 0.0000000000
23198  -3.154  -72.719  -19.266 0.0000000000
23207  -0.978  -72.477  -19.915 0.0000000000
23208  -1.056  -71.707  -20.344 0.0000000000
23209  -2.350  -71.604  -20.240 0.0000000000
23210  -3.418  -72.236  -19.688 0.0000000000
23222  -0.969  -71.762  -21.215 0.0000000000
23223  -2.994  -71.019  -20.719 0.0000000000
23224  -4.067  -71.453  -20.546 0.0000000000
23225  -5.555  -71.605  -21.145 0.0000000000
23226  -6.510  -71.242  -21.420 0.0000000000
23240  -0.915  -71.777  -21.974 0.0000000000
23241  -6.023  -72.312  -21.237 0.0000000000
23242  -6.473  -72.079  -21.308 0.0000000000
23250  -0.043  -71.517  -22.743 0.0000000000
23251  -0.090  -71.971  -23.365 0.0000000000
23262  -0.119  -71.255  -23.529 0.0000000000
23263  -0.284  -71.867  -24.190 0.0000000000
23277  -1.291  -72.120  -25.256 0.0000000000
23278  -2.056  -72.271  -26.308 0.0000000000
23279  -3.309  -72.725  -26.952 0.0000000000
23292  -2.502  -71.928  -27.000 0.0000000000
23293  -3.524  -72.196  -27.551 0.0000000000
23303  -3.765  -72.211  -28.193 0.0000000000
23311  -3.033  -71.528  -29.125 0.0000000000
23312  -3.559  -72.175  -28.759 0.0000000000
23320  -1.405  -71.641  -30.738 0.0000000000
23321  -1.772  -72.133  -29.824 0.0000000000
23322  -3.037  -72.312  -29.182 0.0000000000
23323  -3.598  -72.623  -28.924 0.0000000000
23331  -1.636  -71.609  -32.066 0.0000000000
23342  -1.553  -71.944  -33.424 0.0000000000
23343  -1.339  -72.601  -33.956 0.0000000000
23352  -1.572  -71.811  -34.371 0.0000000000
23353  -1.341  -72.322  -34.305 0.0000000000
23359  -1.754  -71.926  -34.998 0.0000000000
23360  -2.386  -72.273  -35.576 0.0000000000
23361  -3.592  -72.235  -35.723 0.0000000000
23370  -2.485  -72.831  -35.884 0.0000000000
23371  -3.145  -72.752  -35.950 0.0000000000
24454  -1.226  -71.156  -20.876 0.0000000000
24455  -1.533  -71.298  -20.653 0.0000000000
24466  -0.951  -70.836  -21.423 0.0000000000
24467  -2.096  -70.868  -21.196 0.0000000000
24468  -3.540  -70.635  -21.279 0.0000000000
24469  -4.848  -70.726  -21.423 0.0000000000
24470  -5.948  -70.677  -21.543 0.0000000000
24471  -6.715  -70.533  -21.606 0.0000000000
24486  -0.443  -70.799  -22.336 0.0000000000
24496  -0.120  -70.589  -23.219 0.0000000000
24505  -0.151  -70.745  -24.242 0.0000000000
24506  -0.833  -71.298  -24.931 0.0000000000
24514  -0.895  -70.725  -25.131 0.0000000000
24515  -1.018  -71.153  -25.969 0.0000000000
24516  -1.646  -71.385  -26.666 0.0000000000
24517  -7.678  -69.279  -26.324 0.0000000000
24518  -7.968  -69.385  -26.295 0.0000000000
24519  -8.498  -69.389  -26.323 0.0000000000
24529  -1.101  -70.718  -26.723 0.0000000000
24530  -2.137  -70.944  -27.300 0.0000000000
24531  -3.107  -71.391  -27.925 0.0000000000
24532  -7.744  -69.405  -26.657 0.0000000000
24533  -8.240  -69.600  -26.856 0.0000000000
24534  -8.902  -69.527  -26.873 0.0000000000
24544  -2.444  -70.709  -28.012 0.0000000000
24545  -2.996  -71.143  -28.533 0.0000000000
24546  -7.850  -69.589  -27.244 0.0000000000
24547  -8.401  -69.702  -27.651 0.0000000000
24548  -9.167  -69.637  -27.594 0.0000000000
24557  -2.628  -70.924  -29.188 0.0000000000
24558  -2.966  -71.142  -28.945 0.0000000000
24559  -8.471  -69.578  -28.151 0.0000000000
24560  -8.882  -69.589  -28.141 0.0000000000
24561  -9.466  -69.400  -28.042 0.0000000000
24572  -1.292  -69.831  -30.651 0.0000000000
24573  -1.528  -70.767  -29.967 0.0000000000
24574  -2.309  -71.331  -29.457 0.0000000000
24583  -1.407  -70.264  -31.744 0.0000000000
24597  -1.470  -70.603  -32.919 0.0000000000
24611  -1.670  -70.828  -33.824 0.0000000000
24612  -2.302  -70.635  -34.289 0.0000000000
24613  -3.459  -70.851  -34.715 0.0000000000
24622  -1.924  -71.393  -34.493 0.0000000000
24623  -2.417  -71.467  -34.964 0.0000000000
24624  -3.189  -71.679  -35.341 0.0000000000
25643  -0.702  -70.198  -22.382 0.0000000000
25644  -1.654  -70.222  -22.170 0.0000000000
25645  -2.926  -70.054  -21.994 0.0000000000
25646  -4.335  -70.057  -22.094 0.0000000000
25647  -5.616  -70.046  -21.977 0.0000000000
25648  -6.296  -70.183  -21.798 0.0000000000
25661  -0.374  -69.953  -22.935 0.0000000000
25662  -1.153  -69.641  -23.027 0.0000000000
25663  -2.390  -69.623  -22.813 0.0000000000
25664  -3.717  -69.488  -22.768 0.0000000000
25665  -5.301  -69.193  -22.887 0.0000000000
25666  -6.808  -69.704  -22.300 0.0000000000
25676  -0.725  -70.008  -23.829 0.0000000000
25677  -0.804  -69.741  -23.320 0.0000000000
25678  -5.777  -68.763  -23.555 0.0000000000
25679  -6.621  -68.765  -23.622 0.0000000000
25680  -7.940  -69.172  -23.346 0.0000000000
25693  -1.050  -70.308  -24.779 0.0000000000
25694  -6.919  -68.673  -24.696 0.0000000000
25695  -7.676  -68.858  -24.584 0.0000000000
25706  -0.907  -70.170  -25.747 0.0000000000
25707  -0.866  -70.315  -26.446 0.0000000000
25708  -6.491  -68.753  -26.327 0.0000000000
25709  -7.239  -68.985  -25.949 0.0000000000
25710  -8.253  -69.134  -25.586 0.0000000000
25724  -0.835  -69.834  -26.512 0.0000000000
25725  -0.832  -69.907  -27.115 0.0000000000
25726  -1.340  -70.151  -27.794 0.0000000000
25727  -6.673  -68.981  -26.940 0.0000000000
25728  -7.339  -69.322  -27.059 0.0000000000
25744  -0.983  -69.316  -27.968 0.0000000000
25745  -2.085  -70.160  -28.465 0.0000000000
25746  -2.623  -70.600  -28.767 0.0000000000
25747  -6.994  -69.042  -27.474 0.0000000000
25748  -7.558  -69.263  -27.816 0.0000000000
25749  -8.150  -69.479  -28.152 0.0000000000
25764  -1.446  -69.160  -28.902 0.0000000000
25765  -2.257  -70.351  -29.029 0.0000000000
25766  -2.794  -70.803  -28.864 0.0000000000
25767  -7.840  -69.106  -28.427 0.0000000000
25768  -8.461  -69.196  -28.555 0.0000000000
25769  -9.330  -69.177  -28.575 0.0000000000
25781  -0.888  -68.549  -30.638 0.0000000000
25782  -1.519  -69.113  -29.775 0.0000000000
25783  -2.095  -70.450  -29.462 0.0000000000
25787  -1.363  -68.777  -31.490 0.0000000000
25792  -1.479  -69.091  -32.676 0.0000000000
25793  -1.352  -68.576  -33.241 0.0000000000
25807  -1.581  -69.991  -33.306 0.0000000000
25808  -1.779  -69.446  -33.608 0.0000000000
25809  -2.854  -69.661  -34.152 0.0000000000
25810  -4.331  -69.843  -34.398 0.0000000000
26877  -1.490  -69.549  -23.478 0.0000000000
26878  -2.016  -69.419  -23.517 0.0000000000
26879  -3.097  -69.136  -23.456 0.0000000000
26880  -4.217  -69.060  -23.440 0.0000000000
26887  -1.245  -69.750  -24.276 0.0000000000
26888  -1.480  -69.476  -23.970 0.0000000000
26889  -2.529  -68.816  -24.155 0.0000000000
26890  -3.796  -68.720  -24.156 0.0000000000
26891  -5.090  -68.729  -23.948 0.0000000000
26892  -5.956  -68.618  -23.989 0.0000000000
26905  -1.379  -69.591  -25.030 0.0000000000
26906  -2.057  -68.650  -25.135 0.0000000000
26907  -3.202  -68.397  -24.947 0.0000000000
26908  -4.659  -68.487  -25.143 0.0000000000
26909  -5.785  -68.608  -24.689 0.0000000000
26910  -6.382  -68.592  -24.384 0.0000000000
26926  -1.013  -69.404  -26.267 0.0000000000
26927  -1.458  -68.743  -26.161 0.0000000000
26928  -5.087  -68.330  -26.110 0.0000000000
26929  -5.993  -68.577  -25.707 0.0000000000
26930  -6.486  -68.663  -25.083 0.0000000000
26944  -0.887  -69.499  -26.794 0.0000000000
26945  -1.073  -68.827  -27.249 0.0000000000
26946  -5.097  -68.022  -26.956 0.0000000000
26947  -5.921  -68.583  -26.679 0.0000000000
26959  -1.129  -68.228  -28.442 0.0000000000
26960  -5.005  -67.678  -27.553 0.0000000000
26961  -6.279  -68.350  -27.955 0.0000000000
26962  -7.370  -68.802  -28.333 0.0000000000
26971  -1.659  -67.200  -30.060 0.0000000000
26972  -1.635  -67.978  -29.460 0.0000000000
26973  -6.457  -67.627  -29.097 0.0000000000
26974  -7.645  -68.201  -29.180 0.0000000000
26975  -8.956  -68.626  -29.232 0.0000000000
26976  -9.944  -68.621  -29.024 0.0000000000
26984  -1.057  -67.695  -30.316 0.0000000000
26985  -1.707  -67.804  -29.877 0.0000000000
26986  -8.133  -67.501  -29.934 0.0000000000
26987  -8.725  -67.821  -29.818 0.0000000000
26988  -9.658  -67.987  -29.671 0.0000000000
26989  -10.579  -67.998  -29.408 0.0000000000
26990  -11.098  -67.961  -29.151 0.0000000000
27001  -1.340  -67.415  -31.301 0.0000000000
27002  -0.614  -67.133  -31.963 0.0000000000
27014  -1.216  -67.881  -32.045 0.0000000000
27015  -1.377  -67.803  -32.586 0.0000000000
27016  -1.811  -67.706  -33.246 0.0000000000
27017  -2.775  -67.865  -33.377 0.0000000000
27031  -1.517  -68.364  -33.364 0.0000000000
27032  -2.300  -68.613  -33.540 0.0000000000
27033  -3.795  -68.651  -33.696 0.0000000000
27034  -5.222  -68.922  -34.365 0.0000000000
28135  -2.786  -68.171  -25.645 0.0000000000
28136  -3.714  -68.184  -25.696 0.0000000000
28137  -4.441  -68.283  -25.820 0.0000000000
28150  -2.163  -68.163  -26.232 0.0000000000
28151  -3.151  -67.820  -26.333 0.0000000000
28152  -4.236  -68.005  -26.337 0.0000000000
28168  -1.547  -68.146  -27.013 0.0000000000
28169  -2.435  -67.660  -27.211 0.0000000000
28170  -3.908  -67.453  -27.200 0.0000000000
28182  -1.483  -67.545  -28.247 0.0000000000
28183  -2.869  -66.902  -28.325 0.0000000000
28184  -4.656  -67.138  -28.247 0.0000000000
28185  -5.637  -67.359  -28.872 0.0000000000
28196  -1.551  -66.769  -30.439 0.0000000000
28197  -1.726  -67.206  -29.461 0.0000000000
28198  -3.825  -66.521  -29.064 0.0000000000
28199  -4.849  -66.703  -29.325 0.0000000000
28200  -5.888  -66.782  -29.719 0.0000000000
28201  -6.884  -67.096  -29.637 0.0000000000
28209  -1.072  -66.826  -30.809 0.0000000000
28210  -6.626  -66.434  -30.209 0.0000000000
28211  -7.593  -66.786  -30.292 0.0000000000
28212  -8.542  -67.147  -30.446 0.0000000000
28213  -9.378  -67.357  -30.400 0.0000000000
28214  -10.359  -67.389  -30.151 0.0000000000
28215  -11.572  -67.377  -29.631 0.0000000000
28230  -0.848  -66.541  -31.495 0.0000000000
28231  -1.406  -66.849  -31.690 0.0000000000
28232  -1.881  -66.585  -32.269 0.0000000000
28233  -8.294  -66.472  -31.029 0.0000000000
28234  -9.043  -66.677  -31.149 0.0000000000
28235  -9.947  -66.787  -31.035 0.0000000000
28236  -10.958  -66.769  -30.706 0.0000000000
28237  -11.564  -66.822  -30.476 0.0000000000
28253  -1.726  -67.140  -32.547 0.0000000000
28254  -2.667  -67.010  -32.868 0.0000000000
28255  -3.835  -67.477  -33.417 0.0000000000
28268  -4.943  -67.795  -34.040 0.0000000000
28269  -6.013  -67.805  -35.211 0.0000000000
28270  -6.584  -68.262  -35.578 0.0000000000
28277  -6.497  -67.287  -35.605 0.0000000000
28278  -7.167  -67.582  -35.943 0.0000000000
28287  -7.568  -66.914  -36.253 0.0000000000
28288  -8.085  -66.981  -36.475 0.0000000000
29414  -1.442  -66.958  -29.267 0.0000000000
29415  -1.767  -66.814  -29.149 0.0000000000
29428  -1.152  -66.608  -30.665 0.0000000000
29429  -1.370  -66.467  -30.151 0.0000000000
29430  -2.687  -66.329  -29.840 0.0000000000
29431  -4.047  -66.116  -29.925 0.0000000000
29432  -5.003  -66.274  -30.138 0.0000000000
29445  -1.227  -66.323  -31.148 0.0000000000
29446  -1.653  -66.374  -30.874 0.0000000000
29447  -3.541  -65.826  -30.593 0.0000000000
29448  -4.495  -65.666  -30.733 0.0000000000
29449  -5.783  -65.765  -30.796 0.0000000000
29450  -6.872  -65.963  -30.777 0.0000000000
29451  -11.921  -66.849  -30.335 0.0000000000
29452  -12.693  -66.780  -29.942 0.0000000000
29467  -0.797  -65.885  -31.644 0.0000000000
29468  -1.451  -66.153  -31.823 0.0000000000
29469  -2.555  -66.288  -32.215 0.0000000000
29470  -6.628  -65.609  -31.495 0.0000000000
29471  -7.574  -65.889  -31.416 0.0000000000
29472  -8.491  -65.967  -32.041 0.0000000000
29473  -9.484  -66.200  -31.998 0.0000000000
29474  -10.533  -66.255  -31.816 0.0000000000
29475  -11.759  -66.428  -31.250 0.0000000000
29494  -3.386  -66.422  -32.664 0.0000000000
29495  -3.953  -66.671  -33.175 0.0000000000
29496  -8.503  -65.744  -32.663 0.0000000000
29497  -8.937  -65.748  -32.788 0.0000000000
29498  -9.918  -65.710  -33.106 0.0000000000
29499  -11.090  -65.886  -32.820 0.0000000000
29519  -4.759  -66.860  -33.827 0.0000000000
29520  -5.509  -66.924  -34.695 0.0000000000
29521  -9.947  -65.499  -33.884 0.0000000000
29522  -10.501  -65.535  -33.927 0.0000000000
29538  -6.148  -66.909  -35.318 0.0000000000
29539  -6.715  -66.858  -35.712 0.0000000000
29549  -7.247  -66.731  -35.983 0.0000000000
29550  -7.838  -66.432  -36.252 0.0000000000
29551  -8.693  -66.320  -36.510 0.0000000000
30722  -1.271  -65.805  -30.622 0.0000000000
30723  -1.885  -66.392  -30.710 0.0000000000
30737  -0.961  -65.672  -31.449 0.0000000000
30738  -1.400  -65.780  -31.172 0.0000000000
30739  -2.650  -65.909  -31.022 0.0000000000
30740  -3.899  -65.574  -31.359 0.0000000000
30741  -4.880  -65.428  -31.480 0.0000000000
30765  -0.958  -65.860  -31.555 0.0000000000
30766  -2.071  -66.276  -31.500 0.0000000000
30767  -3.335  -65.788  -31.964 0.0000000000
30768  -4.610  -65.528  -32.185 0.0000000000
30769  -5.844  -65.420  -32.168 0.0000000000
30770  -7.063  -65.503  -32.342 0.0000000000
30771  -7.803  -65.709  -32.250 0.0000000000
30788  -3.416  -66.093  -32.363 0.0000000000
30789  -4.332  -66.056  -32.855 0.0000000000
30790  -5.550  -65.625  -33.212 0.0000000000
30791  -6.685  -65.405  -33.348 0.0000000000
30792  -8.066  -65.543  -33.147 0.0000000000
30793  -9.134  -65.424  -33.702 0.0000000000
30794  -9.673  -65.472  -33.843 0.0000000000
30813  -4.669  -66.419  -33.479 0.0000000000
30814  -5.479  -66.194  -34.112 0.0000000000
30815  -6.509  -65.676  -34.286 0.0000000000
30816  -7.507  -65.394  -34.370 0.0000000000
30817  -8.557  -65.283  -34.500 0.0000000000
30818  -9.705  -65.308  -34.557 0.0000000000
30838  -5.930  -66.555  -34.864 0.0000000000
30839  -6.565  -66.275  -35.144 0.0000000000
30840  -7.375  -65.688  -35.172 0.0000000000
30841  -8.109  -65.389  -35.179 0.0000000000
30842  -8.987  -65.373  -35.462 0.0000000000
30859  -6.987  -66.518  -35.656 0.0000000000
30860  -7.374  -66.186  -35.739 0.0000000000
30861  -8.227  -65.768  -35.907 0.0000000000
145621  -0.905  -96.415  -53.744 0.0000000000
145625  -1.333  -95.678  -55.488 0.0000000000
145626  -0.829  -96.073  -52.923 0.0000000000
145627  -0.928  -95.771  -52.356 0.0000000000
145628  -0.939  -95.268  -53.446 0.0000000000
145629  -4.682  -90.128  -56.508 0.0000000000
145633  -0.572  -95.049  -52.622 0.0000000000
145634  -3.090  -89.429  -55.941 0.0000000000
145635  -1.823  -94.237  -55.547 0.0000000000
145637  -1.708  -92.362  -55.036 0.0000000000
145732  -0.752  -85.721  -49.782 0.0000000000
145733  -1.631  -84.492  -52.894 0.0000000000
145734  -1.844  -84.327  -53.179 0.0000000000
145735  -4.748  -84.338  -53.862 0.0000000000
145736  -1.295  -84.607  -49.683 0.0000000000
145737  -1.960  -84.008  -53.318 0.0000000000
145738  -5.098  -84.814  -53.648 0.0000000000
145739  -2.317  -83.687  -53.445 0.0000000000
145740  -1.689  -84.138  -52.877 0.0000000000
145741  -4.971  -83.973  -53.278 0.0000000000
145742  -1.769  -83.899  -53.180 0.0000000000
145743  -1.936  -83.754  -53.298 0.0000000000
145744  -7.971  -82.889  -25.461 0.0000000000
145745  -7.622  -83.089  -25.318 0.0000000000
145746  -7.804  -82.984  -25.725 0.0000000000
145747  -8.159  -82.990  -25.764 0.0000000000
145748  -8.386  -82.986  -25.679 0.0000000000
145749  -8.605  -82.883  -25.747 0.0000000000
145849  -6.678  -78.355  -43.036 0.0000000000
145855  -5.326  -78.002  -42.628 0.0000000000
145856  -6.728  -77.752  -44.400 0.0000000000
145861  -4.751  -77.908  -42.203 0.0000000000
145862  -4.200  -77.861  -42.775 0.0000000000
145863  -7.760  -77.639  -45.048 0.0000000000
145864  -6.580  -77.292  -45.587 0.0000000000
145865  -8.901  -77.644  -45.026 0.0000000000
145870  -4.218  -77.986  -41.893 0.0000000000
145871  -8.192  -77.595  -45.888 0.0000000000
145872  -7.137  -77.446  -46.694 0.0000000000
145873  -9.314  -77.405  -45.910 0.0000000000
145877  -4.693  -78.408  -41.119 0.0000000000
145878  -2.612  -77.894  -43.521 0.0000000000
145879  -2.906  -77.969  -42.417 0.0000000000
145880  -3.728  -78.274  -41.327 0.0000000000
145881  -8.668  -77.573  -46.779 0.0000000000
145882  -5.866  -77.054  -47.556 0.0000000000
145883  -7.566  -77.656  -47.562 0.0000000000
145884  -9.859  -77.507  -46.742 0.0000000000
145887  -4.567  -78.618  -40.426 0.0000000000
145888  -2.878  -78.197  -41.303 0.0000000000
145889  -2.440  -78.249  -41.629 0.0000000000
145890  -9.178  -77.822  -47.596 0.0000000000
145891  -4.611  -76.919  -47.673 0.0000000000
145892  -7.993  -78.364  -48.434 0.0000000000
145893  -10.403  -77.912  -47.613 0.0000000000
145896  -2.312  -78.264  -41.891 0.0000000000
145897  -2.012  -78.426  -42.021 0.0000000000
145898  -9.775  -78.490  -48.176 0.0000000000
145899  -3.939  -77.025  -48.045 0.0000000000
145904  -2.227  -78.125  -43.549 0.0000000000
146029  -8.864  -77.461  -46.219 0.0000000000
146030  -9.292  -77.568  -47.074 0.0000000000
146036  -9.080  -77.427  -46.337 0.0000000000
146051  -9.853  -77.980  -47.884 0.0000000000
146055  -7.815  -77.577  -47.024 0.0000000000
146056  -8.513  -77.693  -47.357 0.0000000000
