#!ascii label  , from subject subject001 vox2ras=TkReg
1112
27915  -58.095  -67.586  -6.608 0.0000000000
27916  -58.642  -67.933  -6.160 0.0000000000
27930  -57.299  -67.200  -7.128 0.0000000000
27931  -57.983  -68.091  -7.167 0.0000000000
27944  -57.085  -66.885  -7.197 0.0000000000
27945  -57.798  -68.383  -7.802 0.0000000000
27954  -57.536  -67.567  -7.760 0.0000000000
27955  -57.826  -68.947  -8.516 0.0000000000
27963  -57.719  -69.744  -9.482 0.0000000000
29081  -54.658  -65.406  -2.384 0.0000000000
29082  -55.077  -65.398  -2.438 0.0000000000
29097  -53.260  -65.501  -2.984 0.0000000000
29098  -54.166  -65.436  -2.914 0.0000000000
29099  -55.400  -65.376  -3.107 0.0000000000
29100  -56.155  -65.273  -3.517 0.0000000000
29113  -52.916  -65.527  -3.547 0.0000000000
29114  -54.028  -65.632  -3.805 0.0000000000
29115  -55.279  -65.601  -4.058 0.0000000000
29116  -56.688  -65.430  -4.260 0.0000000000
29117  -58.310  -65.342  -4.673 0.0000000000
29118  -59.033  -65.313  -4.711 0.0000000000
29133  -52.643  -65.439  -4.340 0.0000000000
29134  -53.777  -65.741  -4.509 0.0000000000
29135  -55.146  -65.895  -4.888 0.0000000000
29136  -56.580  -66.064  -5.192 0.0000000000
29137  -58.050  -65.917  -5.353 0.0000000000
29138  -59.279  -65.926  -5.058 0.0000000000
29139  -60.015  -66.440  -4.588 0.0000000000
29154  -52.419  -65.351  -5.106 0.0000000000
29155  -53.402  -65.627  -5.177 0.0000000000
29156  -54.836  -65.932  -5.513 0.0000000000
29157  -56.759  -66.542  -6.188 0.0000000000
29158  -57.962  -66.674  -6.085 0.0000000000
29159  -58.847  -66.917  -5.652 0.0000000000
29160  -59.428  -66.989  -5.101 0.0000000000
29171  -52.948  -65.474  -5.677 0.0000000000
29172  -54.033  -65.614  -6.074 0.0000000000
29173  -56.030  -66.320  -6.518 0.0000000000
29174  -57.120  -66.895  -6.804 0.0000000000
29186  -54.870  -65.677  -6.779 0.0000000000
29187  -56.135  -66.142  -6.964 0.0000000000
29197  -55.588  -65.701  -7.272 0.0000000000
29198  -56.944  -66.462  -7.444 0.0000000000
29199  -57.522  -67.519  -8.012 0.0000000000
29210  -56.375  -65.803  -7.697 0.0000000000
29211  -57.358  -66.749  -7.974 0.0000000000
29212  -57.842  -68.075  -8.570 0.0000000000
29228  -57.076  -66.018  -8.149 0.0000000000
29229  -57.746  -67.153  -8.531 0.0000000000
29230  -57.996  -68.529  -9.362 0.0000000000
29231  -58.003  -69.116  -10.180 0.0000000000
29245  -57.556  -66.471  -8.617 0.0000000000
29246  -58.072  -67.321  -9.001 0.0000000000
29247  -58.357  -68.086  -9.738 0.0000000000
29257  -58.554  -68.242  -10.421 0.0000000000
30369  -53.263  -64.372  -0.191 0.0000000000
30370  -54.095  -64.272  -0.212 0.0000000000
30371  -54.624  -64.216  -0.204 0.0000000000
30376  -51.998  -64.654  -0.851 0.0000000000
30377  -52.792  -64.562  -0.767 0.0000000000
30378  -53.956  -64.675  -0.944 0.0000000000
30379  -55.148  -64.537  -0.806 0.0000000000
30380  -56.580  -63.917  -1.276 0.0000000000
30381  -57.840  -63.507  -1.509 0.0000000000
30382  -58.564  -63.421  -1.643 0.0000000000
30389  -51.635  -64.739  -1.460 0.0000000000
30390  -52.559  -64.973  -1.598 0.0000000000
30391  -53.715  -65.126  -1.817 0.0000000000
30392  -55.043  -65.194  -1.922 0.0000000000
30393  -56.314  -64.494  -2.104 0.0000000000
30394  -57.661  -63.905  -2.301 0.0000000000
30395  -58.597  -63.606  -2.194 0.0000000000
30410  -51.149  -64.810  -2.217 0.0000000000
30411  -52.313  -65.182  -2.475 0.0000000000
30412  -53.149  -65.346  -2.325 0.0000000000
30413  -55.362  -65.323  -2.568 0.0000000000
30414  -56.189  -65.103  -2.981 0.0000000000
30415  -57.570  -64.478  -3.189 0.0000000000
30416  -59.108  -64.098  -3.103 0.0000000000
30417  -60.434  -64.988  -2.593 0.0000000000
30429  -50.094  -64.480  -2.791 0.0000000000
30430  -50.612  -64.520  -2.851 0.0000000000
30431  -51.764  -64.937  -3.392 0.0000000000
30432  -56.555  -65.170  -3.700 0.0000000000
30433  -57.363  -64.952  -3.945 0.0000000000
30434  -58.796  -64.835  -4.202 0.0000000000
30435  -59.865  -65.379  -4.005 0.0000000000
30445  -50.147  -64.394  -3.249 0.0000000000
30446  -50.894  -64.513  -3.917 0.0000000000
30447  -51.796  -64.927  -4.472 0.0000000000
30448  -59.396  -65.426  -4.569 0.0000000000
30449  -59.714  -65.792  -4.598 0.0000000000
30462  -51.151  -64.759  -4.918 0.0000000000
30463  -51.781  -65.053  -5.199 0.0000000000
30476  -51.505  -64.892  -5.652 0.0000000000
30477  -52.193  -65.289  -5.823 0.0000000000
30478  -52.921  -65.469  -6.216 0.0000000000
30491  -51.820  -65.068  -6.215 0.0000000000
30492  -52.374  -65.351  -6.601 0.0000000000
30493  -53.409  -65.553  -6.768 0.0000000000
30503  -52.541  -65.133  -7.578 0.0000000000
30504  -52.789  -65.375  -7.318 0.0000000000
30505  -54.100  -65.559  -7.349 0.0000000000
30516  -52.878  -65.261  -7.818 0.0000000000
30517  -53.609  -65.411  -7.948 0.0000000000
30518  -54.974  -65.480  -7.788 0.0000000000
30533  -54.579  -65.363  -8.345 0.0000000000
30534  -55.889  -65.434  -8.141 0.0000000000
30546  -55.395  -65.316  -8.616 0.0000000000
30547  -56.709  -65.638  -8.643 0.0000000000
30548  -57.803  -66.562  -9.034 0.0000000000
30549  -58.302  -67.237  -9.308 0.0000000000
30556  -56.455  -65.429  -9.039 0.0000000000
30557  -57.340  -65.806  -9.108 0.0000000000
30558  -58.506  -67.023  -9.820 0.0000000000
30567  -58.950  -66.845  -10.321 0.0000000000
31676  -52.109  -63.513  2.008 0.0000000000
31677  -52.836  -63.482  2.050 0.0000000000
31678  -53.690  -63.297  2.063 0.0000000000
31679  -54.173  -63.191  2.081 0.0000000000
31680  -56.631  -62.749  2.091 0.0000000000
31681  -57.186  -62.711  1.984 0.0000000000
31698  -50.975  -63.590  1.189 0.0000000000
31699  -51.672  -63.635  1.384 0.0000000000
31700  -52.612  -63.717  1.263 0.0000000000
31701  -53.550  -63.596  1.279 0.0000000000
31702  -54.594  -63.352  1.524 0.0000000000
31703  -56.003  -63.126  1.648 0.0000000000
31704  -57.096  -62.945  1.592 0.0000000000
31712  -49.935  -63.492  0.407 0.0000000000
31713  -50.599  -63.628  0.560 0.0000000000
31714  -51.478  -63.877  0.472 0.0000000000
31715  -52.397  -64.170  0.388 0.0000000000
31716  -53.353  -64.012  0.486 0.0000000000
31717  -54.526  -63.854  0.356 0.0000000000
31718  -55.862  -63.639  0.625 0.0000000000
31719  -57.463  -63.171  0.683 0.0000000000
31720  -59.115  -62.851  0.346 0.0000000000
31726  -49.628  -63.478  -0.173 0.0000000000
31727  -50.370  -63.723  -0.362 0.0000000000
31728  -51.271  -64.087  -0.471 0.0000000000
31729  -51.944  -64.415  -0.181 0.0000000000
31730  -54.949  -64.185  -0.201 0.0000000000
31731  -55.647  -63.982  -0.275 0.0000000000
31732  -56.984  -63.517  -0.465 0.0000000000
31733  -58.644  -63.221  -0.866 0.0000000000
31734  -60.002  -63.126  -0.492 0.0000000000
31739  -49.215  -63.636  -0.826 0.0000000000
31740  -49.921  -63.901  -1.085 0.0000000000
31741  -50.741  -64.291  -1.267 0.0000000000
31742  -59.107  -63.476  -1.869 0.0000000000
31743  -59.789  -63.511  -1.467 0.0000000000
31755  -48.927  -63.690  -1.326 0.0000000000
31756  -49.424  -64.062  -1.652 0.0000000000
31757  -50.157  -64.489  -2.017 0.0000000000
31758  -59.166  -63.730  -2.406 0.0000000000
31759  -59.705  -63.956  -2.254 0.0000000000
31760  -60.305  -64.155  -1.816 0.0000000000
31773  -49.003  -63.798  -2.034 0.0000000000
31774  -49.699  -64.286  -2.558 0.0000000000
31775  -50.092  -64.520  -2.539 0.0000000000
31785  -49.342  -63.844  -2.749 0.0000000000
31786  -49.713  -64.075  -3.424 0.0000000000
31787  -50.156  -64.334  -3.936 0.0000000000
31802  -49.955  -64.107  -4.297 0.0000000000
31803  -50.481  -64.420  -4.633 0.0000000000
31819  -50.357  -64.145  -5.037 0.0000000000
31820  -50.912  -64.516  -5.408 0.0000000000
31833  -50.889  -64.216  -5.761 0.0000000000
31834  -51.448  -64.675  -6.201 0.0000000000
31835  -51.930  -65.012  -6.633 0.0000000000
31846  -51.340  -64.340  -6.415 0.0000000000
31847  -52.036  -64.812  -7.059 0.0000000000
31848  -52.198  -65.185  -6.945 0.0000000000
31863  -52.731  -65.024  -7.914 0.0000000000
31864  -53.122  -65.235  -8.079 0.0000000000
31880  -53.105  -65.004  -8.298 0.0000000000
31881  -53.611  -65.171  -8.408 0.0000000000
31890  -54.600  -65.242  -8.723 0.0000000000
31891  -55.504  -65.216  -8.988 0.0000000000
31898  -56.325  -65.312  -9.301 0.0000000000
31899  -57.399  -65.593  -9.438 0.0000000000
31900  -58.270  -66.004  -9.830 0.0000000000
31912  -59.027  -66.425  -10.561 0.0000000000
33006  -52.051  -62.616  4.056 0.0000000000
33007  -52.840  -62.657  4.200 0.0000000000
33008  -53.789  -62.557  4.267 0.0000000000
33009  -54.350  -62.461  4.274 0.0000000000
33023  -50.844  -62.875  3.143 0.0000000000
33024  -51.552  -62.830  3.442 0.0000000000
33025  -52.493  -62.907  3.484 0.0000000000
33026  -53.451  -62.854  3.541 0.0000000000
33027  -54.573  -62.590  3.680 0.0000000000
33028  -55.325  -62.476  3.501 0.0000000000
33044  -49.882  -62.991  2.179 0.0000000000
33045  -50.463  -62.987  2.487 0.0000000000
33046  -51.370  -63.205  2.450 0.0000000000
33047  -52.208  -63.240  2.734 0.0000000000
33048  -53.104  -63.194  2.787 0.0000000000
33049  -54.198  -62.995  2.650 0.0000000000
33050  -55.652  -62.626  2.773 0.0000000000
33051  -57.400  -62.462  2.538 0.0000000000
33052  -58.896  -62.221  2.811 0.0000000000
33064  -49.544  -63.264  1.671 0.0000000000
33065  -50.309  -63.299  1.574 0.0000000000
33066  -50.942  -63.307  1.820 0.0000000000
33067  -54.427  -63.164  2.104 0.0000000000
33068  -54.934  -63.087  2.152 0.0000000000
33069  -57.716  -62.671  1.743 0.0000000000
33070  -58.638  -62.495  1.938 0.0000000000
33076  -48.693  -63.218  0.722 0.0000000000
33077  -49.233  -63.373  0.885 0.0000000000
33078  -49.881  -63.451  1.050 0.0000000000
33079  -57.655  -62.881  1.299 0.0000000000
33080  -58.371  -62.739  1.193 0.0000000000
33081  -59.515  -62.665  1.273 0.0000000000
33086  -48.452  -63.085  0.227 0.0000000000
33087  -49.008  -63.218  0.025 0.0000000000
33091  -48.224  -62.970  -0.220 0.0000000000
33092  -48.628  -63.304  -0.635 0.0000000000
33100  -48.185  -63.017  -0.835 0.0000000000
33101  -48.560  -63.406  -1.390 0.0000000000
33113  -48.198  -62.994  -1.502 0.0000000000
33114  -48.550  -63.372  -1.943 0.0000000000
33124  -48.332  -62.954  -2.126 0.0000000000
33125  -48.874  -63.368  -2.604 0.0000000000
33126  -49.367  -63.625  -3.183 0.0000000000
33136  -49.126  -62.687  -3.347 0.0000000000
33137  -49.172  -63.129  -3.337 0.0000000000
33138  -49.590  -63.682  -3.867 0.0000000000
33150  -49.319  -62.773  -3.664 0.0000000000
33151  -49.605  -63.183  -4.155 0.0000000000
33152  -49.913  -63.762  -4.614 0.0000000000
33167  -49.984  -63.408  -4.772 0.0000000000
33168  -50.392  -63.791  -5.270 0.0000000000
33185  -50.992  -63.960  -6.023 0.0000000000
33186  -51.536  -64.178  -6.775 0.0000000000
33202  -52.305  -64.491  -7.464 0.0000000000
33203  -52.805  -64.576  -7.975 0.0000000000
33217  -52.838  -64.839  -8.096 0.0000000000
33218  -53.602  -64.872  -8.514 0.0000000000
33219  -54.254  -64.791  -8.847 0.0000000000
33234  -54.406  -65.069  -8.846 0.0000000000
33235  -55.220  -64.950  -9.248 0.0000000000
33236  -55.900  -64.827  -9.610 0.0000000000
33251  -56.335  -65.178  -9.522 0.0000000000
33252  -56.753  -65.147  -9.669 0.0000000000
33253  -57.983  -65.323  -9.971 0.0000000000
33269  -58.984  -65.735  -10.789 0.0000000000
33270  -59.537  -66.153  -12.316 0.0000000000
34343  -56.480  -61.462  7.364 0.0000000000
34344  -57.903  -61.364  7.707 0.0000000000
34345  -59.565  -61.454  8.065 0.0000000000
34357  -53.259  -61.820  6.180 0.0000000000
34358  -54.573  -61.838  6.505 0.0000000000
34359  -55.956  -61.637  6.702 0.0000000000
34360  -57.506  -61.386  6.905 0.0000000000
34361  -59.165  -61.387  7.140 0.0000000000
34373  -51.682  -62.121  5.153 0.0000000000
34374  -52.701  -62.115  5.439 0.0000000000
34375  -53.882  -62.135  5.683 0.0000000000
34376  -55.279  -61.859  5.841 0.0000000000
34377  -56.885  -61.491  6.008 0.0000000000
34378  -58.593  -61.343  6.189 0.0000000000
34390  -49.737  -62.342  4.034 0.0000000000
34391  -50.450  -62.439  4.287 0.0000000000
34392  -51.327  -62.460  4.371 0.0000000000
34393  -52.263  -62.380  4.713 0.0000000000
34394  -53.285  -62.392  4.899 0.0000000000
34395  -54.568  -62.236  4.819 0.0000000000
34396  -56.172  -61.779  5.048 0.0000000000
34397  -57.832  -61.594  5.243 0.0000000000
34409  -48.997  -62.411  2.851 0.0000000000
34410  -49.538  -62.516  3.194 0.0000000000
34411  -50.199  -62.673  3.426 0.0000000000
34412  -50.828  -62.648  3.763 0.0000000000
34413  -54.702  -62.391  4.230 0.0000000000
34414  -55.548  -62.269  4.075 0.0000000000
34415  -57.119  -61.875  4.293 0.0000000000
34416  -58.670  -61.734  4.454 0.0000000000
34426  -48.156  -62.513  2.043 0.0000000000
34427  -48.659  -62.768  2.242 0.0000000000
34428  -49.307  -62.856  2.387 0.0000000000
34429  -49.856  -62.784  2.752 0.0000000000
34430  -55.723  -62.406  3.451 0.0000000000
34431  -56.545  -62.260  3.442 0.0000000000
34432  -58.004  -61.998  3.522 0.0000000000
34437  -48.013  -62.637  1.498 0.0000000000
34438  -48.402  -62.939  1.664 0.0000000000
34439  -48.904  -63.184  1.732 0.0000000000
34443  -48.244  -62.983  0.994 0.0000000000
34444  -48.662  -63.206  1.236 0.0000000000
34449  -47.993  -62.770  0.373 0.0000000000
34484  -48.579  -62.871  -2.588 0.0000000000
34494  -48.784  -62.480  -2.963 0.0000000000
34495  -48.822  -63.006  -2.884 0.0000000000
34505  -49.189  -62.289  -3.453 0.0000000000
34506  -49.571  -62.495  -3.957 0.0000000000
34516  -49.985  -62.871  -4.592 0.0000000000
34517  -50.262  -63.326  -5.035 0.0000000000
34530  -50.361  -63.036  -5.039 0.0000000000
34531  -50.694  -63.436  -5.440 0.0000000000
34532  -51.272  -63.683  -6.180 0.0000000000
34544  -51.791  -63.920  -6.995 0.0000000000
34545  -52.454  -64.129  -7.554 0.0000000000
34546  -53.097  -64.112  -7.846 0.0000000000
34558  -53.096  -64.454  -8.110 0.0000000000
34559  -53.881  -64.462  -8.458 0.0000000000
34560  -54.643  -64.425  -8.870 0.0000000000
34571  -54.621  -64.672  -9.004 0.0000000000
34572  -55.480  -64.542  -9.357 0.0000000000
34573  -56.298  -64.422  -9.742 0.0000000000
34585  -56.570  -64.744  -9.800 0.0000000000
34586  -57.656  -64.756  -10.050 0.0000000000
34587  -58.642  -65.006  -10.717 0.0000000000
34588  -59.456  -65.162  -11.590 0.0000000000
34604  -59.055  -65.329  -10.991 0.0000000000
34605  -59.469  -65.438  -11.911 0.0000000000
35624  -58.728  -60.988  9.196 0.0000000000
35654  -56.747  -61.039  8.622 0.0000000000
35655  -57.721  -61.099  8.832 0.0000000000
35656  -59.256  -61.214  9.170 0.0000000000
35678  -53.009  -61.293  6.848 0.0000000000
35679  -53.693  -61.300  7.199 0.0000000000
35680  -55.933  -61.250  7.951 0.0000000000
35681  -58.487  -61.221  8.461 0.0000000000
35696  -50.929  -61.417  5.829 0.0000000000
35697  -52.424  -61.391  6.432 0.0000000000
35698  -54.134  -61.574  6.989 0.0000000000
35699  -55.339  -61.566  7.172 0.0000000000
35708  -51.122  -61.792  5.491 0.0000000000
35709  -52.184  -61.803  5.757 0.0000000000
35719  -50.170  -62.080  4.820 0.0000000000
35720  -50.866  -62.233  4.906 0.0000000000
35729  -49.214  -62.230  3.593 0.0000000000
35733  -48.502  -62.340  2.543 0.0000000000
35780  -48.964  -61.495  -3.024 0.0000000000
35791  -49.502  -61.693  -3.610 0.0000000000
35792  -50.000  -62.031  -4.105 0.0000000000
35802  -50.565  -62.514  -4.694 0.0000000000
35803  -51.020  -62.476  -4.829 0.0000000000
35812  -50.601  -62.989  -5.184 0.0000000000
35813  -51.052  -62.936  -5.374 0.0000000000
35814  -51.880  -63.356  -6.195 0.0000000000
35815  -52.444  -63.251  -6.166 0.0000000000
35822  -52.058  -63.791  -7.036 0.0000000000
35823  -52.659  -63.647  -6.946 0.0000000000
35824  -53.964  -63.909  -7.673 0.0000000000
35825  -55.142  -63.632  -7.739 0.0000000000
35826  -55.721  -63.574  -7.648 0.0000000000
35835  -54.355  -64.259  -8.511 0.0000000000
35836  -55.170  -64.126  -8.853 0.0000000000
35837  -56.179  -63.818  -8.495 0.0000000000
35838  -57.465  -63.982  -8.652 0.0000000000
35839  -58.137  -64.055  -8.709 0.0000000000
35846  -55.796  -64.269  -9.505 0.0000000000
35847  -56.491  -64.252  -9.690 0.0000000000
35848  -57.340  -64.245  -9.591 0.0000000000
35849  -58.616  -64.347  -9.591 0.0000000000
35850  -60.208  -64.402  -10.181 0.0000000000
35866  -57.060  -64.453  -10.011 0.0000000000
35867  -57.496  -64.618  -9.936 0.0000000000
35868  -58.529  -64.778  -10.453 0.0000000000
35869  -59.975  -64.839  -11.434 0.0000000000
36943  -58.493  -60.928  9.136 0.0000000000
36963  -56.222  -60.992  8.415 0.0000000000
36964  -57.384  -60.960  8.878 0.0000000000
36980  -52.989  -61.101  7.000 0.0000000000
36981  -54.083  -61.076  7.496 0.0000000000
36982  -55.208  -60.998  8.017 0.0000000000
36990  -52.141  -60.994  6.560 0.0000000000
37078  -49.376  -60.720  -3.344 0.0000000000
37079  -49.911  -60.991  -3.785 0.0000000000
37089  -50.518  -61.356  -4.159 0.0000000000
37090  -51.286  -61.834  -4.525 0.0000000000
37091  -52.053  -61.641  -4.840 0.0000000000
37092  -52.479  -61.429  -4.982 0.0000000000
37104  -51.273  -62.480  -4.901 0.0000000000
37105  -51.723  -62.489  -5.128 0.0000000000
37106  -52.718  -62.386  -5.479 0.0000000000
37107  -53.890  -62.319  -5.860 0.0000000000
37108  -54.925  -62.361  -6.038 0.0000000000
37109  -55.871  -62.277  -6.160 0.0000000000
37110  -56.377  -62.113  -6.070 0.0000000000
37118  -52.772  -63.225  -6.182 0.0000000000
37119  -53.391  -63.198  -6.400 0.0000000000
37120  -54.480  -63.188  -6.688 0.0000000000
37121  -55.717  -63.183  -6.923 0.0000000000
37122  -57.001  -62.832  -6.493 0.0000000000
37123  -58.688  -63.064  -6.709 0.0000000000
37124  -60.131  -63.101  -6.916 0.0000000000
37134  -56.049  -63.562  -7.611 0.0000000000
37135  -56.730  -63.590  -7.597 0.0000000000
37136  -58.154  -63.828  -7.850 0.0000000000
37137  -59.642  -63.752  -7.822 0.0000000000
37148  -58.504  -64.110  -8.735 0.0000000000
37149  -59.267  -64.136  -8.841 0.0000000000
37150  -60.557  -63.964  -9.129 0.0000000000
38237  -58.292  -60.866  9.011 0.0000000000
38259  -56.079  -60.807  8.413 0.0000000000
38260  -57.272  -60.743  8.769 0.0000000000
38281  -52.934  -60.868  7.000 0.0000000000
38282  -54.133  -60.815  7.480 0.0000000000
38283  -55.139  -60.769  7.949 0.0000000000
38393  -49.664  -59.967  -3.688 0.0000000000
38401  -50.274  -60.150  -4.056 0.0000000000
38402  -51.020  -60.462  -4.360 0.0000000000
38403  -51.691  -60.720  -4.666 0.0000000000
38404  -52.207  -60.739  -4.917 0.0000000000
38416  -52.766  -60.858  -5.078 0.0000000000
38417  -53.498  -61.165  -5.358 0.0000000000
38418  -54.348  -61.291  -5.600 0.0000000000
38419  -55.284  -61.348  -5.687 0.0000000000
38420  -56.005  -61.678  -5.869 0.0000000000
38432  -55.902  -61.066  -5.675 0.0000000000
38433  -56.656  -61.567  -5.823 0.0000000000
38434  -57.895  -62.070  -5.784 0.0000000000
38435  -59.329  -62.295  -5.918 0.0000000000
38436  -60.729  -62.408  -6.239 0.0000000000
39518  -55.889  -60.643  8.227 0.0000000000
39658  -49.707  -58.941  -4.207 0.0000000000
39659  -50.639  -59.276  -4.536 0.0000000000
39660  -51.440  -59.461  -4.898 0.0000000000
39661  -51.890  -60.132  -4.991 0.0000000000
39669  -51.675  -58.875  -5.348 0.0000000000
39670  -52.223  -59.595  -5.236 0.0000000000
39671  -53.151  -59.887  -5.357 0.0000000000
39672  -53.920  -60.208  -5.507 0.0000000000
39673  -54.630  -60.346  -5.511 0.0000000000
39674  -59.088  -60.364  -5.228 0.0000000000
39675  -59.714  -60.551  -5.191 0.0000000000
39682  -55.396  -60.323  -5.531 0.0000000000
39683  -56.256  -60.439  -5.606 0.0000000000
39684  -57.294  -60.759  -5.513 0.0000000000
39685  -58.556  -61.153  -5.381 0.0000000000
39686  -59.962  -61.346  -5.313 0.0000000000
40890  -49.405  -57.844  -4.715 0.0000000000
40891  -50.323  -58.096  -5.005 0.0000000000
40892  -50.921  -58.713  -4.944 0.0000000000
40898  -50.593  -57.682  -5.551 0.0000000000
40899  -51.126  -58.205  -5.468 0.0000000000
40900  -51.900  -58.392  -5.614 0.0000000000
40901  -52.737  -58.718  -5.595 0.0000000000
40902  -53.795  -59.040  -5.584 0.0000000000
40903  -54.242  -59.705  -5.540 0.0000000000
40904  -58.685  -59.482  -5.227 0.0000000000
40905  -59.792  -59.865  -5.090 0.0000000000
40906  -61.193  -59.956  -4.639 0.0000000000
40914  -54.324  -58.722  -5.610 0.0000000000
40915  -54.718  -59.329  -5.586 0.0000000000
40916  -55.694  -59.464  -5.592 0.0000000000
40917  -56.705  -59.544  -5.548 0.0000000000
40918  -57.916  -59.797  -5.354 0.0000000000
40919  -60.060  -60.657  -5.142 0.0000000000
40920  -60.783  -60.847  -4.974 0.0000000000
42135  -49.634  -57.274  -5.378 0.0000000000
42136  -50.232  -57.377  -5.588 0.0000000000
42139  -49.956  -56.802  -5.784 0.0000000000
42140  -50.706  -57.192  -5.862 0.0000000000
42141  -51.490  -57.494  -5.908 0.0000000000
42142  -52.299  -57.686  -5.854 0.0000000000
42143  -53.249  -57.879  -5.758 0.0000000000
42144  -54.233  -58.048  -5.641 0.0000000000
42145  -54.885  -58.075  -5.617 0.0000000000
42146  -57.787  -57.674  -5.426 0.0000000000
42147  -58.658  -58.433  -5.219 0.0000000000
42148  -60.243  -58.739  -4.791 0.0000000000
42149  -61.654  -58.965  -4.456 0.0000000000
42154  -54.647  -58.548  -5.611 0.0000000000
42155  -55.203  -58.658  -5.621 0.0000000000
42156  -56.020  -58.604  -5.595 0.0000000000
42157  -57.201  -58.336  -5.511 0.0000000000
42158  -58.093  -59.000  -5.342 0.0000000000
43351  -49.546  -56.186  -5.759 0.0000000000
43352  -50.482  -56.278  -5.985 0.0000000000
43353  -51.211  -56.738  -6.089 0.0000000000
43354  -51.906  -56.964  -6.062 0.0000000000
43355  -52.752  -56.845  -5.875 0.0000000000
43356  -53.843  -57.005  -5.666 0.0000000000
43357  -55.055  -57.178  -5.710 0.0000000000
43358  -56.167  -56.819  -5.707 0.0000000000
43359  -57.185  -56.987  -5.693 0.0000000000
43360  -58.275  -57.060  -5.602 0.0000000000
43361  -59.453  -57.392  -5.195 0.0000000000
43362  -60.816  -57.723  -4.694 0.0000000000
43363  -62.186  -58.020  -4.246 0.0000000000
43369  -50.850  -55.965  -5.984 0.0000000000
43370  -51.166  -56.152  -6.048 0.0000000000
43371  -51.744  -56.425  -5.994 0.0000000000
43372  -52.180  -56.613  -5.963 0.0000000000
43373  -55.416  -58.028  -5.582 0.0000000000
43374  -56.053  -57.715  -5.584 0.0000000000
43375  -56.623  -57.437  -5.607 0.0000000000
44596  -49.980  -55.629  -5.660 0.0000000000
44597  -52.899  -56.286  -5.677 0.0000000000
44598  -53.442  -56.124  -5.536 0.0000000000
44599  -54.462  -55.984  -5.579 0.0000000000
44600  -55.580  -55.888  -5.667 0.0000000000
44601  -56.652  -55.848  -5.717 0.0000000000
44602  -57.736  -55.941  -5.764 0.0000000000
44603  -58.891  -56.134  -5.659 0.0000000000
44604  -60.075  -56.411  -5.125 0.0000000000
44605  -61.360  -56.731  -4.550 0.0000000000
44611  -50.671  -55.691  -5.684 0.0000000000
44612  -51.178  -55.738  -5.712 0.0000000000
44613  -51.744  -55.860  -5.680 0.0000000000
44614  -52.455  -56.113  -5.677 0.0000000000
44615  -53.020  -55.954  -5.516 0.0000000000
45832  -50.607  -54.999  -4.981 0.0000000000
45833  -51.513  -54.608  -4.601 0.0000000000
45834  -52.315  -54.455  -4.520 0.0000000000
45835  -53.081  -54.586  -4.616 0.0000000000
45836  -53.878  -55.006  -4.986 0.0000000000
45837  -55.103  -54.852  -5.079 0.0000000000
45838  -56.156  -54.779  -5.333 0.0000000000
45839  -57.199  -54.804  -5.489 0.0000000000
45840  -58.307  -54.928  -5.575 0.0000000000
45841  -59.496  -55.148  -5.544 0.0000000000
45842  -60.653  -55.426  -4.974 0.0000000000
45843  -61.911  -55.755  -4.279 0.0000000000
45849  -51.115  -55.310  -5.240 0.0000000000
45850  -51.700  -55.263  -5.152 0.0000000000
45851  -52.382  -55.332  -5.133 0.0000000000
45852  -53.024  -55.485  -5.186 0.0000000000
45853  -53.336  -55.670  -5.316 0.0000000000
47083  -51.697  -52.815  -3.585 0.0000000000
47084  -52.193  -52.367  -3.501 0.0000000000
47094  -51.193  -53.955  -4.141 0.0000000000
47095  -52.184  -53.228  -3.925 0.0000000000
47096  -53.005  -53.401  -4.066 0.0000000000
47097  -53.805  -53.484  -4.333 0.0000000000
47098  -54.735  -53.592  -4.575 0.0000000000
47099  -55.729  -53.590  -4.881 0.0000000000
47100  -56.709  -53.615  -5.178 0.0000000000
47101  -57.743  -53.728  -5.265 0.0000000000
47102  -58.863  -53.906  -5.258 0.0000000000
47103  -60.074  -54.144  -5.385 0.0000000000
47104  -61.221  -54.422  -4.803 0.0000000000
47105  -62.532  -54.754  -3.885 0.0000000000
48299  -52.179  -51.662  -3.093 0.0000000000
48300  -52.655  -51.726  -3.404 0.0000000000
48301  -53.169  -51.460  -3.533 0.0000000000
48308  -52.932  -52.381  -3.720 0.0000000000
48309  -53.613  -52.045  -3.796 0.0000000000
48310  -54.463  -52.163  -4.167 0.0000000000
48311  -55.355  -52.252  -4.497 0.0000000000
48312  -56.300  -52.346  -4.801 0.0000000000
48313  -57.260  -52.470  -5.076 0.0000000000
48314  -58.311  -52.651  -5.119 0.0000000000
48315  -59.438  -52.871  -5.226 0.0000000000
48316  -60.615  -53.123  -5.260 0.0000000000
48317  -61.688  -53.354  -4.689 0.0000000000
48318  -62.765  -53.515  -3.920 0.0000000000
49511  -52.605  -50.286  -3.146 0.0000000000
49512  -53.045  -50.447  -3.409 0.0000000000
49513  -63.163  -52.440  -3.840 0.0000000000
49518  -53.533  -50.551  -3.592 0.0000000000
49519  -54.206  -50.735  -3.785 0.0000000000
49520  -55.016  -50.858  -4.127 0.0000000000
49521  -55.950  -50.994  -4.332 0.0000000000
49522  -56.853  -51.169  -4.829 0.0000000000
49523  -57.829  -51.356  -5.092 0.0000000000
49524  -58.919  -51.583  -5.168 0.0000000000
49525  -60.041  -51.837  -5.275 0.0000000000
49526  -61.123  -52.091  -5.242 0.0000000000
49527  -62.088  -52.295  -4.627 0.0000000000
50613  -52.788  -49.365  -3.569 0.0000000000
50614  -62.472  -51.285  -4.422 0.0000000000
50615  -63.589  -51.295  -3.462 0.0000000000
50627  -52.586  -48.491  -4.141 0.0000000000
50628  -53.146  -49.152  -3.889 0.0000000000
50629  -53.812  -49.366  -3.920 0.0000000000
50630  -54.613  -49.445  -3.955 0.0000000000
50631  -55.548  -49.597  -4.083 0.0000000000
50632  -56.505  -49.846  -4.423 0.0000000000
50633  -57.444  -50.073  -4.813 0.0000000000
50634  -58.480  -50.291  -5.049 0.0000000000
50635  -59.592  -50.541  -5.368 0.0000000000
50636  -60.659  -50.834  -5.463 0.0000000000
50637  -61.561  -51.138  -5.128 0.0000000000
51697  -61.957  -50.403  -4.877 0.0000000000
51698  -62.795  -50.169  -4.236 0.0000000000
51699  -64.172  -49.909  -3.298 0.0000000000
51713  -52.601  -47.982  -4.824 0.0000000000
51714  -53.290  -48.231  -4.668 0.0000000000
51715  -54.028  -48.255  -4.631 0.0000000000
51716  -54.988  -48.187  -4.434 0.0000000000
51717  -56.060  -48.550  -4.504 0.0000000000
51718  -57.037  -48.830  -4.713 0.0000000000
51719  -58.057  -49.042  -4.845 0.0000000000
51720  -59.107  -49.251  -5.214 0.0000000000
51721  -60.265  -49.513  -5.479 0.0000000000
51722  -61.227  -49.959  -5.297 0.0000000000
51740  -52.719  -47.543  -5.688 0.0000000000
51741  -53.476  -47.629  -5.525 0.0000000000
51742  -53.927  -47.675  -5.407 0.0000000000
52774  -61.943  -49.497  -4.856 0.0000000000
52775  -62.766  -48.655  -4.312 0.0000000000
52776  -64.189  -48.178  -3.595 0.0000000000
52783  -54.314  -47.681  -5.168 0.0000000000
52784  -54.790  -47.245  -5.367 0.0000000000
52785  -55.636  -47.448  -4.993 0.0000000000
52786  -56.555  -47.715  -5.071 0.0000000000
52787  -57.518  -47.925  -5.224 0.0000000000
52788  -58.540  -48.069  -5.358 0.0000000000
52789  -59.662  -48.144  -5.479 0.0000000000
52790  -61.132  -48.332  -5.104 0.0000000000
52791  -62.072  -47.510  -4.641 0.0000000000
52803  -52.100  -47.224  -6.707 0.0000000000
52804  -52.959  -47.238  -6.524 0.0000000000
52805  -53.937  -47.183  -6.258 0.0000000000
52806  -54.681  -46.737  -6.187 0.0000000000
52823  -52.314  -46.807  -7.377 0.0000000000
52824  -53.132  -46.781  -7.272 0.0000000000
52825  -53.736  -46.599  -7.314 0.0000000000
53857  -63.143  -47.026  -4.211 0.0000000000
53866  -55.342  -46.681  -5.739 0.0000000000
53867  -56.149  -46.748  -5.474 0.0000000000
53868  -57.015  -46.881  -5.507 0.0000000000
53869  -57.947  -47.022  -5.664 0.0000000000
53870  -58.927  -47.039  -5.730 0.0000000000
53871  -60.051  -46.638  -5.499 0.0000000000
53872  -61.380  -46.785  -4.967 0.0000000000
53873  -62.201  -46.806  -4.653 0.0000000000
53882  -54.343  -46.529  -7.029 0.0000000000
53883  -55.067  -46.215  -6.740 0.0000000000
53884  -55.820  -46.134  -6.211 0.0000000000
53885  -56.585  -46.088  -5.976 0.0000000000
53886  -57.413  -46.088  -5.983 0.0000000000
53887  -58.293  -46.125  -6.042 0.0000000000
53888  -59.111  -46.141  -6.010 0.0000000000
53897  -51.728  -46.424  -8.153 0.0000000000
53898  -52.539  -46.353  -7.996 0.0000000000
53899  -53.250  -46.234  -7.903 0.0000000000
53900  -53.956  -46.037  -7.867 0.0000000000
53901  -54.579  -45.996  -7.447 0.0000000000
53917  -52.034  -45.951  -8.647 0.0000000000
53918  -52.766  -45.839  -8.468 0.0000000000
53919  -53.381  -45.743  -8.372 0.0000000000
54980  -63.208  -46.127  -4.193 0.0000000000
54994  -60.182  -45.778  -5.835 0.0000000000
54995  -60.879  -45.583  -5.535 0.0000000000
54996  -62.363  -45.925  -4.696 0.0000000000
54997  -63.243  -45.661  -4.225 0.0000000000
55008  -55.578  -45.684  -6.900 0.0000000000
55009  -56.204  -45.555  -6.663 0.0000000000
55010  -56.930  -45.468  -6.501 0.0000000000
55011  -57.690  -45.233  -6.608 0.0000000000
55012  -58.633  -45.341  -6.379 0.0000000000
55013  -59.650  -45.493  -6.140 0.0000000000
55014  -60.243  -45.392  -6.010 0.0000000000
55026  -54.444  -45.586  -7.967 0.0000000000
55027  -55.057  -45.509  -7.499 0.0000000000
55028  -55.766  -45.080  -7.453 0.0000000000
55029  -56.594  -45.048  -7.114 0.0000000000
55030  -57.130  -45.038  -6.903 0.0000000000
55040  -51.579  -45.492  -9.206 0.0000000000
55041  -52.362  -45.435  -9.013 0.0000000000
55042  -53.074  -45.376  -8.846 0.0000000000
55043  -53.871  -45.223  -8.689 0.0000000000
55044  -54.752  -45.111  -8.220 0.0000000000
55045  -55.256  -45.054  -7.850 0.0000000000
55062  -51.141  -44.997  -9.703 0.0000000000
55063  -51.959  -44.965  -9.519 0.0000000000
55064  -52.774  -44.978  -9.329 0.0000000000
55065  -53.314  -45.031  -9.119 0.0000000000
56111  -61.049  -44.771  -5.783 0.0000000000
56112  -61.853  -44.777  -5.297 0.0000000000
56113  -63.300  -44.691  -4.359 0.0000000000
56123  -57.692  -44.803  -6.976 0.0000000000
56124  -58.102  -44.739  -6.930 0.0000000000
56125  -59.036  -44.495  -6.747 0.0000000000
56126  -60.294  -44.626  -6.286 0.0000000000
56138  -55.820  -44.774  -7.804 0.0000000000
56139  -56.230  -44.693  -7.738 0.0000000000
56140  -57.315  -44.561  -7.507 0.0000000000
56141  -58.259  -44.115  -7.499 0.0000000000
56142  -58.895  -43.734  -7.381 0.0000000000
56153  -53.938  -44.805  -9.071 0.0000000000
56154  -54.402  -44.662  -8.934 0.0000000000
56155  -55.486  -44.605  -8.289 0.0000000000
56156  -56.470  -44.241  -8.422 0.0000000000
56157  -57.132  -43.950  -8.497 0.0000000000
56173  -51.534  -44.465  -10.086 0.0000000000
56174  -52.390  -44.484  -9.816 0.0000000000
56175  -53.541  -44.505  -9.522 0.0000000000
56176  -54.295  -44.259  -9.409 0.0000000000
56193  -51.040  -44.051  -10.537 0.0000000000
56194  -51.552  -44.055  -10.411 0.0000000000
57215  -61.304  -44.073  -5.975 0.0000000000
57216  -62.420  -43.591  -5.312 0.0000000000
57217  -63.564  -43.332  -4.479 0.0000000000
57224  -59.634  -43.701  -7.002 0.0000000000
57225  -60.622  -43.325  -6.663 0.0000000000
57226  -61.620  -43.186  -6.148 0.0000000000
57235  -57.740  -43.790  -8.242 0.0000000000
57236  -58.452  -43.300  -8.108 0.0000000000
57237  -59.200  -43.084  -7.635 0.0000000000
57238  -59.887  -42.949  -7.300 0.0000000000
57247  -54.903  -44.057  -9.179 0.0000000000
57248  -55.806  -43.881  -9.076 0.0000000000
57249  -56.702  -43.618  -9.180 0.0000000000
57250  -57.362  -43.486  -8.943 0.0000000000
57251  -57.879  -43.211  -8.741 0.0000000000
57259  -51.946  -44.088  -10.232 0.0000000000
57260  -52.597  -43.911  -10.190 0.0000000000
57261  -53.395  -43.596  -10.209 0.0000000000
57262  -54.288  -43.731  -9.850 0.0000000000
57263  -55.212  -43.408  -9.663 0.0000000000
57264  -56.031  -43.295  -9.600 0.0000000000
57280  -51.645  -43.507  -10.605 0.0000000000
57281  -52.612  -43.143  -10.505 0.0000000000
57282  -53.322  -42.925  -10.467 0.0000000000
58473  -63.236  -42.675  -5.040 0.0000000000
58482  -61.369  -42.379  -6.611 0.0000000000
58483  -62.369  -42.389  -5.787 0.0000000000
58484  -63.374  -41.869  -5.153 0.0000000000
58491  -58.935  -42.673  -8.279 0.0000000000
58492  -59.701  -42.362  -8.023 0.0000000000
58493  -60.511  -42.347  -7.303 0.0000000000
58501  -57.119  -43.266  -9.393 0.0000000000
58502  -57.532  -42.965  -9.338 0.0000000000
58503  -58.333  -42.522  -8.999 0.0000000000
58504  -59.134  -42.155  -8.690 0.0000000000
58513  -53.915  -43.140  -10.316 0.0000000000
58514  -54.639  -42.937  -10.220 0.0000000000
58515  -55.627  -42.693  -10.102 0.0000000000
58516  -56.742  -42.802  -9.781 0.0000000000
58517  -57.605  -42.253  -9.735 0.0000000000
58518  -58.241  -41.821  -9.626 0.0000000000
58528  -50.950  -42.749  -11.124 0.0000000000
58529  -51.894  -42.565  -10.897 0.0000000000
58530  -52.827  -42.361  -10.721 0.0000000000
58531  -53.848  -42.374  -10.567 0.0000000000
58532  -54.856  -42.179  -10.527 0.0000000000
58533  -55.599  -41.999  -10.461 0.0000000000
59714  -61.998  -41.627  -6.355 0.0000000000
59715  -62.859  -41.316  -5.725 0.0000000000
59716  -63.984  -40.769  -4.787 0.0000000000
59721  -60.327  -41.676  -7.859 0.0000000000
59722  -61.211  -41.254  -7.132 0.0000000000
59723  -62.356  -40.723  -6.373 0.0000000000
59724  -63.193  -40.452  -5.665 0.0000000000
59729  -58.857  -41.692  -9.203 0.0000000000
59730  -59.722  -41.351  -8.612 0.0000000000
59731  -60.517  -40.971  -7.952 0.0000000000
59741  -56.202  -42.166  -10.226 0.0000000000
59742  -56.885  -41.835  -10.116 0.0000000000
59743  -57.729  -41.333  -10.078 0.0000000000
59744  -58.521  -41.124  -9.679 0.0000000000
59745  -59.113  -41.024  -9.224 0.0000000000
59754  -51.203  -42.013  -11.396 0.0000000000
59755  -52.164  -41.691  -11.254 0.0000000000
59756  -53.188  -41.597  -10.960 0.0000000000
59757  -54.186  -41.522  -10.852 0.0000000000
59758  -55.126  -41.433  -10.685 0.0000000000
59759  -56.080  -41.381  -10.445 0.0000000000
59760  -56.960  -41.027  -10.368 0.0000000000
59761  -57.519  -40.682  -10.303 0.0000000000
59770  -51.327  -41.253  -11.679 0.0000000000
59771  -52.006  -41.007  -11.644 0.0000000000
60897  -61.880  -39.892  -6.895 0.0000000000
60898  -62.911  -39.668  -5.956 0.0000000000
60899  -63.805  -39.697  -5.099 0.0000000000
60904  -60.315  -40.155  -8.270 0.0000000000
60905  -61.038  -40.293  -7.579 0.0000000000
60914  -58.139  -40.344  -10.066 0.0000000000
60915  -58.956  -40.351  -9.455 0.0000000000
60916  -59.558  -40.485  -8.944 0.0000000000
60925  -52.672  -41.026  -11.408 0.0000000000
60926  -53.491  -40.737  -11.274 0.0000000000
60927  -54.535  -40.765  -10.991 0.0000000000
60928  -55.452  -40.661  -10.735 0.0000000000
60929  -56.333  -40.494  -10.538 0.0000000000
60930  -57.118  -40.314  -10.446 0.0000000000
60931  -57.598  -40.261  -10.316 0.0000000000
60938  -50.711  -40.794  -12.013 0.0000000000
60939  -51.457  -40.452  -11.912 0.0000000000
60940  -52.310  -40.518  -11.723 0.0000000000
60941  -52.845  -40.578  -11.515 0.0000000000
60951  -50.350  -40.317  -12.373 0.0000000000
60952  -50.884  -40.321  -12.110 0.0000000000
62020  -61.796  -39.269  -6.865 0.0000000000
62021  -62.390  -38.779  -6.383 0.0000000000
62022  -64.013  -38.349  -5.166 0.0000000000
62028  -60.403  -39.274  -8.137 0.0000000000
62029  -61.285  -39.086  -7.362 0.0000000000
62030  -62.053  -37.984  -6.697 0.0000000000
62037  -58.161  -39.625  -9.965 0.0000000000
62038  -58.693  -39.561  -9.579 0.0000000000
62039  -59.631  -39.411  -8.796 0.0000000000
62050  -53.499  -40.158  -11.382 0.0000000000
62051  -54.025  -40.116  -11.192 0.0000000000
62052  -54.857  -39.965  -10.964 0.0000000000
62053  -55.770  -39.818  -10.782 0.0000000000
62054  -56.657  -39.680  -10.589 0.0000000000
62055  -57.569  -39.596  -10.270 0.0000000000
62067  -51.465  -40.044  -12.028 0.0000000000
62068  -51.882  -39.928  -11.970 0.0000000000
62069  -52.899  -39.998  -11.639 0.0000000000
62080  -51.066  -39.758  -12.276 0.0000000000
62081  -51.668  -39.418  -12.155 0.0000000000
63176  -63.145  -37.376  -6.064 0.0000000000
63177  -64.358  -37.036  -5.514 0.0000000000
63186  -60.451  -38.339  -7.967 0.0000000000
63187  -61.455  -37.708  -7.272 0.0000000000
63188  -62.331  -37.167  -6.741 0.0000000000
63196  -58.177  -38.855  -9.710 0.0000000000
63197  -59.022  -38.569  -9.091 0.0000000000
63198  -59.720  -38.278  -8.533 0.0000000000
63208  -53.582  -39.723  -11.436 0.0000000000
63209  -54.234  -39.282  -11.309 0.0000000000
63210  -55.222  -39.098  -11.123 0.0000000000
63211  -56.139  -38.912  -10.857 0.0000000000
63212  -56.975  -38.825  -10.483 0.0000000000
63213  -57.563  -38.696  -10.093 0.0000000000
63228  -52.247  -39.187  -11.937 0.0000000000
63229  -53.254  -38.972  -11.638 0.0000000000
63230  -53.985  -38.528  -11.475 0.0000000000
63243  -50.510  -38.930  -12.961 0.0000000000
63244  -51.484  -38.755  -12.446 0.0000000000
64384  -64.091  -36.586  -6.167 0.0000000000
64393  -60.953  -36.992  -7.744 0.0000000000
64394  -62.008  -36.645  -7.248 0.0000000000
64395  -63.281  -36.277  -6.630 0.0000000000
64396  -64.384  -36.118  -6.542 0.0000000000
64402  -58.481  -37.614  -9.158 0.0000000000
64403  -59.419  -37.479  -8.522 0.0000000000
64404  -60.140  -37.488  -8.124 0.0000000000
64410  -54.695  -38.469  -11.322 0.0000000000
64411  -55.470  -38.008  -11.015 0.0000000000
64412  -56.476  -37.990  -10.552 0.0000000000
64413  -57.272  -38.003  -10.140 0.0000000000
64414  -57.803  -38.107  -9.699 0.0000000000
64427  -52.443  -38.049  -12.124 0.0000000000
64428  -53.455  -37.963  -11.699 0.0000000000
64429  -54.289  -37.890  -11.430 0.0000000000
64430  -54.850  -37.916  -11.279 0.0000000000
64442  -50.883  -38.074  -12.996 0.0000000000
64443  -51.613  -37.858  -12.573 0.0000000000
65593  -65.448  -35.767  -6.743 0.0000000000
65600  -60.931  -36.431  -7.868 0.0000000000
65601  -61.459  -36.147  -7.717 0.0000000000
65602  -62.812  -35.712  -7.548 0.0000000000
65603  -64.850  -35.577  -7.337 0.0000000000
65610  -58.351  -36.508  -9.166 0.0000000000
65611  -59.106  -36.480  -8.628 0.0000000000
65612  -60.450  -36.270  -8.136 0.0000000000
65613  -61.899  -35.480  -8.281 0.0000000000
65614  -63.705  -35.094  -8.853 0.0000000000
65615  -65.795  -34.904  -8.969 0.0000000000
65622  -55.385  -37.321  -10.837 0.0000000000
65623  -55.896  -36.987  -10.491 0.0000000000
65624  -56.935  -37.060  -10.008 0.0000000000
65625  -57.747  -37.217  -9.589 0.0000000000
65626  -64.042  -34.811  -9.904 0.0000000000
65627  -65.114  -34.600  -9.891 0.0000000000
65640  -52.501  -37.333  -12.231 0.0000000000
65641  -52.961  -37.111  -12.039 0.0000000000
65642  -53.843  -37.153  -11.573 0.0000000000
65643  -54.822  -37.239  -11.110 0.0000000000
65644  -55.325  -36.952  -10.758 0.0000000000
65658  -51.250  -37.254  -12.834 0.0000000000
65659  -52.079  -37.177  -12.446 0.0000000000
65660  -52.535  -36.994  -12.278 0.0000000000
66760  -58.292  -36.055  -9.196 0.0000000000
66761  -58.683  -35.837  -8.980 0.0000000000
66762  -59.709  -35.420  -8.695 0.0000000000
66763  -61.012  -35.112  -8.813 0.0000000000
66764  -62.220  -35.051  -9.144 0.0000000000
66771  -55.940  -36.144  -10.461 0.0000000000
66772  -56.638  -36.070  -10.220 0.0000000000
66773  -57.834  -35.869  -9.505 0.0000000000
66774  -59.056  -34.904  -9.287 0.0000000000
66775  -60.371  -34.578  -9.457 0.0000000000
66776  -61.681  -34.637  -9.931 0.0000000000
66777  -63.104  -34.887  -10.154 0.0000000000
66778  -64.399  -34.649  -10.688 0.0000000000
66779  -65.899  -34.424  -10.976 0.0000000000
66790  -52.969  -36.617  -12.106 0.0000000000
66791  -53.310  -36.377  -11.873 0.0000000000
66792  -54.164  -36.280  -11.256 0.0000000000
66793  -55.175  -36.162  -10.650 0.0000000000
66794  -62.435  -34.660  -11.000 0.0000000000
66795  -63.495  -34.671  -11.303 0.0000000000
66796  -64.901  -34.400  -11.723 0.0000000000
66810  -50.872  -36.632  -12.785 0.0000000000
66811  -51.677  -36.439  -12.654 0.0000000000
66812  -52.596  -36.354  -12.328 0.0000000000
66813  -53.063  -35.711  -12.089 0.0000000000
66814  -62.807  -34.616  -11.747 0.0000000000
66815  -63.656  -34.447  -12.031 0.0000000000
66816  -64.593  -34.280  -12.296 0.0000000000
67916  -55.977  -35.234  -10.378 0.0000000000
67917  -57.136  -34.881  -10.124 0.0000000000
67918  -58.352  -34.369  -9.852 0.0000000000
67919  -59.891  -33.975  -10.256 0.0000000000
67920  -61.116  -34.270  -10.555 0.0000000000
67921  -61.775  -34.496  -10.827 0.0000000000
67930  -53.589  -35.405  -11.655 0.0000000000
67931  -54.415  -35.255  -11.018 0.0000000000
67932  -55.141  -35.048  -10.612 0.0000000000
67933  -60.419  -33.637  -10.869 0.0000000000
67934  -61.003  -33.908  -11.148 0.0000000000
67935  -61.963  -34.337  -11.582 0.0000000000
67936  -65.881  -34.188  -12.355 0.0000000000
67946  -51.262  -35.829  -12.559 0.0000000000
67947  -52.057  -35.593  -12.516 0.0000000000
67948  -52.672  -35.330  -12.316 0.0000000000
67949  -53.105  -35.141  -12.062 0.0000000000
67950  -62.782  -34.401  -12.217 0.0000000000
67951  -63.751  -34.218  -12.443 0.0000000000
67952  -65.058  -34.073  -12.548 0.0000000000
68975  -56.497  -33.942  -10.551 0.0000000000
68976  -57.749  -33.725  -10.371 0.0000000000
68977  -58.941  -33.507  -10.569 0.0000000000
68978  -59.949  -33.335  -10.860 0.0000000000
68987  -53.323  -34.209  -11.997 0.0000000000
68988  -53.931  -34.414  -11.553 0.0000000000
68989  -54.842  -34.288  -11.069 0.0000000000
68990  -55.580  -34.348  -10.687 0.0000000000
68991  -60.702  -33.519  -11.400 0.0000000000
68992  -61.631  -33.910  -12.034 0.0000000000
68993  -62.217  -34.257  -12.228 0.0000000000
69001  -50.666  -35.358  -11.822 0.0000000000
69002  -51.703  -35.101  -12.257 0.0000000000
69003  -52.433  -34.829  -12.321 0.0000000000
69004  -52.932  -34.659  -12.207 0.0000000000
69005  -53.336  -34.724  -11.902 0.0000000000
69006  -61.999  -33.850  -12.409 0.0000000000
69007  -62.697  -34.060  -12.468 0.0000000000
69008  -64.123  -34.012  -12.574 0.0000000000
70094  -49.907  -33.722  -10.339 0.0000000000
70095  -56.367  -33.183  -10.743 0.0000000000
70096  -57.251  -33.036  -10.641 0.0000000000
70097  -58.516  -32.893  -10.913 0.0000000000
70098  -59.341  -33.027  -11.097 0.0000000000
70107  -49.943  -34.284  -10.752 0.0000000000
70108  -50.810  -34.245  -10.796 0.0000000000
70109  -51.712  -34.287  -11.316 0.0000000000
70110  -53.277  -33.924  -11.944 0.0000000000
70111  -53.728  -33.770  -11.742 0.0000000000
70112  -54.546  -33.573  -11.440 0.0000000000
70113  -55.569  -33.362  -11.022 0.0000000000
70114  -59.249  -32.626  -11.270 0.0000000000
70115  -60.227  -32.886  -11.394 0.0000000000
70116  -61.045  -33.378  -11.822 0.0000000000
70126  -50.532  -34.719  -11.190 0.0000000000
70127  -51.315  -34.716  -11.593 0.0000000000
70128  -52.219  -34.405  -11.966 0.0000000000
70129  -52.890  -34.147  -12.094 0.0000000000
70130  -61.006  -33.090  -11.876 0.0000000000
70131  -61.563  -33.474  -12.154 0.0000000000
70132  -62.258  -33.676  -12.459 0.0000000000
70133  -63.275  -33.802  -12.557 0.0000000000
71230  -49.480  -32.254  -9.730 0.0000000000
71231  -49.963  -32.479  -9.690 0.0000000000
71232  -50.896  -32.914  -9.671 0.0000000000
71245  -49.164  -32.623  -9.977 0.0000000000
71246  -50.554  -33.435  -10.122 0.0000000000
71247  -51.683  -33.496  -10.310 0.0000000000
71248  -55.280  -32.612  -11.129 0.0000000000
71249  -56.249  -32.635  -10.738 0.0000000000
71250  -58.270  -32.300  -10.957 0.0000000000
71251  -58.849  -32.445  -11.235 0.0000000000
71267  -51.491  -33.958  -10.733 0.0000000000
71268  -52.491  -33.858  -11.377 0.0000000000
71269  -53.322  -33.641  -11.742 0.0000000000
71270  -54.203  -33.181  -11.527 0.0000000000
71271  -55.113  -32.866  -11.251 0.0000000000
71272  -55.591  -32.840  -11.082 0.0000000000
71273  -58.814  -32.022  -11.326 0.0000000000
71274  -59.385  -32.256  -11.424 0.0000000000
71275  -60.808  -32.680  -11.754 0.0000000000
71276  -61.803  -32.855  -12.052 0.0000000000
71277  -62.834  -33.062  -12.169 0.0000000000
71295  -52.678  -34.043  -11.963 0.0000000000
71296  -52.872  -33.885  -11.940 0.0000000000
71297  -61.276  -33.105  -12.029 0.0000000000
71298  -61.701  -33.196  -12.182 0.0000000000
71299  -62.559  -33.356  -12.384 0.0000000000
72367  -51.247  -31.582  -8.708 0.0000000000
72368  -52.376  -32.193  -8.664 0.0000000000
72369  -53.101  -32.405  -8.946 0.0000000000
72382  -49.427  -31.641  -9.760 0.0000000000
72383  -50.433  -31.888  -9.246 0.0000000000
72384  -51.947  -32.856  -9.498 0.0000000000
72385  -52.924  -32.678  -9.435 0.0000000000
72400  -48.724  -31.374  -10.350 0.0000000000
72401  -52.616  -33.482  -10.653 0.0000000000
72402  -53.453  -33.031  -10.441 0.0000000000
72403  -54.385  -32.593  -10.990 0.0000000000
72404  -55.317  -32.420  -10.872 0.0000000000
72405  -56.431  -32.185  -10.449 0.0000000000
72406  -57.904  -32.049  -10.757 0.0000000000
72407  -58.714  -31.757  -11.021 0.0000000000
72408  -61.608  -32.391  -11.578 0.0000000000
72409  -62.269  -32.517  -11.484 0.0000000000
72429  -52.751  -33.607  -11.126 0.0000000000
72430  -53.123  -33.464  -11.174 0.0000000000
72431  -53.896  -33.016  -11.346 0.0000000000
72432  -54.694  -32.703  -11.311 0.0000000000
72433  -58.582  -32.012  -11.170 0.0000000000
72434  -59.046  -31.888  -11.292 0.0000000000
72435  -59.965  -32.043  -11.532 0.0000000000
72436  -60.998  -32.285  -11.601 0.0000000000
72437  -62.060  -32.665  -11.849 0.0000000000
73544  -52.365  -30.214  -7.496 0.0000000000
73545  -52.932  -30.720  -7.317 0.0000000000
73546  -54.001  -31.134  -7.294 0.0000000000
73547  -54.844  -31.321  -7.322 0.0000000000
73567  -50.892  -30.378  -8.650 0.0000000000
73568  -51.929  -30.864  -7.979 0.0000000000
73569  -53.411  -31.935  -8.234 0.0000000000
73570  -54.702  -31.812  -8.075 0.0000000000
73571  -55.385  -31.673  -7.808 0.0000000000
73593  -49.779  -30.558  -9.624 0.0000000000
73594  -50.444  -30.802  -9.051 0.0000000000
73595  -53.804  -32.620  -9.600 0.0000000000
73596  -54.749  -32.399  -9.211 0.0000000000
73597  -55.871  -31.962  -8.798 0.0000000000
73598  -56.707  -31.690  -9.169 0.0000000000
73623  -49.051  -30.389  -10.567 0.0000000000
73624  -54.141  -32.615  -10.503 0.0000000000
73625  -54.693  -32.377  -10.404 0.0000000000
73626  -55.671  -32.020  -10.152 0.0000000000
73627  -57.004  -31.690  -9.994 0.0000000000
73628  -58.358  -31.689  -10.497 0.0000000000
73629  -59.387  -31.560  -11.042 0.0000000000
73630  -60.351  -31.629  -11.095 0.0000000000
73631  -61.309  -32.035  -11.174 0.0000000000
73654  -59.610  -31.775  -11.407 0.0000000000
73655  -60.123  -31.821  -11.402 0.0000000000
73656  -60.646  -31.894  -11.390 0.0000000000
74776  -53.048  -29.244  -6.819 0.0000000000
74777  -53.360  -29.362  -6.645 0.0000000000
74778  -54.167  -29.519  -6.314 0.0000000000
74779  -55.376  -29.537  -5.889 0.0000000000
74799  -51.939  -29.796  -7.673 0.0000000000
74800  -52.734  -29.509  -7.133 0.0000000000
74801  -53.604  -30.181  -6.755 0.0000000000
74802  -54.730  -30.555  -6.615 0.0000000000
74803  -55.826  -30.587  -6.415 0.0000000000
74804  -56.757  -30.736  -6.364 0.0000000000
74824  -50.695  -29.854  -8.727 0.0000000000
74825  -51.155  -29.547  -8.418 0.0000000000
74826  -55.511  -31.226  -7.132 0.0000000000
74827  -56.347  -31.319  -7.144 0.0000000000
74828  -57.243  -31.407  -7.281 0.0000000000
74847  -49.802  -29.966  -9.624 0.0000000000
74848  -50.268  -29.658  -9.309 0.0000000000
74849  -50.773  -28.746  -9.069 0.0000000000
74850  -55.986  -31.690  -7.797 0.0000000000
74851  -56.734  -31.688  -8.274 0.0000000000
74852  -57.672  -31.662  -8.444 0.0000000000
74853  -58.626  -31.546  -8.677 0.0000000000
74868  -49.661  -29.766  -10.147 0.0000000000
74869  -49.966  -28.890  -10.499 0.0000000000
74870  -57.204  -31.577  -9.220 0.0000000000
74871  -57.978  -31.563  -9.576 0.0000000000
74872  -59.010  -31.457  -9.968 0.0000000000
74873  -59.998  -31.502  -10.278 0.0000000000
74874  -60.798  -31.683  -10.509 0.0000000000
75945  -53.104  -28.904  -6.797 0.0000000000
75946  -53.679  -28.795  -6.455 0.0000000000
75947  -54.471  -28.505  -6.193 0.0000000000
75971  -51.910  -28.886  -7.815 0.0000000000
75972  -52.673  -28.323  -7.361 0.0000000000
75973  -53.358  -28.243  -6.783 0.0000000000
75974  -53.849  -28.255  -6.483 0.0000000000
75993  -51.375  -28.404  -8.624 0.0000000000
75994  -51.997  -27.924  -8.112 0.0000000000
76007  -50.553  -28.429  -9.939 0.0000000000
76008  -51.154  -28.013  -9.496 0.0000000000
76009  -51.635  -27.564  -9.067 0.0000000000
77129  -54.445  -27.944  -6.327 0.0000000000
77151  -52.776  -27.881  -7.441 0.0000000000
77152  -53.079  -27.749  -7.278 0.0000000000
77153  -53.992  -27.559  -6.723 0.0000000000
77166  -52.627  -27.631  -7.718 0.0000000000
77167  -53.146  -27.010  -7.759 0.0000000000
77183  -52.356  -27.155  -8.586 0.0000000000
82820  -61.161  -21.594  -8.369 0.0000000000
83973  -61.790  -20.531  -8.156 0.0000000000
83974  -62.321  -20.587  -7.427 0.0000000000
83986  -60.621  -20.854  -9.274 0.0000000000
83987  -61.224  -20.808  -8.940 0.0000000000
85173  -61.967  -20.055  -8.206 0.0000000000
85174  -62.511  -19.826  -7.385 0.0000000000
85175  -63.389  -19.327  -6.499 0.0000000000
85186  -60.597  -20.085  -8.819 0.0000000000
85187  -61.566  -20.011  -8.539 0.0000000000
85188  -62.005  -19.542  -8.107 0.0000000000
86355  -61.658  -18.597  -7.551 0.0000000000
86356  -62.149  -18.945  -7.639 0.0000000000
86357  -63.059  -18.858  -6.716 0.0000000000
86371  -61.057  -19.073  -8.029 0.0000000000
86372  -61.735  -19.408  -8.208 0.0000000000
87424  -63.604  -17.996  -5.872 0.0000000000
87435  -61.223  -18.159  -7.103 0.0000000000
87436  -62.019  -18.163  -7.029 0.0000000000
87437  -62.679  -18.167  -6.626 0.0000000000
87448  -59.775  -18.645  -7.319 0.0000000000
87449  -60.454  -18.272  -7.185 0.0000000000
88521  -62.495  -16.645  -6.044 0.0000000000
88522  -63.092  -17.087  -6.072 0.0000000000
88534  -60.308  -17.365  -6.661 0.0000000000
88535  -61.846  -17.185  -6.428 0.0000000000
88536  -62.402  -17.677  -6.536 0.0000000000
88549  -59.935  -17.988  -7.066 0.0000000000
89666  -62.126  -16.287  -5.983 0.0000000000
89678  -61.180  -16.040  -6.173 0.0000000000
