#!ascii label  , from subject subject001 vox2ras=TkReg
804
109477  -22.199  4.523  -15.013 0.0000000000
109478  -22.674  4.244  -15.266 0.0000000000
109479  -22.899  4.159  -15.428 0.0000000000
109491  -23.104  3.880  -15.832 0.0000000000
109492  -23.389  3.776  -15.915 0.0000000000
110426  -21.390  5.411  -14.654 0.0000000000
110427  -21.814  5.079  -14.853 0.0000000000
110428  -22.304  4.738  -15.093 0.0000000000
110429  -22.742  4.492  -15.293 0.0000000000
110430  -24.394  3.992  -15.345 0.0000000000
110447  -21.842  4.800  -14.858 0.0000000000
110448  -23.092  4.264  -15.510 0.0000000000
110449  -23.460  4.181  -15.756 0.0000000000
110450  -23.924  4.337  -15.887 0.0000000000
110451  -23.870  4.300  -16.095 0.0000000000
110467  -23.562  3.880  -16.054 0.0000000000
110468  -23.594  4.038  -16.227 0.0000000000
111303  -20.734  6.157  -14.402 0.0000000000
111304  -21.292  5.773  -14.611 0.0000000000
111305  -21.974  5.364  -14.955 0.0000000000
111306  -22.480  4.893  -15.182 0.0000000000
111307  -24.282  3.948  -15.149 0.0000000000
111308  -25.173  4.074  -13.160 0.0000000000
111327  -22.456  5.205  -15.161 0.0000000000
111328  -22.973  4.774  -15.362 0.0000000000
111329  -23.657  4.663  -15.678 0.0000000000
111330  -24.269  4.492  -15.582 0.0000000000
111331  -24.210  4.619  -15.855 0.0000000000
112251  -19.803  7.016  -14.096 0.0000000000
112252  -20.562  6.575  -14.332 0.0000000000
112253  -21.351  6.215  -14.639 0.0000000000
112254  -22.266  5.810  -15.053 0.0000000000
112255  -22.635  5.886  -15.200 0.0000000000
112256  -26.082  6.642  -15.960 0.0000000000
112257  -26.327  6.621  -16.088 0.0000000000
112279  -22.676  5.289  -15.243 0.0000000000
112280  -23.039  5.411  -15.337 0.0000000000
112281  -23.896  5.186  -15.616 0.0000000000
112282  -24.223  5.079  -15.927 0.0000000000
112283  -24.406  5.211  -16.423 0.0000000000
112286  -27.795  7.457  -18.490 0.0000000000
112287  -28.803  7.917  -18.195 0.0000000000
112288  -29.334  8.191  -18.019 0.0000000000
112309  -29.267  8.753  -19.034 0.0000000000
112310  -29.501  9.552  -19.486 0.0000000000
112339  -30.482  9.128  -21.048 0.0000000000
113195  -18.980  7.876  -13.711 0.0000000000
113196  -19.710  7.706  -13.810 0.0000000000
113197  -20.107  7.641  -13.888 0.0000000000
113218  -19.321  7.458  -13.871 0.0000000000
113219  -19.800  7.280  -14.001 0.0000000000
113220  -20.531  7.161  -14.239 0.0000000000
113221  -21.570  6.743  -14.638 0.0000000000
113222  -22.556  6.460  -15.011 0.0000000000
113223  -23.389  6.638  -15.158 0.0000000000
113224  -24.204  6.689  -15.288 0.0000000000
113225  -25.048  6.822  -15.406 0.0000000000
113226  -25.832  7.042  -15.550 0.0000000000
113227  -26.728  6.909  -15.862 0.0000000000
113228  -27.884  7.388  -16.167 0.0000000000
113229  -28.722  7.905  -16.421 0.0000000000
113230  -29.171  8.248  -16.590 0.0000000000
113254  -22.875  5.907  -15.260 0.0000000000
113255  -23.298  5.901  -15.371 0.0000000000
113256  -24.001  5.875  -15.572 0.0000000000
113257  -24.738  5.850  -15.821 0.0000000000
113258  -25.617  6.178  -16.101 0.0000000000
113259  -26.268  6.207  -16.592 0.0000000000
113260  -27.206  6.695  -17.330 0.0000000000
113261  -28.379  7.428  -17.245 0.0000000000
113262  -29.230  7.985  -17.253 0.0000000000
113285  -25.091  5.453  -16.475 0.0000000000
113287  -25.616  6.511  -17.996 0.0000000000
113288  -26.313  7.321  -18.951 0.0000000000
113289  -29.760  8.476  -17.859 0.0000000000
113290  -30.018  9.126  -18.658 0.0000000000
113291  -30.909  10.082  -19.043 0.0000000000
113292  -31.108  10.168  -18.981 0.0000000000
113307  -30.007  9.771  -19.347 0.0000000000
113308  -30.180  9.983  -19.542 0.0000000000
113309  -30.686  10.124  -19.167 0.0000000000
113310  -30.946  10.131  -19.229 0.0000000000
113319  -30.107  9.395  -19.627 0.0000000000
114084  -14.569  9.129  -12.502 0.0000000000
114085  -15.119  8.983  -12.653 0.0000000000
114086  -15.646  8.981  -12.870 0.0000000000
114087  -16.030  8.928  -13.066 0.0000000000
114103  -16.526  8.832  -13.252 0.0000000000
114104  -17.389  8.729  -13.446 0.0000000000
114106  -19.036  8.331  -13.618 0.0000000000
114107  -19.833  8.126  -13.687 0.0000000000
114108  -20.531  8.109  -13.801 0.0000000000
114109  -21.280  8.050  -14.029 0.0000000000
114110  -21.985  8.034  -14.262 0.0000000000
114129  -20.388  7.684  -13.952 0.0000000000
114130  -20.990  7.520  -14.258 0.0000000000
114131  -21.825  7.379  -14.522 0.0000000000
114132  -22.717  7.512  -14.688 0.0000000000
114133  -23.633  7.435  -14.885 0.0000000000
114134  -24.453  7.547  -14.942 0.0000000000
114135  -25.336  7.716  -15.001 0.0000000000
114136  -26.294  7.797  -15.090 0.0000000000
114137  -27.352  7.906  -15.270 0.0000000000
114138  -28.260  8.250  -15.656 0.0000000000
114139  -28.945  8.598  -16.121 0.0000000000
114161  -29.619  8.699  -16.752 0.0000000000
114181  -30.281  9.076  -17.480 0.0000000000
114182  -30.640  9.560  -18.279 0.0000000000
114183  -30.984  9.918  -18.444 0.0000000000
114184  -31.120  10.108  -18.705 0.0000000000
114185  -31.497  10.272  -18.601 0.0000000000
114186  -31.739  10.507  -18.454 0.0000000000
114195  -30.523  9.857  -19.044 0.0000000000
114196  -30.514  9.964  -19.204 0.0000000000
114197  -30.732  9.980  -19.148 0.0000000000
114198  -31.273  10.245  -18.782 0.0000000000
114205  -30.360  9.791  -19.371 0.0000000000
114206  -30.518  9.849  -19.217 0.0000000000
115014  -13.956  9.751  -12.456 0.0000000000
115015  -14.551  9.557  -12.578 0.0000000000
115016  -15.238  9.439  -12.751 0.0000000000
115017  -15.996  9.290  -13.053 0.0000000000
115031  -16.807  9.222  -13.256 0.0000000000
115032  -17.599  9.106  -13.395 0.0000000000
115034  -19.158  8.857  -13.524 0.0000000000
115035  -19.967  8.759  -13.500 0.0000000000
115036  -20.796  8.709  -13.586 0.0000000000
115037  -21.668  8.637  -13.696 0.0000000000
115038  -22.594  8.523  -14.055 0.0000000000
115039  -23.412  8.689  -14.225 0.0000000000
115040  -23.990  8.764  -14.409 0.0000000000
115052  -23.225  8.083  -14.548 0.0000000000
115053  -23.886  8.175  -14.618 0.0000000000
115054  -24.660  8.500  -14.604 0.0000000000
115055  -25.669  8.666  -14.741 0.0000000000
115056  -26.679  8.783  -14.923 0.0000000000
115057  -27.587  8.999  -15.279 0.0000000000
115058  -28.439  9.231  -15.625 0.0000000000
115059  -29.226  9.446  -16.049 0.0000000000
115071  -30.025  9.577  -16.532 0.0000000000
115082  -30.712  9.737  -17.096 0.0000000000
115083  -31.175  10.024  -17.580 0.0000000000
115084  -31.591  10.267  -17.857 0.0000000000
115085  -31.919  10.517  -18.030 0.0000000000
115086  -32.177  10.794  -18.108 0.0000000000
115087  -32.329  11.000  -18.222 0.0000000000
115864  -11.227  12.107  -10.349 0.0000000000
115865  -12.007  11.749  -11.111 0.0000000000
115876  -13.137  10.730  -12.116 0.0000000000
115877  -13.901  10.321  -12.447 0.0000000000
115878  -14.649  10.110  -12.667 0.0000000000
115879  -15.449  9.974  -12.873 0.0000000000
115880  -16.274  9.828  -13.073 0.0000000000
115890  -17.063  9.658  -13.181 0.0000000000
115891  -17.774  9.567  -13.294 0.0000000000
115892  -18.511  9.539  -13.386 0.0000000000
115893  -19.327  9.497  -13.434 0.0000000000
115894  -20.210  9.469  -13.415 0.0000000000
115895  -21.149  9.451  -13.477 0.0000000000
115896  -22.109  9.379  -13.577 0.0000000000
115897  -23.023  9.372  -13.815 0.0000000000
115898  -23.721  9.253  -14.170 0.0000000000
115899  -24.287  9.170  -14.380 0.0000000000
115900  -29.921  10.928  -16.297 0.0000000000
115901  -29.932  11.238  -16.231 0.0000000000
115909  -23.508  9.774  -14.044 0.0000000000
115910  -24.085  9.778  -14.304 0.0000000000
115911  -24.946  9.552  -14.513 0.0000000000
115912  -25.996  9.671  -14.765 0.0000000000
115913  -26.906  9.819  -15.111 0.0000000000
115914  -27.773  9.999  -15.410 0.0000000000
115915  -28.603  10.206  -15.720 0.0000000000
115916  -29.430  10.435  -16.118 0.0000000000
115917  -29.735  10.952  -16.305 0.0000000000
115918  -29.973  11.041  -16.388 0.0000000000
115928  -30.286  10.423  -16.504 0.0000000000
115929  -30.229  10.960  -16.432 0.0000000000
115930  -30.167  11.192  -16.432 0.0000000000
115939  -30.992  10.477  -16.887 0.0000000000
115940  -31.615  10.652  -17.144 0.0000000000
115941  -32.103  10.926  -17.437 0.0000000000
115942  -32.487  11.256  -17.714 0.0000000000
115943  -32.858  11.578  -17.913 0.0000000000
115944  -33.219  11.832  -17.996 0.0000000000
116661  -6.123  12.588  -8.998 0.0000000000
116662  -6.325  12.612  -9.171 0.0000000000
116665  -6.617  12.449  -9.147 0.0000000000
116666  -6.910  12.494  -9.370 0.0000000000
116667  -7.557  12.493  -9.615 0.0000000000
116670  -7.067  12.359  -9.237 0.0000000000
116671  -7.555  12.355  -9.400 0.0000000000
116672  -8.598  12.244  -9.592 0.0000000000
116673  -9.634  11.368  -9.938 0.0000000000
116674  -10.485  12.285  -9.986 0.0000000000
116677  -9.655  11.634  -9.644 0.0000000000
116678  -10.571  12.032  -9.946 0.0000000000
116679  -11.372  12.258  -10.470 0.0000000000
116680  -12.413  11.799  -11.561 0.0000000000
116685  -13.327  11.189  -12.169 0.0000000000
116686  -14.037  10.879  -12.470 0.0000000000
116687  -14.836  10.776  -12.654 0.0000000000
116688  -15.719  10.613  -12.885 0.0000000000
116689  -16.653  10.371  -12.934 0.0000000000
116690  -17.251  10.440  -12.871 0.0000000000
116695  -17.309  10.017  -13.095 0.0000000000
116696  -17.871  10.190  -13.101 0.0000000000
116700  -21.614  10.398  -13.466 0.0000000000
116701  -22.505  10.091  -13.653 0.0000000000
116702  -23.111  10.058  -13.855 0.0000000000
116703  -29.789  11.094  -16.359 0.0000000000
116709  -22.292  10.807  -13.657 0.0000000000
116710  -22.863  10.661  -13.960 0.0000000000
116711  -23.578  10.443  -14.268 0.0000000000
116712  -24.447  10.485  -14.542 0.0000000000
116713  -25.344  10.567  -14.775 0.0000000000
116714  -26.229  10.664  -15.123 0.0000000000
116715  -27.073  10.757  -15.422 0.0000000000
116716  -27.872  10.934  -15.713 0.0000000000
116717  -28.662  11.123  -15.985 0.0000000000
116718  -29.279  11.249  -16.214 0.0000000000
116727  -30.665  10.996  -16.566 0.0000000000
116728  -30.478  11.304  -16.521 0.0000000000
116729  -30.318  11.317  -16.496 0.0000000000
116740  -31.300  11.199  -16.721 0.0000000000
116741  -31.996  11.455  -16.972 0.0000000000
116742  -32.558  11.780  -17.336 0.0000000000
116743  -33.147  12.143  -17.638 0.0000000000
116744  -33.797  12.503  -17.796 0.0000000000
116745  -34.358  12.684  -17.881 0.0000000000
117433  -4.953  13.527  -8.061 0.0000000000
117434  -4.866  13.525  -8.233 0.0000000000
117436  -5.364  13.018  -8.596 0.0000000000
117437  -5.160  13.291  -8.649 0.0000000000
117438  -5.224  13.336  -9.053 0.0000000000
117440  -5.758  12.754  -8.766 0.0000000000
117441  -5.794  12.806  -8.995 0.0000000000
117442  -6.153  12.853  -9.534 0.0000000000
117443  -6.654  12.965  -10.216 0.0000000000
117445  -7.062  12.500  -9.712 0.0000000000
117446  -7.733  12.676  -10.194 0.0000000000
117447  -8.410  12.638  -10.881 0.0000000000
117449  -8.940  12.270  -9.845 0.0000000000
117450  -9.441  12.518  -10.346 0.0000000000
117451  -10.858  12.668  -10.513 0.0000000000
117454  -11.973  12.774  -10.826 0.0000000000
117455  -13.103  12.233  -11.845 0.0000000000
117456  -13.712  12.457  -12.042 0.0000000000
117462  -13.605  11.451  -12.251 0.0000000000
117463  -14.078  11.702  -12.340 0.0000000000
117464  -15.112  11.646  -12.612 0.0000000000
117465  -16.094  11.295  -12.772 0.0000000000
117466  -16.933  10.982  -12.669 0.0000000000
117467  -17.548  10.832  -12.754 0.0000000000
117471  -15.639  11.988  -12.621 0.0000000000
117472  -16.083  12.008  -12.606 0.0000000000
117478  -25.611  12.010  -15.402 0.0000000000
117479  -25.951  12.059  -15.445 0.0000000000
117480  -26.624  12.151  -15.621 0.0000000000
117481  -27.228  12.255  -15.774 0.0000000000
117484  -22.619  11.435  -13.976 0.0000000000
117485  -23.234  11.253  -14.364 0.0000000000
117486  -23.954  11.208  -14.686 0.0000000000
117487  -24.747  11.294  -14.932 0.0000000000
117488  -25.539  11.598  -15.269 0.0000000000
117489  -26.434  11.469  -15.465 0.0000000000
117490  -27.197  11.582  -15.683 0.0000000000
117491  -27.971  11.927  -15.872 0.0000000000
117492  -28.875  11.949  -16.166 0.0000000000
117493  -29.716  11.750  -16.428 0.0000000000
117494  -30.099  11.431  -16.469 0.0000000000
117500  -30.590  11.757  -16.578 0.0000000000
117501  -30.366  11.520  -16.509 0.0000000000
117513  -31.597  12.122  -16.757 0.0000000000
117514  -32.373  12.389  -17.074 0.0000000000
117515  -33.067  12.754  -17.481 0.0000000000
117516  -33.977  13.196  -17.616 0.0000000000
117517  -35.128  13.733  -17.673 0.0000000000
117518  -35.692  13.402  -17.620 0.0000000000
118221  -5.435  15.423  -3.922 0.0000000000
118222  -5.436  15.325  -4.122 0.0000000000
118226  -5.405  15.049  -4.413 0.0000000000
118229  -5.361  14.692  -4.923 0.0000000000
118231  -5.231  14.557  -5.376 0.0000000000
118232  -5.040  14.394  -6.033 0.0000000000
118234  -4.861  14.084  -6.924 0.0000000000
118235  -4.750  13.950  -7.721 0.0000000000
118236  -4.618  14.305  -7.870 0.0000000000
118238  -4.700  13.647  -8.355 0.0000000000
118239  -4.651  13.821  -8.582 0.0000000000
118242  -5.259  13.649  -9.476 0.0000000000
118243  -5.986  13.444  -10.233 0.0000000000
118246  -6.768  13.249  -10.850 0.0000000000
118247  -7.698  13.027  -11.342 0.0000000000
118253  -11.380  13.395  -11.157 0.0000000000
118254  -12.459  13.669  -11.144 0.0000000000
118255  -13.448  13.413  -11.679 0.0000000000
118257  -14.378  12.899  -12.020 0.0000000000
118258  -15.282  12.691  -12.295 0.0000000000
118263  -15.789  12.656  -12.518 0.0000000000
118264  -16.368  12.719  -12.640 0.0000000000
118274  -25.344  12.362  -15.388 0.0000000000
118275  -26.104  12.711  -15.503 0.0000000000
118276  -26.823  12.822  -15.643 0.0000000000
118277  -27.538  12.809  -15.863 0.0000000000
118279  -23.005  11.941  -14.367 0.0000000000
118280  -23.619  11.949  -14.658 0.0000000000
118281  -24.289  11.887  -15.038 0.0000000000
118282  -24.949  11.915  -15.271 0.0000000000
118283  -25.271  11.964  -15.350 0.0000000000
118284  -28.347  12.794  -16.120 0.0000000000
118285  -29.325  12.846  -16.366 0.0000000000
118286  -30.131  12.537  -16.510 0.0000000000
118295  -30.132  13.292  -16.430 0.0000000000
118296  -31.024  13.053  -16.612 0.0000000000
118310  -32.031  13.174  -16.956 0.0000000000
118311  -32.719  13.405  -17.372 0.0000000000
118312  -33.609  13.847  -17.585 0.0000000000
118313  -34.883  14.468  -17.643 0.0000000000
118926  -5.469  15.758  -3.661 0.0000000000
118927  -5.460  15.655  -3.884 0.0000000000
118928  -5.488  15.884  -3.886 0.0000000000
118931  -5.428  15.292  -4.390 0.0000000000
118932  -5.488  15.744  -4.274 0.0000000000
118933  -5.514  15.977  -4.417 0.0000000000
118936  -5.374  14.911  -4.875 0.0000000000
118937  -5.422  15.195  -4.947 0.0000000000
118938  -5.483  15.708  -4.940 0.0000000000
118939  -5.474  15.912  -5.225 0.0000000000
118941  -5.309  14.679  -5.166 0.0000000000
118942  -5.159  14.668  -5.590 0.0000000000
118943  -5.164  15.057  -5.749 0.0000000000
118944  -5.307  15.596  -5.739 0.0000000000
118946  -4.933  14.359  -6.263 0.0000000000
118947  -4.862  14.455  -6.511 0.0000000000
118948  -4.784  14.920  -6.931 0.0000000000
118950  -4.562  14.765  -8.181 0.0000000000
118953  -4.722  14.479  -9.224 0.0000000000
118954  -5.428  14.278  -10.127 0.0000000000
118957  -5.926  13.982  -11.119 0.0000000000
118958  -6.791  13.823  -11.864 0.0000000000
118965  -11.700  14.530  -11.777 0.0000000000
118966  -12.646  14.723  -11.945 0.0000000000
118969  -13.722  14.796  -12.206 0.0000000000
118970  -15.039  14.444  -12.317 0.0000000000
118972  -16.321  14.738  -13.078 0.0000000000
118975  -15.499  13.266  -12.347 0.0000000000
118976  -15.981  13.748  -12.338 0.0000000000
118986  -25.513  13.356  -15.506 0.0000000000
118987  -26.298  13.456  -15.648 0.0000000000
118988  -27.043  13.502  -15.795 0.0000000000
118989  -27.808  13.549  -15.964 0.0000000000
118993  -28.656  13.668  -16.132 0.0000000000
118994  -29.602  13.919  -16.204 0.0000000000
119002  -30.687  14.198  -16.347 0.0000000000
119003  -32.011  14.367  -16.856 0.0000000000
119004  -32.698  14.931  -17.160 0.0000000000
119012  -32.424  13.850  -17.200 0.0000000000
119013  -33.003  14.497  -17.382 0.0000000000
119014  -34.081  14.862  -17.603 0.0000000000
119601  -5.500  16.234  -3.400 0.0000000000
119602  -5.511  16.278  -3.634 0.0000000000
119603  -5.547  16.540  -3.751 0.0000000000
119607  -5.520  16.130  -3.895 0.0000000000
119608  -5.548  16.323  -4.097 0.0000000000
119613  -5.563  16.242  -4.493 0.0000000000
119614  -5.576  16.234  -4.906 0.0000000000
119616  -5.523  16.214  -5.451 0.0000000000
119617  -6.257  17.329  -6.142 0.0000000000
119618  -6.339  17.405  -6.253 0.0000000000
119621  -5.291  15.942  -6.319 0.0000000000
119622  -6.157  17.293  -6.372 0.0000000000
119623  -6.333  17.422  -6.510 0.0000000000
119626  -4.845  15.730  -7.482 0.0000000000
119629  -4.842  15.581  -8.880 0.0000000000
119630  -5.133  15.031  -9.869 0.0000000000
119633  -5.330  15.870  -10.184 0.0000000000
119634  -5.487  15.049  -11.023 0.0000000000
119635  -6.137  14.684  -11.835 0.0000000000
119637  -5.566  16.090  -11.321 0.0000000000
119638  -5.947  15.735  -12.127 0.0000000000
119639  -6.963  15.104  -12.606 0.0000000000
119644  -10.693  15.678  -12.955 0.0000000000
119645  -11.781  15.368  -12.755 0.0000000000
119648  -11.372  15.854  -14.387 0.0000000000
119649  -12.343  15.620  -14.121 0.0000000000
119650  -13.558  15.781  -14.477 0.0000000000
119651  -14.725  15.614  -14.621 0.0000000000
119652  -15.879  15.061  -14.433 0.0000000000
119657  -13.996  16.214  -15.002 0.0000000000
119658  -14.554  16.161  -14.939 0.0000000000
119659  -16.414  14.658  -14.026 0.0000000000
119668  -24.995  14.155  -15.534 0.0000000000
119669  -25.780  14.161  -15.673 0.0000000000
119670  -26.509  14.168  -15.854 0.0000000000
119671  -27.241  14.193  -15.999 0.0000000000
119679  -27.999  14.330  -16.084 0.0000000000
119680  -28.877  14.582  -16.122 0.0000000000
119686  -29.939  14.978  -16.097 0.0000000000
119687  -31.314  15.619  -16.569 0.0000000000
119688  -32.804  15.713  -17.079 0.0000000000
119695  -33.030  15.175  -17.272 0.0000000000
120284  -5.551  17.277  -3.156 0.0000000000
120288  -5.523  16.628  -3.382 0.0000000000
120290  -5.627  17.069  -3.835 0.0000000000
120291  -5.707  17.199  -4.096 0.0000000000
120294  -5.626  16.746  -4.222 0.0000000000
120295  -5.754  17.150  -4.389 0.0000000000
120300  -5.636  16.626  -4.566 0.0000000000
120301  -5.764  16.858  -4.948 0.0000000000
120304  -5.759  16.792  -5.742 0.0000000000
120305  -6.058  17.219  -6.145 0.0000000000
120306  -6.605  17.584  -6.241 0.0000000000
120309  -5.504  16.547  -6.724 0.0000000000
120310  -5.919  17.191  -6.899 0.0000000000
120311  -6.686  17.671  -6.905 0.0000000000
120313  -5.256  16.560  -7.867 0.0000000000
120314  -6.042  17.449  -7.969 0.0000000000
120315  -6.907  17.932  -7.648 0.0000000000
120319  -5.522  16.783  -9.229 0.0000000000
120320  -6.086  17.583  -8.992 0.0000000000
120325  -5.620  16.891  -10.734 0.0000000000
120329  -5.574  17.097  -12.817 0.0000000000
120330  -5.729  17.004  -12.297 0.0000000000
120331  -6.435  16.623  -12.985 0.0000000000
120332  -7.652  16.522  -13.145 0.0000000000
120333  -8.837  16.771  -13.917 0.0000000000
120337  -5.539  17.235  -13.017 0.0000000000
120338  -5.864  17.176  -13.175 0.0000000000
120339  -6.410  17.231  -13.466 0.0000000000
120340  -10.761  16.580  -14.589 0.0000000000
120344  -11.585  16.349  -14.575 0.0000000000
120345  -12.497  16.355  -14.426 0.0000000000
120346  -13.643  16.281  -14.402 0.0000000000
120347  -15.361  15.694  -14.699 0.0000000000
120348  -16.209  15.383  -14.415 0.0000000000
120352  -14.417  16.474  -14.923 0.0000000000
120353  -15.099  16.045  -14.569 0.0000000000
120362  -24.687  14.701  -15.856 0.0000000000
120363  -25.364  14.881  -15.773 0.0000000000
120364  -26.023  14.863  -15.821 0.0000000000
120365  -26.722  14.810  -16.075 0.0000000000
120366  -27.389  14.787  -16.197 0.0000000000
120372  -15.409  16.335  -14.271 0.0000000000
120375  -24.789  15.197  -16.493 0.0000000000
120376  -25.559  15.407  -16.217 0.0000000000
120377  -26.190  15.440  -16.017 0.0000000000
120378  -27.040  15.380  -16.132 0.0000000000
120379  -28.038  15.216  -16.146 0.0000000000
120380  -29.066  15.401  -16.088 0.0000000000
120388  -15.219  16.356  -14.599 0.0000000000
120389  -15.237  16.472  -14.183 0.0000000000
120390  -24.564  15.779  -16.779 0.0000000000
120392  -25.729  15.988  -16.441 0.0000000000
120393  -26.516  16.025  -16.044 0.0000000000
120394  -27.493  16.026  -15.850 0.0000000000
120395  -28.567  16.060  -15.957 0.0000000000
120396  -29.908  16.116  -16.356 0.0000000000
120397  -31.350  17.041  -16.966 0.0000000000
120979  -5.563  17.911  -2.724 0.0000000000
120980  -5.582  17.863  -2.970 0.0000000000
120987  -5.719  17.860  -3.357 0.0000000000
120988  -5.982  17.872  -3.984 0.0000000000
120989  -6.397  18.363  -4.005 0.0000000000
120995  -6.115  17.606  -4.601 0.0000000000
120996  -6.468  18.290  -4.333 0.0000000000
121001  -6.175  17.425  -5.199 0.0000000000
121002  -6.621  18.115  -4.880 0.0000000000
121006  -6.156  17.339  -5.630 0.0000000000
121007  -6.774  17.869  -5.580 0.0000000000
121008  -7.409  18.010  -6.228 0.0000000000
121010  -7.598  18.098  -7.076 0.0000000000
121014  -6.641  17.980  -8.479 0.0000000000
121015  -7.458  18.270  -8.020 0.0000000000
121021  -5.803  17.720  -10.023 0.0000000000
121022  -6.292  18.210  -9.400 0.0000000000
121023  -6.859  18.639  -9.037 0.0000000000
121029  -5.642  17.738  -11.312 0.0000000000
121030  -6.035  18.510  -10.327 0.0000000000
121031  -6.461  18.741  -9.823 0.0000000000
121037  -5.586  17.309  -12.693 0.0000000000
121038  -5.501  17.353  -12.170 0.0000000000
121039  -7.056  17.185  -13.555 0.0000000000
121040  -8.022  17.348  -13.754 0.0000000000
121041  -9.503  17.320  -14.204 0.0000000000
121042  -10.257  17.002  -14.572 0.0000000000
121045  -5.664  17.297  -13.253 0.0000000000
121046  -6.187  17.160  -13.505 0.0000000000
121047  -6.905  17.327  -13.649 0.0000000000
121048  -7.266  17.356  -13.629 0.0000000000
121049  -10.194  17.506  -13.906 0.0000000000
121050  -11.146  17.063  -14.257 0.0000000000
121051  -12.428  17.276  -13.496 0.0000000000
121054  -12.030  16.665  -14.301 0.0000000000
121055  -13.015  16.977  -13.763 0.0000000000
121056  -14.211  17.169  -14.124 0.0000000000
121057  -16.024  15.958  -14.404 0.0000000000
121058  -16.509  15.917  -14.335 0.0000000000
121066  -16.983  16.658  -13.740 0.0000000000
121067  -18.132  16.765  -14.038 0.0000000000
121073  -25.789  15.164  -15.913 0.0000000000
121074  -25.980  15.124  -15.817 0.0000000000
121085  -15.000  16.700  -14.147 0.0000000000
121086  -15.503  16.650  -14.043 0.0000000000
121092  -25.847  15.387  -16.012 0.0000000000
121093  -26.037  15.320  -15.926 0.0000000000
121102  -15.030  16.583  -14.312 0.0000000000
121103  -15.346  16.611  -14.185 0.0000000000
121106  -25.971  16.503  -16.513 0.0000000000
121107  -26.893  16.544  -16.031 0.0000000000
121108  -27.927  16.588  -15.857 0.0000000000
121109  -29.041  16.642  -16.258 0.0000000000
121110  -30.281  16.856  -16.777 0.0000000000
121654  -5.690  18.676  -2.185 0.0000000000
121657  -5.570  18.246  -2.413 0.0000000000
121658  -5.680  18.464  -2.467 0.0000000000
121659  -5.880  18.547  -2.679 0.0000000000
121663  -6.097  18.573  -2.952 0.0000000000
121664  -6.326  18.592  -3.389 0.0000000000
121665  -6.417  18.502  -3.777 0.0000000000
121669  -6.708  18.880  -3.589 0.0000000000
121670  -6.839  18.780  -3.956 0.0000000000
121672  -7.223  18.766  -4.483 0.0000000000
121673  -7.810  18.959  -4.849 0.0000000000
121677  -7.270  18.492  -5.048 0.0000000000
121678  -7.970  18.671  -5.463 0.0000000000
121682  -8.403  18.640  -6.411 0.0000000000
121683  -8.851  18.927  -6.947 0.0000000000
121688  -8.322  18.506  -7.479 0.0000000000
121689  -8.634  19.007  -7.773 0.0000000000
121695  -7.810  18.756  -8.520 0.0000000000
121696  -7.838  19.517  -9.043 0.0000000000
121702  -5.736  17.679  -11.513 0.0000000000
121703  -6.023  17.993  -10.869 0.0000000000
121704  -6.696  19.083  -10.110 0.0000000000
121705  -7.513  19.157  -10.082 0.0000000000
121711  -5.335  17.215  -12.640 0.0000000000
121712  -5.525  17.445  -12.030 0.0000000000
121713  -8.010  17.514  -13.503 0.0000000000
121714  -8.537  17.952  -13.619 0.0000000000
121717  -5.711  17.346  -13.003 0.0000000000
121718  -6.127  17.258  -13.258 0.0000000000
121719  -6.680  17.321  -13.565 0.0000000000
121720  -7.516  17.270  -13.547 0.0000000000
121721  -9.602  17.924  -13.357 0.0000000000
121722  -10.799  17.715  -13.141 0.0000000000
121723  -12.215  17.650  -12.915 0.0000000000
121724  -13.292  17.872  -12.639 0.0000000000
121728  -6.129  17.024  -13.112 0.0000000000
121729  -6.490  17.178  -13.330 0.0000000000
121730  -6.770  17.214  -13.385 0.0000000000
121731  -13.151  17.579  -13.030 0.0000000000
121732  -14.286  17.833  -13.080 0.0000000000
121741  -14.889  17.357  -13.525 0.0000000000
121742  -15.256  17.853  -13.948 0.0000000000
121744  -17.800  18.425  -15.196 0.0000000000
121778  -26.187  16.743  -16.418 0.0000000000
121779  -27.228  16.855  -15.993 0.0000000000
122407  -5.963  19.082  -2.263 0.0000000000
122411  -6.561  19.208  -2.919 0.0000000000
122412  -6.894  19.355  -3.262 0.0000000000
122413  -7.379  19.729  -3.440 0.0000000000
122417  -7.073  19.250  -3.638 0.0000000000
122418  -7.597  19.546  -3.954 0.0000000000
122419  -8.245  19.855  -4.308 0.0000000000
122423  -7.888  19.352  -4.498 0.0000000000
122424  -8.543  19.550  -4.827 0.0000000000
122427  -8.910  19.474  -5.620 0.0000000000
122428  -9.243  19.779  -5.984 0.0000000000
122431  -8.918  19.320  -6.319 0.0000000000
122432  -9.174  19.600  -6.779 0.0000000000
122433  -9.142  19.925  -7.001 0.0000000000
122436  -8.695  19.607  -7.919 0.0000000000
122437  -8.929  19.990  -7.411 0.0000000000
122442  -8.191  19.369  -9.255 0.0000000000
122448  -5.879  17.507  -11.546 0.0000000000
122449  -6.342  17.921  -11.294 0.0000000000
122450  -7.165  18.531  -11.239 0.0000000000
122451  -7.979  19.050  -10.865 0.0000000000
122454  -5.695  17.380  -12.603 0.0000000000
122455  -5.990  17.092  -12.181 0.0000000000
122456  -6.824  17.667  -12.268 0.0000000000
122457  -7.820  17.690  -12.714 0.0000000000
122458  -8.850  18.506  -12.304 0.0000000000
122463  -6.014  16.987  -12.869 0.0000000000
122464  -6.429  16.906  -12.873 0.0000000000
122465  -7.074  17.105  -13.200 0.0000000000
122466  -7.526  17.237  -13.238 0.0000000000
122467  -10.085  18.582  -12.770 0.0000000000
122468  -11.452  18.152  -12.587 0.0000000000
122469  -12.656  18.181  -12.442 0.0000000000
122470  -13.603  18.671  -12.840 0.0000000000
122477  -6.376  16.970  -13.137 0.0000000000
122478  -6.701  17.021  -13.222 0.0000000000
122479  -6.929  17.163  -13.340 0.0000000000
122489  -15.024  19.203  -14.567 0.0000000000
123148  -6.335  20.062  -1.850 0.0000000000
123151  -6.056  19.438  -2.016 0.0000000000
123152  -6.382  19.815  -2.102 0.0000000000
123153  -6.857  20.016  -2.568 0.0000000000
123154  -7.223  20.547  -2.687 0.0000000000
123157  -6.939  19.677  -2.905 0.0000000000
123158  -7.349  20.231  -2.998 0.0000000000
123159  -7.716  20.447  -3.552 0.0000000000
123162  -8.110  20.534  -4.020 0.0000000000
123163  -8.660  20.501  -4.458 0.0000000000
123166  -9.235  20.429  -5.056 0.0000000000
123167  -9.409  20.883  -5.189 0.0000000000
123170  -9.330  20.018  -5.566 0.0000000000
123171  -9.368  20.488  -5.783 0.0000000000
123172  -9.318  20.929  -5.896 0.0000000000
123175  -9.316  20.094  -6.510 0.0000000000
123176  -9.137  20.469  -6.525 0.0000000000
123179  -8.479  19.846  -8.271 0.0000000000
123180  -8.720  20.330  -7.449 0.0000000000
123183  -8.545  19.448  -9.403 0.0000000000
123184  -8.377  20.027  -8.354 0.0000000000
123188  -8.645  19.221  -10.264 0.0000000000
123189  -8.434  19.564  -9.111 0.0000000000
123193  -9.605  18.867  -11.815 0.0000000000
123205  -10.649  18.772  -12.514 0.0000000000
123206  -11.839  18.557  -12.456 0.0000000000
123846  -6.355  20.255  -1.700 0.0000000000
123852  -6.898  20.677  -2.149 0.0000000000
123853  -7.225  20.887  -2.451 0.0000000000
123856  -7.329  21.085  -2.837 0.0000000000
123857  -7.522  21.273  -3.349 0.0000000000
123859  -7.826  21.407  -3.875 0.0000000000
123860  -8.250  21.436  -4.313 0.0000000000
123863  -8.781  21.372  -4.661 0.0000000000
123864  -9.077  21.334  -4.965 0.0000000000
123867  -9.197  21.309  -5.165 0.0000000000
123868  -9.101  21.374  -5.419 0.0000000000
123871  -9.023  21.278  -5.835 0.0000000000
123875  -8.710  20.978  -6.591 0.0000000000
123879  -8.417  20.617  -7.581 0.0000000000
123884  -8.266  19.526  -9.338 0.0000000000
123885  -8.298  19.955  -8.563 0.0000000000
123894  -8.309  19.098  -10.861 0.0000000000
123895  -9.000  19.378  -10.578 0.0000000000
123913  -10.383  18.906  -12.049 0.0000000000
124534  -7.107  22.216  -2.648 0.0000000000
124537  -7.210  21.550  -2.644 0.0000000000
124538  -7.268  22.142  -3.102 0.0000000000
124541  -7.564  22.305  -3.709 0.0000000000
124542  -7.830  22.388  -4.226 0.0000000000
124545  -8.081  22.397  -4.621 0.0000000000
124546  -8.302  22.354  -4.810 0.0000000000
124547  -8.190  22.597  -4.724 0.0000000000
124549  -8.629  21.963  -4.939 0.0000000000
124550  -8.367  22.202  -4.887 0.0000000000
124555  -8.472  22.047  -5.054 0.0000000000
124562  -8.399  21.769  -5.541 0.0000000000
124565  -7.909  21.290  -7.168 0.0000000000
124566  -8.149  21.376  -6.711 0.0000000000
124573  -7.463  20.683  -8.591 0.0000000000
124574  -7.869  20.766  -8.191 0.0000000000
124575  -8.194  20.754  -7.787 0.0000000000
124588  -6.461  19.252  -10.132 0.0000000000
124589  -7.293  20.037  -9.455 0.0000000000
124590  -8.172  19.391  -9.585 0.0000000000
125208  -7.426  23.276  -2.721 0.0000000000
125214  -7.675  23.247  -3.363 0.0000000000
125220  -7.905  23.290  -3.841 0.0000000000
125221  -7.960  23.334  -4.265 0.0000000000
125227  -8.124  23.269  -4.428 0.0000000000
125228  -8.266  23.446  -4.335 0.0000000000
125229  -8.273  23.243  -4.474 0.0000000000
125235  -8.457  23.120  -4.404 0.0000000000
125236  -8.317  23.660  -4.156 0.0000000000
125244  -8.202  22.945  -4.685 0.0000000000
125245  -8.442  23.396  -4.283 0.0000000000
125253  -8.010  22.300  -5.256 0.0000000000
125256  -7.659  21.720  -6.682 0.0000000000
125257  -7.847  21.971  -5.849 0.0000000000
125267  -6.101  21.355  -8.311 0.0000000000
125268  -7.147  21.219  -8.179 0.0000000000
125269  -7.502  21.404  -7.529 0.0000000000
125280  -5.876  20.145  -9.573 0.0000000000
125281  -6.615  20.691  -8.866 0.0000000000
125857  -7.681  24.306  -2.158 0.0000000000
125863  -7.878  24.470  -2.470 0.0000000000
125870  -7.987  24.344  -3.080 0.0000000000
125871  -8.193  24.726  -3.505 0.0000000000
125878  -8.058  24.012  -3.548 0.0000000000
125879  -8.226  24.410  -3.774 0.0000000000
125880  -8.544  24.641  -3.633 0.0000000000
125887  -8.287  23.922  -3.817 0.0000000000
125888  -8.441  24.299  -3.833 0.0000000000
125889  -8.433  24.108  -3.968 0.0000000000
125890  -8.857  24.421  -3.811 0.0000000000
125900  -8.292  23.837  -4.020 0.0000000000
125901  -8.714  24.083  -4.002 0.0000000000
125910  -8.106  23.441  -4.316 0.0000000000
125911  -8.659  23.862  -4.173 0.0000000000
125919  -8.027  23.268  -4.404 0.0000000000
125920  -8.351  24.044  -4.092 0.0000000000
125927  -6.742  22.785  -6.326 0.0000000000
125928  -7.156  22.648  -6.202 0.0000000000
125929  -7.717  22.796  -5.189 0.0000000000
125938  -5.620  21.942  -7.677 0.0000000000
125939  -6.342  22.354  -6.998 0.0000000000
125940  -7.147  21.792  -7.045 0.0000000000
125946  -5.500  21.549  -8.546 0.0000000000
126558  -8.462  25.473  -2.607 0.0000000000
126559  -8.954  25.974  -2.702 0.0000000000
126565  -8.292  25.039  -3.208 0.0000000000
126566  -8.652  25.453  -3.251 0.0000000000
126574  -8.903  25.247  -3.174 0.0000000000
126575  -9.170  25.293  -3.419 0.0000000000
126576  -9.866  25.791  -3.486 0.0000000000
126586  -8.799  24.618  -3.247 0.0000000000
126587  -9.525  25.147  -3.470 0.0000000000
126588  -9.677  24.976  -3.752 0.0000000000
126600  -9.340  24.815  -3.809 0.0000000000
126610  -8.550  24.955  -3.656 0.0000000000
126611  -8.797  24.613  -3.774 0.0000000000
126621  -8.100  24.003  -4.209 0.0000000000
126622  -8.372  24.396  -3.770 0.0000000000
126629  -5.703  23.677  -5.880 0.0000000000
126630  -6.422  23.255  -5.701 0.0000000000
126631  -7.371  23.417  -5.135 0.0000000000
126632  -7.708  23.507  -4.656 0.0000000000
126638  -5.496  22.822  -7.256 0.0000000000
126639  -5.757  22.995  -6.348 0.0000000000
126644  -5.217  22.544  -8.892 0.0000000000
127249  -8.979  26.672  -2.203 0.0000000000
127257  -9.367  26.467  -2.848 0.0000000000
127258  -9.645  26.754  -3.383 0.0000000000
127259  -10.081  26.814  -3.461 0.0000000000
127267  -9.260  26.036  -3.367 0.0000000000
127268  -9.557  26.137  -3.521 0.0000000000
127269  -10.322  26.343  -3.693 0.0000000000
127270  -11.242  26.155  -3.362 0.0000000000
127280  -10.362  25.996  -3.690 0.0000000000
127281  -10.960  25.800  -3.507 0.0000000000
127294  -10.712  25.704  -3.669 0.0000000000
127316  -6.045  25.759  -5.898 0.0000000000
127317  -5.772  25.360  -5.191 0.0000000000
127318  -6.036  25.048  -4.406 0.0000000000
127319  -6.759  24.949  -3.699 0.0000000000
127320  -8.197  24.967  -3.355 0.0000000000
127327  -5.877  25.425  -6.195 0.0000000000
127328  -5.616  24.639  -5.308 0.0000000000
127329  -6.070  24.307  -4.788 0.0000000000
127330  -7.161  24.142  -4.537 0.0000000000
127331  -7.729  23.998  -4.379 0.0000000000
127337  -5.749  25.504  -6.844 0.0000000000
127338  -5.741  24.713  -6.910 0.0000000000
127345  -5.756  24.321  -8.445 0.0000000000
127952  -9.718  27.126  -2.978 0.0000000000
128013  -6.315  26.065  -5.724 0.0000000000
128014  -6.624  26.012  -5.013 0.0000000000
128015  -6.740  25.810  -3.776 0.0000000000
128016  -7.796  25.828  -3.268 0.0000000000
128025  -5.785  26.267  -6.334 0.0000000000
128026  -5.614  26.556  -7.238 0.0000000000
128027  -5.875  26.865  -8.043 0.0000000000
128034  -5.644  25.930  -6.818 0.0000000000
128035  -5.792  26.032  -7.569 0.0000000000
128036  -6.384  27.078  -8.821 0.0000000000
128045  -6.095  25.884  -8.483 0.0000000000
128705  -5.746  27.065  -5.544 0.0000000000
128706  -6.549  26.947  -4.215 0.0000000000
128707  -7.601  26.827  -3.638 0.0000000000
128721  -5.585  27.177  -6.899 0.0000000000
128722  -5.703  27.283  -7.870 0.0000000000
128723  -6.335  27.593  -8.706 0.0000000000
129443  -6.586  28.701  -4.473 0.0000000000
129444  -7.013  28.612  -4.128 0.0000000000
129456  -5.552  28.151  -5.680 0.0000000000
129457  -6.066  28.276  -4.675 0.0000000000
129458  -6.990  27.798  -3.494 0.0000000000
129476  -5.369  28.186  -6.705 0.0000000000
129477  -5.507  27.896  -7.745 0.0000000000
129478  -6.078  27.924  -8.454 0.0000000000
129494  -5.399  28.636  -7.834 0.0000000000
129495  -5.941  28.558  -8.607 0.0000000000
129496  -6.803  28.500  -9.413 0.0000000000
130166  -6.530  29.304  -4.465 0.0000000000
130167  -7.592  29.293  -3.389 0.0000000000
130180  -4.921  29.912  -6.939 0.0000000000
130181  -5.203  29.147  -5.941 0.0000000000
130182  -5.728  29.146  -5.102 0.0000000000
130198  -4.840  30.104  -7.536 0.0000000000
130199  -5.058  29.428  -7.526 0.0000000000
130214  -5.598  29.340  -8.591 0.0000000000
130215  -6.423  29.376  -9.531 0.0000000000
130864  -6.290  30.409  -4.489 0.0000000000
130865  -7.285  30.310  -3.770 0.0000000000
130880  -4.735  30.626  -7.356 0.0000000000
130881  -4.975  30.369  -6.372 0.0000000000
130882  -5.474  30.049  -5.234 0.0000000000
130895  -4.939  30.559  -8.336 0.0000000000
130896  -5.268  29.897  -8.508 0.0000000000
130918  -5.282  31.064  -9.127 0.0000000000
130919  -5.712  30.418  -9.448 0.0000000000
131521  -4.758  31.446  -6.942 0.0000000000
131522  -5.194  31.226  -5.855 0.0000000000
131523  -5.844  31.040  -5.017 0.0000000000
131542  -4.700  31.574  -7.978 0.0000000000
131567  -4.983  31.669  -8.932 0.0000000000
131568  -5.553  31.647  -9.682 0.0000000000
146566  -29.937  11.261  -16.389 0.0000000000
146567  -29.838  11.300  -16.398 0.0000000000
