#!ascii label  , from subject subject001 vox2ras=TkReg
584
38539  -6.575  -57.766  -16.509 0.0000000000
39785  -6.997  -57.788  -16.253 0.0000000000
39790  -6.081  -57.825  -17.269 0.0000000000
39791  -6.518  -57.678  -16.717 0.0000000000
40988  -7.687  -57.507  -15.575 0.0000000000
40989  -8.002  -57.483  -14.963 0.0000000000
40999  -7.143  -57.572  -16.384 0.0000000000
41009  -6.213  -57.649  -17.140 0.0000000000
41010  -6.677  -57.539  -16.687 0.0000000000
41018  -5.700  -57.989  -18.118 0.0000000000
41026  -4.912  -57.918  -19.445 0.0000000000
42210  -8.204  -57.177  -14.133 0.0000000000
42215  -8.047  -57.064  -15.439 0.0000000000
42216  -8.169  -57.249  -14.827 0.0000000000
42227  -6.915  -56.989  -16.641 0.0000000000
42228  -7.536  -57.104  -16.158 0.0000000000
42241  -6.157  -57.354  -17.220 0.0000000000
42242  -6.854  -57.366  -16.689 0.0000000000
42249  -5.016  -57.132  -18.560 0.0000000000
42250  -5.436  -57.454  -18.097 0.0000000000
42261  -3.672  -56.996  -20.016 0.0000000000
42262  -4.415  -57.363  -19.367 0.0000000000
42263  -5.124  -57.659  -18.975 0.0000000000
43392  -6.515  -56.851  -11.313 0.0000000000
43405  -6.896  -56.795  -12.022 0.0000000000
43406  -7.397  -56.793  -12.313 0.0000000000
43410  -7.372  -56.665  -12.886 0.0000000000
43411  -7.908  -56.945  -13.065 0.0000000000
43414  -7.868  -56.589  -13.802 0.0000000000
43415  -8.203  -56.969  -13.927 0.0000000000
43420  -8.197  -56.709  -14.763 0.0000000000
43421  -8.315  -57.058  -14.418 0.0000000000
43431  -7.293  -56.439  -16.290 0.0000000000
43432  -7.889  -56.534  -15.691 0.0000000000
43447  -5.553  -56.093  -16.961 0.0000000000
43448  -6.236  -56.506  -16.830 0.0000000000
43465  -5.171  -56.507  -17.609 0.0000000000
43466  -5.751  -57.015  -17.397 0.0000000000
43480  -3.607  -56.366  -19.303 0.0000000000
43481  -4.358  -56.450  -18.547 0.0000000000
43496  -1.525  -56.324  -20.852 0.0000000000
43497  -2.769  -56.252  -20.129 0.0000000000
43556  -5.624  -55.916  -28.377 0.0000000000
43565  -2.193  -56.028  -27.399 0.0000000000
43566  -2.991  -55.975  -28.214 0.0000000000
43567  -4.485  -56.199  -28.453 0.0000000000
43573  -3.377  -55.229  -28.259 0.0000000000
43574  -3.836  -55.419  -28.383 0.0000000000
44631  -5.760  -56.463  -12.079 0.0000000000
44632  -6.194  -56.732  -11.642 0.0000000000
44639  -6.279  -55.978  -12.936 0.0000000000
44640  -6.526  -56.643  -12.531 0.0000000000
44644  -6.581  -55.718  -13.521 0.0000000000
44645  -7.177  -56.023  -13.557 0.0000000000
44648  -7.742  -56.039  -14.519 0.0000000000
44651  -7.838  -56.031  -15.280 0.0000000000
44656  -6.839  -55.708  -16.298 0.0000000000
44657  -7.529  -55.878  -15.857 0.0000000000
44672  -5.082  -55.508  -17.130 0.0000000000
44673  -5.934  -55.574  -16.674 0.0000000000
44689  -3.307  -54.862  -18.524 0.0000000000
44690  -4.228  -55.398  -17.954 0.0000000000
44701  -2.644  -55.186  -19.310 0.0000000000
44702  -3.679  -55.660  -18.735 0.0000000000
44712  -0.484  -55.214  -21.143 0.0000000000
44713  -1.362  -55.243  -20.158 0.0000000000
44722  -0.134  -54.903  -22.138 0.0000000000
44747  -0.231  -54.947  -24.137 0.0000000000
44748  -0.391  -55.158  -22.914 0.0000000000
44772  -0.451  -54.821  -25.621 0.0000000000
44782  -0.556  -54.956  -26.793 0.0000000000
44783  -5.193  -55.494  -28.439 0.0000000000
44784  -5.890  -54.971  -28.179 0.0000000000
44793  -1.638  -54.805  -26.889 0.0000000000
44794  -2.254  -54.940  -27.621 0.0000000000
44795  -4.616  -54.908  -28.434 0.0000000000
44796  -5.182  -54.415  -28.433 0.0000000000
44802  -3.008  -54.758  -27.938 0.0000000000
44803  -3.650  -54.751  -28.359 0.0000000000
45870  -5.012  -55.912  -11.625 0.0000000000
45877  -4.252  -55.227  -12.168 0.0000000000
45878  -5.341  -55.711  -12.553 0.0000000000
45881  -4.890  -54.819  -13.012 0.0000000000
45882  -5.987  -55.195  -13.570 0.0000000000
45883  -6.731  -55.543  -13.932 0.0000000000
45886  -6.544  -55.074  -14.354 0.0000000000
45887  -7.221  -55.481  -14.451 0.0000000000
45889  -6.880  -54.974  -15.002 0.0000000000
45890  -7.489  -55.506  -15.128 0.0000000000
45892  -6.916  -55.186  -15.678 0.0000000000
45893  -7.524  -55.644  -15.520 0.0000000000
45905  -5.344  -54.728  -16.696 0.0000000000
45906  -6.202  -54.927  -16.264 0.0000000000
45910  -3.447  -54.175  -17.944 0.0000000000
45911  -4.359  -54.523  -17.211 0.0000000000
45917  -2.350  -53.933  -18.676 0.0000000000
45926  -0.455  -54.249  -20.666 0.0000000000
45927  -1.012  -53.820  -19.655 0.0000000000
45939  0.028  -53.988  -21.733 0.0000000000
45957  -0.177  -53.677  -25.189 0.0000000000
45958  0.085  -53.782  -23.363 0.0000000000
45983  -0.018  -53.858  -26.779 0.0000000000
46006  -0.528  -53.996  -27.702 0.0000000000
46007  -1.279  -53.343  -27.981 0.0000000000
46008  -6.503  -53.944  -27.751 0.0000000000
46019  -1.727  -54.285  -27.309 0.0000000000
46020  -2.104  -53.953  -27.881 0.0000000000
46021  -4.524  -53.934  -28.471 0.0000000000
46022  -5.446  -53.866  -28.348 0.0000000000
46032  -3.155  -54.157  -28.218 0.0000000000
46033  -3.826  -54.107  -28.403 0.0000000000
47129  -1.219  -53.499  -12.052 0.0000000000
47130  -1.819  -53.730  -12.217 0.0000000000
47131  -3.126  -54.541  -11.661 0.0000000000
47138  -2.276  -53.570  -12.948 0.0000000000
47139  -3.448  -54.076  -12.912 0.0000000000
47142  -4.962  -54.241  -14.130 0.0000000000
47143  -5.989  -54.714  -14.206 0.0000000000
47146  -5.543  -53.608  -15.010 0.0000000000
47147  -6.141  -54.443  -14.707 0.0000000000
47149  -5.444  -53.576  -15.638 0.0000000000
47150  -6.198  -54.381  -15.360 0.0000000000
47152  -5.130  -53.492  -16.189 0.0000000000
47153  -5.963  -54.317  -15.897 0.0000000000
47164  -4.611  -53.692  -16.749 0.0000000000
47165  -5.505  -54.233  -16.304 0.0000000000
47169  -2.756  -52.933  -18.243 0.0000000000
47170  -3.791  -53.383  -17.462 0.0000000000
47175  -1.345  -52.595  -19.151 0.0000000000
47179  0.010  -52.910  -21.065 0.0000000000
47180  -0.340  -52.453  -20.082 0.0000000000
47189  0.363  -52.817  -22.417 0.0000000000
47204  0.366  -52.528  -25.101 0.0000000000
47205  0.372  -52.360  -23.742 0.0000000000
47219  0.513  -52.807  -26.474 0.0000000000
47240  0.308  -53.053  -27.622 0.0000000000
47241  -0.548  -52.952  -28.320 0.0000000000
47242  -5.612  -52.947  -28.342 0.0000000000
47260  -1.798  -53.104  -28.742 0.0000000000
47261  -3.292  -53.304  -28.758 0.0000000000
47262  -4.455  -53.101  -28.495 0.0000000000
47279  -2.701  -53.701  -28.598 0.0000000000
47280  -3.301  -53.792  -28.444 0.0000000000
48338  -1.225  -53.310  -12.504 0.0000000000
48345  -1.443  -52.690  -12.801 0.0000000000
48346  -1.636  -53.044  -13.238 0.0000000000
48347  -2.558  -53.342  -13.378 0.0000000000
48351  -2.263  -52.713  -13.893 0.0000000000
48352  -3.494  -53.286  -13.955 0.0000000000
48355  -3.253  -52.320  -14.411 0.0000000000
48356  -4.488  -52.770  -14.756 0.0000000000
48359  -4.957  -52.776  -15.410 0.0000000000
48362  -4.774  -52.669  -16.035 0.0000000000
48371  -3.890  -51.704  -17.545 0.0000000000
48372  -4.244  -52.485  -16.872 0.0000000000
48375  -3.584  -51.993  -17.973 0.0000000000
48376  -4.091  -52.886  -17.215 0.0000000000
48381  -2.270  -51.491  -19.164 0.0000000000
48386  -0.027  -51.955  -20.991 0.0000000000
48387  -0.454  -51.130  -20.540 0.0000000000
48391  0.432  -51.265  -22.584 0.0000000000
48392  -0.084  -50.227  -21.986 0.0000000000
48402  0.720  -52.118  -26.103 0.0000000000
48403  0.570  -51.323  -25.364 0.0000000000
48419  0.291  -52.057  -27.179 0.0000000000
48420  -0.738  -50.837  -27.231 0.0000000000
48436  -0.088  -52.433  -28.074 0.0000000000
48437  -1.244  -51.687  -28.770 0.0000000000
48438  -3.384  -51.358  -28.682 0.0000000000
48439  -5.202  -51.881  -28.131 0.0000000000
48448  -2.386  -52.553  -28.804 0.0000000000
48449  -3.201  -52.323  -28.967 0.0000000000
48450  -4.402  -52.316  -28.390 0.0000000000
49543  -1.618  -51.679  -12.503 0.0000000000
49550  -1.430  -51.736  -13.687 0.0000000000
49551  -1.669  -52.374  -13.867 0.0000000000
49555  -1.279  -51.212  -14.411 0.0000000000
49556  -1.819  -51.711  -14.471 0.0000000000
49558  -3.440  -51.592  -15.276 0.0000000000
49559  -4.475  -52.237  -15.285 0.0000000000
49562  -3.510  -51.093  -16.227 0.0000000000
49563  -4.372  -51.975  -15.764 0.0000000000
49567  -3.367  -50.884  -17.130 0.0000000000
49568  -4.110  -51.764  -16.529 0.0000000000
49575  -3.347  -50.894  -18.040 0.0000000000
49576  -3.903  -51.536  -17.248 0.0000000000
49579  -2.494  -50.648  -19.036 0.0000000000
49584  -1.215  -50.163  -20.201 0.0000000000
49588  -0.420  -49.596  -21.753 0.0000000000
49591  0.314  -50.108  -24.538 0.0000000000
49592  -0.137  -49.478  -23.510 0.0000000000
49600  -0.815  -50.035  -26.166 0.0000000000
49601  -0.694  -49.473  -25.201 0.0000000000
49614  -1.503  -49.765  -27.715 0.0000000000
49615  -1.764  -49.391  -28.148 0.0000000000
49633  -1.403  -50.532  -28.250 0.0000000000
49634  -2.124  -50.080  -28.588 0.0000000000
49635  -4.251  -50.471  -28.049 0.0000000000
50669  -1.277  -50.368  -13.205 0.0000000000
50675  -1.118  -50.351  -14.454 0.0000000000
50676  -1.304  -50.955  -14.655 0.0000000000
50679  -1.104  -49.918  -15.251 0.0000000000
50680  -1.546  -50.428  -15.124 0.0000000000
50683  -2.592  -50.234  -15.986 0.0000000000
50686  -2.595  -49.959  -16.766 0.0000000000
50690  -2.526  -49.723  -17.785 0.0000000000
50694  -1.716  -49.680  -18.820 0.0000000000
50699  -1.419  -49.459  -20.117 0.0000000000
50703  -0.966  -48.948  -21.620 0.0000000000
50704  -0.911  -48.197  -22.275 0.0000000000
50707  -1.067  -48.581  -23.477 0.0000000000
50708  -1.080  -48.421  -22.665 0.0000000000
50711  -1.179  -49.270  -26.296 0.0000000000
50712  -1.185  -48.795  -25.396 0.0000000000
50724  -1.401  -49.455  -26.947 0.0000000000
50725  -1.866  -48.835  -27.450 0.0000000000
50726  -4.170  -48.688  -28.557 0.0000000000
50727  -5.635  -48.730  -27.469 0.0000000000
50746  -1.993  -49.390  -28.266 0.0000000000
50747  -2.737  -49.357  -28.380 0.0000000000
51782  -0.966  -48.914  -13.589 0.0000000000
51785  -1.301  -49.207  -14.957 0.0000000000
51786  -0.945  -49.767  -15.404 0.0000000000
51788  -2.592  -48.405  -15.544 0.0000000000
51789  -1.545  -49.486  -15.574 0.0000000000
51792  -2.952  -48.026  -15.867 0.0000000000
51793  -2.709  -48.634  -16.232 0.0000000000
51796  -2.455  -48.468  -17.363 0.0000000000
51800  -1.893  -48.275  -18.536 0.0000000000
51804  -0.795  -48.141  -19.946 0.0000000000
51805  -1.559  -47.297  -20.751 0.0000000000
51808  -0.694  -48.648  -20.800 0.0000000000
51809  -0.914  -47.736  -21.537 0.0000000000
51812  -1.259  -47.705  -24.236 0.0000000000
51813  -1.296  -47.589  -23.184 0.0000000000
51816  -0.927  -47.789  -25.225 0.0000000000
51817  -1.041  -47.011  -24.773 0.0000000000
51825  -1.108  -47.981  -26.381 0.0000000000
51826  -2.652  -47.452  -26.572 0.0000000000
51827  -4.868  -47.456  -27.970 0.0000000000
51828  -6.724  -48.099  -26.966 0.0000000000
52869  -1.894  -48.068  -14.144 0.0000000000
52873  -2.720  -47.990  -14.952 0.0000000000
52876  -3.016  -47.463  -15.700 0.0000000000
52877  -2.905  -47.658  -16.161 0.0000000000
52880  -2.729  -46.953  -16.391 0.0000000000
52881  -2.449  -47.267  -16.953 0.0000000000
52885  -1.392  -47.010  -17.983 0.0000000000
52888  -0.871  -46.887  -19.029 0.0000000000
52889  -1.571  -46.753  -20.252 0.0000000000
52891  -1.501  -46.576  -21.232 0.0000000000
52894  -1.834  -46.576  -22.400 0.0000000000
52896  -1.202  -46.207  -23.801 0.0000000000
52902  -2.528  -46.495  -25.025 0.0000000000
52903  -4.176  -46.532  -26.567 0.0000000000
52904  -5.337  -46.235  -27.703 0.0000000000
52905  -6.753  -46.558  -26.909 0.0000000000
52915  -7.696  -46.630  -26.849 0.0000000000
53959  -2.642  -47.229  -14.038 0.0000000000
53960  -2.851  -47.510  -14.550 0.0000000000
53966  -3.019  -46.987  -14.665 0.0000000000
53967  -3.090  -47.028  -15.189 0.0000000000
53973  -2.566  -46.388  -16.068 0.0000000000
53977  -1.778  -46.038  -17.050 0.0000000000
53978  -1.256  -46.194  -17.617 0.0000000000
53983  -0.967  -45.662  -17.713 0.0000000000
53984  -0.797  -45.878  -18.283 0.0000000000
53989  -1.041  -45.591  -19.650 0.0000000000
53990  -1.461  -45.819  -20.663 0.0000000000
53995  -1.421  -45.151  -20.628 0.0000000000
53996  -1.513  -45.529  -21.598 0.0000000000
53999  -1.632  -45.467  -22.841 0.0000000000
54002  -2.521  -45.573  -23.881 0.0000000000
54005  -3.767  -45.558  -25.156 0.0000000000
54006  -4.924  -45.396  -26.500 0.0000000000
54007  -5.673  -45.032  -27.349 0.0000000000
54008  -6.280  -45.237  -27.197 0.0000000000
54016  -6.180  -44.633  -27.379 0.0000000000
54017  -6.911  -45.225  -27.246 0.0000000000
54018  -8.017  -45.939  -26.803 0.0000000000
54028  -8.897  -46.430  -27.046 0.0000000000
55092  -3.124  -46.594  -14.620 0.0000000000
55099  -3.196  -46.686  -15.004 0.0000000000
55100  -3.107  -46.051  -15.538 0.0000000000
55106  -2.239  -45.404  -16.809 0.0000000000
55112  -1.366  -45.247  -17.667 0.0000000000
55113  -2.332  -44.402  -17.858 0.0000000000
55120  -0.958  -45.444  -18.016 0.0000000000
55121  -1.388  -44.962  -18.623 0.0000000000
55128  -1.798  -44.586  -19.994 0.0000000000
55135  -2.175  -44.671  -21.238 0.0000000000
55136  -2.287  -45.145  -22.052 0.0000000000
55139  -8.321  -43.344  -21.130 0.0000000000
55143  -2.882  -44.680  -22.000 0.0000000000
55144  -2.958  -44.845  -22.792 0.0000000000
55145  -6.933  -43.165  -21.522 0.0000000000
55146  -7.465  -43.201  -21.846 0.0000000000
55149  -3.782  -44.672  -23.947 0.0000000000
55151  -4.599  -44.616  -25.151 0.0000000000
55152  -5.308  -44.467  -26.001 0.0000000000
55153  -5.957  -43.986  -26.615 0.0000000000
55154  -6.551  -43.442  -26.479 0.0000000000
55160  -6.508  -44.177  -27.110 0.0000000000
55161  -7.352  -44.169  -26.757 0.0000000000
55162  -8.438  -45.103  -26.528 0.0000000000
55171  -9.325  -45.625  -26.839 0.0000000000
55185  -9.907  -45.475  -27.008 0.0000000000
56241  -2.655  -43.816  -19.242 0.0000000000
56249  -2.885  -43.848  -20.651 0.0000000000
56250  -3.897  -43.212  -20.217 0.0000000000
56259  -3.280  -44.197  -21.713 0.0000000000
56260  -4.151  -43.523  -21.530 0.0000000000
56261  -4.854  -42.963  -21.117 0.0000000000
56262  -5.841  -42.817  -21.366 0.0000000000
56263  -8.030  -43.254  -21.684 0.0000000000
56264  -8.459  -43.043  -21.494 0.0000000000
56270  -3.297  -44.388  -22.294 0.0000000000
56271  -3.884  -43.845  -22.724 0.0000000000
56272  -6.693  -42.676  -22.590 0.0000000000
56273  -7.703  -43.073  -22.372 0.0000000000
56274  -8.128  -43.027  -22.190 0.0000000000
56277  -4.744  -43.521  -24.127 0.0000000000
56278  -5.573  -42.654  -24.343 0.0000000000
56279  -6.359  -42.279  -24.245 0.0000000000
56280  -7.614  -42.778  -23.368 0.0000000000
56281  -7.904  -43.041  -22.642 0.0000000000
56284  -4.989  -44.007  -25.144 0.0000000000
56285  -5.422  -43.547  -25.303 0.0000000000
56286  -6.125  -43.040  -25.437 0.0000000000
56287  -7.291  -42.862  -25.337 0.0000000000
56295  -8.205  -43.814  -25.822 0.0000000000
56296  -8.909  -44.329  -26.175 0.0000000000
56305  -9.557  -44.663  -26.578 0.0000000000
56320  -10.145  -44.883  -26.929 0.0000000000
56321  -10.840  -45.125  -27.414 0.0000000000
57375  -4.523  -43.275  -21.863 0.0000000000
57376  -4.770  -43.019  -21.844 0.0000000000
57377  -5.203  -42.701  -21.892 0.0000000000
57378  -8.821  -42.758  -21.161 0.0000000000
57379  -8.688  -42.289  -21.722 0.0000000000
57388  -4.517  -43.237  -22.237 0.0000000000
57389  -4.942  -42.712  -22.484 0.0000000000
57390  -5.532  -42.448  -22.579 0.0000000000
57391  -8.381  -42.490  -22.968 0.0000000000
57392  -8.445  -42.544  -22.300 0.0000000000
57393  -8.656  -42.122  -22.103 0.0000000000
57396  -4.635  -43.078  -23.003 0.0000000000
57397  -5.161  -42.584  -23.372 0.0000000000
57398  -5.738  -42.161  -23.519 0.0000000000
57399  -8.185  -42.741  -23.192 0.0000000000
57400  -8.086  -42.902  -22.735 0.0000000000
57403  -8.060  -42.936  -24.071 0.0000000000
57409  -8.266  -43.158  -24.844 0.0000000000
57410  -8.763  -43.307  -25.346 0.0000000000
57417  -9.456  -43.389  -25.940 0.0000000000
57418  -9.889  -43.106  -26.291 0.0000000000
57431  -9.804  -44.205  -26.585 0.0000000000
57432  -10.231  -43.893  -26.838 0.0000000000
57433  -11.109  -44.242  -27.511 0.0000000000
57446  -11.893  -44.297  -28.040 0.0000000000
58603  -9.052  -42.527  -20.643 0.0000000000
58612  -8.919  -42.100  -21.289 0.0000000000
58613  -8.684  -41.741  -21.894 0.0000000000
58622  -8.425  -42.496  -23.223 0.0000000000
58623  -8.645  -42.052  -23.080 0.0000000000
58624  -8.625  -41.707  -22.451 0.0000000000
58626  -8.467  -42.555  -23.608 0.0000000000
58627  -8.862  -42.075  -23.696 0.0000000000
58629  -8.543  -42.654  -24.207 0.0000000000
58630  -9.108  -42.081  -24.205 0.0000000000
58635  -8.752  -42.735  -24.680 0.0000000000
58636  -9.217  -42.325  -24.843 0.0000000000
58643  -9.497  -42.193  -25.158 0.0000000000
58644  -9.627  -42.381  -25.892 0.0000000000
58655  -10.275  -42.619  -26.689 0.0000000000
58656  -10.661  -43.464  -27.182 0.0000000000
58669  -10.751  -42.428  -27.085 0.0000000000
58670  -11.176  -43.089  -27.510 0.0000000000
58671  -12.187  -43.359  -28.134 0.0000000000
58675  -12.882  -43.403  -28.644 0.0000000000
59806  -8.929  -42.370  -19.910 0.0000000000
59822  -8.633  -41.166  -21.555 0.0000000000
59823  -8.490  -40.834  -22.222 0.0000000000
59826  -8.795  -41.504  -23.374 0.0000000000
59827  -8.465  -40.707  -23.002 0.0000000000
59830  -9.111  -41.058  -23.678 0.0000000000
59831  -8.153  -39.725  -23.454 0.0000000000
59834  -9.320  -41.178  -24.279 0.0000000000
59837  -9.510  -41.318  -24.596 0.0000000000
59844  -9.675  -41.498  -25.063 0.0000000000
59845  -9.779  -41.597  -25.895 0.0000000000
59857  -10.300  -41.600  -26.345 0.0000000000
59858  -10.732  -41.536  -26.627 0.0000000000
59870  -10.586  -42.026  -26.825 0.0000000000
59871  -11.060  -41.957  -27.170 0.0000000000
59872  -11.738  -42.315  -27.788 0.0000000000
59876  -12.428  -42.452  -28.335 0.0000000000
59877  -13.097  -42.463  -28.829 0.0000000000
59878  -13.835  -42.534  -29.249 0.0000000000
60983  -7.939  -41.762  -19.324 0.0000000000
61003  -8.475  -39.949  -21.857 0.0000000000
61004  -8.280  -39.586  -22.493 0.0000000000
61008  -7.856  -38.874  -23.163 0.0000000000
61009  -7.962  -38.066  -23.172 0.0000000000
61013  -8.753  -39.990  -24.090 0.0000000000
61014  -7.748  -38.824  -23.918 0.0000000000
61015  -7.694  -38.209  -23.534 0.0000000000
61018  -8.526  -40.101  -24.919 0.0000000000
61022  -9.136  -40.573  -24.985 0.0000000000
61031  -9.832  -40.810  -25.049 0.0000000000
61032  -10.149  -40.900  -25.661 0.0000000000
61042  -10.559  -40.937  -26.171 0.0000000000
61043  -11.032  -41.070  -26.647 0.0000000000
61057  -11.516  -41.216  -27.406 0.0000000000
61058  -11.982  -41.696  -28.091 0.0000000000
61064  -11.911  -40.976  -28.062 0.0000000000
61065  -12.475  -41.396  -28.601 0.0000000000
61066  -13.344  -41.451  -29.090 0.0000000000
61067  -14.202  -41.559  -29.419 0.0000000000
62116  -7.779  -40.577  -19.449 0.0000000000
62126  -8.714  -39.654  -21.043 0.0000000000
62133  -8.773  -38.453  -22.128 0.0000000000
62134  -9.203  -37.607  -22.302 0.0000000000
62139  -9.093  -37.734  -22.683 0.0000000000
62140  -9.808  -36.971  -22.608 0.0000000000
62143  -7.892  -38.951  -24.831 0.0000000000
62144  -7.985  -37.939  -24.273 0.0000000000
62145  -8.762  -37.647  -23.244 0.0000000000
62146  -9.556  -37.239  -22.794 0.0000000000
62148  -8.228  -39.321  -25.184 0.0000000000
62149  -7.923  -38.261  -25.199 0.0000000000
62156  -9.296  -39.951  -25.266 0.0000000000
62157  -8.726  -38.784  -25.340 0.0000000000
62167  -9.956  -40.398  -25.219 0.0000000000
62168  -10.341  -39.849  -25.516 0.0000000000
62169  -11.061  -39.528  -25.816 0.0000000000
62183  -10.813  -40.511  -26.183 0.0000000000
62184  -11.256  -40.137  -26.475 0.0000000000
62201  -11.772  -40.232  -27.490 0.0000000000
62205  -12.197  -40.290  -28.252 0.0000000000
62206  -12.786  -40.373  -28.870 0.0000000000
62207  -13.833  -40.318  -29.350 0.0000000000
62208  -14.528  -40.903  -29.559 0.0000000000
62211  -14.285  -39.622  -29.545 0.0000000000
63282  -7.467  -39.453  -19.338 0.0000000000
63290  -8.634  -39.313  -20.079 0.0000000000
63291  -8.760  -39.157  -20.422 0.0000000000
63292  -9.031  -38.759  -20.801 0.0000000000
63298  -8.997  -38.693  -21.257 0.0000000000
63300  -9.468  -37.270  -21.993 0.0000000000
63301  -10.102  -36.594  -22.060 0.0000000000
63305  -9.601  -37.108  -22.282 0.0000000000
63306  -10.244  -36.451  -22.317 0.0000000000
63307  -10.782  -35.527  -22.254 0.0000000000
63310  -8.525  -37.377  -24.241 0.0000000000
63311  -9.457  -37.186  -23.474 0.0000000000
63312  -10.266  -36.460  -22.675 0.0000000000
63313  -11.083  -35.243  -22.281 0.0000000000
63315  -8.430  -37.632  -24.684 0.0000000000
63316  -10.333  -36.466  -22.963 0.0000000000
63317  -10.687  -35.805  -22.704 0.0000000000
63324  -8.763  -37.878  -25.206 0.0000000000
63332  -9.750  -38.402  -25.475 0.0000000000
63333  -10.926  -38.912  -25.544 0.0000000000
63344  -11.352  -39.113  -26.085 0.0000000000
63357  -11.673  -39.300  -26.905 0.0000000000
63363  -12.002  -39.375  -27.707 0.0000000000
63364  -12.381  -39.348  -28.353 0.0000000000
63365  -12.900  -39.265  -28.911 0.0000000000
63367  -13.686  -39.048  -29.295 0.0000000000
63368  -14.465  -38.905  -29.671 0.0000000000
64475  -7.707  -38.463  -19.367 0.0000000000
64479  -9.414  -37.987  -19.972 0.0000000000
64485  -9.661  -37.733  -20.640 0.0000000000
64486  -9.898  -37.099  -21.262 0.0000000000
64492  -10.238  -36.489  -21.663 0.0000000000
64493  -10.735  -35.569  -21.853 0.0000000000
64498  -10.937  -35.306  -22.054 0.0000000000
64503  -9.396  -37.228  -23.974 0.0000000000
64504  -10.207  -36.680  -23.322 0.0000000000
64509  -9.529  -37.314  -24.448 0.0000000000
64510  -10.679  -35.926  -22.980 0.0000000000
64519  -10.238  -37.573  -24.852 0.0000000000
64528  -10.883  -38.035  -25.300 0.0000000000
64529  -11.311  -38.294  -25.758 0.0000000000
64539  -11.518  -38.385  -26.461 0.0000000000
64549  -11.572  -38.413  -27.420 0.0000000000
64550  -11.176  -38.084  -28.107 0.0000000000
64557  -12.002  -38.604  -27.897 0.0000000000
64558  -12.098  -38.176  -28.350 0.0000000000
64559  -12.780  -38.105  -28.885 0.0000000000
64562  -13.639  -38.004  -29.406 0.0000000000
64563  -14.425  -37.861  -29.805 0.0000000000
64564  -14.650  -37.590  -30.172 0.0000000000
65696  -8.417  -37.594  -19.452 0.0000000000
65699  -10.052  -37.066  -19.733 0.0000000000
65707  -10.511  -36.185  -21.073 0.0000000000
65711  -10.978  -35.435  -21.367 0.0000000000
65725  -10.298  -36.629  -23.711 0.0000000000
65726  -10.553  -36.185  -23.271 0.0000000000
65733  -10.745  -36.480  -24.286 0.0000000000
65734  -11.085  -35.507  -23.314 0.0000000000
65742  -11.154  -37.074  -25.131 0.0000000000
65743  -11.407  -36.759  -25.548 0.0000000000
65754  -11.190  -37.727  -25.556 0.0000000000
65755  -11.462  -37.409  -26.023 0.0000000000
65771  -11.195  -37.689  -26.990 0.0000000000
65784  -10.733  -37.499  -27.927 0.0000000000
65785  -10.839  -37.395  -28.531 0.0000000000
65795  -11.374  -37.368  -28.987 0.0000000000
65796  -12.547  -37.067  -29.201 0.0000000000
65806  -13.656  -37.007  -29.544 0.0000000000
65807  -14.258  -36.903  -29.864 0.0000000000
65808  -14.536  -36.696  -30.326 0.0000000000
66843  -8.196  -35.726  -18.734 0.0000000000
66856  -8.392  -36.697  -19.235 0.0000000000
66857  -8.852  -36.728  -19.266 0.0000000000
66871  -11.121  -35.987  -20.206 0.0000000000
66879  -11.231  -35.454  -20.839 0.0000000000
66908  -11.252  -36.075  -24.498 0.0000000000
66909  -11.304  -35.325  -24.092 0.0000000000
66922  -11.245  -36.439  -24.688 0.0000000000
66923  -11.481  -36.051  -25.037 0.0000000000
66937  -11.388  -36.393  -26.047 0.0000000000
66953  -10.632  -36.677  -27.240 0.0000000000
66969  -10.190  -36.542  -28.399 0.0000000000
66970  -10.604  -36.935  -28.886 0.0000000000
66983  -10.501  -35.787  -28.580 0.0000000000
66984  -11.047  -36.220  -29.073 0.0000000000
66985  -12.850  -35.849  -29.502 0.0000000000
66986  -13.374  -35.202  -29.720 0.0000000000
66999  -13.794  -36.389  -29.637 0.0000000000
67000  -14.112  -35.783  -29.750 0.0000000000
67001  -14.726  -35.689  -30.595 0.0000000000
67977  -8.399  -34.826  -18.258 0.0000000000
67978  -8.544  -35.322  -18.532 0.0000000000
67979  -9.131  -35.114  -18.455 0.0000000000
67980  -9.743  -35.055  -18.389 0.0000000000
67999  -8.425  -36.116  -18.912 0.0000000000
68000  -8.754  -35.989  -18.872 0.0000000000
68001  -9.294  -35.900  -18.858 0.0000000000
68074  -10.548  -35.800  -26.746 0.0000000000
68088  -10.109  -35.697  -27.545 0.0000000000
68106  -10.243  -35.537  -28.143 0.0000000000
68107  -10.722  -34.888  -28.627 0.0000000000
68108  -11.602  -34.707  -29.504 0.0000000000
68109  -12.591  -34.400  -30.026 0.0000000000
68122  -13.785  -34.626  -29.745 0.0000000000
69015  -11.005  -33.965  -15.708 0.0000000000
69016  -11.275  -33.879  -15.437 0.0000000000
69030  -10.990  -34.279  -16.456 0.0000000000
69031  -11.469  -34.161  -15.997 0.0000000000
69032  -11.477  -33.982  -15.548 0.0000000000
69046  -8.520  -34.209  -17.733 0.0000000000
69047  -8.690  -34.301  -17.839 0.0000000000
69048  -9.057  -34.425  -17.869 0.0000000000
69049  -9.554  -34.461  -17.769 0.0000000000
70118  -9.621  -33.233  -14.889 0.0000000000
70119  -9.820  -33.378  -14.877 0.0000000000
70140  -9.666  -33.242  -15.177 0.0000000000
70141  -10.066  -33.479  -15.299 0.0000000000
70142  -10.595  -33.723  -15.388 0.0000000000
70143  -11.014  -33.735  -15.074 0.0000000000
70165  -8.894  -33.200  -16.585 0.0000000000
70166  -9.137  -33.236  -16.526 0.0000000000
70167  -9.577  -33.384  -16.134 0.0000000000
70168  -10.225  -33.729  -16.077 0.0000000000
70169  -10.670  -33.897  -16.066 0.0000000000
70170  -11.749  -34.225  -15.992 0.0000000000
70171  -11.707  -34.003  -15.496 0.0000000000
70189  -8.855  -33.649  -17.224 0.0000000000
70190  -9.122  -33.756  -17.175 0.0000000000
70191  -9.450  -33.947  -17.211 0.0000000000
71282  -9.130  -32.968  -14.812 0.0000000000
71283  -9.509  -33.303  -14.656 0.0000000000
71284  -10.167  -33.595  -14.475 0.0000000000
71311  -8.952  -32.701  -15.468 0.0000000000
71312  -9.160  -32.827  -15.305 0.0000000000
71313  -9.424  -33.077  -15.268 0.0000000000
71314  -10.407  -33.577  -14.938 0.0000000000
71315  -10.715  -33.673  -14.722 0.0000000000
71336  -8.983  -32.838  -16.035 0.0000000000
71337  -9.188  -32.963  -15.862 0.0000000000
71338  -9.352  -33.060  -15.634 0.0000000000
