#!ascii label  , from subject subject001 vox2ras=TkReg
392
107671  -50.110  -0.683  -11.126 0.0000000000
107672  -50.838  -0.032  -9.997 0.0000000000
107673  -51.995  0.747  -9.301 0.0000000000
107693  -49.649  -0.629  -12.331 0.0000000000
108553  -53.020  1.716  -8.864 0.0000000000
108561  -49.397  0.938  -10.803 0.0000000000
108562  -49.813  0.298  -10.676 0.0000000000
108563  -51.277  0.831  -9.493 0.0000000000
108564  -52.302  1.439  -9.159 0.0000000000
108585  -49.175  0.827  -11.579 0.0000000000
108586  -49.333  0.305  -12.795 0.0000000000
109451  -52.954  2.305  -9.011 0.0000000000
109452  -53.563  2.581  -8.619 0.0000000000
109457  -48.991  1.534  -10.985 0.0000000000
109458  -49.887  1.296  -10.117 0.0000000000
109459  -50.935  1.318  -9.504 0.0000000000
109460  -51.959  1.593  -9.218 0.0000000000
109482  -48.851  1.422  -12.786 0.0000000000
109483  -49.475  0.962  -13.602 0.0000000000
109494  -48.998  1.992  -13.648 0.0000000000
109495  -49.647  1.643  -14.267 0.0000000000
110397  -53.140  3.007  -8.864 0.0000000000
110398  -53.720  3.280  -8.371 0.0000000000
110405  -48.259  2.978  -11.043 0.0000000000
110406  -48.760  2.501  -10.493 0.0000000000
110407  -49.638  2.049  -9.776 0.0000000000
110408  -50.853  2.038  -9.370 0.0000000000
110409  -52.102  2.221  -8.990 0.0000000000
110435  -48.184  3.069  -11.632 0.0000000000
110436  -48.428  2.408  -11.803 0.0000000000
110454  -48.650  2.491  -13.162 0.0000000000
110455  -49.301  2.584  -14.193 0.0000000000
111272  -48.795  3.906  -9.547 0.0000000000
111273  -49.276  3.805  -9.171 0.0000000000
111274  -50.323  3.550  -8.498 0.0000000000
111275  -51.740  3.609  -8.309 0.0000000000
111276  -53.430  3.934  -8.087 0.0000000000
111277  -54.045  3.882  -7.741 0.0000000000
111283  -48.482  3.563  -10.088 0.0000000000
111284  -49.440  2.956  -9.464 0.0000000000
111285  -50.600  2.725  -8.940 0.0000000000
111286  -51.874  2.845  -8.740 0.0000000000
111287  -52.676  3.011  -8.799 0.0000000000
111312  -47.884  3.632  -11.240 0.0000000000
111313  -48.227  3.382  -12.450 0.0000000000
111334  -48.724  3.392  -13.867 0.0000000000
111335  -49.795  3.517  -14.877 0.0000000000
112218  -48.829  4.525  -9.292 0.0000000000
112219  -49.875  4.566  -7.872 0.0000000000
112220  -51.336  4.320  -7.667 0.0000000000
112221  -52.820  4.433  -7.637 0.0000000000
112222  -53.524  4.447  -7.558 0.0000000000
112234  -47.857  4.807  -10.523 0.0000000000
112260  -47.732  4.531  -11.969 0.0000000000
112261  -48.271  4.395  -13.370 0.0000000000
112290  -49.089  4.339  -14.571 0.0000000000
112393  -43.836  6.383  -20.297 0.0000000000
112405  -44.042  6.612  -20.969 0.0000000000
112406  -44.271  6.581  -21.515 0.0000000000
113180  -48.443  5.944  -9.271 0.0000000000
113181  -49.193  5.389  -8.308 0.0000000000
113200  -47.736  6.200  -10.433 0.0000000000
113233  -47.533  5.810  -11.501 0.0000000000
113234  -47.918  5.588  -12.869 0.0000000000
113265  -48.577  5.373  -14.239 0.0000000000
113266  -49.397  5.092  -15.188 0.0000000000
113294  -49.217  6.054  -15.200 0.0000000000
113339  -42.758  7.291  -18.873 0.0000000000
113340  -43.223  6.908  -19.417 0.0000000000
113348  -42.840  7.671  -19.608 0.0000000000
113349  -43.294  7.317  -20.071 0.0000000000
113360  -43.205  8.081  -21.012 0.0000000000
113361  -43.398  7.639  -20.844 0.0000000000
113374  -43.258  8.165  -21.239 0.0000000000
113375  -43.631  7.789  -21.647 0.0000000000
113376  -44.131  7.205  -21.997 0.0000000000
113386  -43.824  7.849  -22.264 0.0000000000
114113  -48.073  7.368  -9.630 0.0000000000
114142  -47.585  7.405  -11.091 0.0000000000
114143  -47.627  6.686  -12.325 0.0000000000
114164  -47.665  7.849  -12.363 0.0000000000
114165  -48.183  6.964  -13.793 0.0000000000
114188  -49.211  7.239  -15.279 0.0000000000
114217  -41.582  9.298  -18.946 0.0000000000
114218  -41.892  8.602  -18.586 0.0000000000
114225  -41.814  9.126  -19.164 0.0000000000
114226  -42.270  8.525  -19.434 0.0000000000
114232  -42.631  8.358  -20.209 0.0000000000
114233  -43.092  7.951  -20.579 0.0000000000
114241  -42.935  8.471  -20.927 0.0000000000
114242  -43.146  8.010  -20.816 0.0000000000
114256  -42.952  8.800  -21.639 0.0000000000
114257  -43.224  8.576  -21.958 0.0000000000
114269  -42.927  9.042  -22.128 0.0000000000
114270  -43.282  8.662  -22.378 0.0000000000
114271  -43.719  8.218  -22.681 0.0000000000
114281  -43.322  8.986  -22.971 0.0000000000
114292  -43.532  9.134  -23.268 0.0000000000
115044  -47.924  8.904  -9.900 0.0000000000
115062  -47.772  9.382  -11.441 0.0000000000
115073  -47.900  8.922  -13.163 0.0000000000
115074  -48.496  8.156  -14.434 0.0000000000
115090  -48.410  9.194  -14.311 0.0000000000
115091  -49.246  8.460  -15.360 0.0000000000
115113  -41.209  9.666  -18.732 0.0000000000
115114  -41.255  9.337  -18.111 0.0000000000
115120  -41.324  9.816  -19.315 0.0000000000
115121  -41.766  9.321  -19.587 0.0000000000
115126  -41.426  9.990  -19.916 0.0000000000
115127  -41.966  9.246  -20.048 0.0000000000
115133  -41.656  9.971  -20.342 0.0000000000
115134  -42.118  9.496  -20.663 0.0000000000
115145  -42.347  9.730  -21.342 0.0000000000
115155  -42.149  11.578  -22.173 0.0000000000
115156  -42.593  10.065  -22.074 0.0000000000
115157  -42.888  9.336  -22.357 0.0000000000
115163  -42.314  11.977  -22.423 0.0000000000
115164  -42.573  11.221  -22.647 0.0000000000
115165  -42.883  9.706  -22.683 0.0000000000
115175  -42.732  11.249  -23.174 0.0000000000
115176  -42.998  10.226  -23.255 0.0000000000
115177  -43.521  9.859  -23.423 0.0000000000
115922  -47.875  10.258  -12.280 0.0000000000
115933  -48.159  10.710  -13.411 0.0000000000
115948  -48.828  9.727  -14.974 0.0000000000
115949  -49.474  9.085  -15.761 0.0000000000
115956  -33.191  11.840  -18.367 0.0000000000
115957  -40.174  11.268  -17.176 0.0000000000
115960  -49.705  9.060  -16.072 0.0000000000
115965  -40.320  10.999  -17.763 0.0000000000
115966  -40.814  9.906  -17.609 0.0000000000
115973  -40.611  10.476  -18.324 0.0000000000
115974  -40.925  9.701  -17.912 0.0000000000
115982  -40.623  10.663  -19.085 0.0000000000
115989  -39.844  11.794  -19.997 0.0000000000
115990  -40.758  10.804  -19.695 0.0000000000
115997  -40.064  12.201  -20.519 0.0000000000
115998  -41.033  10.954  -20.386 0.0000000000
115999  -41.624  10.235  -20.629 0.0000000000
116011  -40.166  12.628  -20.800 0.0000000000
116012  -40.886  12.147  -20.994 0.0000000000
116013  -41.583  10.550  -21.018 0.0000000000
116026  -41.411  12.442  -21.813 0.0000000000
116027  -41.771  11.039  -21.645 0.0000000000
116036  -41.841  12.476  -22.397 0.0000000000
116037  -42.267  12.413  -22.620 0.0000000000
116046  -42.606  12.164  -22.980 0.0000000000
116047  -42.847  11.453  -23.634 0.0000000000
116048  -43.150  10.592  -23.573 0.0000000000
116062  -42.912  11.629  -24.028 0.0000000000
116063  -43.311  10.917  -23.852 0.0000000000
116750  -48.528  11.134  -14.676 0.0000000000
116759  -34.533  12.451  -18.215 0.0000000000
116760  -36.248  12.710  -17.887 0.0000000000
116767  -33.462  11.749  -18.607 0.0000000000
116768  -34.266  12.142  -18.480 0.0000000000
116769  -36.096  12.523  -18.265 0.0000000000
116770  -37.581  12.422  -18.172 0.0000000000
116771  -39.113  11.829  -17.922 0.0000000000
116776  -38.051  12.239  -18.545 0.0000000000
116777  -39.364  11.624  -18.436 0.0000000000
116783  -38.235  12.162  -19.057 0.0000000000
116784  -39.553  11.558  -19.009 0.0000000000
116791  -37.228  12.513  -20.066 0.0000000000
116792  -38.162  12.305  -19.773 0.0000000000
116793  -39.885  11.542  -19.476 0.0000000000
116800  -37.137  12.642  -20.431 0.0000000000
116801  -38.723  12.524  -20.444 0.0000000000
116807  -37.732  12.901  -21.047 0.0000000000
116808  -39.223  12.820  -21.006 0.0000000000
116809  -40.110  13.026  -21.029 0.0000000000
116819  -38.323  13.265  -21.443 0.0000000000
116820  -39.351  13.496  -21.395 0.0000000000
116821  -40.360  13.470  -21.500 0.0000000000
116834  -40.971  13.552  -22.404 0.0000000000
116835  -41.817  12.983  -22.594 0.0000000000
116847  -40.830  14.194  -22.934 0.0000000000
116848  -41.803  13.390  -22.943 0.0000000000
116849  -42.485  12.823  -23.334 0.0000000000
116860  -40.947  14.365  -23.075 0.0000000000
116861  -41.137  13.981  -23.183 0.0000000000
116862  -42.704  12.371  -23.932 0.0000000000
116863  -43.002  11.976  -24.202 0.0000000000
116864  -43.588  11.627  -24.282 0.0000000000
117537  -33.286  11.613  -18.705 0.0000000000
117538  -33.852  11.794  -18.707 0.0000000000
117539  -34.835  12.120  -18.668 0.0000000000
117540  -36.022  12.388  -18.630 0.0000000000
117541  -36.914  12.440  -18.668 0.0000000000
117547  -34.922  12.035  -18.952 0.0000000000
117548  -35.942  12.273  -18.987 0.0000000000
117549  -37.040  12.386  -19.030 0.0000000000
117557  -34.862  12.051  -19.302 0.0000000000
117558  -35.999  12.352  -19.420 0.0000000000
117559  -37.173  12.429  -19.508 0.0000000000
117566  -34.689  12.228  -19.772 0.0000000000
117567  -36.391  12.492  -19.955 0.0000000000
117568  -37.241  12.458  -19.767 0.0000000000
117575  -34.419  12.387  -20.247 0.0000000000
117576  -35.651  12.616  -20.492 0.0000000000
117582  -34.341  12.607  -20.683 0.0000000000
117583  -36.080  12.838  -21.004 0.0000000000
117592  -34.797  12.992  -21.348 0.0000000000
117593  -36.850  13.386  -21.655 0.0000000000
117594  -38.345  13.921  -21.816 0.0000000000
117595  -39.385  14.144  -21.694 0.0000000000
117606  -35.403  13.665  -22.145 0.0000000000
117607  -37.141  14.317  -22.377 0.0000000000
117608  -38.637  14.644  -22.154 0.0000000000
117609  -39.791  14.521  -21.974 0.0000000000
117622  -37.845  15.082  -22.571 0.0000000000
117623  -38.793  15.335  -22.524 0.0000000000
117624  -40.009  14.907  -22.502 0.0000000000
117625  -41.618  13.659  -23.268 0.0000000000
117626  -41.920  13.539  -23.308 0.0000000000
117638  -38.119  16.105  -23.487 0.0000000000
117639  -38.885  15.839  -23.013 0.0000000000
117640  -40.335  15.166  -22.876 0.0000000000
117641  -41.240  14.198  -23.298 0.0000000000
117642  -42.164  13.601  -23.646 0.0000000000
117643  -42.733  13.053  -24.124 0.0000000000
117644  -43.306  12.712  -24.411 0.0000000000
117645  -44.028  12.564  -24.553 0.0000000000
117659  -38.398  16.138  -23.484 0.0000000000
117660  -39.295  15.980  -23.197 0.0000000000
117661  -40.299  15.559  -23.248 0.0000000000
117662  -41.334  14.918  -23.551 0.0000000000
117663  -42.216  14.107  -24.109 0.0000000000
117664  -42.930  13.691  -24.471 0.0000000000
117665  -43.626  13.517  -24.643 0.0000000000
117666  -44.162  13.539  -24.737 0.0000000000
117675  -40.294  15.789  -23.391 0.0000000000
117676  -40.641  15.516  -23.417 0.0000000000
118364  -34.245  13.893  -22.595 0.0000000000
118365  -35.716  14.582  -22.790 0.0000000000
118366  -36.839  15.062  -22.832 0.0000000000
118376  -34.654  14.765  -23.325 0.0000000000
118377  -35.898  15.396  -23.339 0.0000000000
118378  -37.439  15.540  -23.120 0.0000000000
118379  -38.285  15.733  -23.146 0.0000000000
118387  -36.365  15.986  -23.653 0.0000000000
118388  -37.701  16.008  -23.459 0.0000000000
118389  -38.349  15.910  -23.291 0.0000000000
118402  -36.448  16.325  -23.938 0.0000000000
118403  -37.319  16.398  -23.788 0.0000000000
118404  -38.214  16.360  -23.703 0.0000000000
118405  -39.239  16.187  -23.394 0.0000000000
118406  -41.258  15.346  -23.697 0.0000000000
118407  -41.738  14.973  -24.029 0.0000000000
118408  -42.418  14.528  -24.589 0.0000000000
118409  -43.156  14.252  -24.983 0.0000000000
118410  -43.862  14.116  -25.199 0.0000000000
118420  -38.602  16.441  -23.709 0.0000000000
118421  -39.554  16.187  -23.519 0.0000000000
118422  -40.554  15.782  -23.592 0.0000000000
119065  -34.827  15.273  -24.029 0.0000000000
119066  -35.394  15.665  -24.143 0.0000000000
119076  -35.387  16.029  -24.558 0.0000000000
119088  -35.559  16.493  -24.745 0.0000000000
119089  -36.726  16.710  -24.179 0.0000000000
119090  -37.684  16.657  -23.983 0.0000000000
119091  -41.224  15.678  -23.891 0.0000000000
119092  -41.957  15.383  -24.386 0.0000000000
119093  -42.686  15.043  -25.050 0.0000000000
119094  -43.442  14.851  -25.482 0.0000000000
119095  -44.192  14.723  -25.571 0.0000000000
119096  -44.773  14.630  -25.382 0.0000000000
119110  -35.276  16.744  -25.314 0.0000000000
119111  -36.610  17.008  -24.378 0.0000000000
119112  -38.154  16.749  -23.991 0.0000000000
119113  -39.481  16.495  -23.804 0.0000000000
119114  -40.413  16.239  -23.891 0.0000000000
119750  -48.307  15.318  -23.465 0.0000000000
119766  -40.156  16.820  -24.276 0.0000000000
119767  -41.160  16.284  -24.211 0.0000000000
119768  -42.271  15.907  -24.723 0.0000000000
119769  -43.011  15.769  -25.419 0.0000000000
119770  -43.846  15.664  -25.718 0.0000000000
119771  -44.519  15.419  -25.688 0.0000000000
119772  -45.005  15.322  -25.551 0.0000000000
119773  -45.443  15.285  -25.256 0.0000000000
119774  -45.850  15.219  -25.033 0.0000000000
119780  -35.673  17.153  -25.144 0.0000000000
119781  -36.652  17.438  -24.547 0.0000000000
119782  -38.403  17.107  -24.125 0.0000000000
119783  -39.644  16.741  -24.079 0.0000000000
119784  -40.338  16.493  -24.096 0.0000000000
119785  -43.202  16.220  -25.590 0.0000000000
119786  -43.475  16.007  -25.602 0.0000000000
119794  -35.751  17.390  -25.235 0.0000000000
120440  -48.789  16.850  -21.835 0.0000000000
120441  -48.970  16.760  -21.476 0.0000000000
120447  -48.272  16.108  -23.208 0.0000000000
120448  -48.585  16.259  -22.442 0.0000000000
120449  -48.759  15.507  -22.333 0.0000000000
120456  -47.252  16.154  -24.324 0.0000000000
120457  -47.697  16.029  -23.947 0.0000000000
120464  -46.851  15.945  -24.549 0.0000000000
120465  -47.209  15.301  -24.387 0.0000000000
120473  -40.027  17.201  -24.427 0.0000000000
120474  -40.795  17.023  -24.475 0.0000000000
120475  -41.828  16.651  -24.734 0.0000000000
120476  -42.461  16.259  -25.100 0.0000000000
120477  -43.975  16.214  -25.812 0.0000000000
120478  -44.256  16.289  -25.818 0.0000000000
120479  -44.704  16.132  -25.689 0.0000000000
120480  -45.083  16.048  -25.444 0.0000000000
120481  -45.714  15.977  -24.961 0.0000000000
120489  -36.378  17.937  -25.079 0.0000000000
120490  -37.409  17.826  -24.437 0.0000000000
120491  -39.070  17.528  -24.287 0.0000000000
120492  -40.143  17.672  -24.613 0.0000000000
120493  -41.348  17.569  -25.011 0.0000000000
120494  -42.579  16.775  -25.506 0.0000000000
120495  -43.554  16.502  -25.786 0.0000000000
120496  -43.977  16.537  -25.918 0.0000000000
121131  -49.739  18.218  -21.028 0.0000000000
121135  -48.626  17.719  -22.066 0.0000000000
121136  -49.102  17.615  -21.651 0.0000000000
121137  -49.312  17.492  -21.266 0.0000000000
121139  -48.270  17.134  -22.668 0.0000000000
121140  -48.589  16.930  -22.217 0.0000000000
121147  -47.010  16.657  -24.190 0.0000000000
121148  -47.465  17.325  -23.628 0.0000000000
121157  -46.105  16.847  -24.519 0.0000000000
121164  -44.449  16.971  -25.898 0.0000000000
121165  -44.715  16.993  -25.639 0.0000000000
121166  -45.040  16.901  -25.285 0.0000000000
121167  -45.361  17.085  -24.897 0.0000000000
121175  -37.692  18.481  -24.551 0.0000000000
121176  -39.122  18.431  -24.663 0.0000000000
121177  -40.363  18.414  -25.026 0.0000000000
121178  -41.199  18.382  -25.613 0.0000000000
121179  -42.056  17.967  -25.834 0.0000000000
121180  -43.016  17.573  -26.051 0.0000000000
121181  -43.909  17.320  -26.100 0.0000000000
121807  -48.510  18.609  -21.856 0.0000000000
121808  -49.337  18.687  -21.239 0.0000000000
121811  -46.941  19.064  -23.250 0.0000000000
121812  -47.699  18.290  -22.952 0.0000000000
121818  -46.517  18.033  -23.989 0.0000000000
121819  -47.251  18.144  -23.568 0.0000000000
121826  -45.297  18.503  -24.838 0.0000000000
121827  -45.636  17.797  -24.595 0.0000000000
121833  -44.371  18.362  -25.891 0.0000000000
121834  -44.839  18.065  -25.513 0.0000000000
121835  -45.062  17.786  -25.127 0.0000000000
121836  -45.245  17.706  -24.892 0.0000000000
121845  -39.419  19.303  -24.979 0.0000000000
121846  -40.628  19.219  -25.571 0.0000000000
121847  -41.623  19.073  -26.053 0.0000000000
121848  -42.560  18.780  -26.220 0.0000000000
121849  -43.397  18.490  -26.207 0.0000000000
121850  -43.889  18.321  -26.118 0.0000000000
122536  -47.893  20.233  -20.860 0.0000000000
122540  -46.233  20.657  -22.489 0.0000000000
122541  -47.270  19.685  -22.132 0.0000000000
122546  -46.032  19.851  -23.461 0.0000000000
122552  -45.172  19.960  -24.393 0.0000000000
122553  -45.625  19.044  -24.188 0.0000000000
122560  -44.066  20.436  -25.067 0.0000000000
122561  -44.562  19.690  -25.062 0.0000000000
122562  -45.052  19.069  -25.115 0.0000000000
122573  -39.917  20.143  -25.327 0.0000000000
122574  -41.054  20.430  -26.028 0.0000000000
122575  -42.229  20.168  -26.232 0.0000000000
122576  -43.073  19.929  -25.967 0.0000000000
122577  -43.738  19.423  -25.792 0.0000000000
122584  -40.216  20.738  -25.620 0.0000000000
123295  -45.420  21.984  -21.662 0.0000000000
123296  -46.217  21.738  -20.896 0.0000000000
123299  -45.118  22.959  -22.795 0.0000000000
123300  -45.027  22.208  -22.358 0.0000000000
123303  -44.274  22.990  -23.007 0.0000000000
123304  -44.691  22.423  -23.028 0.0000000000
123305  -45.322  20.609  -23.617 0.0000000000
123308  -43.733  21.784  -23.891 0.0000000000
123309  -44.046  22.155  -23.441 0.0000000000
123310  -44.720  20.520  -24.252 0.0000000000
123317  -41.289  21.458  -25.933 0.0000000000
123318  -41.945  21.507  -25.739 0.0000000000
123319  -42.798  21.540  -25.359 0.0000000000
123320  -43.445  21.473  -24.798 0.0000000000
123982  -45.510  23.658  -21.247 0.0000000000
123983  -45.789  23.189  -20.416 0.0000000000
123986  -45.128  24.439  -22.286 0.0000000000
123987  -45.344  24.075  -22.081 0.0000000000
123990  -44.417  24.442  -22.877 0.0000000000
123991  -44.769  24.501  -22.573 0.0000000000
123994  -43.873  23.485  -23.162 0.0000000000
123995  -44.077  24.079  -23.141 0.0000000000
124005  -43.616  22.972  -23.523 0.0000000000
