#!ascii label  , from subject subject001 vox2ras=TkReg
1461
59065  -9.226  -40.099  38.972 0.0000000000
59086  -9.316  -40.348  38.421 0.0000000000
59087  -10.066  -40.316  38.272 0.0000000000
59111  -10.183  -40.974  37.783 0.0000000000
59131  -10.125  -41.852  36.938 0.0000000000
59153  -10.548  -41.923  35.857 0.0000000000
59170  -10.640  -42.084  34.704 0.0000000000
59186  -10.628  -41.873  33.540 0.0000000000
59187  -10.652  -41.282  33.058 0.0000000000
59201  -10.475  -41.775  32.534 0.0000000000
59202  -10.793  -41.328  32.394 0.0000000000
60302  -9.555  -39.835  38.902 0.0000000000
60303  -9.907  -39.818  38.448 0.0000000000
60316  -10.625  -40.076  37.800 0.0000000000
60317  -10.944  -39.577  37.412 0.0000000000
60327  -10.898  -40.988  36.654 0.0000000000
60328  -11.426  -40.018  36.874 0.0000000000
60329  -11.705  -39.831  36.458 0.0000000000
60337  -11.202  -41.372  35.325 0.0000000000
60338  -11.620  -40.423  35.756 0.0000000000
60339  -11.778  -40.050  36.291 0.0000000000
60346  -11.046  -41.398  34.172 0.0000000000
60347  -11.498  -40.821  34.607 0.0000000000
60356  -10.860  -41.292  33.484 0.0000000000
60357  -11.117  -40.756  33.280 0.0000000000
60358  -11.519  -40.534  32.795 0.0000000000
60372  -11.193  -41.126  32.214 0.0000000000
60373  -11.300  -40.566  32.286 0.0000000000
61431  -9.777  -39.329  39.609 0.0000000000
61441  -9.596  -39.618  39.418 0.0000000000
61442  -9.955  -39.350  38.908 0.0000000000
61443  -10.341  -39.184  38.547 0.0000000000
61452  -10.197  -39.451  38.306 0.0000000000
61453  -10.807  -39.307  37.994 0.0000000000
61465  -11.170  -39.322  37.233 0.0000000000
61466  -11.526  -39.503  36.712 0.0000000000
61478  -12.056  -40.143  35.437 0.0000000000
61479  -12.085  -39.848  36.041 0.0000000000
61494  -11.903  -40.309  34.812 0.0000000000
61495  -12.172  -39.955  34.987 0.0000000000
61508  -11.390  -40.283  34.089 0.0000000000
61509  -11.939  -40.135  33.630 0.0000000000
61510  -12.374  -39.780  33.190 0.0000000000
61525  -11.729  -40.194  32.169 0.0000000000
61526  -12.228  -39.904  32.477 0.0000000000
61540  -12.114  -39.795  31.524 0.0000000000
61612  -13.437  -40.803  28.770 0.0000000000
61641  -7.091  -42.901  29.663 0.0000000000
61642  -8.375  -42.777  29.461 0.0000000000
61643  -9.627  -42.692  29.178 0.0000000000
61644  -10.654  -42.554  29.042 0.0000000000
61645  -11.395  -42.338  28.814 0.0000000000
61646  -11.835  -42.222  28.659 0.0000000000
61647  -13.117  -41.441  28.433 0.0000000000
61657  -12.064  -42.008  28.692 0.0000000000
61658  -12.292  -41.978  28.560 0.0000000000
61659  -12.951  -41.885  28.282 0.0000000000
61660  -13.413  -41.753  28.509 0.0000000000
62510  -10.417  -38.940  39.846 0.0000000000
62511  -10.719  -38.409  39.284 0.0000000000
62524  -10.311  -39.052  38.939 0.0000000000
62525  -10.729  -38.808  38.640 0.0000000000
62544  -11.263  -38.902  37.635 0.0000000000
62545  -11.701  -38.843  37.313 0.0000000000
62563  -4.998  -40.476  36.712 0.0000000000
62564  -6.014  -40.610  36.881 0.0000000000
62565  -6.991  -40.648  37.209 0.0000000000
62566  -11.441  -39.225  37.105 0.0000000000
62567  -11.913  -39.288  36.850 0.0000000000
62581  -4.750  -40.423  36.177 0.0000000000
62582  -5.450  -40.710  36.162 0.0000000000
62583  -6.833  -40.948  36.274 0.0000000000
62584  -12.233  -39.391  36.132 0.0000000000
62598  -4.022  -40.065  35.153 0.0000000000
62599  -4.480  -40.350  35.492 0.0000000000
62600  -5.769  -41.120  35.322 0.0000000000
62601  -7.213  -41.363  35.048 0.0000000000
62602  -8.119  -41.250  34.508 0.0000000000
62603  -12.160  -39.361  35.198 0.0000000000
62604  -12.338  -39.323  34.551 0.0000000000
62616  -4.093  -40.082  34.728 0.0000000000
62617  -4.963  -40.661  34.506 0.0000000000
62618  -6.141  -41.155  34.236 0.0000000000
62619  -7.350  -41.242  33.910 0.0000000000
62620  -8.545  -41.144  33.661 0.0000000000
62621  -9.304  -40.980  33.206 0.0000000000
62622  -12.174  -39.538  34.428 0.0000000000
62623  -12.580  -39.642  33.781 0.0000000000
62635  -4.296  -40.096  33.762 0.0000000000
62636  -5.320  -40.632  33.449 0.0000000000
62637  -6.464  -40.900  33.146 0.0000000000
62638  -7.608  -41.019  32.850 0.0000000000
62639  -8.648  -40.941  32.597 0.0000000000
62640  -9.569  -40.743  32.463 0.0000000000
62641  -12.578  -39.517  32.721 0.0000000000
62642  -12.670  -39.331  32.104 0.0000000000
62652  -4.614  -40.126  32.695 0.0000000000
62653  -5.668  -40.439  32.412 0.0000000000
62654  -6.744  -40.635  32.094 0.0000000000
62655  -7.855  -40.659  31.852 0.0000000000
62656  -8.850  -40.631  31.653 0.0000000000
62657  -9.734  -40.466  31.536 0.0000000000
62658  -12.502  -39.579  31.853 0.0000000000
62659  -12.748  -39.355  31.437 0.0000000000
62673  -5.048  -40.056  31.825 0.0000000000
62674  -5.891  -40.219  31.388 0.0000000000
62675  -7.071  -40.212  31.167 0.0000000000
62676  -8.150  -40.334  30.908 0.0000000000
62677  -9.062  -40.372  30.768 0.0000000000
62678  -9.791  -40.262  30.753 0.0000000000
62679  -12.468  -39.470  31.063 0.0000000000
62680  -12.739  -39.140  30.675 0.0000000000
62693  -12.690  -39.487  30.425 0.0000000000
62694  -13.234  -39.316  30.004 0.0000000000
62695  -13.783  -39.306  29.608 0.0000000000
62710  -13.611  -39.585  29.562 0.0000000000
62711  -13.842  -39.576  29.278 0.0000000000
62728  -13.881  -39.779  28.958 0.0000000000
62748  -5.756  -41.470  30.006 0.0000000000
62749  -6.556  -42.229  29.808 0.0000000000
62750  -13.553  -40.395  28.797 0.0000000000
62764  -6.430  -40.851  30.127 0.0000000000
62765  -7.345  -41.569  29.909 0.0000000000
62766  -8.995  -41.621  29.529 0.0000000000
62767  -10.222  -41.754  29.327 0.0000000000
62768  -11.122  -41.650  29.019 0.0000000000
62769  -11.897  -41.319  28.939 0.0000000000
62770  -12.099  -41.650  28.802 0.0000000000
62771  -13.567  -40.306  28.717 0.0000000000
62772  -13.524  -40.753  28.779 0.0000000000
62786  -12.318  -40.714  29.187 0.0000000000
62787  -12.350  -41.090  28.845 0.0000000000
62788  -12.839  -41.104  28.840 0.0000000000
62789  -13.332  -40.989  28.491 0.0000000000
62790  -13.618  -41.014  28.740 0.0000000000
63663  -11.422  -37.688  41.384 0.0000000000
63672  -10.815  -38.467  40.883 0.0000000000
63673  -11.040  -38.124  40.181 0.0000000000
63674  -11.287  -37.344  40.354 0.0000000000
63686  -11.036  -38.255  38.884 0.0000000000
63687  -11.310  -37.743  39.251 0.0000000000
63703  -11.148  -38.581  38.292 0.0000000000
63704  -11.517  -38.419  38.013 0.0000000000
63718  -8.242  -40.615  37.256 0.0000000000
63719  -9.332  -40.405  36.912 0.0000000000
63720  -12.117  -38.970  36.753 0.0000000000
63733  -3.680  -39.261  35.873 0.0000000000
63734  -4.253  -39.884  36.252 0.0000000000
63735  -8.163  -41.046  35.796 0.0000000000
63736  -9.145  -40.671  36.168 0.0000000000
63737  -12.263  -39.087  35.415 0.0000000000
63738  -12.380  -39.067  34.917 0.0000000000
63752  -3.684  -39.567  35.203 0.0000000000
63753  -3.968  -39.801  35.723 0.0000000000
63754  -8.190  -41.215  35.059 0.0000000000
63755  -9.219  -40.824  34.780 0.0000000000
63756  -10.152  -40.477  34.384 0.0000000000
63757  -12.495  -39.295  34.943 0.0000000000
63758  -12.649  -39.263  34.388 0.0000000000
63770  -3.564  -39.337  34.182 0.0000000000
63771  -9.338  -40.919  33.793 0.0000000000
63772  -10.178  -40.705  33.522 0.0000000000
63773  -11.040  -40.630  33.605 0.0000000000
63774  -12.919  -39.295  33.086 0.0000000000
63775  -13.061  -39.109  32.669 0.0000000000
63786  -3.644  -39.411  33.038 0.0000000000
63787  -10.492  -40.591  32.319 0.0000000000
63788  -11.218  -40.680  33.010 0.0000000000
63789  -12.763  -39.297  32.492 0.0000000000
63790  -12.842  -39.110  32.090 0.0000000000
63804  -4.315  -39.450  31.968 0.0000000000
63805  -10.478  -40.290  31.324 0.0000000000
63806  -11.319  -40.522  31.982 0.0000000000
63807  -13.028  -39.166  31.042 0.0000000000
63822  -5.059  -39.667  31.009 0.0000000000
63823  -6.231  -39.715  30.598 0.0000000000
63824  -7.574  -39.799  30.288 0.0000000000
63825  -8.495  -40.025  30.136 0.0000000000
63826  -9.334  -40.079  30.043 0.0000000000
63827  -10.277  -39.977  30.288 0.0000000000
63828  -10.999  -39.992  31.091 0.0000000000
63829  -13.124  -38.935  30.204 0.0000000000
63841  -7.898  -39.650  30.071 0.0000000000
63842  -8.105  -39.647  29.833 0.0000000000
63843  -8.715  -39.752  29.433 0.0000000000
63844  -9.598  -39.784  29.297 0.0000000000
63845  -13.618  -39.101  29.693 0.0000000000
63846  -13.976  -39.124  29.431 0.0000000000
63858  -14.143  -39.180  29.184 0.0000000000
63875  -14.181  -39.163  28.937 0.0000000000
63901  -4.674  -40.310  30.367 0.0000000000
63902  -14.026  -39.422  28.792 0.0000000000
63922  -5.750  -40.182  30.408 0.0000000000
63923  -6.872  -40.033  29.949 0.0000000000
63924  -8.403  -39.972  29.579 0.0000000000
63925  -9.679  -40.413  29.066 0.0000000000
63926  -10.683  -40.601  28.913 0.0000000000
63927  -11.434  -40.697  28.990 0.0000000000
63928  -13.469  -39.955  28.898 0.0000000000
63929  -13.677  -39.715  28.780 0.0000000000
63950  -9.297  -39.080  28.687 0.0000000000
63951  -10.282  -39.351  28.701 0.0000000000
63952  -11.118  -39.688  28.653 0.0000000000
63953  -11.910  -40.067  28.822 0.0000000000
63954  -12.496  -40.061  28.808 0.0000000000
63955  -12.934  -40.359  28.965 0.0000000000
63956  -13.240  -40.345  29.030 0.0000000000
64930  -11.532  -37.114  40.595 0.0000000000
64942  -11.483  -37.277  39.745 0.0000000000
64952  -9.402  -39.850  38.966 0.0000000000
64953  -10.210  -39.384  38.348 0.0000000000
64954  -11.648  -37.752  38.640 0.0000000000
64962  -8.844  -40.463  38.464 0.0000000000
64963  -9.752  -39.993  37.645 0.0000000000
64964  -10.758  -39.589  37.804 0.0000000000
64965  -12.101  -38.584  37.404 0.0000000000
64972  -3.492  -38.784  35.973 0.0000000000
64973  -3.619  -38.787  36.464 0.0000000000
64974  -9.900  -40.168  36.385 0.0000000000
64975  -10.864  -39.596  36.638 0.0000000000
64976  -11.522  -39.290  36.114 0.0000000000
64977  -12.413  -38.981  35.870 0.0000000000
64978  -12.312  -39.021  35.186 0.0000000000
64987  -3.442  -38.534  35.542 0.0000000000
64988  -3.457  -38.421  35.945 0.0000000000
64989  -9.695  -40.432  35.634 0.0000000000
64990  -10.436  -40.172  35.140 0.0000000000
64991  -11.385  -39.637  35.266 0.0000000000
64992  -12.507  -38.995  35.054 0.0000000000
64993  -12.514  -39.041  34.691 0.0000000000
65003  -3.371  -38.314  34.776 0.0000000000
65004  -3.577  -37.329  34.801 0.0000000000
65005  -3.686  -36.923  34.767 0.0000000000
65006  -10.723  -40.449  34.093 0.0000000000
65007  -11.454  -40.307  33.928 0.0000000000
65008  -12.963  -39.084  33.377 0.0000000000
65009  -13.067  -39.105  32.921 0.0000000000
65017  -3.028  -38.081  33.609 0.0000000000
65018  -3.445  -37.366  34.455 0.0000000000
65019  -3.633  -37.128  34.635 0.0000000000
65020  -11.831  -40.134  32.626 0.0000000000
65021  -12.277  -39.808  32.337 0.0000000000
65022  -13.111  -39.008  32.793 0.0000000000
65023  -13.131  -38.916  32.464 0.0000000000
65035  -3.449  -38.496  32.299 0.0000000000
65036  -11.718  -40.148  31.401 0.0000000000
65037  -12.069  -39.808  31.570 0.0000000000
65038  -13.087  -38.966  31.480 0.0000000000
65053  -4.273  -38.708  31.135 0.0000000000
65054  -5.355  -38.862  30.367 0.0000000000
65055  -6.937  -38.854  30.176 0.0000000000
65056  -7.324  -38.437  29.713 0.0000000000
65057  -10.394  -39.597  29.522 0.0000000000
65058  -11.140  -39.748  30.293 0.0000000000
65059  -11.893  -39.806  30.712 0.0000000000
65060  -13.247  -39.016  30.462 0.0000000000
65074  -7.770  -39.366  30.012 0.0000000000
65075  -7.967  -38.922  29.491 0.0000000000
65076  -9.021  -39.122  28.934 0.0000000000
65077  -9.938  -39.287  28.730 0.0000000000
65078  -10.887  -39.442  29.167 0.0000000000
65079  -11.592  -39.579  29.887 0.0000000000
65080  -13.731  -38.945  29.449 0.0000000000
65081  -14.085  -38.957  29.275 0.0000000000
65095  -14.047  -38.662  28.928 0.0000000000
65096  -14.153  -38.843  29.003 0.0000000000
65114  -14.206  -38.945  28.788 0.0000000000
65132  -2.739  -39.239  29.878 0.0000000000
65133  -3.872  -39.070  30.416 0.0000000000
65134  -4.939  -39.403  30.589 0.0000000000
65135  -14.071  -38.985  28.584 0.0000000000
65150  -4.655  -38.558  30.282 0.0000000000
65151  -5.823  -38.850  30.019 0.0000000000
65152  -7.385  -38.596  29.210 0.0000000000
65153  -8.524  -38.637  28.855 0.0000000000
65154  -13.180  -39.074  28.272 0.0000000000
65155  -13.414  -39.336  28.505 0.0000000000
65156  -13.850  -38.934  28.396 0.0000000000
65175  -8.267  -37.855  28.632 0.0000000000
65176  -8.961  -38.008  28.230 0.0000000000
65177  -9.783  -38.275  28.127 0.0000000000
65178  -10.634  -38.613  28.144 0.0000000000
65179  -11.448  -38.919  28.360 0.0000000000
65180  -12.192  -39.139  28.481 0.0000000000
65181  -12.902  -39.248  28.466 0.0000000000
65182  -13.183  -39.862  28.686 0.0000000000
66202  -11.678  -37.136  40.386 0.0000000000
66214  -11.691  -37.244  39.462 0.0000000000
66223  -10.225  -38.795  39.402 0.0000000000
66224  -11.817  -37.570  38.747 0.0000000000
66231  -10.783  -38.885  38.271 0.0000000000
66232  -11.332  -38.729  37.769 0.0000000000
66233  -12.042  -38.215  38.002 0.0000000000
66240  -3.472  -36.186  36.039 0.0000000000
66241  -11.046  -39.186  37.523 0.0000000000
66242  -11.634  -38.887  36.907 0.0000000000
66243  -12.056  -38.668  36.497 0.0000000000
66244  -12.201  -38.731  36.706 0.0000000000
66249  -3.432  -37.983  35.443 0.0000000000
66250  -3.426  -37.455  35.761 0.0000000000
66251  -3.822  -35.667  35.553 0.0000000000
66252  -11.947  -39.100  35.560 0.0000000000
66253  -12.272  -38.856  35.467 0.0000000000
66254  -12.391  -38.903  35.250 0.0000000000
66255  -12.414  -38.897  34.838 0.0000000000
66257  -3.419  -38.159  35.243 0.0000000000
66258  -3.492  -37.653  35.179 0.0000000000
66259  -3.725  -36.495  35.047 0.0000000000
66260  -12.025  -39.736  34.310 0.0000000000
66261  -12.417  -39.291  34.442 0.0000000000
66262  -12.485  -38.876  34.130 0.0000000000
66263  -12.792  -39.031  33.974 0.0000000000
66266  -2.783  -36.797  33.378 0.0000000000
66267  -3.411  -36.750  34.128 0.0000000000
66268  -3.659  -36.697  34.642 0.0000000000
66269  -12.004  -40.011  33.524 0.0000000000
66270  -12.486  -39.617  33.226 0.0000000000
66271  -12.690  -39.332  33.814 0.0000000000
66272  -13.100  -38.907  32.574 0.0000000000
66273  -13.014  -38.719  32.456 0.0000000000
66277  -2.860  -37.323  32.639 0.0000000000
66278  -12.463  -39.402  31.892 0.0000000000
66279  -12.805  -39.245  31.642 0.0000000000
66280  -13.064  -38.969  31.568 0.0000000000
66281  -13.045  -38.932  31.933 0.0000000000
66290  -3.478  -37.585  31.511 0.0000000000
66291  -4.336  -37.810  30.223 0.0000000000
66292  -6.024  -37.607  30.036 0.0000000000
66293  -6.986  -38.053  30.083 0.0000000000
66294  -12.292  -39.681  30.382 0.0000000000
66295  -12.709  -39.175  30.778 0.0000000000
66296  -13.016  -38.941  30.601 0.0000000000
66297  -13.139  -38.983  30.937 0.0000000000
66306  -6.501  -36.972  29.821 0.0000000000
66307  -7.227  -37.671  29.474 0.0000000000
66308  -8.396  -37.972  28.956 0.0000000000
66309  -9.375  -38.434  28.383 0.0000000000
66310  -10.447  -38.660  28.265 0.0000000000
66311  -11.618  -39.394  28.874 0.0000000000
66312  -12.346  -39.225  29.404 0.0000000000
66313  -12.752  -38.910  29.427 0.0000000000
66314  -13.202  -38.851  29.671 0.0000000000
66322  -10.651  -38.164  27.918 0.0000000000
66323  -11.200  -38.524  28.159 0.0000000000
66324  -11.954  -38.994  28.381 0.0000000000
66325  -12.364  -38.941  28.850 0.0000000000
66326  -13.768  -38.655  28.835 0.0000000000
66327  -14.241  -38.664  28.847 0.0000000000
66333  -13.775  -38.542  28.356 0.0000000000
66334  -14.102  -38.705  28.673 0.0000000000
66337  -1.884  -38.079  29.112 0.0000000000
66338  -2.927  -37.920  30.017 0.0000000000
66339  -3.960  -37.730  30.252 0.0000000000
66340  -13.535  -38.524  28.308 0.0000000000
66341  -14.025  -38.670  28.394 0.0000000000
66344  -1.451  -38.130  27.469 0.0000000000
66345  -1.603  -38.857  26.878 0.0000000000
66346  -4.952  -37.631  29.869 0.0000000000
66347  -6.265  -37.510  29.302 0.0000000000
66348  -7.577  -37.248  28.749 0.0000000000
66349  -12.444  -38.255  28.066 0.0000000000
66350  -13.038  -38.634  28.343 0.0000000000
66351  -13.597  -38.748  28.181 0.0000000000
66352  -13.857  -38.686  28.219 0.0000000000
66354  -1.477  -37.454  26.632 0.0000000000
66355  -1.920  -38.146  26.171 0.0000000000
66358  -8.562  -37.118  28.282 0.0000000000
66359  -9.287  -37.277  27.818 0.0000000000
66360  -10.044  -37.546  27.667 0.0000000000
66361  -10.867  -37.903  27.741 0.0000000000
66362  -11.698  -38.353  27.849 0.0000000000
66363  -12.393  -38.533  28.160 0.0000000000
66364  -12.735  -38.561  28.323 0.0000000000
67411  -11.644  -37.101  40.346 0.0000000000
67412  -11.742  -37.100  40.134 0.0000000000
67419  -10.619  -38.060  40.265 0.0000000000
67420  -11.121  -37.671  40.007 0.0000000000
67421  -11.450  -37.259  39.879 0.0000000000
67422  -11.756  -37.253  39.220 0.0000000000
67431  -10.877  -38.177  39.657 0.0000000000
67432  -11.158  -37.845  39.344 0.0000000000
67433  -11.519  -37.518  38.788 0.0000000000
67434  -11.975  -37.798  38.417 0.0000000000
67444  -10.855  -38.343  39.060 0.0000000000
67445  -11.240  -38.132  38.362 0.0000000000
67446  -11.893  -38.116  38.066 0.0000000000
67447  -12.102  -38.321  37.637 0.0000000000
67454  -3.960  -34.879  35.990 0.0000000000
67455  -11.683  -38.382  37.678 0.0000000000
67456  -12.046  -38.571  37.395 0.0000000000
67457  -12.168  -38.544  37.088 0.0000000000
67462  -4.191  -34.305  35.514 0.0000000000
67463  -4.311  -33.897  35.313 0.0000000000
67465  -4.061  -34.765  35.243 0.0000000000
67466  -4.370  -33.681  35.353 0.0000000000
67467  -12.811  -39.066  33.821 0.0000000000
67468  -12.872  -39.090  33.605 0.0000000000
67471  -2.612  -36.177  33.398 0.0000000000
67472  -2.927  -35.936  33.930 0.0000000000
67473  -3.779  -35.434  34.780 0.0000000000
67474  -12.746  -39.398  33.135 0.0000000000
67475  -12.827  -39.246  33.343 0.0000000000
67476  -13.016  -39.145  33.022 0.0000000000
67479  -2.535  -36.303  32.944 0.0000000000
67480  -12.730  -39.376  32.812 0.0000000000
67481  -12.786  -39.104  32.374 0.0000000000
67482  -12.971  -38.953  32.094 0.0000000000
67485  -2.773  -36.449  32.068 0.0000000000
67486  -3.700  -36.502  30.933 0.0000000000
67487  -4.652  -36.540  29.825 0.0000000000
67488  -12.966  -39.041  31.609 0.0000000000
67489  -13.027  -39.074  31.312 0.0000000000
67492  -5.687  -36.420  29.423 0.0000000000
67493  -6.706  -36.521  29.387 0.0000000000
67494  -7.592  -36.779  28.791 0.0000000000
67495  -8.716  -37.049  28.345 0.0000000000
67496  -9.628  -37.741  28.101 0.0000000000
67497  -12.647  -38.779  28.846 0.0000000000
67498  -12.839  -38.746  28.995 0.0000000000
67501  -9.405  -36.841  28.155 0.0000000000
67502  -10.077  -37.377  28.015 0.0000000000
67503  -10.675  -37.683  27.726 0.0000000000
67504  -11.467  -38.194  27.827 0.0000000000
67505  -12.424  -38.804  28.322 0.0000000000
67506  -12.976  -38.726  28.514 0.0000000000
67509  -11.824  -38.210  27.901 0.0000000000
67510  -12.326  -38.270  28.083 0.0000000000
67511  -13.080  -38.406  28.227 0.0000000000
67515  -1.872  -36.807  29.019 0.0000000000
67516  -2.319  -36.757  29.496 0.0000000000
67517  -3.370  -36.700  29.982 0.0000000000
67518  -12.025  -37.697  27.701 0.0000000000
67519  -12.339  -37.931  27.860 0.0000000000
67520  -13.098  -38.331  28.041 0.0000000000
67523  -2.032  -36.804  28.189 0.0000000000
67524  -4.186  -36.583  30.005 0.0000000000
67525  -5.254  -36.414  29.579 0.0000000000
67526  -6.717  -36.336  28.889 0.0000000000
67527  -11.298  -37.183  27.440 0.0000000000
67528  -11.839  -37.613  27.582 0.0000000000
67529  -12.678  -38.219  28.014 0.0000000000
67530  -13.213  -38.478  28.165 0.0000000000
67532  -1.800  -36.743  26.958 0.0000000000
67533  -1.705  -36.747  25.999 0.0000000000
67534  -2.473  -36.817  25.224 0.0000000000
67535  -7.957  -36.366  28.369 0.0000000000
67536  -8.771  -36.457  27.927 0.0000000000
67537  -9.465  -36.601  27.588 0.0000000000
67538  -10.230  -36.840  27.621 0.0000000000
67539  -11.042  -37.291  27.416 0.0000000000
67540  -11.924  -37.954  27.840 0.0000000000
67543  -2.755  -36.771  24.337 0.0000000000
67544  -3.070  -36.716  23.770 0.0000000000
68471  -11.687  -37.055  40.908 0.0000000000
68482  -11.500  -37.092  40.659 0.0000000000
68483  -11.710  -37.008  40.556 0.0000000000
68491  -11.037  -37.346  40.515 0.0000000000
68492  -11.316  -37.319  40.280 0.0000000000
68509  -4.252  -33.311  35.502 0.0000000000
68510  -4.596  -32.827  35.515 0.0000000000
68513  -4.456  -33.460  35.647 0.0000000000
68514  -4.866  -32.841  35.512 0.0000000000
68515  -5.346  -32.439  35.433 0.0000000000
68518  -4.230  -34.154  35.255 0.0000000000
68519  -4.725  -33.039  35.460 0.0000000000
68520  -5.435  -32.124  35.628 0.0000000000
68524  -2.720  -35.447  33.480 0.0000000000
68525  -3.363  -34.688  34.420 0.0000000000
68526  -4.150  -33.766  35.229 0.0000000000
68527  -4.704  -32.709  35.527 0.0000000000
68530  -2.516  -35.286  32.724 0.0000000000
68533  -3.025  -35.322  31.606 0.0000000000
68534  -3.764  -35.386  30.162 0.0000000000
68535  -5.039  -35.366  29.590 0.0000000000
68536  -6.027  -35.046  29.310 0.0000000000
68537  -6.955  -34.990  29.059 0.0000000000
68544  -5.977  -35.812  29.192 0.0000000000
68545  -6.894  -35.786  29.125 0.0000000000
68546  -7.765  -35.673  28.489 0.0000000000
68547  -8.727  -35.843  28.120 0.0000000000
68548  -9.155  -35.565  28.009 0.0000000000
68555  -9.517  -36.355  28.082 0.0000000000
68556  -9.875  -36.299  27.921 0.0000000000
68557  -10.551  -36.834  27.571 0.0000000000
68558  -11.316  -37.677  27.597 0.0000000000
68566  -10.911  -37.024  27.407 0.0000000000
68567  -11.695  -37.780  27.744 0.0000000000
68568  -12.094  -37.934  27.831 0.0000000000
68573  -1.982  -35.632  28.767 0.0000000000
68574  -3.084  -35.388  29.628 0.0000000000
68575  -3.717  -35.966  30.236 0.0000000000
68576  -10.833  -36.813  27.357 0.0000000000
68577  -11.625  -37.485  27.551 0.0000000000
68578  -11.945  -37.781  27.731 0.0000000000
68581  -1.945  -35.554  27.442 0.0000000000
68582  -3.795  -34.756  29.887 0.0000000000
68583  -4.273  -35.363  29.892 0.0000000000
68584  -5.745  -35.275  29.254 0.0000000000
68585  -7.512  -35.335  28.641 0.0000000000
68586  -8.232  -35.034  28.493 0.0000000000
68587  -10.432  -36.201  27.413 0.0000000000
68588  -11.030  -36.772  27.251 0.0000000000
68589  -11.335  -37.166  27.430 0.0000000000
68592  -2.084  -35.688  26.130 0.0000000000
68593  -1.862  -35.665  24.943 0.0000000000
68594  -2.329  -36.182  24.535 0.0000000000
68595  -8.283  -35.909  28.159 0.0000000000
68596  -8.810  -35.701  28.085 0.0000000000
68597  -9.602  -36.043  27.489 0.0000000000
68598  -10.222  -36.277  27.313 0.0000000000
68599  -10.661  -36.598  27.361 0.0000000000
68602  -1.884  -35.125  24.232 0.0000000000
68603  -2.413  -35.649  23.756 0.0000000000
68604  -2.900  -36.132  23.323 0.0000000000
68608  -2.644  -35.050  23.119 0.0000000000
68609  -2.940  -35.418  22.833 0.0000000000
68624  -3.259  -34.853  22.119 0.0000000000
69512  -4.330  -32.473  35.685 0.0000000000
69513  -5.179  -31.945  35.967 0.0000000000
69514  -5.840  -31.544  35.940 0.0000000000
69517  -4.651  -32.666  35.697 0.0000000000
69518  -5.246  -32.283  35.730 0.0000000000
69519  -6.113  -31.755  35.868 0.0000000000
69522  -5.556  -32.287  35.643 0.0000000000
69523  -6.260  -32.032  35.746 0.0000000000
69524  -6.871  -31.601  35.813 0.0000000000
69533  -5.227  -32.264  35.581 0.0000000000
69534  -6.186  -31.755  35.849 0.0000000000
69535  -7.188  -31.378  36.033 0.0000000000
69548  -2.402  -33.307  33.498 0.0000000000
69549  -2.716  -33.910  33.755 0.0000000000
69550  -3.623  -33.399  35.162 0.0000000000
69551  -4.492  -32.669  35.644 0.0000000000
69552  -5.511  -31.952  35.727 0.0000000000
69553  -6.745  -31.523  35.958 0.0000000000
69554  -7.467  -31.232  36.048 0.0000000000
69567  -2.317  -33.480  33.167 0.0000000000
69568  -2.457  -34.065  32.468 0.0000000000
69583  -3.271  -34.186  31.270 0.0000000000
69584  -4.185  -34.204  30.060 0.0000000000
69585  -5.166  -34.111  29.458 0.0000000000
69586  -6.369  -34.097  29.429 0.0000000000
69587  -7.575  -34.342  28.973 0.0000000000
69588  -8.046  -33.893  28.970 0.0000000000
69602  -8.171  -35.131  28.487 0.0000000000
69603  -8.570  -34.612  28.508 0.0000000000
69604  -9.138  -34.959  27.965 0.0000000000
69617  -9.653  -35.484  27.726 0.0000000000
69618  -10.153  -36.032  27.778 0.0000000000
69633  -9.555  -35.235  27.768 0.0000000000
69634  -10.060  -35.815  27.758 0.0000000000
69647  -2.052  -34.012  29.035 0.0000000000
69648  -3.474  -33.952  29.605 0.0000000000
69649  -4.088  -33.466  30.009 0.0000000000
69650  -9.876  -35.445  27.600 0.0000000000
69651  -10.295  -36.094  27.609 0.0000000000
69664  -1.596  -34.316  28.027 0.0000000000
69665  -4.109  -34.510  30.071 0.0000000000
69666  -4.701  -34.080  29.568 0.0000000000
69667  -6.401  -34.192  29.123 0.0000000000
69668  -7.680  -34.446  28.893 0.0000000000
69669  -8.747  -34.903  28.280 0.0000000000
69670  -9.390  -35.143  27.725 0.0000000000
69671  -10.165  -35.744  27.486 0.0000000000
69672  -10.444  -36.157  27.421 0.0000000000
69682  -1.861  -34.363  26.155 0.0000000000
69683  -1.821  -35.005  25.373 0.0000000000
69684  -9.286  -35.545  27.890 0.0000000000
69685  -9.584  -35.588  27.625 0.0000000000
69686  -9.963  -35.766  27.406 0.0000000000
69699  -2.111  -33.800  25.143 0.0000000000
69700  -1.713  -34.354  24.458 0.0000000000
69701  -2.020  -34.884  23.874 0.0000000000
69718  -2.039  -33.800  23.571 0.0000000000
69719  -2.341  -34.408  23.236 0.0000000000
69720  -2.695  -34.762  22.829 0.0000000000
69739  -2.428  -33.780  22.615 0.0000000000
69740  -2.669  -34.204  22.275 0.0000000000
69751  -2.992  -33.967  21.473 0.0000000000
69762  -3.289  -33.672  20.880 0.0000000000
70683  -6.003  -31.076  36.083 0.0000000000
70684  -6.961  -30.964  36.144 0.0000000000
70685  -7.774  -30.537  36.056 0.0000000000
70690  -7.016  -31.399  36.097 0.0000000000
70691  -7.749  -30.787  36.073 0.0000000000
70700  -7.010  -31.619  36.021 0.0000000000
70701  -7.655  -31.136  36.053 0.0000000000
70714  -7.980  -30.992  35.967 0.0000000000
70725  -2.576  -32.769  33.841 0.0000000000
70726  -3.198  -32.599  34.852 0.0000000000
70727  -4.115  -32.281  35.723 0.0000000000
70728  -5.202  -31.779  35.871 0.0000000000
70729  -6.334  -31.331  35.986 0.0000000000
70730  -7.320  -31.031  36.095 0.0000000000
70731  -7.766  -30.894  36.051 0.0000000000
70741  -2.308  -33.067  33.329 0.0000000000
70742  -2.300  -33.080  32.887 0.0000000000
70750  -2.647  -33.095  32.085 0.0000000000
70751  -3.563  -33.081  31.068 0.0000000000
70752  -4.468  -33.050  29.941 0.0000000000
70753  -5.582  -33.052  29.609 0.0000000000
70754  -6.845  -33.019  29.303 0.0000000000
70755  -7.551  -33.206  29.121 0.0000000000
70763  -8.170  -33.484  28.986 0.0000000000
70764  -8.650  -33.897  28.600 0.0000000000
70773  -9.061  -34.273  28.325 0.0000000000
70783  -9.294  -34.505  28.090 0.0000000000
70784  -9.485  -35.000  27.789 0.0000000000
70792  -2.011  -33.050  29.045 0.0000000000
70793  -2.322  -32.901  29.347 0.0000000000
70794  -3.560  -32.756  30.027 0.0000000000
70795  -4.694  -32.501  29.985 0.0000000000
70796  -8.825  -33.879  28.507 0.0000000000
70797  -9.208  -34.281  28.177 0.0000000000
70798  -9.695  -35.293  27.664 0.0000000000
70808  -1.980  -33.158  28.483 0.0000000000
70809  -4.501  -33.123  29.830 0.0000000000
70810  -5.741  -33.051  29.569 0.0000000000
70811  -6.880  -33.521  29.239 0.0000000000
70812  -7.825  -33.771  28.763 0.0000000000
70813  -8.703  -34.088  28.493 0.0000000000
70814  -9.505  -34.855  27.776 0.0000000000
70827  -2.206  -33.185  27.013 0.0000000000
70841  -1.999  -33.136  25.587 0.0000000000
70842  -1.957  -33.205  24.558 0.0000000000
70857  -1.784  -33.206  23.775 0.0000000000
70858  -2.312  -33.264  22.995 0.0000000000
70872  -2.502  -33.152  22.202 0.0000000000
70873  -2.662  -33.149  21.501 0.0000000000
70882  -2.875  -33.014  20.851 0.0000000000
70891  -3.345  -32.540  20.353 0.0000000000
70904  -3.630  -31.938  19.876 0.0000000000
71846  -6.618  -29.816  36.125 0.0000000000
71855  -6.046  -30.397  36.206 0.0000000000
71856  -6.943  -30.203  36.082 0.0000000000
71857  -7.786  -30.167  36.067 0.0000000000
71866  -8.349  -30.129  36.044 0.0000000000
71867  -8.889  -29.828  36.025 0.0000000000
71879  -8.389  -30.343  35.982 0.0000000000
71880  -9.095  -29.703  35.973 0.0000000000
71889  -8.356  -30.542  35.960 0.0000000000
71890  -8.946  -29.851  35.902 0.0000000000
71898  -2.477  -32.271  33.663 0.0000000000
71899  -2.695  -31.588  34.514 0.0000000000
71900  -3.648  -31.500  35.669 0.0000000000
71901  -4.837  -31.213  35.905 0.0000000000
71902  -5.996  -30.919  36.048 0.0000000000
71903  -7.124  -30.619  36.035 0.0000000000
71904  -8.201  -30.324  36.016 0.0000000000
71905  -8.995  -29.634  35.818 0.0000000000
71913  -2.344  -32.657  33.326 0.0000000000
71914  -2.358  -32.069  33.017 0.0000000000
71922  -2.824  -32.050  31.822 0.0000000000
71923  -3.900  -32.005  30.989 0.0000000000
71924  -4.867  -32.033  30.079 0.0000000000
71925  -6.153  -32.153  30.060 0.0000000000
71926  -7.118  -32.331  29.897 0.0000000000
71927  -7.563  -32.501  29.214 0.0000000000
71935  -8.150  -32.884  29.048 0.0000000000
71936  -8.544  -33.280  28.779 0.0000000000
71943  -8.803  -33.581  28.618 0.0000000000
71953  -8.392  -32.945  28.763 0.0000000000
71954  -8.914  -33.773  28.506 0.0000000000
71962  -1.994  -32.383  28.916 0.0000000000
71963  -2.453  -31.684  29.345 0.0000000000
71964  -4.125  -31.805  29.916 0.0000000000
71965  -5.726  -32.192  29.781 0.0000000000
71966  -6.911  -32.217  29.367 0.0000000000
71967  -7.709  -32.559  29.084 0.0000000000
71968  -8.457  -33.334  28.741 0.0000000000
71969  -8.746  -33.609  28.614 0.0000000000
71975  -2.138  -31.981  27.778 0.0000000000
71976  -2.082  -31.739  28.661 0.0000000000
71977  -6.348  -32.885  29.424 0.0000000000
71978  -6.947  -32.933  29.278 0.0000000000
71979  -7.761  -33.088  28.871 0.0000000000
71980  -8.171  -33.239  28.720 0.0000000000
71989  -2.059  -32.153  26.171 0.0000000000
71999  -1.966  -32.162  24.598 0.0000000000
72000  -1.977  -32.668  23.962 0.0000000000
72008  -2.087  -31.605  23.883 0.0000000000
72009  -2.012  -32.036  23.130 0.0000000000
72010  -2.358  -32.595  22.452 0.0000000000
72019  -2.120  -31.285  22.203 0.0000000000
72020  -2.437  -31.922  21.542 0.0000000000
72021  -2.760  -32.540  21.077 0.0000000000
72031  -2.871  -31.389  20.707 0.0000000000
72032  -3.218  -31.942  20.590 0.0000000000
72040  -3.640  -31.646  20.098 0.0000000000
72052  -3.619  -31.048  19.158 0.0000000000
72053  -3.705  -31.216  19.726 0.0000000000
72058  -3.497  -30.309  18.371 0.0000000000
73029  -6.844  -28.879  36.409 0.0000000000
73047  -6.746  -29.258  36.273 0.0000000000
73048  -7.212  -29.482  36.164 0.0000000000
73066  -7.822  -29.521  36.186 0.0000000000
73067  -8.532  -29.476  36.161 0.0000000000
73068  -9.167  -29.096  36.148 0.0000000000
73078  -8.932  -29.583  36.088 0.0000000000
73079  -9.453  -29.230  36.056 0.0000000000
73087  -9.715  -29.104  35.959 0.0000000000
73088  -9.997  -28.943  35.965 0.0000000000
73097  -2.908  -29.712  35.561 0.0000000000
73098  -3.134  -29.799  35.792 0.0000000000
73099  -3.828  -29.906  36.172 0.0000000000
73100  -9.530  -29.217  35.859 0.0000000000
73101  -10.066  -28.743  35.846 0.0000000000
73111  -2.876  -30.138  35.074 0.0000000000
73112  -3.362  -30.572  35.643 0.0000000000
73113  -4.450  -30.446  36.263 0.0000000000
73114  -5.589  -30.377  36.282 0.0000000000
73115  -6.747  -30.157  36.027 0.0000000000
73116  -7.933  -29.785  35.777 0.0000000000
73117  -9.008  -29.349  35.732 0.0000000000
73125  -2.538  -30.640  33.615 0.0000000000
73126  -2.563  -30.399  32.496 0.0000000000
73134  -2.489  -31.198  32.441 0.0000000000
73135  -2.912  -30.902  31.496 0.0000000000
73136  -4.032  -31.010  30.584 0.0000000000
73137  -5.211  -31.138  29.976 0.0000000000
73138  -6.612  -31.358  30.161 0.0000000000
73139  -7.299  -31.822  29.995 0.0000000000
73146  -7.208  -31.234  30.165 0.0000000000
73147  -7.517  -31.760  29.383 0.0000000000
73148  -8.050  -32.423  28.982 0.0000000000
73151  -7.789  -31.849  29.231 0.0000000000
73152  -8.276  -32.664  28.859 0.0000000000
73157  -7.998  -32.074  29.028 0.0000000000
73158  -8.586  -33.053  28.792 0.0000000000
73163  -2.548  -30.795  28.853 0.0000000000
73164  -3.427  -30.809  29.369 0.0000000000
73165  -4.685  -30.986  30.092 0.0000000000
73166  -5.940  -31.225  29.804 0.0000000000
73167  -6.929  -31.512  29.435 0.0000000000
73168  -7.676  -31.972  29.185 0.0000000000
73172  -2.059  -31.313  27.600 0.0000000000
73173  -2.206  -30.910  28.017 0.0000000000
73181  -2.177  -31.208  26.741 0.0000000000
73182  -2.356  -30.364  26.605 0.0000000000
73192  -2.073  -31.289  25.312 0.0000000000
73200  -2.103  -31.209  24.301 0.0000000000
73201  -1.994  -30.990  23.558 0.0000000000
73209  -1.889  -30.667  22.616 0.0000000000
73210  -2.137  -30.541  21.610 0.0000000000
73221  -2.630  -30.437  20.579 0.0000000000
73222  -3.259  -31.111  20.374 0.0000000000
73232  -3.250  -30.410  19.787 0.0000000000
73233  -3.565  -31.258  20.139 0.0000000000
73246  -3.483  -30.332  19.304 0.0000000000
73247  -3.631  -31.016  19.849 0.0000000000
73253  -3.480  -29.223  18.072 0.0000000000
73254  -3.608  -30.064  18.782 0.0000000000
74265  -6.908  -28.402  36.586 0.0000000000
74266  -7.470  -28.051  36.589 0.0000000000
74278  -7.074  -28.750  36.281 0.0000000000
74279  -7.809  -28.588  36.369 0.0000000000
74280  -8.727  -28.213  36.689 0.0000000000
74289  -8.329  -29.061  36.259 0.0000000000
74290  -8.975  -28.611  36.410 0.0000000000
74291  -9.749  -28.572  36.285 0.0000000000
74299  -10.278  -28.509  36.061 0.0000000000
74300  -10.772  -28.082  36.012 0.0000000000
74304  -10.159  -28.744  35.950 0.0000000000
74305  -10.485  -28.357  35.925 0.0000000000
74308  -2.890  -29.237  35.662 0.0000000000
74309  -3.624  -29.236  36.260 0.0000000000
74310  -4.821  -29.409  36.498 0.0000000000
74311  -5.738  -29.005  36.221 0.0000000000
74312  -9.794  -28.795  35.722 0.0000000000
74313  -10.293  -28.337  35.750 0.0000000000
74316  -2.647  -29.482  34.496 0.0000000000
74317  -5.247  -29.957  36.422 0.0000000000
74318  -6.131  -29.489  36.008 0.0000000000
74319  -7.588  -29.252  35.765 0.0000000000
74320  -8.698  -28.943  35.628 0.0000000000
74321  -9.577  -28.605  35.612 0.0000000000
74322  -10.018  -28.413  35.654 0.0000000000
74329  -2.574  -29.618  33.114 0.0000000000
74330  -2.598  -29.757  31.858 0.0000000000
74334  -3.163  -29.971  30.905 0.0000000000
74335  -4.361  -30.187  30.344 0.0000000000
74336  -5.493  -30.405  30.074 0.0000000000
74337  -6.609  -30.570  30.160 0.0000000000
74341  -7.249  -30.802  30.069 0.0000000000
74342  -7.477  -31.033  29.781 0.0000000000
74345  -7.555  -31.203  29.686 0.0000000000
74350  -7.141  -30.673  29.638 0.0000000000
74351  -7.606  -31.373  29.529 0.0000000000
74357  -2.840  -29.856  28.424 0.0000000000
74358  -3.907  -29.915  29.402 0.0000000000
74359  -4.991  -30.148  30.014 0.0000000000
74360  -6.055  -30.483  29.869 0.0000000000
74361  -6.899  -30.818  29.565 0.0000000000
74362  -7.363  -31.202  29.495 0.0000000000
74366  -2.519  -29.629  27.009 0.0000000000
74372  -2.227  -30.458  25.590 0.0000000000
74373  -2.184  -29.533  25.699 0.0000000000
74382  -2.138  -30.536  24.550 0.0000000000
74383  -2.057  -29.779  24.721 0.0000000000
74392  -2.092  -30.634  23.973 0.0000000000
74393  -1.972  -29.818  23.511 0.0000000000
74402  -1.902  -29.289  21.899 0.0000000000
74403  -2.308  -29.611  21.048 0.0000000000
74413  -2.353  -28.665  20.875 0.0000000000
74414  -2.548  -29.095  20.282 0.0000000000
74427  -2.906  -29.341  19.760 0.0000000000
74448  -3.837  -28.322  18.918 0.0000000000
74449  -3.547  -28.933  19.131 0.0000000000
74465  -3.769  -28.406  18.557 0.0000000000
74466  -3.646  -29.397  18.802 0.0000000000
74470  -3.324  -27.965  17.632 0.0000000000
75501  -6.281  -27.817  37.193 0.0000000000
75502  -7.281  -27.546  37.048 0.0000000000
75503  -8.030  -27.251  37.195 0.0000000000
75515  -7.856  -27.773  36.727 0.0000000000
75516  -8.703  -27.659  37.075 0.0000000000
75517  -9.532  -27.523  37.167 0.0000000000
75526  -9.233  -28.024  36.934 0.0000000000
75527  -9.973  -27.852  36.827 0.0000000000
75528  -10.668  -27.525  36.552 0.0000000000
75537  -10.385  -28.064  36.377 0.0000000000
75538  -10.928  -27.727  36.199 0.0000000000
75545  -11.020  -27.688  35.949 0.0000000000
75550  -2.845  -28.468  35.868 0.0000000000
75551  -3.250  -28.460  36.230 0.0000000000
75552  -4.276  -28.507  36.475 0.0000000000
75553  -5.455  -28.519  36.406 0.0000000000
75554  -10.841  -27.772  35.737 0.0000000000
75556  -2.709  -28.536  35.210 0.0000000000
75557  -6.389  -28.611  36.057 0.0000000000
75558  -7.342  -28.648  35.900 0.0000000000
75559  -8.414  -28.435  35.679 0.0000000000
75560  -9.374  -28.154  35.584 0.0000000000
75561  -10.244  -27.871  35.606 0.0000000000
75569  -2.824  -28.647  33.825 0.0000000000
75570  -2.578  -28.796  32.374 0.0000000000
75573  -2.532  -28.896  31.137 0.0000000000
75574  -3.459  -29.216  30.403 0.0000000000
75575  -4.518  -29.539  29.916 0.0000000000
75576  -5.510  -29.756  30.004 0.0000000000
75579  -6.545  -29.995  30.010 0.0000000000
75580  -7.219  -30.572  30.074 0.0000000000
75583  -6.689  -29.860  29.774 0.0000000000
75584  -7.211  -30.485  29.869 0.0000000000
75588  -6.082  -29.633  29.944 0.0000000000
75589  -6.866  -30.008  29.730 0.0000000000
75590  -7.309  -30.594  29.800 0.0000000000
75596  -3.329  -28.632  28.703 0.0000000000
75597  -4.243  -29.042  29.719 0.0000000000
75598  -5.216  -29.522  29.935 0.0000000000
75599  -6.088  -29.930  29.939 0.0000000000
75600  -6.681  -30.172  29.771 0.0000000000
75606  -2.729  -28.562  27.414 0.0000000000
75610  -2.418  -28.469  25.905 0.0000000000
75619  -2.043  -28.515  24.296 0.0000000000
75628  -2.087  -26.927  21.933 0.0000000000
75629  -1.707  -28.128  22.636 0.0000000000
75638  -2.306  -26.753  21.379 0.0000000000
75639  -2.306  -27.521  21.238 0.0000000000
75648  -2.831  -27.772  19.973 0.0000000000
75649  -2.851  -28.669  19.861 0.0000000000
75660  -3.687  -27.409  19.216 0.0000000000
75661  -3.318  -28.387  19.503 0.0000000000
75678  -3.909  -27.696  18.852 0.0000000000
75679  -3.733  -28.117  19.176 0.0000000000
75700  -3.766  -27.427  18.155 0.0000000000
76640  -5.891  -26.242  37.618 0.0000000000
76641  -6.788  -25.991  37.397 0.0000000000
76642  -7.258  -25.814  37.322 0.0000000000
76657  -6.579  -26.852  37.281 0.0000000000
76658  -7.569  -26.416  37.283 0.0000000000
76659  -8.590  -26.638  37.399 0.0000000000
76673  -9.419  -26.818  37.363 0.0000000000
76674  -10.093  -26.944  37.166 0.0000000000
76688  -10.637  -26.953  36.865 0.0000000000
76689  -11.102  -26.914  36.512 0.0000000000
76702  -11.241  -26.988  36.121 0.0000000000
76714  -11.185  -27.044  35.851 0.0000000000
76723  -2.971  -27.580  35.864 0.0000000000
76724  -3.878  -27.604  36.404 0.0000000000
76725  -5.206  -27.659  36.395 0.0000000000
76726  -6.399  -27.874  36.330 0.0000000000
76727  -10.915  -27.113  35.595 0.0000000000
76733  -2.718  -27.668  34.694 0.0000000000
76734  -7.208  -28.130  36.210 0.0000000000
76735  -8.091  -27.885  35.894 0.0000000000
76736  -9.063  -27.617  35.641 0.0000000000
76737  -9.900  -27.377  35.527 0.0000000000
76738  -10.513  -27.116  35.486 0.0000000000
76750  -2.888  -27.788  33.108 0.0000000000
76751  -2.512  -27.993  31.721 0.0000000000
76759  -2.398  -28.150  31.007 0.0000000000
76760  -2.687  -28.338  30.455 0.0000000000
76761  -3.658  -28.638  29.822 0.0000000000
76762  -4.637  -29.078  29.892 0.0000000000
76766  -4.317  -28.572  29.791 0.0000000000
76767  -5.211  -29.011  29.902 0.0000000000
76769  -5.311  -28.733  29.610 0.0000000000
76770  -5.617  -28.998  29.689 0.0000000000
76773  -4.854  -28.227  29.466 0.0000000000
76774  -5.192  -28.584  29.550 0.0000000000
76775  -6.031  -29.433  29.808 0.0000000000
76779  -3.372  -27.682  28.535 0.0000000000
76780  -3.803  -27.915  29.155 0.0000000000
76781  -4.640  -28.378  29.523 0.0000000000
76782  -5.418  -29.221  29.914 0.0000000000
76790  -3.015  -27.543  27.754 0.0000000000
76798  -2.899  -27.389  26.255 0.0000000000
76807  -2.204  -27.159  24.733 0.0000000000
76819  -2.062  -26.303  22.024 0.0000000000
76820  -1.972  -26.728  22.959 0.0000000000
76833  -2.241  -26.100  21.360 0.0000000000
76834  -2.396  -26.443  20.921 0.0000000000
76844  -2.305  -25.751  20.617 0.0000000000
76845  -2.643  -26.208  20.133 0.0000000000
76855  -3.565  -26.227  19.327 0.0000000000
76869  -4.215  -26.095  18.617 0.0000000000
76870  -4.716  -25.569  18.832 0.0000000000
76886  -4.331  -26.915  18.694 0.0000000000
77795  -6.298  -25.398  37.862 0.0000000000
77796  -7.111  -25.262  37.363 0.0000000000
77797  -7.754  -25.085  37.361 0.0000000000
77822  -7.591  -25.624  37.342 0.0000000000
77823  -8.353  -25.576  37.488 0.0000000000
77838  -9.275  -25.895  37.499 0.0000000000
77839  -10.057  -26.015  37.362 0.0000000000
77840  -10.617  -25.681  37.157 0.0000000000
77853  -10.587  -26.339  37.164 0.0000000000
77854  -11.010  -26.034  36.883 0.0000000000
77871  -11.235  -26.019  36.389 0.0000000000
77872  -11.319  -25.581  36.206 0.0000000000
77892  -11.281  -26.264  36.059 0.0000000000
77893  -11.291  -25.620  35.998 0.0000000000
77913  -2.953  -26.591  36.013 0.0000000000
77914  -3.491  -26.633  36.457 0.0000000000
77915  -4.883  -26.663  36.495 0.0000000000
77916  -6.522  -26.832  36.460 0.0000000000
77917  -7.910  -26.605  36.292 0.0000000000
77918  -11.071  -26.142  35.819 0.0000000000
77919  -11.205  -25.418  35.885 0.0000000000
77939  -2.512  -26.581  35.329 0.0000000000
77940  -7.523  -27.412  36.275 0.0000000000
77941  -8.683  -26.953  35.873 0.0000000000
77942  -9.545  -26.827  35.544 0.0000000000
77943  -10.224  -26.635  35.459 0.0000000000
77944  -10.743  -26.488  35.561 0.0000000000
77961  -2.848  -26.813  33.886 0.0000000000
77962  -2.518  -26.977  32.379 0.0000000000
77976  -2.369  -27.426  31.041 0.0000000000
77977  -2.785  -27.710  30.068 0.0000000000
77978  -3.635  -27.986  29.545 0.0000000000
77989  -4.501  -28.284  29.605 0.0000000000
77990  -5.133  -28.769  29.769 0.0000000000
77993  -4.916  -28.332  29.604 0.0000000000
77994  -4.990  -28.596  29.650 0.0000000000
77998  -4.354  -26.842  29.389 0.0000000000
77999  -4.579  -27.782  29.478 0.0000000000
78000  -4.895  -28.083  29.428 0.0000000000
78004  -3.340  -26.649  28.300 0.0000000000
78005  -4.070  -27.176  29.344 0.0000000000
78006  -4.428  -27.527  29.497 0.0000000000
78011  -3.007  -26.409  26.730 0.0000000000
78019  -2.698  -26.129  25.206 0.0000000000
78026  -2.255  -25.799  23.615 0.0000000000
78036  -2.145  -25.463  21.817 0.0000000000
78037  -1.966  -25.576  22.606 0.0000000000
78051  -2.112  -25.176  20.826 0.0000000000
78067  -2.502  -25.066  20.174 0.0000000000
78068  -3.376  -25.097  19.515 0.0000000000
78080  -4.312  -25.163  18.918 0.0000000000
78081  -5.751  -24.853  19.147 0.0000000000
78093  -4.809  -25.133  18.894 0.0000000000
78094  -5.403  -25.028  18.980 0.0000000000
78942  -6.715  -24.515  37.687 0.0000000000
78943  -7.493  -24.480  37.267 0.0000000000
78944  -8.292  -24.532  37.399 0.0000000000
78961  -9.246  -24.775  37.349 0.0000000000
78962  -9.740  -24.330  37.129 0.0000000000
78979  -9.718  -25.409  37.370 0.0000000000
78980  -10.150  -24.894  37.194 0.0000000000
78981  -10.810  -25.017  36.901 0.0000000000
78997  -11.180  -25.167  36.629 0.0000000000
79012  -11.348  -25.079  36.353 0.0000000000
79013  -11.377  -24.939  36.108 0.0000000000
79029  -11.345  -24.980  35.905 0.0000000000
79049  -2.933  -25.603  36.354 0.0000000000
79050  -4.385  -25.659  36.821 0.0000000000
79051  -6.028  -25.769  36.773 0.0000000000
79052  -7.565  -25.862  36.581 0.0000000000
79053  -8.916  -25.883  35.876 0.0000000000
79054  -9.586  -25.558  35.626 0.0000000000
79055  -11.053  -25.270  35.754 0.0000000000
79056  -11.234  -25.117  35.816 0.0000000000
79078  -2.342  -25.509  35.020 0.0000000000
79079  -2.324  -25.152  34.388 0.0000000000
79080  -9.280  -26.394  35.611 0.0000000000
79081  -9.787  -25.992  35.489 0.0000000000
79082  -10.460  -25.930  35.562 0.0000000000
79083  -10.826  -25.826  35.704 0.0000000000
79107  -2.462  -26.161  34.540 0.0000000000
79108  -2.636  -25.816  33.499 0.0000000000
79128  -2.403  -26.266  31.682 0.0000000000
79129  -2.304  -26.712  30.528 0.0000000000
79130  -3.190  -27.142  30.006 0.0000000000
79148  -2.371  -25.781  31.005 0.0000000000
79149  -2.875  -26.183  30.035 0.0000000000
79150  -3.732  -27.274  29.520 0.0000000000
79159  -3.903  -26.416  29.499 0.0000000000
79160  -4.311  -27.495  29.551 0.0000000000
79163  -4.340  -26.003  29.230 0.0000000000
79164  -4.529  -26.683  29.321 0.0000000000
79165  -4.680  -27.543  29.413 0.0000000000
79168  -2.960  -25.390  28.095 0.0000000000
79169  -3.951  -25.806  28.825 0.0000000000
79173  -2.774  -25.393  27.196 0.0000000000
79178  -2.712  -25.159  25.747 0.0000000000
79184  -2.473  -24.781  24.121 0.0000000000
79190  -2.099  -24.808  21.630 0.0000000000
79191  -2.262  -24.500  22.179 0.0000000000
79204  -2.103  -24.633  21.165 0.0000000000
79205  -2.551  -23.752  20.781 0.0000000000
79223  -2.287  -24.464  20.465 0.0000000000
79224  -3.300  -24.090  20.031 0.0000000000
79225  -5.711  -23.990  19.913 0.0000000000
79242  -4.461  -24.434  19.616 0.0000000000
79243  -5.387  -24.405  19.623 0.0000000000
79244  -6.079  -24.657  19.435 0.0000000000
79253  -4.871  -24.777  19.009 0.0000000000
79254  -5.226  -24.869  19.031 0.0000000000
80098  -6.267  -23.671  38.051 0.0000000000
80099  -7.317  -23.614  37.569 0.0000000000
80100  -8.030  -23.970  37.349 0.0000000000
80101  -8.319  -24.093  37.243 0.0000000000
80108  -7.638  -23.177  37.448 0.0000000000
80109  -7.948  -23.289  37.234 0.0000000000
80110  -8.657  -23.741  37.165 0.0000000000
80111  -9.496  -23.817  37.065 0.0000000000
80119  -10.013  -23.880  37.017 0.0000000000
80120  -10.475  -24.040  36.765 0.0000000000
80127  -10.977  -24.127  36.597 0.0000000000
80128  -11.081  -23.523  36.474 0.0000000000
80132  -11.238  -24.639  36.467 0.0000000000
80133  -11.279  -24.097  36.246 0.0000000000
80136  -4.014  -23.771  37.475 0.0000000000
80137  -4.981  -23.944  37.621 0.0000000000
80138  -5.626  -23.966  37.668 0.0000000000
80139  -11.255  -24.351  36.141 0.0000000000
80146  -3.189  -24.292  36.777 0.0000000000
80147  -4.042  -24.688  37.231 0.0000000000
80148  -5.610  -24.611  37.370 0.0000000000
80149  -7.148  -24.910  37.150 0.0000000000
80150  -8.458  -24.921  36.477 0.0000000000
80151  -9.622  -24.931  35.897 0.0000000000
80152  -10.459  -24.611  35.930 0.0000000000
80153  -10.963  -24.556  35.933 0.0000000000
80154  -11.237  -24.690  35.933 0.0000000000
80161  -2.385  -24.607  35.827 0.0000000000
80162  -2.206  -24.760  34.861 0.0000000000
80163  -9.837  -25.455  35.591 0.0000000000
80164  -10.188  -25.351  35.619 0.0000000000
80165  -10.707  -25.229  35.647 0.0000000000
80175  -2.474  -24.710  33.945 0.0000000000
80190  -2.700  -24.999  32.278 0.0000000000
80210  -2.490  -24.865  30.738 0.0000000000
80211  -3.379  -25.463  29.777 0.0000000000
80224  -3.183  -24.700  29.939 0.0000000000
80225  -3.950  -25.625  29.437 0.0000000000
80227  -3.445  -25.064  29.215 0.0000000000
80228  -4.218  -25.795  29.221 0.0000000000
80230  -2.156  -24.465  27.692 0.0000000000
80231  -3.090  -24.582  28.453 0.0000000000
80234  -2.248  -24.115  26.484 0.0000000000
80238  -2.548  -23.760  24.849 0.0000000000
80243  -2.547  -23.295  23.135 0.0000000000
80251  -2.894  -22.853  21.522 0.0000000000
80262  -3.833  -22.915  20.493 0.0000000000
80263  -4.849  -23.097  20.496 0.0000000000
80264  -5.997  -23.177  20.803 0.0000000000
80273  -4.362  -23.557  19.897 0.0000000000
80274  -5.374  -23.759  20.107 0.0000000000
80275  -6.045  -23.653  20.363 0.0000000000
80292  -4.864  -23.830  19.856 0.0000000000
80293  -5.055  -23.894  19.889 0.0000000000
81138  -6.979  -22.733  37.990 0.0000000000
81139  -7.605  -22.377  37.839 0.0000000000
81142  -7.440  -23.060  37.588 0.0000000000
81143  -7.764  -22.720  37.434 0.0000000000
81144  -8.485  -22.702  37.077 0.0000000000
81145  -9.496  -22.844  37.110 0.0000000000
81146  -9.965  -22.392  36.911 0.0000000000
81152  -9.824  -23.354  37.008 0.0000000000
81153  -10.269  -22.910  36.825 0.0000000000
81154  -10.720  -22.475  36.810 0.0000000000
81160  -10.594  -23.448  36.633 0.0000000000
81161  -10.838  -22.942  36.704 0.0000000000
81165  -11.103  -23.078  36.599 0.0000000000
81168  -4.033  -23.049  37.761 0.0000000000
81169  -4.828  -23.232  37.959 0.0000000000
81170  -5.887  -23.479  38.029 0.0000000000
81171  -6.564  -23.328  37.975 0.0000000000
81172  -11.364  -23.394  36.390 0.0000000000
81179  -3.433  -23.418  37.150 0.0000000000
81180  -5.989  -23.948  37.708 0.0000000000
81181  -6.758  -23.837  37.688 0.0000000000
81182  -8.000  -23.939  36.995 0.0000000000
81183  -9.190  -23.937  36.679 0.0000000000
81184  -10.181  -23.885  36.656 0.0000000000
81185  -10.818  -23.742  36.535 0.0000000000
81186  -11.157  -23.859  36.355 0.0000000000
81191  -2.841  -23.634  36.336 0.0000000000
81192  -2.595  -23.861  35.006 0.0000000000
81202  -3.073  -23.626  33.382 0.0000000000
81203  -3.715  -23.009  32.933 0.0000000000
81214  -3.407  -23.713  31.966 0.0000000000
81215  -3.734  -23.232  32.630 0.0000000000
81231  -2.940  -23.765  30.726 0.0000000000
81247  -2.448  -23.678  29.889 0.0000000000
81254  -2.276  -22.774  28.281 0.0000000000
81255  -2.182  -23.498  28.765 0.0000000000
81258  -2.064  -22.043  26.624 0.0000000000
81259  -1.965  -22.933  27.322 0.0000000000
81260  -2.084  -23.909  28.130 0.0000000000
81262  -2.374  -22.121  26.107 0.0000000000
81263  -2.504  -22.856  25.658 0.0000000000
81265  -2.446  -21.867  25.098 0.0000000000
81266  -2.617  -22.242  24.019 0.0000000000
81273  -3.132  -21.935  22.425 0.0000000000
81281  -4.087  -21.910  21.393 0.0000000000
81282  -4.814  -21.996  21.630 0.0000000000
81283  -5.784  -22.480  22.325 0.0000000000
81293  -4.561  -22.427  20.893 0.0000000000
81294  -5.285  -22.709  21.147 0.0000000000
81295  -6.122  -22.640  21.230 0.0000000000
82255  -6.358  -21.810  38.561 0.0000000000
82256  -7.473  -21.744  37.809 0.0000000000
82257  -8.493  -21.368  37.508 0.0000000000
82258  -9.103  -21.202  37.480 0.0000000000
82265  -7.823  -22.218  37.634 0.0000000000
82266  -8.237  -22.112  37.502 0.0000000000
82267  -9.207  -21.830  37.417 0.0000000000
82268  -9.820  -21.995  36.947 0.0000000000
82274  -10.280  -21.971  36.912 0.0000000000
82275  -10.772  -22.011  37.006 0.0000000000
82280  -11.099  -21.910  36.927 0.0000000000
82281  -11.457  -21.505  36.937 0.0000000000
82289  -11.251  -21.972  36.684 0.0000000000
82290  -11.524  -21.342  36.687 0.0000000000
82298  -4.046  -22.533  37.799 0.0000000000
82299  -4.618  -22.506  38.099 0.0000000000
82300  -5.603  -22.561  38.096 0.0000000000
82301  -6.585  -22.774  38.005 0.0000000000
82302  -7.249  -22.667  37.737 0.0000000000
82303  -11.213  -22.394  36.656 0.0000000000
82314  -3.634  -22.733  37.405 0.0000000000
82315  -3.399  -22.462  36.985 0.0000000000
82316  -6.953  -23.163  37.815 0.0000000000
82317  -7.577  -23.091  37.398 0.0000000000
82318  -8.670  -22.974  36.889 0.0000000000
82319  -9.809  -22.988  36.855 0.0000000000
82320  -10.616  -22.908  36.696 0.0000000000
82321  -11.197  -22.668  36.608 0.0000000000
82331  -3.218  -22.987  36.829 0.0000000000
82332  -3.221  -22.650  35.943 0.0000000000
82333  -3.323  -22.166  34.895 0.0000000000
82348  -3.035  -22.942  34.572 0.0000000000
82349  -3.442  -22.467  33.684 0.0000000000
82362  -3.677  -22.965  31.529 0.0000000000
82363  -3.968  -22.638  32.494 0.0000000000
82375  -3.042  -22.671  30.641 0.0000000000
82390  -2.360  -21.643  28.965 0.0000000000
82391  -2.560  -22.224  29.443 0.0000000000
82398  -2.623  -21.948  28.245 0.0000000000
82399  -2.349  -22.617  28.708 0.0000000000
82403  -2.284  -21.711  26.273 0.0000000000
82404  -2.686  -21.442  26.721 0.0000000000
82407  -2.345  -21.202  25.575 0.0000000000
82408  -2.769  -20.561  25.803 0.0000000000
82411  -2.744  -20.986  24.192 0.0000000000
82412  -3.229  -21.335  23.207 0.0000000000
82418  -3.450  -20.611  23.116 0.0000000000
82419  -4.120  -20.931  22.349 0.0000000000
82420  -5.040  -20.700  22.263 0.0000000000
82421  -5.728  -21.161  22.906 0.0000000000
82426  -4.741  -21.281  21.839 0.0000000000
82427  -5.201  -21.410  22.255 0.0000000000
82428  -5.681  -21.514  22.301 0.0000000000
83438  -10.004  -20.679  38.074 0.0000000000
83446  -9.546  -21.056  37.417 0.0000000000
83447  -10.336  -21.224  37.645 0.0000000000
83448  -11.115  -20.912  37.710 0.0000000000
83449  -11.520  -20.566  37.543 0.0000000000
83455  -10.777  -21.498  37.342 0.0000000000
83456  -11.235  -21.274  37.293 0.0000000000
83457  -11.704  -20.687  37.260 0.0000000000
83463  -11.497  -21.275  37.087 0.0000000000
83464  -11.837  -20.944  37.002 0.0000000000
83472  -11.405  -21.762  36.685 0.0000000000
83473  -11.737  -21.118  36.673 0.0000000000
83480  -3.850  -22.373  37.659 0.0000000000
83481  -4.146  -21.938  37.833 0.0000000000
83482  -5.146  -21.592  38.219 0.0000000000
83483  -6.536  -21.649  37.949 0.0000000000
83484  -7.218  -22.204  37.889 0.0000000000
83485  -11.583  -21.603  36.650 0.0000000000
83486  -11.885  -20.772  36.687 0.0000000000
83500  -3.667  -22.246  37.442 0.0000000000
83501  -3.468  -21.668  37.113 0.0000000000
83502  -7.555  -21.548  37.770 0.0000000000
83503  -8.138  -22.093  37.459 0.0000000000
83504  -9.436  -22.029  36.980 0.0000000000
83505  -10.431  -22.083  36.878 0.0000000000
83506  -11.122  -21.936  36.705 0.0000000000
83507  -11.612  -21.381  36.670 0.0000000000
83524  -3.275  -21.312  35.842 0.0000000000
83525  -3.557  -21.445  34.448 0.0000000000
83541  -3.912  -21.672  33.272 0.0000000000
83555  -3.783  -21.799  31.718 0.0000000000
83556  -4.050  -21.842  32.543 0.0000000000
83576  -2.986  -21.536  30.522 0.0000000000
83591  -2.308  -20.941  29.086 0.0000000000
83592  -2.572  -21.256  29.847 0.0000000000
83598  -2.545  -20.616  27.710 0.0000000000
83604  -2.587  -20.185  26.443 0.0000000000
83606  -2.355  -19.895  24.982 0.0000000000
83607  -2.270  -19.869  25.700 0.0000000000
83613  -3.432  -19.906  23.579 0.0000000000
83614  -4.041  -19.519  23.170 0.0000000000
83615  -5.626  -19.750  23.195 0.0000000000
83621  -3.922  -20.289  22.837 0.0000000000
83622  -4.482  -19.985  22.732 0.0000000000
83623  -5.312  -20.206  22.818 0.0000000000
83624  -5.828  -20.261  23.046 0.0000000000
84634  -10.865  -20.114  38.358 0.0000000000
84635  -11.515  -19.617  38.329 0.0000000000
84643  -11.009  -20.620  38.009 0.0000000000
84644  -11.565  -20.053  37.998 0.0000000000
84645  -11.944  -20.026  37.575 0.0000000000
84652  -12.174  -20.180  37.256 0.0000000000
84658  -12.231  -20.334  37.037 0.0000000000
84666  -4.955  -19.563  38.644 0.0000000000
84667  -5.687  -19.486  38.731 0.0000000000
84668  -12.232  -20.375  36.841 0.0000000000
84680  -4.082  -20.560  38.167 0.0000000000
84681  -5.987  -20.236  38.410 0.0000000000
84682  -7.911  -20.671  38.120 0.0000000000
84683  -8.906  -20.333  37.527 0.0000000000
84684  -11.823  -20.394  36.400 0.0000000000
84685  -11.976  -20.580  36.582 0.0000000000
84686  -12.169  -20.401  36.622 0.0000000000
84706  -3.186  -20.492  36.992 0.0000000000
84707  -8.159  -21.293  37.546 0.0000000000
84708  -9.148  -21.047  37.481 0.0000000000
84709  -10.273  -21.185  36.896 0.0000000000
84710  -10.995  -21.184  36.570 0.0000000000
84711  -11.517  -21.045  36.626 0.0000000000
84712  -11.796  -20.839  36.645 0.0000000000
84737  -3.056  -20.276  36.227 0.0000000000
84738  -3.453  -20.474  35.228 0.0000000000
84757  -4.047  -20.634  33.962 0.0000000000
84774  -3.483  -20.361  32.138 0.0000000000
84775  -3.863  -21.035  32.845 0.0000000000
84789  -3.254  -20.758  31.160 0.0000000000
84793  -3.170  -19.925  29.243 0.0000000000
84794  -3.311  -20.477  30.071 0.0000000000
84800  -3.054  -19.746  28.327 0.0000000000
84810  -3.092  -19.490  27.077 0.0000000000
84812  -2.461  -18.992  24.959 0.0000000000
84813  -2.518  -19.258  25.716 0.0000000000
84819  -2.957  -19.175  24.425 0.0000000000
84820  -3.782  -19.041  23.662 0.0000000000
84821  -4.883  -18.972  23.527 0.0000000000
84822  -5.940  -19.156  23.821 0.0000000000
84827  -4.462  -19.434  23.193 0.0000000000
84828  -5.013  -19.621  22.969 0.0000000000
85823  -11.497  -19.142  38.602 0.0000000000
85835  -11.960  -19.176  38.297 0.0000000000
85836  -12.196  -19.325  37.934 0.0000000000
85851  -12.338  -19.415  37.548 0.0000000000
85865  -12.401  -19.563  37.220 0.0000000000
85881  -4.779  -18.837  38.578 0.0000000000
85882  -5.527  -18.955  38.721 0.0000000000
85883  -12.391  -19.822  37.001 0.0000000000
85907  -3.945  -19.192  38.304 0.0000000000
85908  -6.317  -19.154  38.738 0.0000000000
85909  -7.544  -19.420  38.456 0.0000000000
85910  -8.976  -19.550  37.571 0.0000000000
85911  -10.153  -19.401  36.875 0.0000000000
85912  -10.966  -19.451  36.415 0.0000000000
85913  -11.642  -19.674  36.399 0.0000000000
85914  -12.096  -19.678  36.597 0.0000000000
85915  -12.302  -19.816  36.772 0.0000000000
85938  -3.024  -19.422  37.581 0.0000000000
85939  -2.489  -19.135  36.950 0.0000000000
85940  -9.500  -20.107  37.148 0.0000000000
85941  -10.260  -20.256  36.868 0.0000000000
85942  -10.990  -20.372  36.455 0.0000000000
85943  -11.447  -20.528  36.365 0.0000000000
85959  -2.725  -19.749  36.814 0.0000000000
85960  -2.955  -19.437  36.079 0.0000000000
85967  -3.900  -19.546  34.678 0.0000000000
85973  -2.924  -19.219  32.523 0.0000000000
85974  -3.866  -19.714  33.389 0.0000000000
85978  -2.918  -19.545  31.220 0.0000000000
85980  -3.061  -19.046  28.954 0.0000000000
85981  -2.762  -19.443  29.857 0.0000000000
85986  -3.247  -18.648  27.878 0.0000000000
85997  -2.889  -18.314  26.476 0.0000000000
86007  -2.712  -18.725  24.713 0.0000000000
86008  -2.940  -18.359  25.164 0.0000000000
86009  -5.530  -17.694  24.480 0.0000000000
86015  -3.199  -18.649  24.384 0.0000000000
86016  -3.922  -18.171  24.212 0.0000000000
86017  -5.257  -18.062  24.240 0.0000000000
86962  -12.063  -18.365  38.550 0.0000000000
86963  -12.399  -18.482  38.172 0.0000000000
86973  -12.482  -18.725  37.844 0.0000000000
86986  -12.510  -18.658  37.547 0.0000000000
87001  -4.254  -18.309  38.414 0.0000000000
87002  -5.367  -18.202  38.629 0.0000000000
87003  -6.259  -17.912  38.880 0.0000000000
87004  -12.441  -18.898  37.213 0.0000000000
87021  -3.252  -18.475  38.105 0.0000000000
87022  -6.116  -18.504  38.878 0.0000000000
87023  -7.121  -18.283  38.593 0.0000000000
87024  -8.594  -18.426  38.027 0.0000000000
87025  -9.900  -18.504  37.283 0.0000000000
87026  -10.943  -18.556  36.674 0.0000000000
87027  -11.623  -18.548  36.688 0.0000000000
87028  -12.110  -18.686  36.823 0.0000000000
87029  -12.357  -18.788  36.992 0.0000000000
87036  -2.665  -18.508  37.417 0.0000000000
87037  -2.514  -18.478  36.537 0.0000000000
87038  -11.477  -18.328  36.740 0.0000000000
87039  -11.688  -18.269  36.841 0.0000000000
87042  -3.093  -18.505  35.431 0.0000000000
87048  -3.943  -18.605  34.127 0.0000000000
87053  -2.464  -18.255  32.191 0.0000000000
87054  -3.580  -18.447  33.272 0.0000000000
87058  -2.041  -17.208  29.979 0.0000000000
87059  -2.012  -18.001  30.669 0.0000000000
87063  -2.691  -17.787  29.002 0.0000000000
87064  -2.237  -18.504  29.772 0.0000000000
87070  -2.946  -17.407  27.509 0.0000000000
87079  -3.172  -17.329  26.181 0.0000000000
87080  -4.004  -16.974  25.633 0.0000000000
87090  -3.775  -17.527  24.996 0.0000000000
87091  -5.045  -17.326  24.850 0.0000000000
87097  -4.580  -17.696  24.514 0.0000000000
87098  -4.973  -17.654  24.502 0.0000000000
88036  -12.528  -17.518  38.408 0.0000000000
88044  -12.746  -17.743  37.983 0.0000000000
88055  -12.718  -17.688  37.624 0.0000000000
88071  -3.766  -17.610  38.253 0.0000000000
88072  -4.803  -17.584  38.495 0.0000000000
88073  -5.797  -17.363  38.894 0.0000000000
88074  -12.556  -17.888  37.404 0.0000000000
88084  -3.091  -17.834  37.824 0.0000000000
88085  -6.891  -17.265  38.639 0.0000000000
88086  -8.227  -17.349  38.331 0.0000000000
88087  -9.604  -17.452  37.807 0.0000000000
88088  -10.871  -17.624  37.267 0.0000000000
88089  -11.712  -17.683  37.075 0.0000000000
88090  -12.184  -17.624  37.226 0.0000000000
88091  -12.483  -17.656  37.347 0.0000000000
88099  -2.698  -17.651  37.121 0.0000000000
88100  -2.589  -17.602  35.983 0.0000000000
88101  -11.353  -18.094  36.890 0.0000000000
88102  -11.595  -18.060  36.905 0.0000000000
88109  -3.280  -17.658  34.692 0.0000000000
88119  -4.116  -17.611  33.552 0.0000000000
88127  -2.570  -17.214  31.764 0.0000000000
88128  -3.683  -17.369  32.785 0.0000000000
88136  -2.073  -16.604  29.406 0.0000000000
88137  -2.175  -16.764  30.577 0.0000000000
88145  -2.499  -16.531  28.434 0.0000000000
88155  -2.976  -16.419  27.310 0.0000000000
88156  -3.509  -15.990  26.764 0.0000000000
88173  -3.561  -16.583  26.345 0.0000000000
88174  -4.562  -16.375  26.000 0.0000000000
89231  -13.083  -16.626  37.954 0.0000000000
89232  -13.403  -15.705  37.967 0.0000000000
89243  -3.864  -17.185  38.168 0.0000000000
89244  -4.359  -17.083  38.332 0.0000000000
89245  -5.235  -16.949  38.662 0.0000000000
89246  -13.042  -16.400  37.699 0.0000000000
89247  -13.423  -15.480  37.857 0.0000000000
89256  -3.527  -16.824  37.967 0.0000000000
89257  -4.937  -16.391  38.437 0.0000000000
89258  -6.248  -16.414  38.763 0.0000000000
89259  -7.793  -16.336  38.470 0.0000000000
89260  -9.228  -16.382  38.074 0.0000000000
89261  -10.541  -16.459  37.705 0.0000000000
89262  -11.592  -16.516  37.443 0.0000000000
89263  -12.300  -16.478  37.406 0.0000000000
89264  -12.711  -16.418  37.524 0.0000000000
89272  -2.753  -16.620  36.742 0.0000000000
89273  -2.936  -16.722  35.338 0.0000000000
89283  -3.839  -16.869  33.908 0.0000000000
89292  -4.333  -16.220  32.489 0.0000000000
89293  -4.341  -16.555  32.851 0.0000000000
89300  -3.755  -16.085  31.811 0.0000000000
89301  -3.909  -16.764  32.323 0.0000000000
89308  -1.969  -16.012  28.906 0.0000000000
89309  -2.599  -15.650  29.650 0.0000000000
89315  -2.272  -15.733  28.279 0.0000000000
89316  -2.704  -14.872  28.247 0.0000000000
89323  -3.064  -15.622  27.500 0.0000000000
89324  -3.860  -15.144  26.920 0.0000000000
90432  -13.207  -15.205  37.623 0.0000000000
90433  -13.474  -15.042  37.796 0.0000000000
90443  -3.337  -15.526  37.625 0.0000000000
90444  -4.426  -15.713  38.232 0.0000000000
90445  -5.750  -15.428  38.484 0.0000000000
90446  -7.299  -15.337  38.492 0.0000000000
90447  -8.811  -15.340  38.136 0.0000000000
90448  -10.209  -15.375  37.869 0.0000000000
90449  -11.363  -15.407  37.489 0.0000000000
90450  -12.253  -15.353  37.374 0.0000000000
90451  -12.879  -15.116  37.469 0.0000000000
90461  -2.849  -15.531  36.043 0.0000000000
90462  -3.307  -16.138  34.527 0.0000000000
90471  -3.454  -15.391  34.424 0.0000000000
90472  -4.093  -16.205  33.415 0.0000000000
90477  -4.167  -15.733  32.748 0.0000000000
90478  -4.446  -16.208  32.952 0.0000000000
90484  -4.080  -14.992  31.094 0.0000000000
90489  -3.090  -14.255  29.515 0.0000000000
90493  -3.275  -13.843  28.068 0.0000000000
91550  -13.309  -14.201  37.452 0.0000000000
91556  -3.266  -14.280  37.347 0.0000000000
91557  -4.792  -14.479  38.227 0.0000000000
91558  -6.745  -14.307  38.374 0.0000000000
91559  -8.397  -14.297  38.157 0.0000000000
91560  -9.846  -14.327  37.844 0.0000000000
91561  -11.064  -14.367  37.427 0.0000000000
91562  -12.061  -14.355  37.241 0.0000000000
91563  -12.765  -14.259  37.280 0.0000000000
91564  -13.147  -14.054  37.314 0.0000000000
91568  -3.067  -14.309  35.730 0.0000000000
91573  -3.241  -14.465  33.983 0.0000000000
91577  -3.821  -14.389  32.220 0.0000000000
91582  -3.985  -13.883  30.746 0.0000000000
91586  -3.876  -13.444  29.399 0.0000000000
92649  -3.370  -13.134  36.879 0.0000000000
92650  -4.535  -13.172  37.893 0.0000000000
92651  -6.217  -13.225  38.174 0.0000000000
92652  -7.957  -13.284  37.789 0.0000000000
92653  -9.484  -13.305  37.669 0.0000000000
92654  -10.757  -13.349  37.328 0.0000000000
92655  -11.810  -13.368  37.153 0.0000000000
92661  -3.186  -13.244  35.228 0.0000000000
92666  -2.841  -13.323  33.566 0.0000000000
92670  -2.941  -13.086  31.898 0.0000000000
92673  -3.131  -12.885  30.372 0.0000000000
92676  -3.957  -12.655  29.249 0.0000000000
93788  -2.983  -12.133  33.193 0.0000000000
93791  -2.804  -11.221  31.236 0.0000000000
93792  -2.587  -11.821  31.457 0.0000000000
93795  -2.732  -11.288  30.538 0.0000000000
93796  -3.011  -11.915  30.018 0.0000000000
93799  -2.894  -11.222  29.808 0.0000000000
