#!ascii label  , from subject subject001 vox2ras=TkReg
1268
83425  -5.199  -20.421  39.210 0.0000000000
83434  -5.654  -20.805  38.326 0.0000000000
83435  -6.721  -20.903  38.179 0.0000000000
83436  -7.951  -20.823  38.089 0.0000000000
83437  -9.125  -20.663  37.720 0.0000000000
84616  -4.979  -19.776  39.897 0.0000000000
84617  -6.225  -19.752  38.770 0.0000000000
84618  -7.763  -19.268  38.611 0.0000000000
84619  -8.588  -19.227  38.848 0.0000000000
84630  -6.351  -20.447  38.342 0.0000000000
84631  -7.177  -20.175  38.329 0.0000000000
84632  -8.656  -19.788  38.521 0.0000000000
84633  -9.893  -19.938  38.520 0.0000000000
85789  -3.967  -19.420  41.424 0.0000000000
85790  -4.254  -18.864  41.580 0.0000000000
85800  -3.834  -19.623  41.070 0.0000000000
85801  -4.492  -19.122  40.738 0.0000000000
85802  -5.762  -18.794  39.732 0.0000000000
85803  -7.262  -18.609  39.214 0.0000000000
85804  -8.738  -18.693  39.170 0.0000000000
85805  -9.505  -18.454  39.336 0.0000000000
85820  -8.960  -19.191  38.971 0.0000000000
85821  -9.694  -18.988  39.091 0.0000000000
85822  -10.738  -19.170  38.884 0.0000000000
86924  -4.493  -17.957  41.466 0.0000000000
86925  -5.590  -17.450  40.389 0.0000000000
86926  -6.338  -17.199  40.192 0.0000000000
86935  -4.470  -18.465  40.985 0.0000000000
86936  -5.215  -18.200  40.456 0.0000000000
86937  -6.669  -17.630  39.793 0.0000000000
86938  -8.336  -17.815  39.586 0.0000000000
86939  -9.396  -17.975  39.506 0.0000000000
86950  -10.016  -18.123  39.435 0.0000000000
86951  -10.701  -18.275  39.279 0.0000000000
86952  -11.454  -18.325  38.915 0.0000000000
87992  -5.022  -17.023  40.939 0.0000000000
87993  -5.984  -16.840  40.265 0.0000000000
88005  -6.998  -16.902  40.296 0.0000000000
88006  -8.147  -17.002  40.075 0.0000000000
88007  -9.566  -17.216  39.939 0.0000000000
88008  -10.334  -16.965  39.982 0.0000000000
88021  -9.939  -17.668  39.646 0.0000000000
88022  -10.571  -17.416  39.699 0.0000000000
88023  -11.390  -17.511  39.269 0.0000000000
88035  -12.023  -17.490  38.810 0.0000000000
89165  -5.508  -16.328  40.584 0.0000000000
89176  -6.614  -16.269  40.306 0.0000000000
89177  -7.861  -16.323  40.318 0.0000000000
89178  -9.104  -16.413  40.247 0.0000000000
89179  -10.120  -16.497  40.016 0.0000000000
89190  -10.791  -16.605  39.753 0.0000000000
89191  -11.300  -16.816  39.510 0.0000000000
89207  -11.912  -16.690  39.120 0.0000000000
89208  -12.563  -16.597  38.761 0.0000000000
89220  -13.002  -16.463  38.332 0.0000000000
89221  -13.351  -15.866  38.165 0.0000000000
90342  -5.055  -15.865  40.877 0.0000000000
90353  -4.948  -15.363  40.680 0.0000000000
90354  -5.858  -15.580  40.364 0.0000000000
90355  -7.277  -15.562  40.223 0.0000000000
90356  -8.606  -15.616  40.151 0.0000000000
90357  -9.897  -15.620  39.946 0.0000000000
90358  -10.814  -15.359  39.701 0.0000000000
90369  -10.675  -15.987  39.757 0.0000000000
90370  -11.574  -15.794  39.418 0.0000000000
90371  -12.459  -15.295  39.096 0.0000000000
90385  -12.394  -15.971  39.062 0.0000000000
90386  -13.002  -15.461  38.777 0.0000000000
90387  -13.410  -14.914  38.516 0.0000000000
90403  -13.302  -15.528  38.384 0.0000000000
90404  -13.565  -15.041  38.220 0.0000000000
90419  -13.621  -14.918  37.966 0.0000000000
91495  -5.316  -14.789  40.392 0.0000000000
91496  -6.515  -14.710  40.133 0.0000000000
91497  -7.909  -14.727  39.823 0.0000000000
91498  -9.235  -14.731  39.734 0.0000000000
91499  -10.379  -14.687  39.670 0.0000000000
91500  -11.321  -14.717  39.564 0.0000000000
91512  -12.131  -14.703  39.264 0.0000000000
91513  -12.836  -14.566  39.051 0.0000000000
91523  -13.293  -14.385  38.731 0.0000000000
91524  -13.624  -14.239  38.435 0.0000000000
91534  -13.782  -14.191  38.117 0.0000000000
91543  -13.753  -14.178  37.845 0.0000000000
91551  -13.539  -14.212  37.620 0.0000000000
92617  -5.465  -13.820  40.086 0.0000000000
92618  -7.132  -13.780  39.724 0.0000000000
92619  -8.564  -13.818  39.513 0.0000000000
92620  -9.832  -13.828  39.520 0.0000000000
92621  -10.902  -13.860  39.531 0.0000000000
92622  -11.753  -13.937  39.333 0.0000000000
92628  -12.441  -13.881  39.115 0.0000000000
92629  -13.033  -13.678  38.930 0.0000000000
92631  -13.428  -13.517  38.597 0.0000000000
92632  -13.631  -13.434  38.240 0.0000000000
92635  -13.688  -13.382  37.937 0.0000000000
92638  -13.573  -13.351  37.658 0.0000000000
92643  -13.296  -13.382  37.281 0.0000000000
92644  -13.446  -13.322  37.450 0.0000000000
92656  -12.612  -13.369  37.084 0.0000000000
92657  -13.095  -13.402  37.137 0.0000000000
93752  -6.409  -12.753  39.536 0.0000000000
93753  -7.918  -12.828  39.433 0.0000000000
93754  -9.241  -12.912  39.340 0.0000000000
93755  -10.400  -12.975  39.302 0.0000000000
93756  -11.376  -13.138  39.252 0.0000000000
93757  -12.057  -13.322  39.196 0.0000000000
93759  -12.496  -13.052  38.924 0.0000000000
93760  -12.976  -12.765  38.613 0.0000000000
93762  -13.291  -12.638  38.258 0.0000000000
93763  -13.424  -12.546  37.989 0.0000000000
93765  -13.357  -12.478  37.708 0.0000000000
93767  -13.275  -12.401  37.457 0.0000000000
93769  -13.180  -12.911  37.161 0.0000000000
93770  -13.139  -12.352  37.253 0.0000000000
93773  -3.443  -12.092  36.372 0.0000000000
93774  -4.618  -12.137  37.386 0.0000000000
93775  -6.033  -12.201  37.841 0.0000000000
93776  -7.629  -12.265  37.595 0.0000000000
93777  -9.135  -12.303  37.327 0.0000000000
93778  -10.483  -12.314  37.258 0.0000000000
93779  -11.558  -12.377  36.990 0.0000000000
93780  -12.405  -12.399  36.986 0.0000000000
93781  -13.010  -12.412  37.038 0.0000000000
93782  -13.089  -11.838  37.149 0.0000000000
93785  -3.114  -12.179  34.813 0.0000000000
94880  -7.337  -11.820  39.230 0.0000000000
94881  -8.652  -12.001  39.065 0.0000000000
94882  -9.847  -12.078  39.178 0.0000000000
94883  -10.959  -12.056  38.893 0.0000000000
94884  -11.842  -12.728  38.940 0.0000000000
94887  -11.279  -11.359  38.494 0.0000000000
94888  -12.062  -11.938  38.380 0.0000000000
94889  -12.883  -11.726  38.190 0.0000000000
94892  -13.162  -11.610  37.987 0.0000000000
94893  -13.183  -11.542  37.736 0.0000000000
94895  -13.237  -11.474  37.475 0.0000000000
94897  -13.257  -11.289  37.189 0.0000000000
94898  -13.426  -10.794  37.024 0.0000000000
94900  -13.278  -11.131  37.004 0.0000000000
94901  -13.366  -10.992  37.014 0.0000000000
94903  -3.189  -10.901  35.965 0.0000000000
94904  -4.398  -11.095  37.194 0.0000000000
94905  -5.860  -11.173  37.942 0.0000000000
94906  -7.329  -11.254  37.565 0.0000000000
94907  -8.837  -11.273  37.176 0.0000000000
94908  -10.248  -11.275  37.097 0.0000000000
94909  -11.365  -11.355  36.865 0.0000000000
94910  -12.230  -11.426  36.759 0.0000000000
94911  -12.846  -11.462  36.845 0.0000000000
94912  -13.135  -11.481  36.962 0.0000000000
94915  -2.914  -11.285  34.389 0.0000000000
94918  -2.885  -11.074  33.085 0.0000000000
94921  -3.163  -10.756  31.027 0.0000000000
94922  -2.885  -10.886  31.906 0.0000000000
94924  -2.828  -10.695  30.208 0.0000000000
94926  -3.195  -10.746  29.613 0.0000000000
95905  -6.873  -10.774  39.000 0.0000000000
95906  -8.089  -11.040  38.702 0.0000000000
95907  -9.370  -11.270  38.823 0.0000000000
95908  -10.173  -11.526  38.917 0.0000000000
95924  -7.518  -10.051  38.281 0.0000000000
95925  -8.844  -10.289  38.405 0.0000000000
95926  -10.384  -10.747  38.565 0.0000000000
95927  -11.563  -10.659  38.284 0.0000000000
95928  -12.484  -10.666  38.194 0.0000000000
95932  -13.039  -10.581  38.060 0.0000000000
95933  -13.263  -10.522  37.868 0.0000000000
95936  -13.377  -10.523  37.586 0.0000000000
95939  -13.403  -10.579  37.305 0.0000000000
95940  -13.456  -10.571  37.115 0.0000000000
95942  -13.433  -10.252  36.927 0.0000000000
95943  -13.389  -10.493  36.899 0.0000000000
95945  -3.463  -9.789  36.138 0.0000000000
95946  -4.019  -9.941  37.091 0.0000000000
95947  -5.557  -10.114  37.659 0.0000000000
95948  -7.035  -10.210  37.882 0.0000000000
95949  -8.490  -10.277  37.201 0.0000000000
95950  -10.082  -10.208  36.814 0.0000000000
95951  -11.223  -10.304  36.676 0.0000000000
95952  -12.107  -10.449  36.521 0.0000000000
95953  -12.771  -10.505  36.588 0.0000000000
95954  -13.224  -10.563  36.788 0.0000000000
95957  -3.186  -10.192  34.642 0.0000000000
95958  -10.679  -9.782  36.691 0.0000000000
95959  -10.927  -9.876  36.637 0.0000000000
95962  -3.023  -10.087  32.915 0.0000000000
95965  -3.214  -10.177  30.874 0.0000000000
95966  -3.326  -10.178  31.677 0.0000000000
95969  -2.916  -10.053  30.159 0.0000000000
95972  -3.453  -9.972  29.755 0.0000000000
96889  -8.911  -9.107  46.023 0.0000000000
96899  -9.369  -8.785  45.806 0.0000000000
96911  -9.320  -8.582  45.510 0.0000000000
96928  -9.229  -8.311  45.251 0.0000000000
96929  -9.571  -8.119  45.167 0.0000000000
96979  -7.011  -9.058  38.120 0.0000000000
96980  -8.270  -9.203  38.226 0.0000000000
96981  -9.671  -9.395  38.298 0.0000000000
96982  -10.975  -9.529  38.241 0.0000000000
96983  -12.076  -9.543  38.227 0.0000000000
96994  -12.829  -9.522  38.128 0.0000000000
96995  -13.222  -9.480  37.935 0.0000000000
97000  -13.441  -9.467  37.682 0.0000000000
97003  -13.553  -9.574  37.348 0.0000000000
97004  -13.488  -10.054  37.220 0.0000000000
97007  -13.588  -9.630  37.040 0.0000000000
97008  -13.497  -10.205  37.030 0.0000000000
97010  -3.980  -8.957  36.834 0.0000000000
97011  -5.281  -9.072  37.474 0.0000000000
97012  -6.697  -9.175  37.927 0.0000000000
97013  -8.071  -9.298  37.300 0.0000000000
97014  -9.491  -9.373  37.004 0.0000000000
97015  -10.537  -9.446  36.830 0.0000000000
97016  -12.010  -9.539  36.416 0.0000000000
97017  -12.701  -9.563  36.431 0.0000000000
97018  -13.204  -9.560  36.623 0.0000000000
97019  -13.497  -9.511  36.845 0.0000000000
97021  -3.500  -9.043  35.629 0.0000000000
97022  -11.004  -9.565  36.705 0.0000000000
97023  -11.412  -9.483  36.573 0.0000000000
97025  -3.435  -9.174  34.024 0.0000000000
97028  -3.239  -9.860  31.388 0.0000000000
97029  -3.706  -9.276  32.072 0.0000000000
97032  -3.059  -9.524  30.887 0.0000000000
97033  -2.998  -8.746  30.922 0.0000000000
97036  -2.869  -9.371  30.310 0.0000000000
97037  -3.337  -8.844  30.053 0.0000000000
97958  -9.667  -8.308  46.070 0.0000000000
97969  -10.122  -7.906  45.859 0.0000000000
97970  -10.570  -7.125  45.832 0.0000000000
97981  -10.012  -7.985  45.506 0.0000000000
97982  -10.440  -7.266  45.649 0.0000000000
97992  -9.866  -7.792  45.245 0.0000000000
97993  -10.271  -7.359  45.416 0.0000000000
98005  -9.023  -7.911  45.244 0.0000000000
98006  -9.588  -7.889  45.082 0.0000000000
98052  -7.702  -8.139  38.142 0.0000000000
98053  -9.053  -8.258  38.193 0.0000000000
98054  -10.383  -8.375  38.148 0.0000000000
98055  -11.567  -8.437  38.084 0.0000000000
98056  -12.521  -8.446  38.095 0.0000000000
98069  -13.114  -8.420  37.979 0.0000000000
98070  -13.426  -8.366  37.741 0.0000000000
98080  -13.650  -8.346  37.464 0.0000000000
98083  -13.771  -8.424  37.193 0.0000000000
98087  -13.738  -8.483  36.963 0.0000000000
98091  -3.987  -8.089  36.407 0.0000000000
98092  -5.037  -8.075  37.238 0.0000000000
98093  -6.338  -8.163  37.795 0.0000000000
98094  -7.672  -8.284  37.537 0.0000000000
98095  -9.070  -8.419  36.998 0.0000000000
98096  -10.524  -8.603  36.909 0.0000000000
98097  -11.687  -8.743  36.620 0.0000000000
98098  -12.592  -8.648  36.488 0.0000000000
98099  -13.186  -8.635  36.564 0.0000000000
98100  -13.562  -8.548  36.767 0.0000000000
98105  -3.971  -8.204  35.096 0.0000000000
98106  -11.182  -9.176  36.797 0.0000000000
98107  -11.484  -9.140  36.591 0.0000000000
98113  -4.077  -8.208  33.470 0.0000000000
98119  -3.609  -8.075  31.887 0.0000000000
98124  -3.289  -7.846  30.852 0.0000000000
98129  -3.731  -7.764  30.011 0.0000000000
99023  -10.199  -7.147  46.092 0.0000000000
99024  -10.716  -6.404  46.070 0.0000000000
99033  -10.315  -7.596  45.990 0.0000000000
99034  -10.664  -6.765  45.999 0.0000000000
99047  -10.717  -6.501  45.908 0.0000000000
99060  -10.110  -6.942  45.439 0.0000000000
99061  -10.452  -6.635  45.690 0.0000000000
99075  -8.494  -7.269  45.353 0.0000000000
99076  -9.517  -7.316  45.345 0.0000000000
99110  -7.082  -7.096  38.029 0.0000000000
99111  -8.404  -7.170  38.043 0.0000000000
99112  -9.805  -7.272  38.159 0.0000000000
99113  -11.087  -7.354  38.263 0.0000000000
99114  -12.160  -7.383  38.128 0.0000000000
99115  -12.963  -7.382  38.082 0.0000000000
99133  -13.390  -7.299  37.825 0.0000000000
99134  -13.700  -7.214  37.620 0.0000000000
99151  -13.948  -7.059  37.378 0.0000000000
99152  -14.221  -6.419  37.398 0.0000000000
99159  -13.975  -7.472  37.107 0.0000000000
99160  -14.108  -6.656  37.243 0.0000000000
99168  -13.901  -7.285  36.960 0.0000000000
99169  -14.033  -6.901  37.122 0.0000000000
99179  -3.896  -7.448  36.027 0.0000000000
99180  -4.640  -7.006  36.912 0.0000000000
99181  -5.940  -7.161  37.765 0.0000000000
99182  -7.233  -7.294  37.513 0.0000000000
99183  -8.603  -7.410  36.948 0.0000000000
99184  -10.051  -7.501  36.926 0.0000000000
99185  -11.333  -7.586  36.895 0.0000000000
99186  -12.399  -7.642  36.769 0.0000000000
99187  -13.161  -7.672  36.638 0.0000000000
99188  -13.553  -7.769  36.752 0.0000000000
99198  -4.045  -7.026  34.908 0.0000000000
99199  -3.863  -6.900  36.209 0.0000000000
99207  -4.175  -7.358  33.094 0.0000000000
99213  -3.833  -7.035  31.934 0.0000000000
99217  -3.827  -6.939  30.892 0.0000000000
99221  -4.394  -6.915  30.125 0.0000000000
100151  -10.197  -6.185  46.138 0.0000000000
100152  -10.731  -5.941  46.125 0.0000000000
100154  -11.017  -5.725  46.126 0.0000000000
100163  -11.118  -5.530  46.104 0.0000000000
100173  -10.301  -6.078  45.707 0.0000000000
100174  -10.750  -5.587  46.122 0.0000000000
100191  -8.906  -6.488  45.677 0.0000000000
100192  -9.781  -6.378  45.646 0.0000000000
100222  -6.538  -6.085  38.408 0.0000000000
100223  -7.746  -6.119  38.100 0.0000000000
100224  -9.219  -6.203  38.273 0.0000000000
100225  -10.599  -6.285  38.412 0.0000000000
100226  -11.818  -6.349  38.465 0.0000000000
100227  -12.784  -6.423  38.348 0.0000000000
100244  -13.487  -6.415  38.222 0.0000000000
100245  -13.979  -6.322  38.043 0.0000000000
100264  -14.254  -6.225  37.821 0.0000000000
100265  -14.390  -6.051  37.633 0.0000000000
100281  -14.370  -5.983  37.400 0.0000000000
100294  -14.106  -6.213  36.995 0.0000000000
100295  -14.225  -6.249  37.209 0.0000000000
100306  -4.980  -6.011  37.132 0.0000000000
100307  -5.672  -6.276  37.573 0.0000000000
100308  -6.765  -6.353  37.480 0.0000000000
100309  -8.121  -6.398  36.945 0.0000000000
100310  -9.574  -6.438  36.864 0.0000000000
100311  -10.915  -6.502  36.806 0.0000000000
100312  -12.098  -6.535  36.846 0.0000000000
100313  -13.053  -6.585  36.757 0.0000000000
100314  -13.706  -6.653  36.849 0.0000000000
100318  -3.657  -5.782  35.146 0.0000000000
100319  -3.882  -6.090  36.429 0.0000000000
100323  -3.696  -6.110  33.534 0.0000000000
100328  -3.958  -6.019  31.975 0.0000000000
100332  -4.263  -6.016  30.851 0.0000000000
100335  -4.737  -6.008  30.102 0.0000000000
101206  -10.832  -4.639  46.364 0.0000000000
101209  -10.654  -5.307  46.184 0.0000000000
101210  -11.086  -4.757  46.152 0.0000000000
101211  -11.490  -4.200  46.141 0.0000000000
101213  -11.345  -4.771  46.074 0.0000000000
101214  -11.719  -4.103  46.117 0.0000000000
101221  -11.430  -4.496  46.050 0.0000000000
101222  -11.977  -4.022  46.147 0.0000000000
101232  -9.747  -4.826  46.049 0.0000000000
101233  -10.308  -5.091  45.869 0.0000000000
101234  -10.979  -4.643  45.970 0.0000000000
101248  -8.209  -5.710  45.826 0.0000000000
101249  -9.340  -5.489  45.959 0.0000000000
101250  -10.016  -5.782  45.802 0.0000000000
101279  -6.155  -5.129  39.371 0.0000000000
101280  -7.150  -5.127  38.472 0.0000000000
101281  -8.561  -5.135  38.362 0.0000000000
101282  -10.035  -5.224  38.368 0.0000000000
101283  -11.379  -5.304  38.597 0.0000000000
101284  -12.621  -5.349  38.628 0.0000000000
101285  -13.475  -5.007  38.567 0.0000000000
101293  -13.335  -5.713  38.454 0.0000000000
101294  -14.023  -5.383  38.389 0.0000000000
101302  -14.493  -5.441  38.136 0.0000000000
101303  -14.650  -5.386  37.944 0.0000000000
101309  -14.614  -5.286  37.717 0.0000000000
101312  -14.260  -5.343  37.245 0.0000000000
101313  -14.438  -5.305  37.475 0.0000000000
101320  -5.538  -5.714  37.394 0.0000000000
101321  -6.232  -5.544  37.593 0.0000000000
101322  -7.530  -5.484  37.082 0.0000000000
101323  -9.062  -5.289  36.785 0.0000000000
101324  -10.449  -5.466  36.699 0.0000000000
101325  -11.708  -5.437  36.737 0.0000000000
101326  -12.822  -5.437  36.718 0.0000000000
101327  -13.608  -5.506  36.810 0.0000000000
101328  -14.044  -5.447  37.007 0.0000000000
101336  -3.649  -4.891  35.986 0.0000000000
101337  -5.163  -5.022  37.075 0.0000000000
101338  -6.831  -4.652  37.389 0.0000000000
101339  -8.238  -4.619  37.011 0.0000000000
101340  -9.002  -4.626  36.793 0.0000000000
101345  -3.731  -4.969  34.499 0.0000000000
101349  -3.692  -5.010  33.040 0.0000000000
101353  -4.315  -5.015  31.682 0.0000000000
101354  -4.565  -4.655  30.962 0.0000000000
101359  -4.519  -5.303  30.671 0.0000000000
101360  -5.053  -4.980  30.280 0.0000000000
102238  -11.253  -4.046  46.730 0.0000000000
102242  -11.470  -3.835  46.395 0.0000000000
102243  -11.783  -3.704  46.299 0.0000000000
102246  -12.316  -3.628  46.218 0.0000000000
102247  -12.611  -3.561  46.175 0.0000000000
102256  -11.438  -3.985  46.058 0.0000000000
102257  -12.307  -3.784  46.053 0.0000000000
102258  -12.840  -3.480  46.036 0.0000000000
102271  -9.018  -4.406  46.202 0.0000000000
102272  -9.995  -4.234  46.210 0.0000000000
102273  -10.765  -4.127  46.066 0.0000000000
102274  -12.725  -3.420  46.178 0.0000000000
102275  -13.093  -3.382  45.963 0.0000000000
102289  -8.477  -5.000  45.886 0.0000000000
102307  -6.128  -3.903  39.755 0.0000000000
102308  -6.874  -3.413  39.278 0.0000000000
102315  -6.745  -4.522  39.060 0.0000000000
102316  -7.594  -3.999  38.701 0.0000000000
102317  -9.355  -4.166  38.370 0.0000000000
102318  -10.805  -4.272  38.509 0.0000000000
102319  -12.050  -4.325  38.727 0.0000000000
102320  -13.120  -4.290  38.716 0.0000000000
102321  -13.979  -4.307  38.593 0.0000000000
102329  -14.646  -4.379  38.274 0.0000000000
102330  -14.930  -3.847  38.121 0.0000000000
102341  -14.766  -4.912  38.099 0.0000000000
102342  -14.864  -4.399  37.953 0.0000000000
102352  -14.741  -4.577  37.647 0.0000000000
102355  -14.384  -4.451  37.088 0.0000000000
102356  -14.616  -4.415  37.347 0.0000000000
102359  -9.356  -4.622  36.713 0.0000000000
102360  -10.009  -4.596  36.628 0.0000000000
102361  -11.190  -4.496  36.530 0.0000000000
102362  -12.495  -4.138  36.705 0.0000000000
102363  -13.501  -4.373  36.749 0.0000000000
102364  -14.074  -4.473  36.882 0.0000000000
102371  -3.808  -3.937  35.179 0.0000000000
102372  -4.726  -3.857  36.258 0.0000000000
102373  -6.104  -3.727  37.089 0.0000000000
102374  -7.627  -3.691  37.170 0.0000000000
102375  -9.193  -3.936  36.806 0.0000000000
102376  -10.573  -3.716  36.508 0.0000000000
102377  -11.712  -3.558  36.608 0.0000000000
102378  -12.363  -3.393  36.682 0.0000000000
102384  -4.064  -4.056  33.900 0.0000000000
102389  -3.846  -4.007  32.651 0.0000000000
102395  -4.109  -3.960  31.560 0.0000000000
102396  -4.562  -3.936  30.743 0.0000000000
102402  -5.129  -3.947  30.085 0.0000000000
103273  -11.546  -3.387  47.010 0.0000000000
103274  -11.764  -3.302  46.720 0.0000000000
103284  -12.004  -3.346  46.542 0.0000000000
103285  -12.406  -3.453  46.357 0.0000000000
103298  -11.758  -3.469  46.506 0.0000000000
103299  -12.429  -3.403  46.372 0.0000000000
103300  -12.805  -3.510  46.265 0.0000000000
103315  -9.354  -3.384  46.423 0.0000000000
103316  -10.309  -3.354  46.462 0.0000000000
103317  -11.080  -3.375  46.400 0.0000000000
103318  -12.862  -3.413  46.038 0.0000000000
103319  -13.009  -3.357  46.207 0.0000000000
103346  -6.362  -2.841  39.774 0.0000000000
103353  -7.435  -2.926  39.022 0.0000000000
103354  -8.710  -3.119  38.536 0.0000000000
103355  -10.144  -3.243  38.390 0.0000000000
103356  -11.447  -3.332  38.621 0.0000000000
103357  -12.603  -3.359  38.704 0.0000000000
103358  -13.603  -3.365  38.650 0.0000000000
103365  -14.371  -3.369  38.462 0.0000000000
103366  -14.822  -3.283  38.194 0.0000000000
103375  -14.965  -3.262  37.914 0.0000000000
103387  -14.910  -3.452  37.519 0.0000000000
103395  -14.463  -3.713  36.862 0.0000000000
103396  -14.747  -3.323  37.012 0.0000000000
103398  -12.874  -3.063  36.637 0.0000000000
103399  -13.443  -3.306  36.607 0.0000000000
103400  -14.127  -3.327  36.676 0.0000000000
103401  -14.540  -2.954  36.790 0.0000000000
103407  -3.890  -3.242  34.528 0.0000000000
103408  -4.427  -2.904  35.366 0.0000000000
103409  -5.658  -2.841  36.305 0.0000000000
103410  -6.973  -2.680  36.924 0.0000000000
103411  -8.507  -2.771  36.846 0.0000000000
103412  -9.940  -2.806  36.718 0.0000000000
103413  -11.203  -2.771  36.645 0.0000000000
103414  -12.225  -2.795  36.657 0.0000000000
103422  -3.876  -2.985  33.531 0.0000000000
103423  -3.755  -2.467  34.566 0.0000000000
103430  -4.013  -3.113  32.284 0.0000000000
103436  -4.125  -3.129  31.314 0.0000000000
103437  -4.584  -3.065  30.555 0.0000000000
104320  -11.440  -2.700  47.079 0.0000000000
104321  -11.745  -2.821  46.898 0.0000000000
104331  -12.134  -3.174  46.652 0.0000000000
104332  -12.723  -3.421  46.389 0.0000000000
104342  -11.294  -2.690  46.626 0.0000000000
104343  -11.899  -3.083  46.649 0.0000000000
104344  -12.519  -3.389  46.394 0.0000000000
104358  -8.758  -2.409  46.260 0.0000000000
104359  -9.766  -2.387  46.483 0.0000000000
104360  -10.653  -2.441  46.562 0.0000000000
104361  -12.496  -3.375  46.162 0.0000000000
104362  -12.739  -3.384  46.260 0.0000000000
104395  -6.047  -1.929  40.525 0.0000000000
104404  -6.905  -2.007  39.354 0.0000000000
104405  -8.118  -2.130  38.699 0.0000000000
104406  -9.475  -2.249  38.497 0.0000000000
104407  -10.790  -2.340  38.527 0.0000000000
104408  -11.993  -2.391  38.516 0.0000000000
104409  -13.076  -2.409  38.537 0.0000000000
104418  -13.948  -2.414  38.417 0.0000000000
104419  -14.535  -2.393  38.182 0.0000000000
104430  -14.847  -2.317  37.881 0.0000000000
104439  -14.986  -2.122  37.481 0.0000000000
104440  -14.986  -1.427  37.141 0.0000000000
104451  -14.940  -1.994  37.072 0.0000000000
104452  -15.000  -1.228  37.006 0.0000000000
104461  -13.356  -2.663  36.538 0.0000000000
104462  -13.811  -2.198  36.559 0.0000000000
104463  -14.294  -2.134  36.713 0.0000000000
104464  -14.635  -2.141  36.849 0.0000000000
104466  -5.314  -2.260  35.782 0.0000000000
104467  -6.240  -1.668  36.217 0.0000000000
104468  -7.870  -1.741  36.606 0.0000000000
104469  -9.320  -1.797  36.599 0.0000000000
104470  -10.675  -1.825  36.581 0.0000000000
104471  -11.915  -1.883  36.648 0.0000000000
104472  -13.074  -2.044  36.466 0.0000000000
104473  -13.676  -1.647  36.439 0.0000000000
104480  -3.880  -1.856  33.954 0.0000000000
104481  -4.948  -1.696  35.092 0.0000000000
104482  -5.744  -1.105  35.650 0.0000000000
104494  -4.031  -2.253  32.871 0.0000000000
104500  -4.064  -2.424  31.936 0.0000000000
104501  -4.309  -2.355  31.253 0.0000000000
104505  -4.701  -2.100  30.584 0.0000000000
105368  -11.260  -1.939  47.088 0.0000000000
105375  -11.474  -2.218  46.903 0.0000000000
105384  -11.009  -1.416  46.572 0.0000000000
105385  -11.280  -2.102  46.820 0.0000000000
105399  -8.281  -1.468  45.878 0.0000000000
105400  -9.191  -1.383  46.399 0.0000000000
105401  -10.149  -1.334  46.651 0.0000000000
105434  -5.942  -1.017  41.192 0.0000000000
105435  -6.626  -1.108  40.008 0.0000000000
105446  -7.531  -1.203  38.965 0.0000000000
105447  -8.826  -1.305  38.661 0.0000000000
105448  -10.117  -1.374  38.482 0.0000000000
105449  -11.348  -1.415  38.427 0.0000000000
105450  -12.478  -1.428  38.390 0.0000000000
105451  -13.444  -1.432  38.301 0.0000000000
105459  -14.145  -1.421  38.086 0.0000000000
105460  -14.542  -1.363  37.758 0.0000000000
105470  -14.742  -1.262  37.465 0.0000000000
105476  -14.877  -0.996  37.211 0.0000000000
105477  -15.080  -0.726  37.051 0.0000000000
105487  -14.674  -1.308  36.850 0.0000000000
105488  -14.939  -0.812  36.866 0.0000000000
105500  -13.937  -1.324  36.455 0.0000000000
105501  -14.197  -1.123  36.535 0.0000000000
105502  -14.451  -1.090  36.666 0.0000000000
105503  -14.715  -0.595  36.672 0.0000000000
105505  -6.454  -0.655  35.841 0.0000000000
105506  -7.370  -0.814  36.306 0.0000000000
105507  -8.675  -0.794  36.411 0.0000000000
105508  -10.078  -0.769  36.566 0.0000000000
105509  -11.437  -0.864  36.588 0.0000000000
105510  -12.668  -0.980  36.450 0.0000000000
105511  -13.635  -1.002  36.273 0.0000000000
105512  -14.126  -0.711  36.356 0.0000000000
105514  -3.914  -1.400  33.241 0.0000000000
105515  -4.372  -0.686  34.160 0.0000000000
105516  -5.511  -0.511  35.201 0.0000000000
105527  -4.066  -1.702  32.357 0.0000000000
105528  -4.257  -0.781  32.863 0.0000000000
105539  -4.133  -1.984  31.760 0.0000000000
105540  -4.372  -1.414  31.600 0.0000000000
105545  -4.839  -0.976  30.636 0.0000000000
106348  -11.386  -1.079  46.992 0.0000000000
106355  -11.076  -0.451  46.562 0.0000000000
106356  -11.254  -0.690  46.764 0.0000000000
106368  -7.805  -0.666  45.425 0.0000000000
106369  -8.611  -0.459  46.099 0.0000000000
106370  -9.583  -0.277  46.487 0.0000000000
106371  -10.664  -0.119  46.482 0.0000000000
106395  -6.319  -0.380  43.200 0.0000000000
106405  -6.227  -0.270  41.974 0.0000000000
106406  -6.434  -0.261  40.681 0.0000000000
106417  -7.162  -0.357  39.546 0.0000000000
106418  -8.151  -0.426  38.731 0.0000000000
106419  -9.441  -0.459  38.597 0.0000000000
106420  -10.693  -0.467  38.456 0.0000000000
106421  -11.864  -0.453  38.361 0.0000000000
106422  -12.896  -0.427  38.226 0.0000000000
106432  -13.733  -0.400  38.022 0.0000000000
106433  -14.349  -0.353  37.727 0.0000000000
106441  -14.827  -0.239  37.469 0.0000000000
106442  -15.158  0.221  37.295 0.0000000000
106445  -14.988  -0.447  37.315 0.0000000000
106446  -15.224  0.005  37.139 0.0000000000
106452  -15.236  0.084  36.887 0.0000000000
106466  -14.413  -0.522  36.481 0.0000000000
106467  -14.721  0.058  36.418 0.0000000000
106468  -15.082  0.104  36.592 0.0000000000
106477  -7.145  -0.269  36.004 0.0000000000
106478  -7.941  -0.010  36.202 0.0000000000
106479  -9.390  0.349  36.271 0.0000000000
106480  -10.903  0.183  36.337 0.0000000000
106481  -12.213  0.070  36.468 0.0000000000
106482  -13.321  -0.058  36.264 0.0000000000
106483  -14.077  -0.038  36.293 0.0000000000
106484  -14.453  -0.008  36.353 0.0000000000
106485  -14.707  0.501  36.281 0.0000000000
106487  -5.293  0.444  34.526 0.0000000000
106488  -6.862  0.280  35.330 0.0000000000
106489  -8.399  0.765  35.848 0.0000000000
106490  -9.180  0.891  35.970 0.0000000000
106496  -4.580  0.385  33.532 0.0000000000
106508  -4.881  -0.004  32.013 0.0000000000
106516  -5.183  0.203  30.643 0.0000000000
107230  -11.499  0.296  46.999 0.0000000000
107237  -11.173  0.479  46.559 0.0000000000
107238  -11.455  0.982  46.731 0.0000000000
107245  -7.132  -0.081  44.950 0.0000000000
107246  -7.939  0.336  45.620 0.0000000000
107247  -8.927  0.646  46.172 0.0000000000
107248  -10.025  0.935  46.357 0.0000000000
107249  -10.900  1.284  46.353 0.0000000000
107254  -6.570  0.291  44.060 0.0000000000
107261  -6.290  0.485  42.839 0.0000000000
107271  -6.384  0.546  41.444 0.0000000000
107272  -6.841  0.475  40.127 0.0000000000
107283  -7.591  0.366  39.079 0.0000000000
107284  -8.737  0.370  38.710 0.0000000000
107285  -10.003  0.415  38.498 0.0000000000
107286  -11.248  0.476  38.457 0.0000000000
107287  -12.354  0.549  38.343 0.0000000000
107288  -13.301  0.637  38.163 0.0000000000
107299  -14.078  0.684  37.834 0.0000000000
107300  -14.707  0.721  37.564 0.0000000000
107308  -15.121  0.854  37.353 0.0000000000
107309  -15.317  0.946  37.173 0.0000000000
107313  -15.409  0.962  36.955 0.0000000000
107318  -15.282  1.001  36.670 0.0000000000
107329  -14.958  1.014  36.187 0.0000000000
107330  -15.075  0.987  36.393 0.0000000000
107340  -9.560  1.022  36.068 0.0000000000
107341  -10.362  1.296  36.076 0.0000000000
107342  -11.775  1.109  36.216 0.0000000000
107343  -12.961  0.960  36.311 0.0000000000
107344  -13.920  0.838  36.202 0.0000000000
107345  -14.534  0.809  36.112 0.0000000000
107346  -14.771  0.893  36.184 0.0000000000
107348  -5.125  1.436  33.934 0.0000000000
107349  -6.298  1.330  34.391 0.0000000000
107350  -7.850  1.329  34.881 0.0000000000
107351  -9.260  1.484  35.674 0.0000000000
107352  -10.024  1.818  35.831 0.0000000000
107356  -4.915  1.360  33.012 0.0000000000
107365  -5.159  1.462  31.781 0.0000000000
107375  -5.490  1.258  30.545 0.0000000000
108114  -11.687  1.736  46.818 0.0000000000
108119  -11.370  1.860  46.470 0.0000000000
108120  -11.618  2.115  46.583 0.0000000000
108129  -7.145  0.995  44.934 0.0000000000
108130  -8.153  1.513  45.635 0.0000000000
108131  -9.369  1.743  46.077 0.0000000000
108132  -10.495  2.267  46.130 0.0000000000
108133  -11.190  2.272  46.202 0.0000000000
108142  -6.501  1.281  43.820 0.0000000000
108143  -8.820  2.352  45.699 0.0000000000
108144  -9.737  2.625  45.900 0.0000000000
108145  -10.360  2.790  45.829 0.0000000000
108156  -6.268  1.445  42.363 0.0000000000
108169  -6.586  1.366  40.750 0.0000000000
108170  -7.245  1.159  39.523 0.0000000000
108179  -7.959  1.061  38.694 0.0000000000
108180  -9.213  1.201  38.565 0.0000000000
108181  -10.595  1.325  38.501 0.0000000000
108182  -11.801  1.454  38.557 0.0000000000
108183  -12.825  1.582  38.463 0.0000000000
108184  -13.761  1.800  38.139 0.0000000000
108190  -14.525  1.695  37.748 0.0000000000
108191  -15.068  1.713  37.499 0.0000000000
108193  -15.339  1.795  37.257 0.0000000000
108194  -15.465  1.871  37.058 0.0000000000
108197  -15.408  1.954  36.802 0.0000000000
108201  -15.279  1.962  36.465 0.0000000000
108214  -15.011  1.432  36.064 0.0000000000
108215  -15.153  1.801  36.210 0.0000000000
108225  -10.515  2.006  35.769 0.0000000000
108226  -11.401  2.208  35.851 0.0000000000
108227  -12.627  1.967  36.159 0.0000000000
108228  -13.645  1.792  36.182 0.0000000000
108229  -14.446  1.676  35.999 0.0000000000
108230  -14.920  1.662  35.985 0.0000000000
108231  -15.035  1.881  36.011 0.0000000000
108233  -5.076  2.126  33.477 0.0000000000
108234  -5.780  2.428  33.835 0.0000000000
108235  -7.371  2.147  34.013 0.0000000000
108236  -8.747  2.186  34.686 0.0000000000
108237  -9.944  2.343  35.470 0.0000000000
108238  -10.714  2.398  35.614 0.0000000000
108241  -5.000  2.531  32.833 0.0000000000
108242  -5.214  2.606  33.450 0.0000000000
108247  -5.049  2.609  32.063 0.0000000000
108253  -5.353  2.300  31.321 0.0000000000
108983  -11.783  2.840  46.520 0.0000000000
108994  -11.484  2.623  46.152 0.0000000000
108995  -11.671  3.059  46.176 0.0000000000
109005  -6.791  1.885  44.744 0.0000000000
109006  -7.321  1.780  45.214 0.0000000000
109007  -10.738  2.989  45.745 0.0000000000
109008  -11.318  3.269  45.788 0.0000000000
109009  -11.747  3.679  45.883 0.0000000000
109020  -6.433  2.569  43.643 0.0000000000
109021  -7.630  2.660  45.189 0.0000000000
109022  -9.035  3.160  45.540 0.0000000000
109023  -10.182  3.310  45.697 0.0000000000
109024  -10.835  3.379  45.632 0.0000000000
109038  -6.309  2.379  41.621 0.0000000000
109050  -7.031  2.155  39.773 0.0000000000
109051  -7.518  1.564  39.027 0.0000000000
109054  -7.376  2.491  38.935 0.0000000000
109055  -8.079  1.932  38.461 0.0000000000
109056  -9.879  1.987  38.306 0.0000000000
109057  -11.253  2.209  38.547 0.0000000000
109058  -12.325  2.383  38.663 0.0000000000
109059  -13.207  2.541  38.541 0.0000000000
109060  -13.838  2.764  38.275 0.0000000000
109063  -14.399  2.619  38.040 0.0000000000
109064  -14.974  2.590  37.727 0.0000000000
109066  -15.379  2.637  37.429 0.0000000000
109067  -15.580  2.726  37.167 0.0000000000
109069  -15.648  2.834  36.951 0.0000000000
109072  -15.496  3.065  36.597 0.0000000000
109073  -15.457  3.694  36.483 0.0000000000
109090  -15.209  2.998  36.315 0.0000000000
109091  -15.332  3.543  36.367 0.0000000000
109099  -11.690  2.887  35.616 0.0000000000
109100  -12.454  2.893  35.746 0.0000000000
109101  -13.361  2.661  35.932 0.0000000000
109102  -14.199  2.578  35.884 0.0000000000
109103  -14.796  2.579  35.949 0.0000000000
109104  -15.033  2.646  36.132 0.0000000000
109106  -5.996  3.075  33.679 0.0000000000
109107  -6.829  3.131  33.786 0.0000000000
109108  -8.291  2.901  33.894 0.0000000000
109109  -9.559  3.032  34.543 0.0000000000
109110  -10.894  3.061  35.339 0.0000000000
109111  -11.922  3.347  35.429 0.0000000000
109118  -5.072  3.351  32.921 0.0000000000
109119  -5.453  3.168  33.388 0.0000000000
109120  -6.136  3.499  33.645 0.0000000000
109126  -4.961  3.275  32.473 0.0000000000
109132  -5.061  3.228  31.895 0.0000000000
109133  -5.646  3.117  31.177 0.0000000000
109922  -11.819  3.889  46.213 0.0000000000
109933  -11.925  4.161  45.930 0.0000000000
109943  -11.403  4.348  45.556 0.0000000000
109944  -11.759  4.258  45.723 0.0000000000
109953  -6.540  3.620  43.603 0.0000000000
109954  -7.077  3.558  44.381 0.0000000000
109955  -8.240  3.788  44.959 0.0000000000
109956  -9.493  4.029  45.315 0.0000000000
109957  -10.685  4.078  45.522 0.0000000000
109967  -6.272  3.455  42.510 0.0000000000
109977  -6.405  3.269  40.837 0.0000000000
109983  -6.924  3.134  39.374 0.0000000000
109984  -7.723  2.877  38.391 0.0000000000
109985  -9.116  2.636  38.005 0.0000000000
109986  -10.669  2.741  38.233 0.0000000000
109987  -11.873  2.978  38.543 0.0000000000
109988  -12.795  3.184  38.655 0.0000000000
109989  -13.535  3.342  38.471 0.0000000000
109992  -14.186  3.418  38.263 0.0000000000
109993  -14.794  3.418  37.968 0.0000000000
109995  -15.300  3.464  37.630 0.0000000000
109996  -15.645  3.555  37.326 0.0000000000
109998  -15.796  3.655  37.082 0.0000000000
110013  -15.796  3.761  36.848 0.0000000000
110014  -15.600  3.880  36.590 0.0000000000
110032  -15.356  3.933  36.240 0.0000000000
110033  -15.525  4.234  36.394 0.0000000000
110035  -13.149  3.249  35.734 0.0000000000
110036  -13.822  3.470  35.730 0.0000000000
110037  -14.612  3.458  35.805 0.0000000000
110038  -15.067  3.689  35.961 0.0000000000
110039  -15.321  4.060  36.028 0.0000000000
110048  -7.804  3.671  33.914 0.0000000000
110049  -9.035  3.736  33.968 0.0000000000
110050  -10.381  3.842  34.375 0.0000000000
110051  -11.635  3.943  34.818 0.0000000000
110052  -12.835  3.922  35.447 0.0000000000
110053  -13.818  4.337  35.525 0.0000000000
110064  -5.285  3.725  33.160 0.0000000000
110065  -5.841  3.932  33.453 0.0000000000
110066  -6.730  4.144  33.976 0.0000000000
110072  -5.062  3.870  32.829 0.0000000000
110073  -5.205  4.179  32.611 0.0000000000
110079  -4.939  3.767  32.354 0.0000000000
110080  -5.285  4.067  31.978 0.0000000000
110081  -6.025  3.986  31.088 0.0000000000
110852  -11.704  4.956  45.519 0.0000000000
110853  -12.029  5.129  45.697 0.0000000000
110862  -6.867  4.016  43.908 0.0000000000
110863  -7.431  4.464  44.316 0.0000000000
110864  -8.665  4.785  44.873 0.0000000000
110865  -9.896  5.058  45.235 0.0000000000
110866  -11.054  5.241  45.383 0.0000000000
110876  -6.522  4.413  43.314 0.0000000000
110877  -7.156  5.205  43.818 0.0000000000
110887  -6.036  4.402  41.780 0.0000000000
110897  -6.276  4.282  39.983 0.0000000000
110898  -7.162  3.857  38.524 0.0000000000
110899  -8.397  3.426  37.709 0.0000000000
110900  -9.935  3.308  37.632 0.0000000000
110901  -11.365  3.419  38.047 0.0000000000
110902  -12.422  3.667  38.399 0.0000000000
110903  -13.216  3.858  38.531 0.0000000000
110910  -6.623  4.692  38.894 0.0000000000
110911  -7.184  4.617  38.117 0.0000000000
110912  -13.866  4.029  38.454 0.0000000000
110913  -14.502  4.168  38.185 0.0000000000
110916  -15.074  4.244  37.786 0.0000000000
110917  -15.555  4.373  37.475 0.0000000000
110928  -15.901  4.524  37.206 0.0000000000
110944  -16.018  4.565  36.987 0.0000000000
110945  -15.877  4.648  36.660 0.0000000000
110953  -15.635  4.847  36.139 0.0000000000
110954  -15.883  5.062  36.337 0.0000000000
110961  -14.391  4.142  35.644 0.0000000000
110962  -14.951  4.451  35.727 0.0000000000
110963  -15.464  5.039  35.828 0.0000000000
110964  -15.659  5.145  35.949 0.0000000000
110974  -8.059  4.746  34.249 0.0000000000
110975  -9.767  4.663  34.114 0.0000000000
110976  -11.180  4.690  34.186 0.0000000000
110977  -12.409  4.802  34.591 0.0000000000
110978  -13.480  4.999  35.157 0.0000000000
110979  -14.447  5.098  35.534 0.0000000000
110980  -15.288  5.396  35.579 0.0000000000
110981  -15.651  5.594  35.621 0.0000000000
110986  -5.485  4.156  33.172 0.0000000000
110987  -6.079  4.826  33.587 0.0000000000
110988  -6.911  5.154  34.323 0.0000000000
110993  -5.442  4.382  32.987 0.0000000000
110994  -5.640  4.891  32.824 0.0000000000
111000  -5.811  4.971  31.937 0.0000000000
111727  -11.574  5.903  45.447 0.0000000000
111737  -7.948  5.337  44.409 0.0000000000
111738  -8.997  5.979  44.686 0.0000000000
111739  -10.318  6.150  45.115 0.0000000000
111740  -11.064  6.282  45.290 0.0000000000
111775  -7.820  4.182  37.572 0.0000000000
111776  -9.074  4.259  36.896 0.0000000000
111777  -10.729  3.959  37.197 0.0000000000
111778  -11.966  4.089  37.766 0.0000000000
111779  -12.903  4.326  38.172 0.0000000000
111780  -13.522  4.318  38.315 0.0000000000
111790  -7.726  5.025  37.295 0.0000000000
111791  -8.595  5.078  36.787 0.0000000000
111792  -13.381  4.667  37.988 0.0000000000
111793  -13.980  4.771  38.072 0.0000000000
111794  -14.739  4.953  37.845 0.0000000000
111802  -15.293  5.102  37.605 0.0000000000
111803  -15.811  5.377  37.371 0.0000000000
111815  -16.237  5.637  37.010 0.0000000000
111816  -16.541  6.422  36.748 0.0000000000
111828  -16.199  5.164  36.856 0.0000000000
111829  -16.378  5.790  36.522 0.0000000000
111837  -15.999  5.556  35.877 0.0000000000
111838  -16.260  5.778  36.013 0.0000000000
111845  -15.828  5.804  35.609 0.0000000000
111846  -16.026  6.002  35.618 0.0000000000
111847  -16.210  5.986  35.777 0.0000000000
111854  -7.657  5.983  34.455 0.0000000000
111855  -9.132  5.647  34.205 0.0000000000
111856  -10.615  5.535  34.101 0.0000000000
111857  -11.959  5.605  34.131 0.0000000000
111858  -13.132  5.775  34.456 0.0000000000
111859  -14.128  5.974  35.035 0.0000000000
111860  -15.052  6.088  35.275 0.0000000000
111861  -15.717  6.141  35.442 0.0000000000
111862  -15.961  6.241  35.530 0.0000000000
111867  -6.220  5.840  33.647 0.0000000000
111868  -6.684  5.919  34.244 0.0000000000
111873  -6.054  5.873  32.864 0.0000000000
111876  -6.382  5.829  31.863 0.0000000000
112758  -10.316  4.622  36.616 0.0000000000
112759  -11.424  4.598  36.828 0.0000000000
112760  -12.481  4.695  37.402 0.0000000000
112761  -13.041  4.735  37.782 0.0000000000
112772  -8.347  5.836  37.071 0.0000000000
112773  -9.464  5.333  36.616 0.0000000000
112774  -10.776  5.326  36.555 0.0000000000
112775  -11.987  5.306  36.643 0.0000000000
112776  -13.208  5.281  37.364 0.0000000000
112777  -14.339  5.816  37.515 0.0000000000
112778  -14.955  5.510  37.615 0.0000000000
112791  -14.700  6.530  37.295 0.0000000000
112792  -15.277  6.177  37.485 0.0000000000
112793  -16.028  6.436  37.236 0.0000000000
112810  -16.408  6.764  36.952 0.0000000000
112811  -16.530  7.087  36.613 0.0000000000
112820  -16.615  6.897  36.355 0.0000000000
112829  -16.586  6.724  36.018 0.0000000000
112835  -16.171  6.819  35.566 0.0000000000
112836  -16.311  6.653  35.717 0.0000000000
112841  -7.801  6.662  34.489 0.0000000000
112842  -8.686  6.608  34.333 0.0000000000
112843  -10.022  6.417  34.258 0.0000000000
112844  -11.378  6.422  34.161 0.0000000000
112845  -12.743  6.642  34.125 0.0000000000
112846  -13.848  6.751  34.428 0.0000000000
112847  -14.782  6.961  34.909 0.0000000000
112848  -15.573  7.009  35.181 0.0000000000
112849  -16.049  6.972  35.405 0.0000000000
112854  -6.633  6.626  34.143 0.0000000000
112855  -7.266  6.856  34.489 0.0000000000
112856  -9.589  7.090  34.309 0.0000000000
112857  -10.691  7.204  34.318 0.0000000000
112858  -11.988  7.309  34.156 0.0000000000
112859  -12.968  7.501  34.107 0.0000000000
112863  -6.308  6.803  33.676 0.0000000000
112867  -6.206  6.820  32.770 0.0000000000
112868  -6.468  6.718  31.661 0.0000000000
113723  -9.083  6.241  36.863 0.0000000000
113724  -10.059  6.158  36.653 0.0000000000
113725  -11.207  6.186  36.612 0.0000000000
113726  -12.471  6.206  36.420 0.0000000000
113727  -13.485  6.182  36.836 0.0000000000
113738  -13.120  6.801  36.392 0.0000000000
113739  -14.050  6.887  36.828 0.0000000000
113740  -14.878  7.185  37.089 0.0000000000
113741  -15.595  7.238  37.160 0.0000000000
113758  -16.109  7.401  36.976 0.0000000000
113759  -16.370  7.651  36.656 0.0000000000
113772  -16.619  7.739  36.330 0.0000000000
113782  -16.696  7.693  35.994 0.0000000000
113791  -16.370  7.549  35.368 0.0000000000
113792  -16.569  7.652  35.625 0.0000000000
113797  -8.025  7.080  34.460 0.0000000000
113798  -8.796  7.315  34.326 0.0000000000
113799  -13.596  7.364  34.186 0.0000000000
113800  -14.548  7.857  34.301 0.0000000000
113801  -15.525  7.862  34.610 0.0000000000
113802  -16.155  7.829  34.892 0.0000000000
113803  -16.414  7.825  35.070 0.0000000000
113809  -6.995  7.735  34.130 0.0000000000
113810  -8.119  7.853  34.403 0.0000000000
113811  -9.745  7.917  34.196 0.0000000000
113812  -11.307  8.086  34.278 0.0000000000
113813  -12.591  8.155  34.158 0.0000000000
113814  -13.723  8.137  34.032 0.0000000000
113815  -14.401  8.360  34.069 0.0000000000
113819  -6.393  7.883  33.442 0.0000000000
113823  -6.109  7.764  32.486 0.0000000000
114638  -9.357  6.873  36.764 0.0000000000
114639  -10.371  6.964  36.696 0.0000000000
114640  -11.466  7.046  36.566 0.0000000000
114641  -12.389  7.134  36.409 0.0000000000
114650  -9.437  7.638  36.729 0.0000000000
114651  -10.554  7.800  36.671 0.0000000000
114652  -11.704  7.884  36.486 0.0000000000
114653  -12.977  7.763  36.318 0.0000000000
114654  -14.143  7.994  36.492 0.0000000000
114655  -15.101  8.193  36.774 0.0000000000
114656  -15.735  7.966  36.842 0.0000000000
114668  -15.601  8.626  36.706 0.0000000000
114669  -16.069  8.413  36.662 0.0000000000
114670  -16.422  8.535  36.347 0.0000000000
114684  -16.621  8.583  36.027 0.0000000000
114693  -16.532  8.631  35.615 0.0000000000
114703  -16.467  8.179  35.089 0.0000000000
114704  -16.470  8.694  35.217 0.0000000000
114708  -14.792  8.588  34.098 0.0000000000
114709  -15.417  8.861  34.182 0.0000000000
114710  -16.074  8.781  34.557 0.0000000000
114711  -16.437  8.726  34.918 0.0000000000
114712  -16.513  9.245  35.009 0.0000000000
114717  -6.903  9.245  33.935 0.0000000000
114718  -7.735  9.028  34.491 0.0000000000
114719  -9.111  8.942  34.190 0.0000000000
114720  -10.619  8.944  34.092 0.0000000000
114721  -12.054  8.982  34.197 0.0000000000
114722  -13.310  8.954  33.956 0.0000000000
114723  -14.392  8.907  33.955 0.0000000000
114724  -14.996  8.984  34.012 0.0000000000
114729  -6.215  8.894  33.085 0.0000000000
114733  -6.124  8.616  32.065 0.0000000000
115505  -9.491  8.498  36.635 0.0000000000
115506  -10.723  8.694  36.614 0.0000000000
115507  -11.977  8.817  36.553 0.0000000000
115508  -13.183  8.921  36.378 0.0000000000
115509  -14.267  9.074  36.392 0.0000000000
115510  -15.111  9.209  36.526 0.0000000000
115521  -15.722  9.310  36.522 0.0000000000
115522  -16.177  9.401  36.345 0.0000000000
115523  -16.455  9.439  36.070 0.0000000000
115538  -16.487  9.500  35.694 0.0000000000
115545  -16.510  9.650  35.321 0.0000000000
115555  -16.659  9.893  35.002 0.0000000000
115562  -15.633  9.541  34.116 0.0000000000
115563  -15.987  9.798  34.268 0.0000000000
115564  -16.395  9.689  34.610 0.0000000000
115565  -16.570  9.623  34.870 0.0000000000
115570  -6.946  10.602  34.204 0.0000000000
115571  -7.544  10.235  34.560 0.0000000000
115572  -8.548  10.015  34.591 0.0000000000
115573  -9.985  9.891  34.182 0.0000000000
115574  -11.473  9.865  34.086 0.0000000000
115575  -12.838  9.825  33.793 0.0000000000
115576  -14.066  9.776  33.777 0.0000000000
115577  -15.165  9.649  33.966 0.0000000000
115578  -15.713  9.893  34.094 0.0000000000
115584  -6.506  10.103  33.439 0.0000000000
115589  -6.145  9.689  32.585 0.0000000000
115590  -6.341  9.448  31.644 0.0000000000
116320  -9.594  9.439  36.473 0.0000000000
116321  -10.942  9.683  36.664 0.0000000000
116322  -12.226  9.843  36.590 0.0000000000
116323  -13.383  9.974  36.395 0.0000000000
116324  -14.465  10.117  36.338 0.0000000000
116325  -15.243  9.893  36.363 0.0000000000
116338  -15.056  10.531  36.313 0.0000000000
116339  -15.728  10.298  36.299 0.0000000000
116340  -16.280  10.408  36.070 0.0000000000
116341  -16.432  10.145  35.807 0.0000000000
116355  -16.444  10.790  35.800 0.0000000000
116356  -16.496  10.517  35.508 0.0000000000
116364  -16.628  10.645  35.159 0.0000000000
116375  -16.703  10.845  34.924 0.0000000000
116385  -16.117  10.350  34.164 0.0000000000
116386  -16.293  10.666  34.291 0.0000000000
116387  -16.599  10.570  34.694 0.0000000000
116391  -6.883  11.365  34.418 0.0000000000
116392  -7.346  11.224  34.641 0.0000000000
116393  -8.163  11.008  34.840 0.0000000000
116394  -9.365  10.825  34.321 0.0000000000
116395  -10.862  10.747  33.915 0.0000000000
116396  -12.306  10.742  33.720 0.0000000000
116397  -13.629  10.719  33.582 0.0000000000
116398  -14.819  10.671  33.639 0.0000000000
116399  -15.845  10.599  33.951 0.0000000000
116400  -16.213  11.102  34.055 0.0000000000
116404  -6.605  11.098  33.830 0.0000000000
116408  -6.199  10.911  32.804 0.0000000000
116409  -6.196  10.140  32.127 0.0000000000
116414  -6.082  11.208  32.103 0.0000000000
116415  -6.154  10.480  31.551 0.0000000000
117129  -9.884  10.472  36.324 0.0000000000
117130  -11.244  10.711  36.611 0.0000000000
117131  -12.486  10.841  36.421 0.0000000000
117132  -13.571  10.954  36.149 0.0000000000
117133  -14.492  11.080  36.173 0.0000000000
117148  -15.231  11.180  36.202 0.0000000000
117149  -15.893  11.272  36.137 0.0000000000
117150  -16.309  11.387  35.930 0.0000000000
117162  -16.444  11.421  35.623 0.0000000000
117163  -16.610  11.440  35.318 0.0000000000
117170  -16.753  11.542  35.018 0.0000000000
117178  -16.630  11.602  34.726 0.0000000000
117189  -16.261  11.493  34.190 0.0000000000
117190  -16.389  11.734  34.390 0.0000000000
117196  -6.671  11.762  34.307 0.0000000000
117197  -7.027  11.888  34.799 0.0000000000
117198  -7.729  11.882  34.941 0.0000000000
117199  -8.802  11.757  34.477 0.0000000000
117200  -10.249  11.642  33.684 0.0000000000
117201  -11.740  11.640  33.538 0.0000000000
117202  -13.111  11.681  33.520 0.0000000000
117203  -14.350  11.693  33.550 0.0000000000
117204  -15.371  11.687  33.763 0.0000000000
117205  -16.012  11.665  34.002 0.0000000000
117210  -6.445  11.704  33.702 0.0000000000
117215  -6.267  11.915  33.156 0.0000000000
117219  -6.064  11.823  32.466 0.0000000000
117220  -5.955  11.593  31.671 0.0000000000
117918  -10.338  11.506  36.173 0.0000000000
117919  -11.608  11.720  36.545 0.0000000000
117920  -12.794  11.795  36.160 0.0000000000
117921  -13.852  11.899  35.869 0.0000000000
117922  -14.663  11.708  35.960 0.0000000000
117935  -14.486  12.268  35.864 0.0000000000
117936  -15.208  12.060  35.930 0.0000000000
117937  -15.914  12.173  35.921 0.0000000000
117938  -16.280  12.182  35.715 0.0000000000
117949  -16.461  12.220  35.457 0.0000000000
117950  -16.600  12.325  35.144 0.0000000000
117958  -16.536  12.412  34.826 0.0000000000
117966  -16.270  12.598  34.523 0.0000000000
117979  -16.088  12.344  34.209 0.0000000000
117980  -16.023  12.963  34.334 0.0000000000
117990  -6.505  12.060  34.178 0.0000000000
117991  -6.756  12.294  34.547 0.0000000000
117992  -7.282  12.560  34.921 0.0000000000
117993  -8.218  12.647  34.631 0.0000000000
117994  -9.681  12.643  33.677 0.0000000000
117995  -11.174  12.520  33.397 0.0000000000
117996  -12.544  12.621  33.415 0.0000000000
117997  -13.828  12.711  33.528 0.0000000000
117998  -14.886  12.772  33.818 0.0000000000
117999  -15.667  12.844  34.045 0.0000000000
118003  -6.413  12.455  33.888 0.0000000000
118004  -6.900  13.027  34.427 0.0000000000
118005  -7.657  13.393  34.645 0.0000000000
118006  -8.783  13.499  34.159 0.0000000000
118007  -9.918  13.554  33.539 0.0000000000
118012  -5.972  12.653  33.077 0.0000000000
118016  -5.759  12.561  32.114 0.0000000000
118640  -10.820  12.481  36.099 0.0000000000
118641  -11.990  12.661  36.377 0.0000000000
118642  -13.060  12.701  35.899 0.0000000000
118643  -13.979  12.854  35.953 0.0000000000
118654  -14.692  12.797  35.935 0.0000000000
118655  -15.275  12.979  35.876 0.0000000000
118656  -15.909  13.098  35.710 0.0000000000
118657  -16.282  12.826  35.561 0.0000000000
118665  -16.090  13.479  35.466 0.0000000000
118666  -16.320  13.211  35.259 0.0000000000
118667  -16.381  13.219  34.929 0.0000000000
118676  -16.177  13.344  34.615 0.0000000000
118683  -15.987  13.688  34.388 0.0000000000
118692  -15.872  13.461  34.197 0.0000000000
118693  -15.916  14.053  34.202 0.0000000000
118706  -10.746  13.255  33.366 0.0000000000
118707  -11.873  13.448  33.298 0.0000000000
118708  -13.270  13.750  33.382 0.0000000000
118709  -14.478  13.776  33.531 0.0000000000
118710  -15.321  13.899  33.795 0.0000000000
118711  -15.752  14.108  33.984 0.0000000000
118716  -6.378  13.444  33.647 0.0000000000
118717  -7.059  14.029  34.158 0.0000000000
118718  -8.137  14.239  34.132 0.0000000000
118719  -9.419  14.265  33.644 0.0000000000
118720  -10.899  14.173  33.325 0.0000000000
118721  -12.354  14.419  33.228 0.0000000000
118722  -13.350  14.684  33.307 0.0000000000
118727  -5.763  13.613  32.759 0.0000000000
119340  -11.266  13.372  35.931 0.0000000000
119341  -12.377  13.469  35.878 0.0000000000
119342  -13.308  13.613  35.831 0.0000000000
119351  -14.345  13.719  35.921 0.0000000000
119352  -15.193  13.930  35.719 0.0000000000
119353  -15.748  14.110  35.536 0.0000000000
119355  -16.046  14.252  35.267 0.0000000000
119356  -16.208  14.340  34.910 0.0000000000
119357  -16.162  13.828  34.719 0.0000000000
119365  -16.265  14.979  34.672 0.0000000000
119366  -16.148  14.510  34.484 0.0000000000
119375  -16.148  14.779  34.141 0.0000000000
119382  -15.957  14.465  34.006 0.0000000000
119383  -16.153  14.976  33.925 0.0000000000
119396  -14.129  14.615  33.433 0.0000000000
119397  -14.986  14.962  33.544 0.0000000000
119398  -15.634  14.901  33.668 0.0000000000
119399  -15.931  14.999  33.774 0.0000000000
119400  -16.084  15.172  33.794 0.0000000000
119410  -6.351  14.808  33.340 0.0000000000
119411  -7.486  14.978  33.787 0.0000000000
119412  -8.723  15.007  33.551 0.0000000000
119413  -10.127  15.041  33.192 0.0000000000
119414  -11.590  15.154  33.001 0.0000000000
119415  -12.896  15.304  33.134 0.0000000000
119416  -13.904  15.300  33.331 0.0000000000
119417  -14.484  15.187  33.413 0.0000000000
119423  -5.623  14.642  32.197 0.0000000000
120020  -11.723  14.167  35.598 0.0000000000
120021  -12.617  14.184  35.721 0.0000000000
120033  -12.154  14.958  35.600 0.0000000000
120034  -13.305  14.779  35.983 0.0000000000
120035  -14.441  14.943  35.869 0.0000000000
120036  -15.236  14.713  35.615 0.0000000000
120043  -14.986  15.395  35.598 0.0000000000
120044  -15.640  15.157  35.399 0.0000000000
120045  -16.077  15.236  35.070 0.0000000000
120049  -16.234  15.421  34.765 0.0000000000
120050  -16.304  15.563  34.457 0.0000000000
120059  -16.307  15.640  34.152 0.0000000000
120068  -16.190  15.942  33.845 0.0000000000
120079  -15.188  15.619  33.273 0.0000000000
120080  -15.470  15.705  33.369 0.0000000000
120081  -15.783  15.678  33.531 0.0000000000
120082  -15.990  15.739  33.682 0.0000000000
120093  -6.513  15.656  33.132 0.0000000000
120094  -6.987  15.775  33.404 0.0000000000
120095  -7.991  15.711  33.427 0.0000000000
120096  -9.266  15.761  33.016 0.0000000000
120097  -10.730  15.909  32.687 0.0000000000
120098  -12.304  16.163  32.638 0.0000000000
120099  -13.630  16.073  33.024 0.0000000000
120100  -14.723  15.817  33.176 0.0000000000
120101  -15.260  15.937  33.171 0.0000000000
120106  -6.118  15.939  32.680 0.0000000000
120107  -6.643  16.041  33.101 0.0000000000
120113  -5.469  15.700  31.509 0.0000000000
120693  -12.542  15.911  35.970 0.0000000000
120694  -13.508  15.906  36.024 0.0000000000
120695  -14.377  16.023  35.715 0.0000000000
120709  -15.092  16.115  35.403 0.0000000000
120710  -15.728  16.170  35.077 0.0000000000
120711  -16.111  15.957  34.863 0.0000000000
120717  -15.921  16.555  34.695 0.0000000000
120718  -16.164  16.374  34.507 0.0000000000
120719  -16.266  16.429  34.187 0.0000000000
120726  -16.227  16.599  33.962 0.0000000000
120736  -15.977  16.986  33.738 0.0000000000
120748  -15.613  16.158  33.367 0.0000000000
120749  -15.633  16.623  33.433 0.0000000000
120750  -15.727  16.964  33.593 0.0000000000
120762  -7.502  16.168  33.279 0.0000000000
120763  -8.314  16.383  33.063 0.0000000000
120764  -9.702  16.597  32.638 0.0000000000
120765  -11.224  16.925  32.399 0.0000000000
120766  -12.430  17.075  32.515 0.0000000000
120767  -13.339  16.943  32.701 0.0000000000
120768  -14.374  16.834  32.918 0.0000000000
120769  -15.287  16.657  33.170 0.0000000000
120770  -15.518  17.386  33.266 0.0000000000
120776  -6.261  16.855  32.604 0.0000000000
120777  -7.042  16.743  33.085 0.0000000000
120778  -8.603  17.190  32.677 0.0000000000
120779  -10.027  17.447  32.317 0.0000000000
120780  -11.110  17.716  32.181 0.0000000000
120787  -5.724  16.856  32.010 0.0000000000
120793  -5.413  16.803  30.761 0.0000000000
121384  -15.860  17.294  34.397 0.0000000000
121385  -16.010  17.440  34.120 0.0000000000
121386  -16.155  17.006  34.022 0.0000000000
121389  -15.904  18.075  33.940 0.0000000000
121390  -15.879  17.651  33.858 0.0000000000
121396  -15.752  17.800  33.593 0.0000000000
121406  -15.583  17.830  33.235 0.0000000000
121407  -15.704  17.852  33.416 0.0000000000
121418  -12.072  17.682  32.399 0.0000000000
121419  -13.050  17.659  32.506 0.0000000000
121420  -14.007  17.850  32.647 0.0000000000
121421  -14.882  17.692  32.936 0.0000000000
121422  -15.418  17.817  33.108 0.0000000000
121423  -15.574  18.011  33.082 0.0000000000
121430  -6.407  17.787  32.425 0.0000000000
121431  -7.649  17.874  32.626 0.0000000000
121432  -9.036  18.062  32.321 0.0000000000
121433  -10.404  18.255  32.025 0.0000000000
121434  -11.671  18.375  32.171 0.0000000000
121435  -12.780  18.297  32.420 0.0000000000
121436  -13.447  18.141  32.509 0.0000000000
121442  -5.699  17.843  31.460 0.0000000000
121448  -5.501  17.853  30.347 0.0000000000
122082  -15.667  18.560  33.185 0.0000000000
122091  -14.170  18.359  32.645 0.0000000000
122092  -14.562  18.480  32.731 0.0000000000
122093  -15.200  18.567  32.947 0.0000000000
122094  -15.540  18.728  33.060 0.0000000000
122101  -6.586  18.358  32.198 0.0000000000
122102  -7.094  18.536  32.258 0.0000000000
122103  -8.200  18.665  32.254 0.0000000000
122104  -9.494  18.889  32.003 0.0000000000
122105  -10.989  19.223  31.944 0.0000000000
122106  -12.470  19.138  32.265 0.0000000000
122107  -13.804  18.789  32.555 0.0000000000
122108  -14.513  19.071  32.691 0.0000000000
122114  -6.458  18.724  31.808 0.0000000000
122115  -7.082  19.036  31.995 0.0000000000
122120  -5.721  18.831  30.837 0.0000000000
122869  -14.909  19.134  32.787 0.0000000000
122880  -7.629  19.084  32.036 0.0000000000
122881  -8.555  19.406  31.942 0.0000000000
122882  -9.815  19.740  31.825 0.0000000000
122883  -10.864  20.106  31.843 0.0000000000
122897  -6.227  19.608  31.376 0.0000000000
122898  -7.394  19.721  31.721 0.0000000000
122899  -8.850  20.263  31.745 0.0000000000
122900  -10.125  20.578  31.691 0.0000000000
122905  -5.702  19.906  30.733 0.0000000000
123619  -6.561  20.700  31.392 0.0000000000
123620  -7.945  20.957  31.692 0.0000000000
123621  -9.328  21.181  31.589 0.0000000000
124277  -6.516  21.656  31.053 0.0000000000
124278  -7.453  21.735  31.371 0.0000000000
