#!ascii label  , from subject subject001 vox2ras=TkReg
748
139075  -32.338  43.556  29.252 0.0000000000
139084  -32.958  43.183  28.153 0.0000000000
139085  -33.853  43.974  28.198 0.0000000000
139086  -34.174  44.494  28.330 0.0000000000
139093  -33.185  43.211  26.470 0.0000000000
139094  -33.925  43.782  27.194 0.0000000000
139095  -34.350  44.471  27.735 0.0000000000
139102  -33.203  43.248  25.728 0.0000000000
139103  -34.104  43.907  25.703 0.0000000000
139104  -34.463  44.456  26.825 0.0000000000
139114  -34.268  44.436  24.263 0.0000000000
139622  -33.527  45.336  30.034 0.0000000000
139623  -34.159  45.793  30.080 0.0000000000
139624  -34.485  46.119  29.948 0.0000000000
139633  -31.576  44.205  29.614 0.0000000000
139634  -33.029  44.266  29.622 0.0000000000
139635  -33.974  45.094  29.479 0.0000000000
139636  -34.452  45.834  29.479 0.0000000000
139645  -33.503  43.851  28.789 0.0000000000
139646  -33.904  44.417  28.865 0.0000000000
139647  -34.506  45.195  28.525 0.0000000000
139656  -34.768  45.191  27.308 0.0000000000
139663  -32.661  46.936  23.522 0.0000000000
139664  -33.859  46.433  24.046 0.0000000000
139665  -34.726  45.386  24.883 0.0000000000
139666  -34.737  45.132  26.186 0.0000000000
139678  -34.301  45.617  23.931 0.0000000000
140132  -29.155  45.822  29.733 0.0000000000
140133  -30.731  46.037  30.288 0.0000000000
140134  -32.215  46.127  30.726 0.0000000000
140135  -33.523  46.204  30.618 0.0000000000
140136  -34.359  46.528  30.254 0.0000000000
140137  -34.668  46.479  29.707 0.0000000000
140142  -30.500  45.029  29.886 0.0000000000
140143  -31.814  45.051  30.251 0.0000000000
140144  -32.839  45.371  30.279 0.0000000000
140145  -35.072  46.822  28.387 0.0000000000
140146  -34.891  46.290  28.973 0.0000000000
140153  -33.361  48.086  25.541 0.0000000000
140154  -34.477  47.644  26.208 0.0000000000
140155  -35.044  47.000  27.288 0.0000000000
140156  -34.989  46.057  27.876 0.0000000000
140163  -30.602  47.774  24.087 0.0000000000
140164  -32.079  47.883  24.669 0.0000000000
140165  -33.772  47.437  25.179 0.0000000000
140166  -34.752  46.773  25.982 0.0000000000
140167  -35.016  46.011  26.713 0.0000000000
140176  -31.162  47.137  23.739 0.0000000000
140177  -33.042  47.223  24.211 0.0000000000
140178  -34.325  46.590  24.923 0.0000000000
140179  -34.922  45.963  25.704 0.0000000000
140611  -27.132  47.174  29.833 0.0000000000
140612  -28.208  46.999  29.829 0.0000000000
140613  -29.583  47.080  30.351 0.0000000000
140614  -31.253  47.214  30.987 0.0000000000
140615  -32.831  47.288  31.230 0.0000000000
140616  -34.032  47.402  30.899 0.0000000000
140617  -34.773  47.444  29.930 0.0000000000
140618  -34.857  46.783  29.455 0.0000000000
140622  -34.625  48.701  27.552 0.0000000000
140623  -34.988  47.838  28.555 0.0000000000
140624  -34.997  47.008  29.097 0.0000000000
140633  -31.340  48.892  25.225 0.0000000000
140634  -32.324  48.655  25.632 0.0000000000
140635  -33.963  48.424  26.410 0.0000000000
140636  -34.893  47.933  27.188 0.0000000000
140646  -30.648  48.450  24.390 0.0000000000
140647  -31.186  48.326  24.796 0.0000000000
141100  -27.029  48.639  30.670 0.0000000000
141101  -28.857  49.557  31.552 0.0000000000
141102  -30.819  50.030  32.066 0.0000000000
141103  -32.677  49.852  32.102 0.0000000000
141104  -33.944  49.836  31.709 0.0000000000
141105  -34.626  49.936  30.987 0.0000000000
141106  -34.785  50.105  30.457 0.0000000000
141112  -27.621  47.657  30.157 0.0000000000
141113  -28.496  48.051  30.528 0.0000000000
141114  -30.137  48.388  31.310 0.0000000000
141115  -31.927  48.544  31.654 0.0000000000
141116  -33.442  48.562  31.610 0.0000000000
141117  -34.398  48.710  30.940 0.0000000000
141118  -34.856  49.167  29.915 0.0000000000
141126  -33.171  50.035  27.070 0.0000000000
141127  -34.325  49.615  27.796 0.0000000000
141128  -34.778  49.017  28.639 0.0000000000
141137  -31.623  49.637  25.523 0.0000000000
141138  -32.206  49.455  26.043 0.0000000000
141139  -33.403  49.189  26.735 0.0000000000
141149  -31.175  49.373  24.642 0.0000000000
141159  -30.739  49.103  23.592 0.0000000000
141568  -26.452  51.233  32.180 0.0000000000
141576  -26.271  49.666  31.325 0.0000000000
141577  -27.381  50.857  31.975 0.0000000000
141578  -29.303  51.117  32.271 0.0000000000
141579  -30.652  51.402  32.333 0.0000000000
141580  -31.963  51.156  32.345 0.0000000000
141581  -33.350  51.050  32.129 0.0000000000
141582  -34.261  50.978  31.509 0.0000000000
141583  -34.665  50.872  30.714 0.0000000000
141594  -34.535  51.080  29.202 0.0000000000
141595  -34.854  50.485  29.981 0.0000000000
141605  -33.422  50.927  27.381 0.0000000000
141606  -34.119  50.588  28.123 0.0000000000
141607  -34.675  49.972  29.007 0.0000000000
141616  -31.739  50.020  25.671 0.0000000000
141617  -32.310  50.469  26.171 0.0000000000
141624  -31.687  50.167  25.151 0.0000000000
141625  -32.307  51.279  24.844 0.0000000000
141633  -31.718  50.721  23.632 0.0000000000
141634  -32.315  51.698  24.027 0.0000000000
142040  -26.996  52.047  32.384 0.0000000000
142041  -27.269  52.693  32.294 0.0000000000
142051  -27.492  51.818  32.397 0.0000000000
142052  -28.068  52.381  32.019 0.0000000000
142053  -29.793  52.204  32.012 0.0000000000
142054  -31.278  52.358  32.010 0.0000000000
142055  -32.722  52.185  32.122 0.0000000000
142056  -33.879  52.215  31.745 0.0000000000
142057  -34.559  51.906  31.052 0.0000000000
142066  -28.260  53.462  30.402 0.0000000000
142067  -29.099  53.178  31.153 0.0000000000
142068  -30.126  53.141  31.353 0.0000000000
142069  -34.555  51.796  29.276 0.0000000000
142070  -34.755  51.794  30.049 0.0000000000
142075  -27.196  52.860  28.037 0.0000000000
142076  -27.741  53.073  28.629 0.0000000000
142077  -28.713  53.263  29.373 0.0000000000
142078  -29.457  53.324  30.345 0.0000000000
142079  -33.616  51.415  27.557 0.0000000000
142080  -34.058  51.893  28.276 0.0000000000
142081  -34.643  52.334  29.335 0.0000000000
142087  -27.443  52.859  28.022 0.0000000000
142088  -28.031  53.067  28.337 0.0000000000
142089  -28.479  53.121  28.614 0.0000000000
142090  -33.361  51.511  27.028 0.0000000000
142091  -33.778  52.706  26.953 0.0000000000
142096  -32.966  51.939  25.899 0.0000000000
142097  -33.368  53.155  25.804 0.0000000000
142103  -32.010  52.119  23.521 0.0000000000
142104  -32.683  52.610  24.687 0.0000000000
142105  -33.032  53.446  25.256 0.0000000000
142113  -31.131  51.638  22.285 0.0000000000
142465  -25.978  52.665  32.529 0.0000000000
142466  -26.413  53.308  32.507 0.0000000000
142476  -26.368  52.369  32.385 0.0000000000
142477  -26.770  53.046  32.415 0.0000000000
142478  -27.312  53.228  32.026 0.0000000000
142485  -27.659  53.463  31.423 0.0000000000
142486  -32.243  53.006  31.740 0.0000000000
142487  -33.207  53.103  31.681 0.0000000000
142488  -33.923  53.192  31.239 0.0000000000
142489  -34.324  52.737  31.093 0.0000000000
142495  -25.651  53.235  28.225 0.0000000000
142496  -26.309  53.360  28.547 0.0000000000
142497  -27.104  53.643  29.276 0.0000000000
142498  -27.645  53.785  30.322 0.0000000000
142499  -31.254  53.462  31.263 0.0000000000
142500  -32.530  53.887  31.106 0.0000000000
142501  -33.496  53.739  31.108 0.0000000000
142502  -34.598  52.652  30.539 0.0000000000
142505  -25.378  53.248  27.959 0.0000000000
142506  -25.890  53.138  27.903 0.0000000000
142507  -26.932  53.084  28.360 0.0000000000
142508  -27.622  53.418  29.272 0.0000000000
142509  -28.859  53.417  28.908 0.0000000000
142510  -29.927  53.765  29.962 0.0000000000
142511  -31.409  54.143  30.532 0.0000000000
142512  -34.730  52.958  28.963 0.0000000000
142513  -34.769  53.006  29.783 0.0000000000
142515  -25.987  53.243  27.675 0.0000000000
142516  -26.740  53.145  27.860 0.0000000000
142517  -27.658  53.172  27.935 0.0000000000
142518  -28.481  53.397  28.418 0.0000000000
142519  -29.290  53.769  28.959 0.0000000000
142520  -34.455  53.603  28.146 0.0000000000
142521  -34.694  53.614  29.150 0.0000000000
142524  -33.876  54.033  26.782 0.0000000000
142527  -31.118  53.440  23.508 0.0000000000
142528  -32.009  53.394  24.042 0.0000000000
142529  -32.742  53.860  24.939 0.0000000000
142530  -33.328  54.115  25.705 0.0000000000
142533  -29.008  52.834  22.710 0.0000000000
142534  -30.290  52.756  22.789 0.0000000000
142535  -31.400  52.628  23.178 0.0000000000
142829  -25.890  54.102  32.916 0.0000000000
142839  -26.223  53.855  32.503 0.0000000000
142840  -26.593  53.596  32.296 0.0000000000
142847  -26.352  54.514  31.738 0.0000000000
142848  -26.789  54.081  31.630 0.0000000000
142849  -27.291  53.721  31.593 0.0000000000
142851  -24.647  53.785  28.832 0.0000000000
142852  -25.428  53.915  29.119 0.0000000000
142853  -26.188  54.231  29.523 0.0000000000
142854  -26.772  54.363  30.321 0.0000000000
142855  -27.345  54.070  31.021 0.0000000000
142856  -34.281  53.256  30.833 0.0000000000
142857  -34.431  53.013  30.739 0.0000000000
142859  -24.258  53.627  28.251 0.0000000000
142860  -25.112  53.431  28.342 0.0000000000
142861  -25.849  53.608  28.790 0.0000000000
142862  -26.627  53.990  29.378 0.0000000000
142863  -27.195  54.114  30.104 0.0000000000
142864  -33.367  54.364  30.546 0.0000000000
142865  -34.121  53.893  30.551 0.0000000000
142866  -34.539  53.338  30.405 0.0000000000
142869  -24.108  53.757  27.864 0.0000000000
142870  -24.957  53.554  27.704 0.0000000000
142871  -25.644  53.334  27.669 0.0000000000
142872  -30.991  54.551  29.994 0.0000000000
142873  -32.363  54.989  30.112 0.0000000000
142874  -33.860  54.984  29.528 0.0000000000
142875  -34.559  53.936  29.778 0.0000000000
142878  -25.113  53.838  27.331 0.0000000000
142879  -25.874  53.621  27.433 0.0000000000
142880  -27.141  53.799  27.730 0.0000000000
142881  -28.212  54.053  28.235 0.0000000000
142882  -29.196  54.367  28.822 0.0000000000
142883  -30.249  54.641  29.401 0.0000000000
142884  -31.326  55.213  29.738 0.0000000000
142885  -34.144  55.081  27.945 0.0000000000
142886  -34.467  54.318  28.943 0.0000000000
142889  -32.824  55.488  25.575 0.0000000000
142890  -33.559  55.260  26.378 0.0000000000
142893  -29.031  54.141  23.560 0.0000000000
142894  -30.109  54.079  23.778 0.0000000000
142895  -31.378  54.408  24.173 0.0000000000
142896  -32.282  54.768  24.793 0.0000000000
142897  -33.012  54.739  25.407 0.0000000000
142900  -28.475  53.569  22.892 0.0000000000
142901  -29.236  53.399  23.231 0.0000000000
143152  -25.404  55.210  33.298 0.0000000000
143157  -25.760  54.849  32.540 0.0000000000
143160  -22.266  55.779  30.759 0.0000000000
143161  -22.992  55.762  30.833 0.0000000000
143162  -23.975  55.683  30.895 0.0000000000
143163  -26.011  54.818  31.796 0.0000000000
143166  -22.268  55.283  30.234 0.0000000000
143167  -23.258  55.014  30.108 0.0000000000
143168  -24.665  55.183  30.404 0.0000000000
143169  -25.888  54.865  30.824 0.0000000000
143170  -26.382  54.547  30.544 0.0000000000
143173  -22.444  54.829  29.402 0.0000000000
143174  -23.701  54.216  29.116 0.0000000000
143175  -25.081  54.498  29.603 0.0000000000
143176  -25.913  54.496  29.887 0.0000000000
143177  -26.337  54.459  30.047 0.0000000000
143180  -22.625  54.586  28.527 0.0000000000
143181  -23.507  54.009  28.096 0.0000000000
143184  -22.979  54.700  27.849 0.0000000000
143185  -23.909  54.165  27.605 0.0000000000
143186  -24.601  54.047  27.319 0.0000000000
143187  -32.878  55.925  29.187 0.0000000000
143188  -33.417  55.993  28.457 0.0000000000
143191  -23.376  54.867  27.476 0.0000000000
143192  -24.114  54.736  27.270 0.0000000000
143193  -25.205  54.554  27.350 0.0000000000
143194  -26.522  54.724  27.882 0.0000000000
143195  -27.829  55.043  28.503 0.0000000000
143196  -29.042  55.470  28.917 0.0000000000
143197  -30.095  55.753  29.425 0.0000000000
143198  -31.087  55.847  29.452 0.0000000000
143199  -31.980  55.872  29.347 0.0000000000
143200  -33.451  56.186  27.396 0.0000000000
143204  -31.278  56.421  25.023 0.0000000000
143205  -31.964  56.092  25.288 0.0000000000
143206  -32.934  56.310  26.315 0.0000000000
143209  -28.577  54.886  23.384 0.0000000000
143210  -29.543  55.261  23.997 0.0000000000
143211  -30.861  55.611  24.572 0.0000000000
143212  -31.646  55.227  24.644 0.0000000000
143215  -27.901  54.457  22.508 0.0000000000
143468  -22.256  57.111  33.089 0.0000000000
143469  -23.387  56.737  32.833 0.0000000000
143470  -24.452  56.331  32.678 0.0000000000
143471  -25.202  55.689  32.562 0.0000000000
143474  -20.422  57.361  33.130 0.0000000000
143475  -21.104  56.946  32.341 0.0000000000
143476  -22.320  56.383  31.643 0.0000000000
143477  -23.766  56.231  31.705 0.0000000000
143478  -24.803  55.810  31.556 0.0000000000
143479  -25.550  55.351  31.793 0.0000000000
143482  -20.987  56.442  31.205 0.0000000000
143483  -21.595  55.884  30.579 0.0000000000
143484  -25.389  55.355  31.137 0.0000000000
143485  -25.728  55.101  31.366 0.0000000000
143488  -19.866  56.833  29.733 0.0000000000
143489  -20.420  56.376  30.097 0.0000000000
143490  -21.536  55.597  29.663 0.0000000000
143493  -20.155  56.681  29.441 0.0000000000
143494  -20.794  56.206  29.141 0.0000000000
143495  -21.764  55.403  28.885 0.0000000000
143498  -21.211  56.021  28.586 0.0000000000
143499  -22.000  55.559  28.281 0.0000000000
143500  -32.340  56.509  28.939 0.0000000000
143501  -32.759  56.541  28.624 0.0000000000
143504  -22.673  55.561  27.832 0.0000000000
143505  -23.510  55.622  27.524 0.0000000000
143506  -24.560  55.711  27.715 0.0000000000
143507  -25.962  55.826  28.274 0.0000000000
143508  -27.429  56.304  28.840 0.0000000000
143509  -28.838  56.802  29.224 0.0000000000
143510  -30.045  56.966  29.343 0.0000000000
143511  -31.034  56.778  29.187 0.0000000000
143512  -31.745  56.587  29.066 0.0000000000
143513  -32.901  56.675  28.043 0.0000000000
143517  -23.991  56.064  27.687 0.0000000000
143518  -24.276  56.138  27.820 0.0000000000
143519  -30.647  57.715  25.439 0.0000000000
143520  -31.277  57.292  25.527 0.0000000000
143521  -32.153  57.141  26.454 0.0000000000
143522  -32.636  56.824  27.298 0.0000000000
143526  -29.067  56.368  23.904 0.0000000000
143527  -30.322  56.914  24.669 0.0000000000
143528  -30.965  56.606  24.864 0.0000000000
143531  -27.618  56.920  22.566 0.0000000000
143532  -28.011  56.151  22.909 0.0000000000
143536  -27.295  56.417  21.967 0.0000000000
143537  -27.434  55.316  21.775 0.0000000000
143804  -18.428  57.728  34.267 0.0000000000
143809  -18.085  57.849  32.297 0.0000000000
143810  -18.651  57.698  32.875 0.0000000000
143811  -19.479  57.492  33.551 0.0000000000
143815  -17.908  58.055  31.669 0.0000000000
143816  -18.719  57.605  31.756 0.0000000000
143817  -19.820  57.216  32.131 0.0000000000
143818  -20.494  56.774  31.643 0.0000000000
143821  -17.751  58.314  31.266 0.0000000000
143822  -18.434  57.875  30.892 0.0000000000
143823  -19.388  57.163  31.026 0.0000000000
143824  -20.110  56.693  31.049 0.0000000000
143828  -18.926  57.963  30.246 0.0000000000
143829  -19.498  57.152  30.218 0.0000000000
143830  -19.811  56.748  30.528 0.0000000000
143834  -19.040  58.346  30.065 0.0000000000
143835  -19.659  57.570  29.606 0.0000000000
143836  -20.231  56.810  29.123 0.0000000000
143839  -19.975  57.949  29.386 0.0000000000
143840  -20.585  57.108  28.865 0.0000000000
143841  -21.290  56.287  28.429 0.0000000000
143842  -32.138  56.842  28.742 0.0000000000
143843  -32.389  56.737  28.664 0.0000000000
143846  -20.900  57.494  28.715 0.0000000000
143847  -21.602  56.788  28.422 0.0000000000
143848  -22.790  56.543  28.200 0.0000000000
143849  -24.628  56.410  28.224 0.0000000000
143850  -25.518  56.919  28.781 0.0000000000
143851  -26.980  57.443  29.234 0.0000000000
143852  -28.519  58.015  29.050 0.0000000000
143853  -30.115  58.249  28.358 0.0000000000
143854  -31.074  57.523  28.463 0.0000000000
143855  -31.849  57.137  28.559 0.0000000000
143856  -32.404  56.894  28.431 0.0000000000
143860  -23.637  56.510  28.163 0.0000000000
143861  -24.274  56.649  28.311 0.0000000000
143862  -24.885  57.063  28.678 0.0000000000
143863  -30.057  58.631  25.758 0.0000000000
143864  -30.631  58.413  26.468 0.0000000000
143865  -31.339  57.923  27.147 0.0000000000
143866  -31.970  57.419  27.671 0.0000000000
143867  -32.399  57.095  28.010 0.0000000000
143872  -28.737  58.284  24.046 0.0000000000
143873  -29.548  58.031  24.639 0.0000000000
143874  -30.290  58.001  25.338 0.0000000000
143878  -27.261  58.148  22.681 0.0000000000
143879  -27.986  57.795  23.137 0.0000000000
143880  -28.657  57.315  23.729 0.0000000000
143884  -25.649  57.842  21.605 0.0000000000
143885  -26.535  57.796  22.023 0.0000000000
143886  -27.265  57.340  22.283 0.0000000000
143890  -24.904  57.516  21.138 0.0000000000
143891  -26.004  57.066  21.104 0.0000000000
143892  -26.790  56.898  21.592 0.0000000000
144115  -16.759  58.570  34.170 0.0000000000
144116  -17.840  58.110  33.587 0.0000000000
144119  -15.991  59.314  33.498 0.0000000000
144120  -17.314  58.460  32.698 0.0000000000
144121  -17.989  57.957  32.826 0.0000000000
144125  -16.406  59.473  32.366 0.0000000000
144126  -17.324  58.758  31.743 0.0000000000
144129  -16.753  59.623  31.706 0.0000000000
144130  -17.522  59.151  31.213 0.0000000000
144131  -18.277  58.587  30.660 0.0000000000
144135  -17.937  59.739  30.922 0.0000000000
144136  -18.571  58.897  30.400 0.0000000000
144140  -18.394  60.170  30.756 0.0000000000
144141  -19.020  59.464  30.254 0.0000000000
144142  -19.662  58.655  29.819 0.0000000000
144145  -19.560  59.982  30.247 0.0000000000
144146  -20.259  59.105  29.756 0.0000000000
144147  -20.673  57.909  29.046 0.0000000000
144150  -20.809  59.993  30.038 0.0000000000
144151  -21.151  58.645  29.319 0.0000000000
144152  -22.377  57.994  29.184 0.0000000000
144153  -23.403  57.596  28.949 0.0000000000
144154  -25.461  58.701  29.464 0.0000000000
144155  -26.474  58.608  29.377 0.0000000000
144156  -27.952  59.071  28.846 0.0000000000
144157  -29.339  59.341  27.712 0.0000000000
144158  -30.127  58.914  27.377 0.0000000000
144162  -24.134  57.474  28.841 0.0000000000
144163  -24.782  57.633  29.012 0.0000000000
144164  -25.416  57.775  29.199 0.0000000000
144165  -29.537  59.311  25.796 0.0000000000
144166  -30.024  59.065  26.637 0.0000000000
144171  -28.345  59.221  24.101 0.0000000000
144172  -29.092  58.989  24.675 0.0000000000
144178  -25.632  59.470  22.672 0.0000000000
144179  -26.702  58.956  22.975 0.0000000000
144180  -27.592  58.775  23.306 0.0000000000
144186  -23.758  58.968  21.805 0.0000000000
144187  -24.837  58.473  21.865 0.0000000000
144188  -25.868  58.469  22.211 0.0000000000
144194  -22.496  59.200  20.895 0.0000000000
144195  -23.101  58.473  21.177 0.0000000000
144196  -23.911  57.967  21.258 0.0000000000
144442  -15.159  60.204  32.901 0.0000000000
144445  -14.475  61.044  32.419 0.0000000000
144446  -15.628  60.695  31.886 0.0000000000
144447  -16.572  60.284  31.451 0.0000000000
144450  -16.010  61.230  31.290 0.0000000000
144451  -16.939  61.040  31.179 0.0000000000
144454  -17.642  61.292  30.809 0.0000000000
144455  -18.387  61.321  30.689 0.0000000000
144458  -19.058  61.354  30.589 0.0000000000
144459  -19.756  61.320  30.406 0.0000000000
144463  -20.489  61.212  30.249 0.0000000000
144464  -21.315  60.754  30.077 0.0000000000
144465  -22.300  60.009  29.989 0.0000000000
144466  -23.578  59.436  29.678 0.0000000000
144467  -24.999  59.691  29.459 0.0000000000
144468  -26.232  59.932  29.116 0.0000000000
144469  -27.376  60.173  28.464 0.0000000000
144470  -28.402  60.020  27.701 0.0000000000
144474  -12.922  59.368  26.001 0.0000000000
144475  -15.031  59.666  25.560 0.0000000000
144476  -16.482  60.130  25.457 0.0000000000
144477  -24.158  58.472  29.371 0.0000000000
144478  -24.701  58.370  29.352 0.0000000000
144479  -28.106  60.832  27.058 0.0000000000
144480  -28.759  60.069  26.397 0.0000000000
144484  -11.670  58.998  25.628 0.0000000000
144485  -14.227  59.426  25.112 0.0000000000
144486  -16.193  59.457  24.765 0.0000000000
144487  -17.503  60.077  24.799 0.0000000000
144488  -27.137  61.298  24.921 0.0000000000
144489  -27.926  60.689  25.221 0.0000000000
144490  -28.777  59.700  25.210 0.0000000000
144493  -11.261  58.879  25.158 0.0000000000
144494  -13.389  59.359  24.866 0.0000000000
144495  -15.639  59.372  24.311 0.0000000000
144496  -17.346  59.547  23.988 0.0000000000
144497  -18.000  60.065  24.354 0.0000000000
144498  -24.759  61.532  22.920 0.0000000000
144499  -25.267  60.881  23.056 0.0000000000
144500  -26.714  60.659  23.842 0.0000000000
144501  -27.522  59.713  23.804 0.0000000000
144504  -15.070  59.509  24.069 0.0000000000
144505  -16.645  59.608  23.713 0.0000000000
144506  -17.363  59.623  23.501 0.0000000000
144507  -23.553  61.528  21.966 0.0000000000
144508  -23.952  60.696  22.276 0.0000000000
144509  -24.591  59.604  22.332 0.0000000000
144513  -22.783  60.545  21.409 0.0000000000
144514  -23.055  59.427  21.551 0.0000000000
144519  -21.875  60.810  19.883 0.0000000000
144520  -21.981  60.134  20.285 0.0000000000
144548  -7.503  58.514  17.322 0.0000000000
144549  -7.722  57.929  17.561 0.0000000000
144550  -8.685  57.139  17.792 0.0000000000
144565  -7.398  58.163  16.945 0.0000000000
144756  -14.501  61.381  31.809 0.0000000000
144758  -13.456  62.057  31.090 0.0000000000
144759  -14.736  61.964  30.923 0.0000000000
144760  -16.010  61.743  30.857 0.0000000000
144763  -12.907  62.551  28.616 0.0000000000
144764  -14.953  62.587  30.058 0.0000000000
144765  -16.219  62.366  30.120 0.0000000000
144766  -17.613  61.981  30.385 0.0000000000
144769  -12.911  62.156  28.016 0.0000000000
144770  -14.615  62.808  27.963 0.0000000000
144771  -16.091  62.975  28.748 0.0000000000
144772  -18.007  62.327  29.783 0.0000000000
144773  -19.157  62.126  30.183 0.0000000000
144776  -13.576  61.258  26.821 0.0000000000
144777  -15.782  62.542  27.350 0.0000000000
144778  -17.660  63.180  28.255 0.0000000000
144779  -19.636  62.738  29.404 0.0000000000
144780  -20.987  62.341  29.710 0.0000000000
144781  -22.025  61.829  29.553 0.0000000000
144782  -23.161  61.352  29.417 0.0000000000
144783  -24.482  61.220  29.122 0.0000000000
144784  -26.017  61.281  28.399 0.0000000000
144785  -26.710  60.664  28.455 0.0000000000
144786  -14.335  60.018  26.182 0.0000000000
144787  -15.441  61.082  26.154 0.0000000000
144788  -17.427  62.151  26.296 0.0000000000
144789  -19.165  63.416  27.638 0.0000000000
144790  -26.842  61.986  27.079 0.0000000000
144791  -27.137  61.128  27.677 0.0000000000
144792  -18.386  61.168  24.921 0.0000000000
144793  -19.289  62.963  26.039 0.0000000000
144794  -25.618  62.664  24.878 0.0000000000
144795  -26.302  62.282  25.229 0.0000000000
144796  -27.005  61.930  25.777 0.0000000000
144797  -27.566  61.499  26.586 0.0000000000
144800  -11.141  59.208  24.683 0.0000000000
144801  -12.153  59.332  24.840 0.0000000000
144802  -17.663  60.063  23.580 0.0000000000
144803  -18.179  60.817  24.213 0.0000000000
144804  -19.175  62.669  24.896 0.0000000000
144805  -24.501  62.911  23.374 0.0000000000
144806  -25.120  62.447  23.766 0.0000000000
144807  -25.995  61.818  24.232 0.0000000000
144808  -26.660  61.637  24.812 0.0000000000
144811  -11.056  59.916  24.148 0.0000000000
144812  -13.147  59.918  24.229 0.0000000000
144813  -15.752  60.060  23.478 0.0000000000
144814  -17.321  60.190  23.201 0.0000000000
144815  -18.173  61.552  23.779 0.0000000000
144816  -18.974  62.690  24.375 0.0000000000
144817  -24.090  62.542  22.544 0.0000000000
144818  -24.561  62.083  22.888 0.0000000000
144819  -9.843  60.135  22.683 0.0000000000
144820  -10.693  61.029  23.561 0.0000000000
144821  -12.309  61.423  23.939 0.0000000000
144822  -14.544  61.382  23.536 0.0000000000
144823  -16.531  61.341  23.089 0.0000000000
144824  -17.621  61.626  23.338 0.0000000000
144825  -22.786  62.671  21.216 0.0000000000
144826  -23.319  62.354  21.772 0.0000000000
144827  -9.913  59.556  21.577 0.0000000000
144830  -22.339  61.865  20.387 0.0000000000
144831  -22.435  61.393  21.030 0.0000000000
144832  -10.997  58.557  20.078 0.0000000000
144835  -22.172  61.683  19.261 0.0000000000
144837  -9.238  59.602  19.594 0.0000000000
144838  -10.442  58.779  19.856 0.0000000000
144848  -7.672  59.416  17.556 0.0000000000
144849  -7.913  59.564  17.995 0.0000000000
144850  -8.410  59.370  18.938 0.0000000000
144851  -9.886  58.342  19.262 0.0000000000
144853  -19.831  63.328  16.289 0.0000000000
144854  -20.200  63.150  16.245 0.0000000000
144865  -7.543  59.164  17.167 0.0000000000
144866  -7.622  58.799  17.644 0.0000000000
144867  -8.019  58.358  18.212 0.0000000000
144868  -9.205  57.751  18.614 0.0000000000
144870  -19.865  63.179  16.100 0.0000000000
144886  -9.084  60.473  15.523 0.0000000000
144887  -10.525  60.869  15.329 0.0000000000
144903  -11.365  60.901  14.629 0.0000000000
145060  -13.182  62.414  30.372 0.0000000000
145061  -14.151  62.695  30.001 0.0000000000
145064  -13.176  62.701  29.286 0.0000000000
145065  -14.564  62.950  29.396 0.0000000000
145066  -15.293  63.093  29.092 0.0000000000
145067  -13.580  62.821  28.735 0.0000000000
145068  -14.363  62.999  28.605 0.0000000000
145069  -15.112  63.086  28.612 0.0000000000
145070  -20.729  63.174  29.143 0.0000000000
145071  -21.671  63.364  28.822 0.0000000000
145072  -22.696  62.659  28.812 0.0000000000
145073  -23.745  62.510  28.417 0.0000000000
145074  -25.025  62.310  27.908 0.0000000000
145075  -25.993  62.291  27.302 0.0000000000
145076  -20.557  63.651  28.382 0.0000000000
145077  -21.529  64.122  27.702 0.0000000000
145078  -24.354  63.163  27.255 0.0000000000
145079  -25.369  62.800  26.664 0.0000000000
145080  -26.322  62.464  26.399 0.0000000000
145081  -20.496  63.964  27.019 0.0000000000
145082  -21.859  64.376  26.376 0.0000000000
145083  -23.092  64.208  25.606 0.0000000000
145084  -24.560  63.480  25.533 0.0000000000
145085  -25.794  62.703  25.760 0.0000000000
145086  -26.428  62.435  25.809 0.0000000000
145087  -20.550  64.028  25.582 0.0000000000
145088  -22.238  64.469  24.755 0.0000000000
145089  -23.787  63.759  23.905 0.0000000000
145090  -24.535  63.226  24.127 0.0000000000
145091  -19.253  64.226  24.123 0.0000000000
145092  -20.674  64.568  24.449 0.0000000000
145093  -22.647  64.459  23.033 0.0000000000
145094  -23.668  63.564  22.540 0.0000000000
145095  -10.464  62.416  22.849 0.0000000000
145096  -11.687  62.852  23.514 0.0000000000
145097  -13.451  63.154  23.525 0.0000000000
145098  -15.501  63.285  23.217 0.0000000000
145099  -17.214  63.447  23.595 0.0000000000
145100  -18.193  63.292  23.928 0.0000000000
145101  -22.698  64.054  21.296 0.0000000000
145102  -23.301  63.643  21.864 0.0000000000
145103  -9.621  61.199  21.828 0.0000000000
145104  -10.086  59.798  21.108 0.0000000000
145105  -22.337  63.589  19.932 0.0000000000
145106  -9.286  61.123  20.959 0.0000000000
145107  -10.062  59.767  20.859 0.0000000000
145108  -22.452  63.652  18.604 0.0000000000
145109  -8.671  62.244  19.515 0.0000000000
145110  -9.026  60.671  20.164 0.0000000000
145111  -9.930  59.742  20.432 0.0000000000
145112  -18.160  64.687  17.508 0.0000000000
145113  -19.547  64.427  17.510 0.0000000000
145114  -20.903  64.699  17.464 0.0000000000
145115  -21.749  64.434  17.522 0.0000000000
145116  -22.282  63.749  17.568 0.0000000000
145121  -7.963  60.179  17.502 0.0000000000
145122  -8.476  61.334  18.387 0.0000000000
145123  -8.439  60.726  19.383 0.0000000000
145124  -17.959  64.639  16.919 0.0000000000
145125  -19.355  63.750  16.683 0.0000000000
145126  -20.410  63.723  16.796 0.0000000000
145127  -21.462  63.790  16.897 0.0000000000
145128  -21.961  63.735  17.119 0.0000000000
145135  -7.986  60.037  16.813 0.0000000000
145136  -8.987  61.639  17.167 0.0000000000
145137  -10.072  62.522  16.783 0.0000000000
145138  -18.003  65.062  16.170 0.0000000000
145139  -19.093  63.934  16.334 0.0000000000
145147  -7.990  59.794  16.325 0.0000000000
145148  -8.639  60.528  16.311 0.0000000000
145149  -10.252  61.633  16.202 0.0000000000
145150  -11.811  61.844  15.186 0.0000000000
145151  -18.121  65.190  15.801 0.0000000000
145152  -19.037  64.443  15.707 0.0000000000
145156  -13.111  62.304  14.330 0.0000000000
145157  -13.895  63.653  14.098 0.0000000000
145160  -14.013  63.727  13.911 0.0000000000
145161  -14.559  64.608  13.952 0.0000000000
145273  -22.204  63.942  27.907 0.0000000000
145274  -22.628  63.430  28.197 0.0000000000
145275  -23.079  63.001  28.297 0.0000000000
145276  -22.397  64.273  27.136 0.0000000000
145277  -22.921  63.936  27.463 0.0000000000
145278  -23.368  63.299  27.750 0.0000000000
145279  -22.649  64.303  26.451 0.0000000000
145280  -23.233  64.120  26.564 0.0000000000
145281  -23.727  63.748  26.957 0.0000000000
145282  -19.892  65.129  23.148 0.0000000000
145283  -20.757  65.224  23.319 0.0000000000
145284  -21.794  65.168  23.315 0.0000000000
145285  -10.702  63.595  22.642 0.0000000000
145286  -11.408  64.055  22.981 0.0000000000
145287  -12.638  64.343  23.154 0.0000000000
145288  -14.517  64.996  22.885 0.0000000000
145289  -16.596  65.028  23.051 0.0000000000
145290  -18.722  65.258  23.061 0.0000000000
145291  -20.593  65.620  22.140 0.0000000000
145292  -21.971  65.308  22.328 0.0000000000
145293  -9.858  63.829  21.424 0.0000000000
145294  -10.180  63.440  22.083 0.0000000000
145295  -10.954  64.263  22.446 0.0000000000
145296  -14.904  65.914  22.233 0.0000000000
145297  -15.939  65.975  22.331 0.0000000000
145298  -17.511  65.930  22.285 0.0000000000
145299  -20.900  65.863  21.171 0.0000000000
145300  -21.832  65.415  20.772 0.0000000000
145301  -9.556  63.804  20.787 0.0000000000
145302  -9.384  62.734  21.355 0.0000000000
145303  -17.925  66.078  19.124 0.0000000000
145304  -19.318  66.125  19.014 0.0000000000
145305  -20.148  66.238  18.882 0.0000000000
145306  -21.851  65.522  18.734 0.0000000000
145307  -22.200  65.057  19.242 0.0000000000
145308  -9.412  63.774  19.848 0.0000000000
145309  -8.949  62.495  20.504 0.0000000000
145310  -15.773  65.808  18.235 0.0000000000
145311  -16.943  65.520  18.429 0.0000000000
145312  -18.684  65.416  18.286 0.0000000000
145313  -20.301  65.699  18.336 0.0000000000
145314  -21.396  65.452  18.202 0.0000000000
145315  -22.111  64.753  18.244 0.0000000000
145319  -9.608  63.780  18.596 0.0000000000
145320  -10.453  64.917  17.994 0.0000000000
145321  -15.239  66.348  17.381 0.0000000000
145322  -16.732  65.333  17.578 0.0000000000
145327  -9.241  62.738  17.852 0.0000000000
145328  -10.578  63.875  17.194 0.0000000000
145329  -11.666  64.826  16.227 0.0000000000
145330  -14.792  66.410  16.704 0.0000000000
145331  -16.247  65.886  16.493 0.0000000000
145335  -10.522  62.979  16.457 0.0000000000
145336  -11.397  63.617  15.867 0.0000000000
145337  -17.061  65.508  15.690 0.0000000000
145338  -18.042  65.270  15.531 0.0000000000
145339  -12.671  63.852  14.862 0.0000000000
145340  -13.783  64.171  14.356 0.0000000000
145341  -17.241  65.437  15.203 0.0000000000
145342  -18.347  65.230  15.159 0.0000000000
145343  -14.476  64.561  14.084 0.0000000000
145344  -14.849  64.998  14.073 0.0000000000
145416  -12.190  64.889  22.909 0.0000000000
145417  -13.070  65.395  22.609 0.0000000000
145418  -14.134  65.893  22.212 0.0000000000
145419  -19.748  65.929  21.990 0.0000000000
145420  -20.285  65.971  21.365 0.0000000000
145421  -10.368  64.298  21.589 0.0000000000
145422  -10.877  64.645  21.908 0.0000000000
145423  -11.871  65.273  22.264 0.0000000000
145424  -13.222  66.267  21.651 0.0000000000
145425  -14.970  66.243  21.393 0.0000000000
145426  -17.021  66.198  21.224 0.0000000000
145427  -19.108  66.137  21.249 0.0000000000
145428  -20.767  66.041  20.387 0.0000000000
145429  -21.576  65.653  19.648 0.0000000000
145430  -10.233  64.550  21.089 0.0000000000
145431  -12.696  66.736  20.087 0.0000000000
145432  -13.444  66.553  20.344 0.0000000000
145433  -16.074  66.251  19.783 0.0000000000
145434  -18.309  66.218  19.986 0.0000000000
145435  -20.006  66.213  19.575 0.0000000000
145436  -21.217  65.989  19.075 0.0000000000
145437  -21.816  65.694  19.127 0.0000000000
145438  -10.315  64.873  20.302 0.0000000000
145439  -11.074  65.781  19.715 0.0000000000
145440  -12.261  66.741  19.523 0.0000000000
145441  -14.228  66.494  18.587 0.0000000000
145442  -15.748  66.029  18.776 0.0000000000
145443  -20.620  66.143  18.851 0.0000000000
145444  -20.979  65.987  18.561 0.0000000000
145445  -10.219  64.849  19.383 0.0000000000
145446  -10.909  65.684  18.619 0.0000000000
145447  -12.226  66.713  17.902 0.0000000000
145448  -13.752  66.687  17.126 0.0000000000
145449  -11.217  65.591  17.671 0.0000000000
145450  -12.248  65.841  16.728 0.0000000000
145451  -14.194  66.357  16.011 0.0000000000
145452  -15.603  66.028  15.594 0.0000000000
145453  -12.774  65.247  15.498 0.0000000000
145454  -14.476  65.736  15.124 0.0000000000
145455  -15.996  65.686  15.054 0.0000000000
145456  -13.641  65.001  14.718 0.0000000000
145457  -14.832  65.321  14.417 0.0000000000
145458  -16.586  65.514  14.639 0.0000000000
145459  -17.745  65.437  14.607 0.0000000000
145460  -15.371  65.286  14.183 0.0000000000
145461  -16.295  65.467  14.195 0.0000000000
145515  -10.733  64.873  21.401 0.0000000000
145516  -11.405  65.373  21.415 0.0000000000
145517  -12.272  66.092  21.245 0.0000000000
145518  -12.855  66.636  20.882 0.0000000000
145519  -10.900  65.261  20.896 0.0000000000
145520  -11.698  65.901  20.738 0.0000000000
145521  -12.456  66.571  20.411 0.0000000000
145522  -12.899  66.709  20.597 0.0000000000
145523  -11.187  65.647  20.346 0.0000000000
145524  -11.789  66.372  20.136 0.0000000000
145525  -12.183  66.617  20.022 0.0000000000
