#!ascii label  , from subject subject001 vox2ras=TkReg
1204
64505  -11.002  -35.380  -22.477 0.0000000000
67013  -15.034  -35.552  -31.606 0.0000000000
67014  -15.132  -35.198  -32.879 0.0000000000
68058  -11.749  -34.821  -24.608 0.0000000000
68065  -11.556  -35.296  -25.851 0.0000000000
68066  -11.378  -34.897  -26.244 0.0000000000
68075  -10.709  -35.001  -26.826 0.0000000000
68089  -10.290  -34.765  -27.742 0.0000000000
68123  -14.645  -34.809  -30.011 0.0000000000
68134  -15.325  -34.852  -30.837 0.0000000000
68135  -15.768  -34.766  -31.829 0.0000000000
68143  -16.358  -34.677  -32.782 0.0000000000
68144  -17.260  -34.611  -33.506 0.0000000000
68145  -18.254  -34.510  -33.977 0.0000000000
69119  -11.788  -34.598  -25.157 0.0000000000
69120  -11.736  -34.326  -25.979 0.0000000000
69128  -11.047  -34.084  -27.223 0.0000000000
69140  -10.705  -33.759  -28.126 0.0000000000
69156  -11.266  -33.648  -29.017 0.0000000000
69157  -11.957  -33.453  -29.858 0.0000000000
69158  -12.986  -33.507  -30.021 0.0000000000
69171  -14.365  -33.857  -29.641 0.0000000000
69172  -15.313  -33.985  -30.173 0.0000000000
69181  -16.040  -34.113  -30.981 0.0000000000
69182  -16.779  -34.176  -31.711 0.0000000000
69183  -17.372  -33.706  -32.185 0.0000000000
69190  -17.238  -34.319  -32.558 0.0000000000
69191  -17.886  -33.823  -33.099 0.0000000000
69192  -18.741  -33.757  -33.923 0.0000000000
69193  -19.523  -34.066  -34.486 0.0000000000
70247  -12.439  -33.080  -24.990 0.0000000000
70257  -12.038  -33.320  -26.432 0.0000000000
70265  -11.470  -33.136  -27.556 0.0000000000
70279  -11.344  -32.826  -28.489 0.0000000000
70296  -11.704  -32.606  -29.274 0.0000000000
70297  -12.557  -32.640  -29.642 0.0000000000
70298  -13.727  -32.803  -29.739 0.0000000000
70314  -15.047  -33.077  -29.623 0.0000000000
70315  -16.123  -33.072  -30.456 0.0000000000
70316  -16.636  -32.526  -30.790 0.0000000000
70327  -16.554  -33.620  -31.095 0.0000000000
70328  -17.064  -33.046  -31.373 0.0000000000
70329  -17.729  -32.874  -32.480 0.0000000000
70339  -18.537  -32.898  -33.334 0.0000000000
70340  -19.232  -33.096  -34.211 0.0000000000
70341  -19.890  -33.454  -35.182 0.0000000000
70346  -20.191  -33.010  -35.817 0.0000000000
71415  -12.742  -32.412  -25.075 0.0000000000
71427  -12.549  -32.478  -25.719 0.0000000000
71442  -12.351  -32.529  -26.795 0.0000000000
71457  -12.086  -32.415  -27.793 0.0000000000
71471  -11.957  -32.138  -28.629 0.0000000000
71472  -12.427  -32.078  -28.886 0.0000000000
71473  -13.636  -32.037  -28.940 0.0000000000
71474  -14.688  -31.667  -29.002 0.0000000000
71487  -14.581  -32.349  -29.302 0.0000000000
71488  -15.466  -32.012  -29.645 0.0000000000
71489  -16.343  -31.946  -30.344 0.0000000000
71500  -16.851  -31.909  -31.133 0.0000000000
71501  -17.517  -31.928  -31.964 0.0000000000
71510  -18.300  -31.893  -32.910 0.0000000000
71511  -18.916  -32.042  -34.021 0.0000000000
71512  -19.256  -32.408  -35.151 0.0000000000
71517  -19.553  -32.537  -36.021 0.0000000000
71518  -20.231  -32.602  -36.467 0.0000000000
72578  -13.047  -31.922  -25.168 0.0000000000
72588  -12.883  -31.799  -26.055 0.0000000000
72589  -13.597  -31.107  -25.311 0.0000000000
72603  -12.713  -31.797  -27.033 0.0000000000
72604  -13.273  -31.169  -26.371 0.0000000000
72616  -12.667  -31.858  -27.918 0.0000000000
72617  -13.164  -31.193  -27.253 0.0000000000
72634  -12.487  -31.864  -28.493 0.0000000000
72635  -13.317  -31.402  -28.066 0.0000000000
72636  -14.260  -30.965  -28.451 0.0000000000
72637  -15.237  -30.938  -29.005 0.0000000000
72658  -16.000  -31.011  -29.744 0.0000000000
72659  -16.531  -30.961  -30.701 0.0000000000
72674  -17.120  -30.907  -31.650 0.0000000000
72675  -17.770  -30.868  -32.679 0.0000000000
72685  -18.236  -31.018  -33.935 0.0000000000
72686  -18.492  -31.294  -35.765 0.0000000000
72687  -18.948  -32.056  -36.124 0.0000000000
72692  -18.487  -30.930  -36.690 0.0000000000
72693  -19.210  -31.607  -36.719 0.0000000000
72694  -20.321  -31.854  -36.971 0.0000000000
73836  -13.758  -30.636  -25.869 0.0000000000
73837  -14.104  -30.021  -26.180 0.0000000000
73855  -13.529  -30.519  -26.680 0.0000000000
73856  -13.718  -29.804  -26.962 0.0000000000
73872  -13.544  -30.552  -27.323 0.0000000000
73873  -14.017  -30.091  -27.642 0.0000000000
73874  -14.801  -29.852  -28.416 0.0000000000
73897  -15.581  -29.982  -29.240 0.0000000000
73898  -16.139  -29.969  -30.213 0.0000000000
73926  -16.768  -29.894  -31.210 0.0000000000
73927  -17.403  -29.821  -32.314 0.0000000000
73941  -17.340  -29.905  -33.813 0.0000000000
73942  -17.593  -30.093  -35.243 0.0000000000
73949  -18.082  -30.226  -36.381 0.0000000000
73950  -18.834  -30.454  -36.949 0.0000000000
73951  -19.904  -30.875  -37.088 0.0000000000
73952  -22.436  -30.369  -35.639 0.0000000000
73974  -21.068  -31.276  -36.761 0.0000000000
75035  -14.281  -29.241  -26.558 0.0000000000
75056  -14.095  -29.268  -27.177 0.0000000000
75077  -14.550  -29.098  -27.733 0.0000000000
75078  -14.855  -29.158  -28.262 0.0000000000
75099  -14.891  -28.765  -28.170 0.0000000000
75100  -15.247  -29.021  -28.706 0.0000000000
75101  -15.741  -28.986  -29.685 0.0000000000
75133  -16.367  -28.937  -30.685 0.0000000000
75134  -16.998  -28.860  -31.807 0.0000000000
75157  -17.119  -28.838  -33.267 0.0000000000
75158  -17.158  -28.956  -34.651 0.0000000000
75164  -17.782  -29.131  -35.664 0.0000000000
75165  -18.471  -29.290  -36.512 0.0000000000
75166  -19.804  -29.694  -36.616 0.0000000000
75167  -21.454  -29.725  -35.859 0.0000000000
75168  -22.819  -29.544  -35.124 0.0000000000
75191  -20.689  -30.413  -36.792 0.0000000000
75192  -21.546  -30.585  -36.306 0.0000000000
76168  -15.478  -28.664  -25.630 0.0000000000
76174  -14.922  -28.803  -26.178 0.0000000000
76175  -15.307  -28.109  -26.367 0.0000000000
76185  -14.580  -28.557  -26.993 0.0000000000
76186  -15.126  -27.764  -27.180 0.0000000000
76201  -14.864  -28.326  -27.719 0.0000000000
76202  -15.219  -27.751  -28.043 0.0000000000
76213  -15.140  -28.370  -28.333 0.0000000000
76214  -15.515  -28.051  -28.965 0.0000000000
76215  -16.069  -28.017  -30.030 0.0000000000
76239  -16.736  -27.983  -31.081 0.0000000000
76240  -17.077  -27.940  -32.417 0.0000000000
76269  -17.208  -27.877  -33.805 0.0000000000
76270  -17.467  -28.076  -34.981 0.0000000000
76281  -18.137  -28.170  -35.736 0.0000000000
76282  -19.238  -28.466  -35.863 0.0000000000
76283  -20.818  -28.725  -35.323 0.0000000000
76284  -22.158  -28.746  -34.986 0.0000000000
76285  -23.419  -28.598  -34.680 0.0000000000
76301  -23.749  -27.947  -34.798 0.0000000000
76302  -24.312  -28.196  -34.885 0.0000000000
77355  -16.043  -27.844  -25.669 0.0000000000
77361  -15.771  -27.145  -26.528 0.0000000000
77362  -16.668  -27.121  -25.711 0.0000000000
77370  -15.516  -27.114  -27.489 0.0000000000
77380  -15.596  -27.164  -28.404 0.0000000000
77388  -15.851  -27.137  -29.342 0.0000000000
77389  -16.351  -27.058  -30.334 0.0000000000
77406  -17.069  -27.108  -31.373 0.0000000000
77407  -17.348  -27.120  -32.586 0.0000000000
77434  -17.605  -27.134  -33.420 0.0000000000
77435  -17.582  -27.417  -34.218 0.0000000000
77449  -18.039  -27.431  -34.690 0.0000000000
77450  -18.951  -27.484  -35.033 0.0000000000
77451  -20.345  -27.813  -34.683 0.0000000000
77452  -21.666  -27.893  -34.526 0.0000000000
77453  -22.594  -28.071  -34.643 0.0000000000
77469  -22.449  -27.468  -34.657 0.0000000000
77470  -23.198  -27.607  -34.767 0.0000000000
77471  -23.955  -27.468  -35.137 0.0000000000
77472  -24.829  -27.541  -35.236 0.0000000000
78563  -15.944  -26.684  -26.652 0.0000000000
78564  -16.298  -26.414  -26.454 0.0000000000
78572  -15.815  -26.566  -26.993 0.0000000000
78573  -16.068  -25.901  -27.225 0.0000000000
78582  -15.738  -26.481  -27.827 0.0000000000
78583  -15.957  -25.827  -28.249 0.0000000000
78589  -15.816  -26.529  -28.668 0.0000000000
78590  -16.166  -26.129  -29.407 0.0000000000
78598  -16.713  -26.144  -30.543 0.0000000000
78599  -17.377  -26.225  -31.528 0.0000000000
78622  -18.005  -26.329  -32.427 0.0000000000
78623  -18.138  -26.722  -33.503 0.0000000000
78630  -19.007  -26.975  -33.706 0.0000000000
78631  -20.031  -26.933  -33.963 0.0000000000
78632  -21.150  -26.958  -34.313 0.0000000000
78633  -22.025  -26.926  -34.701 0.0000000000
78641  -22.677  -26.896  -34.924 0.0000000000
78642  -23.380  -26.780  -35.177 0.0000000000
78643  -24.244  -26.674  -35.313 0.0000000000
78644  -25.220  -26.632  -35.325 0.0000000000
78645  -26.277  -26.627  -35.297 0.0000000000
79727  -16.844  -25.425  -26.515 0.0000000000
79736  -16.346  -25.092  -27.622 0.0000000000
79746  -16.267  -25.132  -28.747 0.0000000000
79751  -16.558  -25.227  -29.780 0.0000000000
79760  -17.167  -25.273  -30.656 0.0000000000
79761  -17.939  -25.280  -31.627 0.0000000000
79762  -18.391  -24.792  -31.802 0.0000000000
79787  -18.252  -25.700  -32.166 0.0000000000
79788  -18.667  -25.398  -32.543 0.0000000000
79789  -19.353  -24.928  -32.906 0.0000000000
79799  -18.902  -26.281  -33.164 0.0000000000
79800  -19.629  -25.658  -33.459 0.0000000000
79801  -20.774  -25.906  -34.106 0.0000000000
79802  -21.841  -26.016  -34.721 0.0000000000
79803  -22.290  -25.626  -34.978 0.0000000000
79813  -22.303  -26.482  -34.905 0.0000000000
79814  -22.672  -26.115  -35.048 0.0000000000
79815  -23.538  -25.880  -35.175 0.0000000000
79816  -24.501  -25.719  -35.301 0.0000000000
79817  -25.547  -25.640  -35.269 0.0000000000
79818  -26.635  -25.600  -35.125 0.0000000000
80789  -17.075  -24.395  -27.124 0.0000000000
80801  -16.612  -24.357  -28.203 0.0000000000
80807  -16.617  -24.457  -29.155 0.0000000000
80819  -16.919  -24.430  -29.907 0.0000000000
80820  -17.502  -24.330  -30.629 0.0000000000
80821  -18.141  -24.237  -31.276 0.0000000000
80844  -18.701  -24.256  -31.833 0.0000000000
80845  -19.279  -24.326  -32.425 0.0000000000
80853  -19.858  -24.452  -33.072 0.0000000000
80854  -20.580  -24.761  -33.806 0.0000000000
80855  -21.428  -25.076  -34.442 0.0000000000
80856  -22.027  -25.284  -34.843 0.0000000000
80869  -22.677  -25.174  -34.925 0.0000000000
80870  -23.659  -24.831  -35.024 0.0000000000
80871  -24.739  -24.687  -35.123 0.0000000000
80872  -25.828  -24.618  -34.995 0.0000000000
80873  -26.913  -24.570  -34.751 0.0000000000
80874  -28.018  -24.498  -34.569 0.0000000000
81842  -17.093  -23.653  -27.920 0.0000000000
81843  -17.543  -22.941  -27.658 0.0000000000
81850  -16.855  -23.785  -28.832 0.0000000000
81851  -17.187  -23.021  -28.621 0.0000000000
81871  -16.884  -24.021  -29.404 0.0000000000
81872  -17.144  -23.440  -29.715 0.0000000000
81873  -17.752  -23.392  -30.639 0.0000000000
81896  -18.391  -23.384  -31.272 0.0000000000
81897  -19.000  -23.399  -31.929 0.0000000000
81902  -19.714  -23.495  -32.546 0.0000000000
81903  -20.480  -23.674  -33.279 0.0000000000
81904  -21.442  -24.014  -34.015 0.0000000000
81905  -22.018  -24.670  -34.612 0.0000000000
81918  -21.760  -23.326  -34.059 0.0000000000
81919  -22.550  -23.873  -34.562 0.0000000000
81920  -23.832  -23.725  -34.914 0.0000000000
81921  -24.974  -23.652  -34.997 0.0000000000
81922  -26.070  -23.614  -34.798 0.0000000000
81923  -27.143  -23.559  -34.477 0.0000000000
81924  -28.229  -23.464  -34.214 0.0000000000
83034  -17.954  -22.259  -27.401 0.0000000000
83054  -17.520  -22.166  -28.283 0.0000000000
83078  -17.288  -22.307  -29.308 0.0000000000
83079  -17.480  -22.509  -30.144 0.0000000000
83095  -17.984  -22.550  -30.754 0.0000000000
83096  -18.554  -22.506  -31.418 0.0000000000
83101  -19.239  -22.536  -32.131 0.0000000000
83102  -20.073  -22.624  -32.776 0.0000000000
83103  -21.064  -22.797  -33.530 0.0000000000
83126  -21.976  -22.666  -34.112 0.0000000000
83127  -22.956  -22.707  -34.635 0.0000000000
83128  -24.084  -22.685  -34.808 0.0000000000
83129  -25.189  -22.675  -34.942 0.0000000000
83130  -26.279  -22.642  -34.796 0.0000000000
83131  -27.346  -22.557  -34.425 0.0000000000
83132  -28.430  -22.439  -34.153 0.0000000000
83133  -29.482  -22.301  -33.922 0.0000000000
84250  -18.030  -21.261  -27.819 0.0000000000
84267  -17.492  -21.391  -28.971 0.0000000000
84281  -17.451  -21.549  -29.993 0.0000000000
84282  -17.672  -22.018  -30.420 0.0000000000
84295  -17.615  -21.135  -30.340 0.0000000000
84296  -17.940  -21.577  -30.795 0.0000000000
84297  -18.689  -21.635  -31.657 0.0000000000
84314  -19.406  -21.635  -32.391 0.0000000000
84315  -20.269  -21.655  -33.061 0.0000000000
84316  -21.234  -21.662  -33.658 0.0000000000
84341  -22.202  -21.662  -34.208 0.0000000000
84342  -23.184  -21.696  -34.651 0.0000000000
84343  -24.270  -21.728  -34.792 0.0000000000
84344  -25.340  -21.749  -34.985 0.0000000000
84345  -26.418  -21.682  -34.835 0.0000000000
84346  -27.526  -21.550  -34.594 0.0000000000
84347  -28.661  -21.448  -34.364 0.0000000000
84348  -29.728  -21.350  -34.108 0.0000000000
84349  -30.709  -21.230  -33.929 0.0000000000
85429  -18.388  -20.383  -28.166 0.0000000000
85430  -19.096  -19.745  -27.922 0.0000000000
85445  -17.863  -20.573  -28.809 0.0000000000
85446  -18.355  -19.830  -28.750 0.0000000000
85467  -17.589  -20.813  -29.651 0.0000000000
85468  -17.902  -20.041  -29.547 0.0000000000
85493  -17.570  -20.991  -30.110 0.0000000000
85494  -17.780  -20.563  -30.424 0.0000000000
85495  -18.218  -20.868  -31.250 0.0000000000
85520  -18.784  -20.749  -31.914 0.0000000000
85521  -19.513  -20.674  -32.627 0.0000000000
85522  -20.446  -20.628  -33.247 0.0000000000
85543  -21.462  -20.627  -33.744 0.0000000000
85544  -22.353  -20.689  -34.290 0.0000000000
85545  -23.305  -20.753  -34.741 0.0000000000
85546  -24.355  -20.828  -35.025 0.0000000000
85547  -25.411  -20.850  -35.160 0.0000000000
85548  -26.505  -20.664  -35.145 0.0000000000
85549  -27.702  -20.424  -34.947 0.0000000000
85550  -28.975  -20.533  -34.586 0.0000000000
85551  -30.024  -20.397  -34.445 0.0000000000
85552  -31.061  -20.291  -34.296 0.0000000000
85553  -32.045  -20.503  -33.829 0.0000000000
85554  -32.413  -20.016  -33.892 0.0000000000
85566  -26.815  -20.071  -35.331 0.0000000000
85567  -27.139  -19.864  -35.325 0.0000000000
85568  -30.445  -19.887  -34.559 0.0000000000
85569  -30.783  -19.731  -34.551 0.0000000000
86582  -19.346  -18.839  -28.396 0.0000000000
86597  -18.807  -19.206  -28.709 0.0000000000
86616  -18.366  -19.249  -29.375 0.0000000000
86634  -18.042  -19.489  -30.247 0.0000000000
86635  -18.293  -19.930  -31.237 0.0000000000
86651  -18.852  -19.819  -32.059 0.0000000000
86652  -19.645  -19.634  -32.763 0.0000000000
86653  -20.678  -19.635  -33.380 0.0000000000
86657  -33.414  -19.601  -33.600 0.0000000000
86669  -21.517  -19.695  -33.938 0.0000000000
86670  -22.279  -19.754  -34.622 0.0000000000
86671  -23.292  -19.769  -35.095 0.0000000000
86672  -24.413  -20.028  -35.309 0.0000000000
86673  -25.369  -19.995  -35.306 0.0000000000
86674  -26.116  -19.890  -35.373 0.0000000000
86675  -28.385  -19.723  -34.903 0.0000000000
86676  -29.200  -19.784  -34.690 0.0000000000
86677  -29.847  -19.601  -34.666 0.0000000000
86678  -31.593  -19.925  -34.268 0.0000000000
86679  -32.033  -19.509  -34.255 0.0000000000
86680  -32.683  -19.571  -33.957 0.0000000000
86687  -23.628  -19.288  -35.387 0.0000000000
86688  -24.356  -19.259  -35.492 0.0000000000
86689  -25.343  -19.251  -35.498 0.0000000000
86690  -26.450  -19.381  -35.395 0.0000000000
86691  -27.454  -19.483  -35.279 0.0000000000
86692  -30.383  -19.354  -34.638 0.0000000000
86693  -31.131  -19.345  -34.523 0.0000000000
86694  -31.636  -18.959  -34.510 0.0000000000
87663  -19.374  -18.406  -28.609 0.0000000000
87678  -18.968  -18.451  -29.038 0.0000000000
87679  -19.389  -18.178  -28.712 0.0000000000
87693  -18.409  -18.622  -29.905 0.0000000000
87704  -18.332  -18.871  -30.936 0.0000000000
87705  -18.534  -19.315  -31.547 0.0000000000
87720  -18.498  -18.329  -31.142 0.0000000000
87721  -18.799  -18.706  -31.885 0.0000000000
87722  -19.807  -18.566  -32.994 0.0000000000
87723  -20.750  -18.953  -33.655 0.0000000000
87727  -33.764  -18.647  -33.705 0.0000000000
87739  -20.347  -18.292  -33.584 0.0000000000
87740  -21.130  -18.746  -34.280 0.0000000000
87741  -22.021  -18.781  -35.178 0.0000000000
87742  -22.830  -18.999  -35.527 0.0000000000
87743  -28.732  -19.347  -34.857 0.0000000000
87744  -29.142  -19.143  -34.787 0.0000000000
87745  -29.765  -19.009  -34.768 0.0000000000
87746  -32.452  -19.102  -34.260 0.0000000000
87747  -32.875  -18.726  -34.188 0.0000000000
87755  -22.114  -18.548  -36.041 0.0000000000
87756  -23.099  -18.573  -35.876 0.0000000000
87757  -24.226  -18.451  -35.841 0.0000000000
87758  -25.469  -18.530  -35.800 0.0000000000
87759  -26.724  -18.628  -35.614 0.0000000000
87760  -28.133  -18.792  -35.245 0.0000000000
87761  -29.142  -18.445  -35.007 0.0000000000
87762  -30.204  -18.519  -34.808 0.0000000000
87763  -31.163  -18.373  -34.574 0.0000000000
87764  -32.108  -18.555  -34.467 0.0000000000
87765  -32.561  -18.359  -34.441 0.0000000000
88832  -19.080  -18.032  -29.166 0.0000000000
88833  -19.362  -17.662  -28.865 0.0000000000
88845  -18.862  -17.981  -29.506 0.0000000000
88846  -18.887  -17.223  -29.603 0.0000000000
88861  -18.557  -17.976  -30.422 0.0000000000
88862  -18.635  -17.149  -30.648 0.0000000000
88878  -18.587  -17.874  -31.233 0.0000000000
88879  -18.856  -17.510  -31.943 0.0000000000
88880  -19.480  -17.690  -33.044 0.0000000000
88881  -34.081  -17.625  -33.763 0.0000000000
88893  -20.067  -17.740  -33.988 0.0000000000
88894  -20.464  -18.034  -35.320 0.0000000000
88895  -21.611  -17.948  -35.766 0.0000000000
88896  -31.859  -16.917  -34.713 0.0000000000
88897  -32.272  -17.224  -34.586 0.0000000000
88898  -33.070  -17.719  -34.310 0.0000000000
88910  -21.087  -17.477  -35.810 0.0000000000
88911  -21.669  -18.229  -36.776 0.0000000000
88912  -22.910  -17.905  -36.724 0.0000000000
88913  -24.293  -17.709  -36.419 0.0000000000
88914  -25.672  -17.749  -36.122 0.0000000000
88915  -27.010  -17.794  -35.880 0.0000000000
88916  -28.213  -17.689  -35.507 0.0000000000
88917  -29.328  -17.582  -35.243 0.0000000000
88918  -30.387  -17.496  -34.935 0.0000000000
88919  -31.535  -17.415  -34.686 0.0000000000
88920  -32.405  -17.920  -34.508 0.0000000000
88921  -32.749  -18.189  -34.399 0.0000000000
89971  -19.714  -16.463  -28.759 0.0000000000
89988  -18.889  -16.305  -29.830 0.0000000000
90004  -18.670  -16.429  -31.066 0.0000000000
90018  -18.771  -16.764  -32.290 0.0000000000
90019  -18.613  -17.131  -33.666 0.0000000000
90030  -19.046  -17.237  -34.846 0.0000000000
90031  -20.050  -16.928  -35.540 0.0000000000
90032  -32.086  -16.666  -34.694 0.0000000000
90033  -32.616  -16.684  -34.530 0.0000000000
90034  -33.457  -16.658  -34.279 0.0000000000
90048  -21.048  -16.837  -36.172 0.0000000000
90049  -21.917  -17.238  -37.199 0.0000000000
90050  -23.218  -17.139  -37.625 0.0000000000
90051  -24.557  -16.937  -36.946 0.0000000000
90052  -25.856  -16.901  -36.271 0.0000000000
90053  -27.143  -16.812  -36.056 0.0000000000
90054  -28.383  -16.711  -35.819 0.0000000000
90055  -29.514  -16.619  -35.477 0.0000000000
90056  -30.562  -16.503  -35.150 0.0000000000
90057  -31.510  -16.351  -34.897 0.0000000000
90069  -23.950  -16.579  -37.936 0.0000000000
90070  -24.461  -16.362  -37.735 0.0000000000
91136  -19.549  -15.391  -29.221 0.0000000000
91155  -18.830  -15.478  -30.297 0.0000000000
91171  -18.675  -15.721  -31.574 0.0000000000
91187  -18.143  -16.232  -32.957 0.0000000000
91188  -18.122  -16.418  -34.123 0.0000000000
91199  -18.687  -16.413  -35.233 0.0000000000
91200  -19.625  -16.337  -36.300 0.0000000000
91201  -32.122  -16.143  -34.765 0.0000000000
91202  -32.642  -15.686  -34.574 0.0000000000
91203  -33.551  -15.599  -34.088 0.0000000000
91216  -21.078  -16.153  -36.631 0.0000000000
91217  -22.138  -16.462  -37.771 0.0000000000
91218  -23.344  -16.299  -38.093 0.0000000000
91219  -24.953  -16.235  -36.708 0.0000000000
91220  -25.846  -15.956  -36.360 0.0000000000
91221  -27.210  -15.693  -36.269 0.0000000000
91222  -28.595  -15.731  -36.005 0.0000000000
91223  -29.668  -15.626  -35.624 0.0000000000
91224  -30.637  -15.481  -35.225 0.0000000000
91225  -31.602  -15.312  -34.845 0.0000000000
91226  -32.129  -14.793  -34.677 0.0000000000
91243  -24.161  -16.050  -38.240 0.0000000000
91244  -24.761  -15.650  -37.558 0.0000000000
91245  -25.678  -14.988  -36.671 0.0000000000
91246  -26.676  -14.703  -36.510 0.0000000000
92244  -19.364  -14.560  -29.684 0.0000000000
92262  -18.639  -14.703  -30.854 0.0000000000
92263  -18.547  -14.492  -31.744 0.0000000000
92280  -18.467  -15.217  -32.182 0.0000000000
92281  -18.132  -14.804  -32.663 0.0000000000
92300  -17.898  -15.656  -33.279 0.0000000000
92301  -17.965  -15.352  -34.036 0.0000000000
92314  -19.051  -15.423  -35.167 0.0000000000
92315  -19.866  -15.510  -36.455 0.0000000000
92316  -32.748  -14.584  -34.396 0.0000000000
92317  -33.592  -14.523  -33.831 0.0000000000
92330  -21.273  -15.343  -36.990 0.0000000000
92331  -22.710  -15.242  -37.590 0.0000000000
92332  -23.770  -15.658  -38.249 0.0000000000
92333  -27.691  -14.801  -36.231 0.0000000000
92334  -28.750  -14.725  -35.968 0.0000000000
92335  -29.768  -14.602  -35.715 0.0000000000
92336  -30.642  -14.433  -35.133 0.0000000000
92337  -31.446  -14.232  -34.717 0.0000000000
92338  -32.076  -14.160  -34.561 0.0000000000
92356  -23.632  -14.944  -38.125 0.0000000000
92357  -24.257  -15.132  -38.358 0.0000000000
92358  -24.578  -14.392  -37.515 0.0000000000
92359  -25.825  -14.124  -37.138 0.0000000000
92360  -26.927  -13.962  -36.629 0.0000000000
93380  -19.143  -13.815  -30.052 0.0000000000
93395  -18.564  -13.808  -31.035 0.0000000000
93396  -18.440  -14.125  -32.027 0.0000000000
93412  -18.527  -13.606  -31.857 0.0000000000
93413  -17.830  -14.087  -32.920 0.0000000000
93432  -18.240  -14.297  -34.090 0.0000000000
93447  -19.294  -14.315  -35.175 0.0000000000
93448  -20.429  -14.259  -36.121 0.0000000000
93449  -32.210  -12.854  -34.649 0.0000000000
93450  -32.797  -13.428  -34.350 0.0000000000
93451  -33.823  -13.468  -33.753 0.0000000000
93468  -21.631  -14.169  -36.991 0.0000000000
93469  -22.913  -14.084  -37.817 0.0000000000
93470  -23.717  -13.740  -38.360 0.0000000000
93471  -27.944  -14.041  -36.367 0.0000000000
93472  -28.840  -13.595  -36.386 0.0000000000
93473  -29.954  -13.653  -35.866 0.0000000000
93474  -30.781  -13.436  -35.240 0.0000000000
93475  -31.798  -13.338  -34.746 0.0000000000
93476  -32.350  -13.876  -34.489 0.0000000000
93496  -23.921  -14.440  -38.428 0.0000000000
93497  -24.431  -13.998  -38.651 0.0000000000
93498  -25.139  -13.577  -38.332 0.0000000000
93499  -26.060  -13.134  -37.353 0.0000000000
93500  -27.444  -13.130  -36.893 0.0000000000
93501  -28.215  -12.849  -36.827 0.0000000000
94488  -18.945  -13.178  -30.262 0.0000000000
94501  -18.538  -12.905  -31.127 0.0000000000
94502  -19.187  -12.422  -29.927 0.0000000000
94524  -18.448  -13.292  -32.221 0.0000000000
94525  -17.963  -13.314  -33.119 0.0000000000
94550  -18.259  -13.243  -34.200 0.0000000000
94569  -19.427  -13.188  -35.263 0.0000000000
94570  -20.658  -13.127  -36.291 0.0000000000
94571  -32.447  -12.329  -34.546 0.0000000000
94572  -33.254  -12.442  -34.159 0.0000000000
94589  -21.796  -13.078  -37.211 0.0000000000
94590  -22.904  -12.987  -37.919 0.0000000000
94591  -23.969  -12.999  -38.578 0.0000000000
94592  -29.458  -13.093  -36.341 0.0000000000
94593  -30.056  -12.586  -36.212 0.0000000000
94594  -31.021  -12.467  -35.351 0.0000000000
94595  -31.765  -12.325  -34.863 0.0000000000
94610  -24.865  -12.982  -39.046 0.0000000000
94611  -25.570  -12.634  -38.776 0.0000000000
94612  -26.450  -12.212  -37.781 0.0000000000
94613  -27.612  -12.212  -37.276 0.0000000000
94614  -28.884  -12.439  -36.857 0.0000000000
94615  -29.515  -12.045  -36.786 0.0000000000
95557  -18.453  -12.425  -31.641 0.0000000000
95558  -18.516  -11.828  -30.717 0.0000000000
95581  -18.422  -12.815  -32.132 0.0000000000
95582  -17.793  -12.242  -32.667 0.0000000000
95606  -18.345  -12.138  -34.374 0.0000000000
95618  -19.755  -12.062  -35.553 0.0000000000
95619  -20.953  -12.105  -36.579 0.0000000000
95620  -32.741  -11.478  -34.494 0.0000000000
95621  -33.523  -11.476  -34.024 0.0000000000
95631  -21.954  -12.081  -37.356 0.0000000000
95632  -23.072  -12.018  -38.143 0.0000000000
95633  -24.310  -12.106  -38.984 0.0000000000
95634  -30.619  -11.661  -36.117 0.0000000000
95635  -31.353  -11.560  -35.462 0.0000000000
95636  -32.030  -11.499  -34.927 0.0000000000
95652  -25.264  -12.051  -39.407 0.0000000000
95653  -26.093  -11.765  -39.156 0.0000000000
95654  -27.008  -11.528  -38.455 0.0000000000
95655  -27.923  -11.422  -37.458 0.0000000000
95656  -29.087  -11.467  -37.173 0.0000000000
95657  -29.915  -11.594  -36.759 0.0000000000
96641  -19.426  -10.597  -29.754 0.0000000000
96657  -18.098  -10.646  -31.404 0.0000000000
96672  -17.252  -11.090  -33.536 0.0000000000
96685  -18.684  -11.001  -34.749 0.0000000000
96686  -20.365  -10.913  -36.170 0.0000000000
96687  -20.987  -10.307  -36.723 0.0000000000
96688  -32.384  -10.678  -35.101 0.0000000000
96689  -33.040  -10.517  -34.563 0.0000000000
96690  -33.820  -10.492  -33.962 0.0000000000
96700  -21.284  -11.486  -36.845 0.0000000000
96701  -21.852  -10.926  -37.376 0.0000000000
96702  -23.448  -11.046  -38.412 0.0000000000
96703  -30.370  -11.016  -36.700 0.0000000000
96704  -31.063  -10.709  -36.302 0.0000000000
96705  -31.800  -10.749  -35.609 0.0000000000
96716  -24.688  -11.158  -39.221 0.0000000000
96717  -25.656  -11.046  -39.502 0.0000000000
96718  -26.507  -10.868  -39.398 0.0000000000
96719  -27.325  -10.694  -38.528 0.0000000000
96720  -28.347  -10.567  -37.571 0.0000000000
96721  -29.643  -10.641  -37.276 0.0000000000
96722  -30.453  -10.367  -36.956 0.0000000000
97733  -19.354  -9.451  -29.623 0.0000000000
97749  -18.439  -8.781  -30.216 0.0000000000
97750  -17.882  -9.354  -31.179 0.0000000000
97762  -17.047  -9.855  -32.728 0.0000000000
97769  -34.230  -9.523  -33.916 0.0000000000
97776  -17.689  -9.920  -33.963 0.0000000000
97777  -19.151  -9.839  -35.224 0.0000000000
97778  -20.409  -9.714  -36.252 0.0000000000
97779  -32.175  -10.226  -35.651 0.0000000000
97780  -32.669  -9.637  -35.578 0.0000000000
97781  -33.508  -9.530  -34.684 0.0000000000
97791  -21.450  -9.748  -37.035 0.0000000000
97792  -22.746  -9.921  -37.748 0.0000000000
97793  -30.963  -9.748  -36.936 0.0000000000
97794  -31.814  -9.781  -36.318 0.0000000000
97795  -32.333  -9.194  -36.381 0.0000000000
97802  -24.005  -10.100  -38.645 0.0000000000
97803  -25.113  -10.155  -39.313 0.0000000000
97804  -26.020  -10.030  -39.747 0.0000000000
97805  -26.728  -9.851  -39.364 0.0000000000
97806  -27.426  -9.629  -37.951 0.0000000000
97807  -28.865  -9.646  -37.571 0.0000000000
97808  -30.058  -9.622  -37.360 0.0000000000
98815  -18.511  -8.024  -29.850 0.0000000000
98830  -17.721  -8.308  -31.180 0.0000000000
98831  -17.154  -8.938  -32.274 0.0000000000
98843  -17.096  -8.213  -32.412 0.0000000000
98844  -16.894  -8.789  -33.366 0.0000000000
98860  -18.149  -8.803  -34.543 0.0000000000
98861  -19.724  -8.746  -35.683 0.0000000000
98862  -20.936  -8.823  -36.636 0.0000000000
98863  -33.444  -8.583  -35.625 0.0000000000
98864  -34.126  -8.582  -34.710 0.0000000000
98873  -22.065  -8.888  -37.327 0.0000000000
98874  -23.468  -8.943  -38.185 0.0000000000
98875  -24.492  -8.721  -38.893 0.0000000000
98876  -31.452  -9.260  -37.050 0.0000000000
98877  -32.020  -8.683  -37.083 0.0000000000
98878  -32.746  -8.626  -36.414 0.0000000000
98883  -24.527  -9.403  -38.894 0.0000000000
98884  -25.346  -9.104  -39.575 0.0000000000
98885  -26.253  -8.999  -39.706 0.0000000000
98886  -27.033  -8.767  -39.089 0.0000000000
98887  -27.917  -8.565  -37.657 0.0000000000
98888  -29.419  -8.645  -37.543 0.0000000000
98889  -30.829  -8.652  -37.512 0.0000000000
98890  -31.549  -8.041  -37.544 0.0000000000
99906  -18.413  -7.188  -29.529 0.0000000000
99921  -17.761  -7.359  -30.545 0.0000000000
99934  -16.877  -7.487  -31.775 0.0000000000
99946  -16.630  -7.645  -32.954 0.0000000000
99947  -17.452  -7.747  -34.011 0.0000000000
99963  -18.886  -7.701  -35.224 0.0000000000
99964  -20.670  -7.661  -36.426 0.0000000000
99965  -21.468  -8.262  -37.013 0.0000000000
99966  -34.180  -7.498  -35.541 0.0000000000
99967  -34.613  -7.764  -34.580 0.0000000000
99975  -21.477  -7.066  -37.053 0.0000000000
99976  -22.386  -7.725  -37.516 0.0000000000
99977  -24.006  -7.956  -38.537 0.0000000000
99978  -24.858  -8.271  -39.362 0.0000000000
99979  -32.640  -8.107  -36.981 0.0000000000
99980  -33.303  -7.562  -36.671 0.0000000000
99990  -25.591  -8.146  -39.491 0.0000000000
99991  -26.543  -7.806  -39.338 0.0000000000
99992  -27.527  -7.599  -38.444 0.0000000000
99993  -28.576  -7.516  -37.655 0.0000000000
99994  -29.756  -7.695  -37.680 0.0000000000
99995  -30.909  -7.347  -37.860 0.0000000000
99996  -32.288  -7.468  -37.501 0.0000000000
99997  -32.992  -6.967  -37.252 0.0000000000
100006  -29.113  -7.079  -37.626 0.0000000000
100007  -29.742  -6.906  -37.686 0.0000000000
100008  -30.220  -6.764  -37.719 0.0000000000
100988  -17.790  -6.481  -29.876 0.0000000000
100999  -17.212  -6.540  -31.123 0.0000000000
101012  -16.584  -6.650  -32.343 0.0000000000
101013  -17.013  -6.685  -33.474 0.0000000000
101032  -18.229  -6.641  -34.599 0.0000000000
101033  -19.590  -6.574  -35.748 0.0000000000
101034  -34.538  -6.508  -35.689 0.0000000000
101035  -34.944  -6.776  -34.990 0.0000000000
101046  -20.906  -6.434  -36.657 0.0000000000
101047  -22.093  -6.446  -37.482 0.0000000000
101048  -23.646  -6.633  -38.647 0.0000000000
101049  -24.717  -7.540  -39.233 0.0000000000
101050  -34.060  -6.611  -36.277 0.0000000000
101059  -24.577  -6.011  -38.909 0.0000000000
101060  -25.551  -6.661  -38.990 0.0000000000
101061  -27.133  -6.650  -39.024 0.0000000000
101062  -28.532  -6.608  -38.859 0.0000000000
101063  -28.760  -6.907  -37.821 0.0000000000
101064  -30.608  -6.061  -37.791 0.0000000000
101065  -31.560  -6.405  -37.889 0.0000000000
101066  -32.664  -6.377  -37.503 0.0000000000
101067  -33.486  -6.439  -37.016 0.0000000000
101071  -28.934  -6.273  -38.405 0.0000000000
101072  -29.108  -6.491  -37.872 0.0000000000
101073  -29.828  -6.314  -37.654 0.0000000000
101074  -30.647  -6.577  -37.865 0.0000000000
101995  -17.888  -5.590  -29.144 0.0000000000
102009  -17.433  -5.596  -30.296 0.0000000000
102022  -16.831  -5.626  -31.663 0.0000000000
102023  -16.669  -5.623  -32.903 0.0000000000
102031  -35.396  -6.113  -34.945 0.0000000000
102043  -17.559  -5.572  -34.041 0.0000000000
102044  -18.874  -5.504  -35.190 0.0000000000
102045  -34.444  -6.060  -36.005 0.0000000000
102046  -35.032  -5.602  -35.586 0.0000000000
102047  -35.563  -5.028  -35.183 0.0000000000
102059  -20.186  -5.451  -36.181 0.0000000000
102060  -21.458  -5.394  -37.069 0.0000000000
102061  -22.685  -5.397  -38.124 0.0000000000
102062  -34.173  -5.562  -36.463 0.0000000000
102063  -34.650  -5.139  -36.066 0.0000000000
102068  -23.921  -5.350  -38.842 0.0000000000
102069  -25.442  -5.369  -38.775 0.0000000000
102070  -26.862  -5.472  -39.731 0.0000000000
102071  -28.149  -5.638  -39.863 0.0000000000
102072  -28.737  -5.481  -39.220 0.0000000000
102073  -29.656  -5.518  -37.938 0.0000000000
102074  -31.025  -5.448  -37.726 0.0000000000
102075  -32.129  -5.485  -37.580 0.0000000000
102076  -33.141  -5.503  -37.132 0.0000000000
102086  -28.857  -6.084  -39.338 0.0000000000
102087  -29.074  -5.961  -38.236 0.0000000000
102088  -29.353  -6.071  -37.809 0.0000000000
103029  -17.972  -4.676  -28.360 0.0000000000
103036  -17.483  -4.649  -29.326 0.0000000000
103051  -17.272  -4.560  -30.799 0.0000000000
103070  -16.649  -4.530  -32.189 0.0000000000
103071  -17.083  -4.453  -33.406 0.0000000000
103091  -18.328  -4.330  -34.615 0.0000000000
103092  -19.660  -4.356  -35.693 0.0000000000
103093  -34.638  -4.295  -35.641 0.0000000000
103094  -35.192  -4.497  -35.419 0.0000000000
103100  -20.802  -4.350  -36.563 0.0000000000
103101  -21.939  -4.260  -37.580 0.0000000000
103102  -23.190  -4.311  -38.510 0.0000000000
103103  -34.308  -4.575  -36.093 0.0000000000
103104  -34.853  -4.807  -35.866 0.0000000000
103113  -24.897  -4.329  -38.556 0.0000000000
103114  -26.315  -4.378  -39.914 0.0000000000
103115  -27.477  -4.536  -40.361 0.0000000000
103116  -28.366  -4.583  -39.924 0.0000000000
103117  -29.095  -4.527  -38.615 0.0000000000
103118  -30.300  -4.526  -37.826 0.0000000000
103119  -31.479  -4.549  -37.449 0.0000000000
103120  -32.495  -4.561  -37.017 0.0000000000
103121  -33.457  -4.577  -36.534 0.0000000000
104088  -17.355  -3.746  -28.372 0.0000000000
104102  -17.232  -3.590  -29.745 0.0000000000
104120  -16.801  -3.422  -31.306 0.0000000000
104121  -16.506  -3.324  -32.737 0.0000000000
104139  -17.606  -3.131  -33.955 0.0000000000
104140  -19.408  -2.794  -35.509 0.0000000000
104141  -20.234  -2.188  -36.469 0.0000000000
104142  -34.246  -3.902  -35.670 0.0000000000
104143  -34.653  -3.586  -35.296 0.0000000000
104144  -35.277  -3.795  -34.901 0.0000000000
104148  -20.224  -3.634  -36.187 0.0000000000
104149  -20.942  -2.970  -36.939 0.0000000000
104150  -22.331  -3.138  -38.248 0.0000000000
104151  -33.643  -3.702  -35.895 0.0000000000
104152  -34.043  -3.369  -35.524 0.0000000000
104165  -24.161  -3.188  -38.213 0.0000000000
104166  -25.544  -3.310  -39.696 0.0000000000
104167  -26.834  -3.485  -40.292 0.0000000000
104168  -27.866  -3.588  -40.157 0.0000000000
104169  -28.655  -3.609  -39.322 0.0000000000
104170  -29.660  -3.606  -38.094 0.0000000000
104171  -30.886  -3.595  -37.506 0.0000000000
104172  -31.925  -3.618  -37.018 0.0000000000
104173  -32.815  -3.650  -36.420 0.0000000000
105137  -17.004  -2.805  -28.723 0.0000000000
105150  -16.919  -2.364  -30.208 0.0000000000
105173  -16.412  -2.151  -31.832 0.0000000000
105174  -16.837  -1.985  -33.204 0.0000000000
105191  -18.067  -1.730  -34.482 0.0000000000
105192  -19.047  -1.357  -35.457 0.0000000000
105193  -19.821  -1.408  -36.293 0.0000000000
105196  -33.451  -2.111  -35.488 0.0000000000
105197  -33.977  -2.601  -35.223 0.0000000000
105198  -34.910  -2.776  -34.437 0.0000000000
105207  -20.543  -1.526  -37.179 0.0000000000
105208  -21.446  -1.863  -38.072 0.0000000000
105209  -33.185  -2.704  -35.860 0.0000000000
105210  -33.695  -3.092  -35.595 0.0000000000
105226  -23.272  -1.914  -37.865 0.0000000000
105227  -24.727  -2.100  -39.175 0.0000000000
105228  -26.249  -2.220  -39.509 0.0000000000
105229  -27.368  -2.437  -39.651 0.0000000000
105230  -28.249  -2.552  -39.472 0.0000000000
105231  -29.030  -2.648  -38.128 0.0000000000
105232  -30.319  -2.641  -37.500 0.0000000000
105233  -31.451  -2.667  -37.101 0.0000000000
105234  -32.329  -2.749  -36.531 0.0000000000
106088  -16.992  -1.286  -28.653 0.0000000000
106101  -16.485  -0.920  -30.734 0.0000000000
106124  -16.473  -0.767  -32.379 0.0000000000
106125  -17.349  -0.589  -33.724 0.0000000000
106143  -18.375  -0.480  -35.009 0.0000000000
106144  -19.222  -0.249  -36.179 0.0000000000
106145  -19.575  -0.436  -37.532 0.0000000000
106149  -33.635  -1.443  -35.206 0.0000000000
106150  -34.304  -1.775  -34.548 0.0000000000
106151  -34.803  -1.896  -34.151 0.0000000000
106160  -20.357  -0.658  -38.258 0.0000000000
106161  -21.889  -0.754  -38.306 0.0000000000
106162  -32.568  -1.233  -36.385 0.0000000000
106163  -33.086  -1.698  -35.819 0.0000000000
106179  -23.999  -0.701  -38.375 0.0000000000
106180  -25.570  -0.894  -39.140 0.0000000000
106181  -26.891  -1.112  -39.890 0.0000000000
106182  -27.803  -1.346  -39.645 0.0000000000
106183  -28.653  -1.544  -38.282 0.0000000000
106184  -29.818  -1.627  -37.466 0.0000000000
106185  -31.014  -1.679  -37.065 0.0000000000
106186  -31.984  -1.842  -36.718 0.0000000000
106187  -32.620  -2.039  -36.235 0.0000000000
107008  -16.618  0.600  -29.741 0.0000000000
107024  -16.334  0.481  -31.580 0.0000000000
107044  -16.675  0.569  -32.918 0.0000000000
107045  -17.863  0.799  -34.590 0.0000000000
107046  -18.330  1.488  -35.554 0.0000000000
107052  -35.340  -0.709  -33.307 0.0000000000
107061  -18.606  0.261  -35.584 0.0000000000
107062  -18.428  0.915  -36.831 0.0000000000
107063  -18.877  0.165  -37.488 0.0000000000
107067  -33.700  -0.502  -35.303 0.0000000000
107068  -34.207  -0.740  -34.737 0.0000000000
107069  -34.727  -1.144  -34.038 0.0000000000
107080  -18.356  1.067  -37.734 0.0000000000
107081  -19.064  0.452  -38.162 0.0000000000
107082  -20.756  0.338  -38.458 0.0000000000
107083  -29.148  0.197  -37.384 0.0000000000
107084  -29.961  0.061  -36.893 0.0000000000
107085  -30.637  0.069  -36.922 0.0000000000
107086  -32.512  -0.402  -36.477 0.0000000000
107087  -33.167  -0.691  -35.902 0.0000000000
107103  -22.909  0.569  -38.504 0.0000000000
107104  -24.541  0.371  -39.850 0.0000000000
107105  -26.045  0.171  -40.110 0.0000000000
107106  -27.145  -0.115  -39.880 0.0000000000
107107  -28.286  -0.221  -38.464 0.0000000000
107108  -29.373  -0.642  -37.471 0.0000000000
107109  -30.660  -0.585  -37.017 0.0000000000
107110  -31.736  -0.788  -36.779 0.0000000000
107882  -16.270  2.376  -28.782 0.0000000000
107899  -16.389  1.961  -31.080 0.0000000000
107900  -16.572  2.341  -31.927 0.0000000000
107909  -35.955  0.720  -32.874 0.0000000000
107921  -16.291  1.259  -32.232 0.0000000000
107922  -16.818  1.781  -32.894 0.0000000000
107923  -17.693  1.968  -34.625 0.0000000000
107932  -35.424  0.405  -33.346 0.0000000000
107940  -18.127  1.995  -36.411 0.0000000000
107941  -18.379  2.435  -36.951 0.0000000000
107947  -33.546  0.014  -35.702 0.0000000000
107948  -34.090  0.274  -35.202 0.0000000000
107949  -34.745  0.092  -34.176 0.0000000000
107961  -18.234  1.377  -37.366 0.0000000000
107962  -18.723  1.698  -37.731 0.0000000000
107963  -19.915  1.304  -38.434 0.0000000000
107964  -28.574  0.939  -37.589 0.0000000000
107965  -29.531  0.882  -36.810 0.0000000000
107966  -30.631  0.638  -36.613 0.0000000000
107967  -31.779  0.291  -36.566 0.0000000000
107968  -32.998  0.346  -36.263 0.0000000000
107969  -33.593  0.630  -35.755 0.0000000000
107988  -21.733  1.627  -38.720 0.0000000000
107989  -23.305  1.617  -40.119 0.0000000000
107990  -24.955  1.437  -40.200 0.0000000000
107991  -26.354  1.118  -40.182 0.0000000000
107992  -27.481  1.153  -38.744 0.0000000000
107993  -31.069  0.062  -36.886 0.0000000000
107994  -31.349  -0.230  -36.856 0.0000000000
108006  -23.995  2.165  -40.296 0.0000000000
108007  -24.724  2.398  -40.287 0.0000000000
108782  -36.667  1.839  -31.845 0.0000000000
108790  -16.545  3.499  -29.548 0.0000000000
108791  -16.894  3.089  -31.110 0.0000000000
108792  -17.720  2.442  -31.684 0.0000000000
108802  -35.670  1.125  -33.255 0.0000000000
108803  -36.221  1.526  -32.652 0.0000000000
108812  -16.887  2.514  -32.256 0.0000000000
108813  -17.686  2.601  -33.035 0.0000000000
108822  -35.257  1.153  -34.029 0.0000000000
108829  -18.246  2.606  -34.715 0.0000000000
108830  -18.413  2.924  -36.017 0.0000000000
108836  -33.903  1.140  -35.528 0.0000000000
108837  -34.608  1.273  -35.005 0.0000000000
108841  -18.942  2.991  -37.208 0.0000000000
108842  -20.087  2.636  -38.816 0.0000000000
108843  -28.104  1.840  -37.756 0.0000000000
108844  -28.897  1.848  -36.831 0.0000000000
108845  -29.985  1.680  -36.122 0.0000000000
108846  -31.250  1.430  -36.308 0.0000000000
108847  -32.423  1.215  -36.371 0.0000000000
108848  -33.339  1.307  -36.060 0.0000000000
108863  -22.024  2.821  -39.992 0.0000000000
108864  -23.212  2.538  -40.294 0.0000000000
108865  -25.627  2.328  -40.143 0.0000000000
108866  -26.506  2.270  -39.079 0.0000000000
108867  -27.569  2.358  -38.456 0.0000000000
108881  -22.896  3.210  -40.335 0.0000000000
108882  -23.924  2.992  -40.376 0.0000000000
108883  -25.015  3.150  -40.380 0.0000000000
109702  -36.529  2.332  -32.261 0.0000000000
109703  -36.752  2.471  -31.440 0.0000000000
109704  -37.166  2.390  -30.964 0.0000000000
109713  -18.266  3.751  -31.300 0.0000000000
109722  -35.638  1.754  -33.535 0.0000000000
109723  -36.038  2.589  -33.267 0.0000000000
109731  -19.588  3.258  -32.920 0.0000000000
109739  -34.563  2.712  -35.538 0.0000000000
109740  -35.171  2.303  -34.682 0.0000000000
109741  -35.681  2.887  -33.987 0.0000000000
109750  -19.501  2.999  -34.377 0.0000000000
109751  -18.901  4.011  -35.419 0.0000000000
109756  -31.028  3.021  -35.982 0.0000000000
109757  -31.588  2.816  -36.282 0.0000000000
109758  -32.613  2.556  -36.498 0.0000000000
109759  -33.876  2.104  -35.767 0.0000000000
109760  -34.602  1.909  -35.170 0.0000000000
109765  -19.549  4.201  -37.923 0.0000000000
109766  -20.977  3.595  -39.446 0.0000000000
109767  -26.482  4.687  -40.248 0.0000000000
109768  -26.906  4.156  -39.318 0.0000000000
109769  -27.981  3.074  -37.724 0.0000000000
109770  -29.212  2.822  -36.127 0.0000000000
109771  -30.630  2.629  -35.940 0.0000000000
109772  -31.979  2.081  -36.392 0.0000000000
109773  -32.999  1.838  -36.350 0.0000000000
109774  -33.386  1.778  -36.037 0.0000000000
109789  -21.056  4.469  -39.017 0.0000000000
109790  -22.173  4.102  -40.242 0.0000000000
109791  -23.367  4.417  -40.160 0.0000000000
109792  -26.112  3.712  -40.171 0.0000000000
109793  -27.338  3.134  -39.116 0.0000000000
109794  -27.547  2.843  -38.361 0.0000000000
109815  -23.315  3.747  -40.234 0.0000000000
109816  -24.235  3.872  -40.390 0.0000000000
109817  -25.053  3.804  -40.310 0.0000000000
110633  -36.595  3.158  -32.224 0.0000000000
110634  -36.942  3.197  -31.311 0.0000000000
110635  -37.376  3.127  -30.971 0.0000000000
110651  -35.972  3.854  -33.650 0.0000000000
110652  -36.287  3.410  -33.139 0.0000000000
110671  -34.863  3.416  -35.412 0.0000000000
110672  -35.524  3.352  -34.320 0.0000000000
110673  -35.911  3.238  -33.666 0.0000000000
110681  -19.026  5.315  -35.787 0.0000000000
110686  -31.254  3.211  -36.242 0.0000000000
110687  -31.848  3.411  -36.697 0.0000000000
110688  -33.226  3.142  -36.606 0.0000000000
110689  -34.191  3.012  -36.140 0.0000000000
110692  -19.999  5.429  -38.019 0.0000000000
110693  -26.404  5.516  -39.669 0.0000000000
110694  -27.410  4.760  -37.737 0.0000000000
110695  -28.461  4.132  -36.374 0.0000000000
110696  -29.584  3.701  -35.867 0.0000000000
110697  -30.591  3.432  -36.059 0.0000000000
110698  -31.148  3.470  -36.381 0.0000000000
110704  -22.050  5.208  -38.817 0.0000000000
110705  -22.887  5.309  -40.108 0.0000000000
110706  -24.240  5.021  -40.259 0.0000000000
110707  -25.565  4.966  -40.178 0.0000000000
110725  -24.646  4.206  -40.378 0.0000000000
110726  -25.147  4.369  -40.211 0.0000000000
111503  -36.887  3.780  -32.031 0.0000000000
111504  -37.238  3.993  -31.778 0.0000000000
111505  -37.704  3.870  -31.483 0.0000000000
111525  -35.976  4.567  -33.522 0.0000000000
111526  -36.500  4.152  -32.776 0.0000000000
111527  -36.891  4.336  -32.274 0.0000000000
111545  -34.763  4.369  -35.633 0.0000000000
111546  -35.419  4.304  -34.498 0.0000000000
111554  -19.763  7.189  -32.991 0.0000000000
111555  -19.189  6.483  -33.830 0.0000000000
111558  -28.408  5.938  -36.354 0.0000000000
111559  -29.081  5.350  -36.137 0.0000000000
111560  -30.021  4.763  -36.621 0.0000000000
111561  -31.216  4.342  -37.151 0.0000000000
111562  -32.518  4.090  -37.082 0.0000000000
111563  -33.902  3.925  -36.504 0.0000000000
111571  -19.326  6.455  -36.582 0.0000000000
111572  -25.501  6.659  -38.878 0.0000000000
111573  -26.780  6.096  -38.057 0.0000000000
111574  -27.855  5.662  -36.862 0.0000000000
111575  -28.891  4.851  -36.025 0.0000000000
111576  -29.779  4.310  -36.002 0.0000000000
111577  -30.776  3.911  -36.496 0.0000000000
111587  -21.028  6.333  -38.044 0.0000000000
111588  -22.259  6.468  -39.499 0.0000000000
111589  -23.391  6.418  -40.230 0.0000000000
111590  -24.691  6.417  -40.186 0.0000000000
112340  -30.228  8.846  -20.172 0.0000000000
112341  -30.471  9.323  -20.312 0.0000000000
112353  -30.398  8.502  -20.635 0.0000000000
112354  -30.480  8.692  -20.496 0.0000000000
112355  -30.556  8.803  -20.174 0.0000000000
112365  -30.889  8.664  -21.221 0.0000000000
112478  -36.692  5.249  -32.608 0.0000000000
112479  -36.944  4.935  -32.397 0.0000000000
112480  -37.475  4.751  -32.042 0.0000000000
112501  -35.672  5.146  -33.955 0.0000000000
112502  -36.358  5.215  -32.966 0.0000000000
112503  -36.698  4.688  -32.568 0.0000000000
112514  -34.245  4.937  -36.338 0.0000000000
112515  -35.149  5.252  -35.195 0.0000000000
112519  -19.961  7.430  -32.423 0.0000000000
112520  -19.011  7.575  -33.714 0.0000000000
112521  -23.980  9.133  -38.671 0.0000000000
112522  -25.212  8.475  -38.124 0.0000000000
112523  -27.212  7.229  -37.205 0.0000000000
112524  -28.375  6.564  -36.456 0.0000000000
112525  -29.193  5.859  -36.566 0.0000000000
112526  -30.231  5.248  -37.427 0.0000000000
112527  -31.614  4.991  -37.685 0.0000000000
112528  -33.049  4.819  -37.235 0.0000000000
112542  -19.274  7.568  -35.632 0.0000000000
112543  -20.854  7.878  -36.842 0.0000000000
112544  -22.112  8.126  -37.984 0.0000000000
112545  -23.917  8.129  -39.107 0.0000000000
112546  -26.063  7.281  -38.248 0.0000000000
112547  -27.086  6.586  -37.541 0.0000000000
112558  -20.453  7.158  -37.052 0.0000000000
112559  -21.680  7.265  -38.130 0.0000000000
112560  -22.863  7.364  -39.459 0.0000000000
112561  -23.715  7.150  -39.988 0.0000000000
113311  -31.159  10.140  -19.223 0.0000000000
113320  -30.388  9.622  -19.541 0.0000000000
113321  -30.523  9.542  -19.642 0.0000000000
113322  -30.870  9.823  -19.334 0.0000000000
113329  -30.563  9.437  -20.007 0.0000000000
113330  -30.535  9.435  -19.804 0.0000000000
113331  -30.547  9.216  -19.923 0.0000000000
113338  -30.660  9.408  -20.245 0.0000000000
113347  -30.262  9.239  -21.518 0.0000000000
113359  -29.174  9.297  -21.136 0.0000000000
113462  -36.721  5.496  -32.593 0.0000000000
113463  -37.074  5.524  -32.428 0.0000000000
113478  -35.627  6.169  -34.021 0.0000000000
113479  -36.462  6.144  -32.860 0.0000000000
113486  -19.759  7.394  -31.482 0.0000000000
113491  -26.670  9.436  -36.876 0.0000000000
113492  -27.733  8.370  -36.486 0.0000000000
113493  -28.360  7.467  -36.915 0.0000000000
113494  -28.937  6.755  -38.060 0.0000000000
113495  -29.468  6.694  -38.670 0.0000000000
113496  -34.515  5.600  -36.048 0.0000000000
113497  -34.869  6.101  -35.455 0.0000000000
113509  -19.831  7.979  -32.767 0.0000000000
113510  -19.403  8.631  -34.768 0.0000000000
113511  -20.623  9.573  -36.220 0.0000000000
113512  -21.960  10.167  -37.584 0.0000000000
113513  -23.943  9.794  -37.958 0.0000000000
113514  -26.022  8.979  -37.511 0.0000000000
113515  -27.523  7.965  -36.710 0.0000000000
113516  -28.394  7.055  -36.592 0.0000000000
113517  -29.175  6.303  -37.241 0.0000000000
113518  -30.304  5.970  -38.398 0.0000000000
113519  -32.183  5.624  -38.016 0.0000000000
113520  -33.699  5.674  -36.919 0.0000000000
113521  -34.432  5.960  -36.250 0.0000000000
113538  -19.783  8.281  -36.003 0.0000000000
113539  -20.857  8.644  -36.622 0.0000000000
113540  -22.069  9.265  -37.964 0.0000000000
113541  -23.172  9.472  -38.501 0.0000000000
114199  -31.496  10.366  -18.726 0.0000000000
114200  -31.653  10.586  -18.768 0.0000000000
114207  -31.204  10.062  -19.174 0.0000000000
114208  -31.385  10.421  -19.003 0.0000000000
114215  -30.875  9.791  -19.501 0.0000000000
114216  -30.904  10.014  -19.509 0.0000000000
114223  -30.168  9.708  -19.803 0.0000000000
114224  -29.745  9.840  -19.823 0.0000000000
114230  -29.453  9.559  -20.372 0.0000000000
114231  -29.307  9.910  -20.170 0.0000000000
114238  -28.774  9.109  -21.650 0.0000000000
114239  -28.975  9.729  -21.157 0.0000000000
114240  -29.053  10.091  -20.478 0.0000000000
114254  -28.578  9.267  -22.315 0.0000000000
114255  -29.062  9.684  -22.698 0.0000000000
114267  -29.719  8.649  -23.765 0.0000000000
114365  -20.319  7.816  -31.410 0.0000000000
114366  -20.093  8.257  -31.630 0.0000000000
114370  -25.818  10.917  -36.899 0.0000000000
114371  -27.240  9.753  -36.258 0.0000000000
114372  -27.831  8.787  -36.440 0.0000000000
114373  -28.317  7.940  -37.274 0.0000000000
114374  -28.838  7.304  -38.517 0.0000000000
114395  -19.926  7.948  -31.925 0.0000000000
114396  -19.896  8.502  -32.534 0.0000000000
114397  -19.754  9.549  -34.191 0.0000000000
114398  -20.483  10.569  -35.861 0.0000000000
114399  -22.347  11.084  -37.308 0.0000000000
114400  -24.809  10.509  -37.527 0.0000000000
115088  -32.624  11.386  -18.214 0.0000000000
115099  -32.078  10.880  -18.469 0.0000000000
115100  -32.275  11.151  -18.503 0.0000000000
115106  -31.827  10.859  -18.801 0.0000000000
115112  -31.153  10.396  -19.208 0.0000000000
115118  -30.380  10.085  -19.590 0.0000000000
115119  -29.747  10.129  -19.828 0.0000000000
115125  -29.304  10.302  -20.192 0.0000000000
115131  -29.342  10.383  -21.731 0.0000000000
115132  -29.134  10.382  -20.786 0.0000000000
115143  -30.010  10.025  -22.946 0.0000000000
115144  -30.405  9.909  -23.179 0.0000000000
115153  -30.173  9.232  -23.646 0.0000000000
115154  -30.555  9.251  -23.504 0.0000000000
115248  -20.363  7.984  -31.216 0.0000000000
115249  -20.827  7.936  -31.610 0.0000000000
115250  -20.522  9.448  -32.866 0.0000000000
115251  -21.851  12.287  -35.654 0.0000000000
115252  -24.684  12.348  -36.717 0.0000000000
115253  -26.798  11.272  -36.152 0.0000000000
115254  -27.691  10.192  -35.702 0.0000000000
115255  -27.952  9.425  -36.340 0.0000000000
115279  -20.024  8.398  -31.840 0.0000000000
115280  -20.030  8.766  -32.429 0.0000000000
115281  -19.986  9.906  -33.594 0.0000000000
115282  -20.849  11.395  -35.408 0.0000000000
115283  -23.358  11.785  -36.946 0.0000000000
115945  -33.398  11.962  -18.117 0.0000000000
115962  -33.219  11.637  -18.638 0.0000000000
115963  -32.978  11.655  -18.685 0.0000000000
115964  -32.591  11.483  -18.691 0.0000000000
115970  -32.652  11.450  -18.757 0.0000000000
115971  -32.188  11.243  -18.922 0.0000000000
115972  -31.417  10.697  -19.268 0.0000000000
115978  -32.223  11.277  -19.154 0.0000000000
115979  -31.536  10.852  -19.427 0.0000000000
115980  -30.468  10.485  -19.755 0.0000000000
115981  -29.701  10.494  -20.120 0.0000000000
115985  -31.722  11.031  -19.582 0.0000000000
115986  -31.008  10.897  -19.855 0.0000000000
115987  -29.943  11.033  -20.448 0.0000000000
115988  -29.400  10.661  -20.465 0.0000000000
115994  -30.667  11.327  -21.127 0.0000000000
115995  -29.984  10.927  -21.495 0.0000000000
115996  -29.439  10.776  -20.975 0.0000000000
116008  -30.910  11.001  -21.364 0.0000000000
116009  -30.425  10.415  -22.030 0.0000000000
116010  -30.346  10.085  -22.882 0.0000000000
116023  -30.940  10.576  -21.862 0.0000000000
116024  -31.023  10.205  -22.205 0.0000000000
116025  -30.576  9.724  -22.776 0.0000000000
116097  -19.874  9.596  -31.170 0.0000000000
116098  -27.028  13.597  -35.108 0.0000000000
116112  -20.036  10.673  -32.857 0.0000000000
116113  -21.296  12.366  -34.501 0.0000000000
116114  -23.632  13.251  -35.823 0.0000000000
116115  -26.009  12.903  -36.026 0.0000000000
116116  -27.496  11.810  -35.294 0.0000000000
116746  -34.884  12.754  -17.975 0.0000000000
116766  -33.019  11.578  -18.752 0.0000000000
116775  -32.839  11.501  -18.900 0.0000000000
116781  -32.579  11.396  -19.349 0.0000000000
116782  -32.621  11.396  -19.104 0.0000000000
116787  -32.504  11.414  -19.504 0.0000000000
116788  -32.157  11.286  -19.531 0.0000000000
116789  -31.552  11.170  -19.907 0.0000000000
116790  -30.786  11.248  -20.322 0.0000000000
116796  -32.348  11.412  -19.699 0.0000000000
116797  -32.122  11.406  -19.832 0.0000000000
116798  -31.510  11.572  -20.414 0.0000000000
116799  -30.440  11.382  -20.815 0.0000000000
116806  -31.487  11.800  -20.772 0.0000000000
116817  -31.518  11.899  -20.714 0.0000000000
116818  -31.474  11.503  -20.992 0.0000000000
116828  -30.223  11.825  -20.768 0.0000000000
116829  -30.558  11.625  -20.905 0.0000000000
116830  -31.000  11.386  -21.082 0.0000000000
116831  -30.985  10.473  -21.986 0.0000000000
116856  -28.859  11.804  -22.734 0.0000000000
116888  -19.103  10.791  -26.544 0.0000000000
116899  -19.155  10.808  -28.555 0.0000000000
116908  -19.798  11.222  -30.459 0.0000000000
116909  -26.367  14.902  -34.385 0.0000000000
116928  -20.422  12.052  -32.118 0.0000000000
116929  -21.397  13.128  -33.644 0.0000000000
116930  -23.058  14.093  -34.974 0.0000000000
116931  -25.182  14.214  -35.445 0.0000000000
117519  -36.706  13.404  -17.438 0.0000000000
117545  -33.306  11.593  -18.949 0.0000000000
117546  -34.019  11.761  -18.931 0.0000000000
117554  -32.794  11.475  -19.257 0.0000000000
117555  -33.224  11.606  -19.201 0.0000000000
117556  -33.973  11.795  -19.232 0.0000000000
117563  -32.756  11.534  -19.486 0.0000000000
117564  -33.129  11.687  -19.506 0.0000000000
117565  -33.680  11.933  -19.620 0.0000000000
117572  -32.582  11.532  -19.662 0.0000000000
117573  -32.640  11.663  -19.868 0.0000000000
117574  -32.956  12.039  -20.169 0.0000000000
117581  -32.793  12.178  -20.447 0.0000000000
117590  -31.679  12.024  -20.648 0.0000000000
117591  -32.650  12.312  -20.705 0.0000000000
117602  -30.025  12.026  -20.952 0.0000000000
117603  -30.539  12.278  -21.138 0.0000000000
117604  -31.725  12.298  -21.045 0.0000000000
117605  -33.540  13.119  -21.570 0.0000000000
117657  -25.614  11.151  -21.812 0.0000000000
117658  -27.389  11.335  -21.630 0.0000000000
117671  -20.064  12.510  -24.566 0.0000000000
117679  -19.704  12.436  -26.104 0.0000000000
117688  -19.642  12.633  -27.970 0.0000000000
117705  -20.218  12.899  -29.816 0.0000000000
117728  -20.735  13.327  -31.408 0.0000000000
117729  -21.541  14.076  -32.844 0.0000000000
117730  -22.923  14.738  -33.947 0.0000000000
117731  -24.591  15.116  -34.551 0.0000000000
118362  -31.537  12.938  -21.725 0.0000000000
118363  -32.696  13.396  -22.031 0.0000000000
118396  -21.115  12.924  -23.821 0.0000000000
118397  -22.147  13.031  -23.618 0.0000000000
118398  -23.738  13.377  -23.617 0.0000000000
118399  -25.267  13.167  -23.064 0.0000000000
118416  -20.853  13.145  -24.538 0.0000000000
118417  -21.990  13.678  -24.985 0.0000000000
118418  -23.198  14.370  -25.215 0.0000000000
118425  -20.591  13.474  -25.872 0.0000000000
118431  -20.598  13.973  -27.555 0.0000000000
118447  -20.703  14.732  -29.430 0.0000000000
118448  -21.547  15.918  -30.903 0.0000000000
118449  -22.697  16.681  -31.986 0.0000000000
118469  -20.809  14.561  -30.824 0.0000000000
118470  -21.551  15.154  -31.989 0.0000000000
118471  -22.875  15.617  -33.023 0.0000000000
118472  -24.113  16.036  -33.913 0.0000000000
119101  -21.614  13.982  -25.870 0.0000000000
119102  -22.526  15.535  -26.432 0.0000000000
119116  -21.606  14.837  -27.142 0.0000000000
119117  -22.322  16.684  -28.044 0.0000000000
119126  -21.434  15.796  -28.651 0.0000000000
119127  -22.263  17.232  -29.459 0.0000000000
119146  -21.585  16.392  -29.907 0.0000000000
119147  -22.528  17.344  -30.748 0.0000000000
146572  -29.977  12.504  -21.473 0.0000000000
146574  -29.886  12.311  -21.346 0.0000000000
146581  -30.216  12.660  -21.625 0.0000000000
146582  -29.559  11.793  -21.585 0.0000000000
