#!ascii label  , from subject subject001 vox2ras=TkReg
2193
22468  -10.307  -74.939  44.648 0.0000000000
23717  -9.148  -72.345  43.927 0.0000000000
23718  -9.680  -72.763  44.317 0.0000000000
23719  -11.046  -74.161  45.944 0.0000000000
23720  -11.728  -74.287  45.714 0.0000000000
23722  -10.159  -74.034  44.878 0.0000000000
23723  -10.944  -75.128  45.962 0.0000000000
24879  -9.623  -71.655  45.510 0.0000000000
24880  -9.796  -72.967  46.424 0.0000000000
24881  -10.698  -73.988  47.002 0.0000000000
24882  -9.064  -71.820  44.377 0.0000000000
24883  -10.361  -73.602  45.771 0.0000000000
24884  -11.361  -74.716  46.730 0.0000000000
24885  -13.490  -73.916  45.574 0.0000000000
24886  -15.175  -73.490  44.560 0.0000000000
24889  -10.835  -74.797  46.109 0.0000000000
24890  -11.219  -75.143  46.345 0.0000000000
24947  -17.112  -69.905  35.242 0.0000000000
24948  -17.387  -69.769  35.086 0.0000000000
24961  -17.613  -69.485  34.842 0.0000000000
26087  -8.708  -71.314  46.740 0.0000000000
26088  -10.003  -71.905  47.306 0.0000000000
26089  -11.450  -72.130  47.387 0.0000000000
26090  -12.256  -71.921  47.279 0.0000000000
26091  -8.683  -70.683  45.213 0.0000000000
26092  -9.303  -72.195  46.729 0.0000000000
26093  -10.938  -73.263  47.657 0.0000000000
26094  -12.650  -72.604  47.886 0.0000000000
26095  -7.138  -70.174  43.762 0.0000000000
26096  -11.559  -74.099  47.393 0.0000000000
26097  -13.377  -73.253  47.056 0.0000000000
26098  -15.495  -72.376  44.911 0.0000000000
26099  -15.468  -70.858  43.642 0.0000000000
26101  -6.171  -69.508  42.360 0.0000000000
26102  -14.981  -72.029  43.232 0.0000000000
26103  -15.411  -71.001  43.044 0.0000000000
26106  -6.455  -68.639  40.854 0.0000000000
26107  -7.840  -67.693  40.208 0.0000000000
26108  -8.475  -67.224  39.875 0.0000000000
26110  -15.564  -71.126  42.006 0.0000000000
26114  -7.332  -67.962  39.344 0.0000000000
26115  -8.432  -67.318  39.282 0.0000000000
26117  -15.542  -71.204  41.352 0.0000000000
26122  -8.590  -67.892  38.418 0.0000000000
26124  -15.602  -70.113  38.812 0.0000000000
26130  -15.630  -70.138  38.334 0.0000000000
26135  -15.979  -70.222  37.553 0.0000000000
26138  -16.521  -69.865  36.235 0.0000000000
26139  -16.703  -69.495  35.713 0.0000000000
26147  -16.707  -70.014  35.767 0.0000000000
26148  -16.868  -69.720  35.439 0.0000000000
26158  -17.261  -69.507  35.087 0.0000000000
26159  -17.517  -69.212  34.830 0.0000000000
26173  -17.775  -68.884  34.470 0.0000000000
27326  -9.238  -71.250  48.878 0.0000000000
27327  -10.171  -71.070  48.258 0.0000000000
27328  -11.410  -70.875  47.731 0.0000000000
27329  -12.339  -70.714  47.329 0.0000000000
27330  -8.989  -71.071  47.816 0.0000000000
27331  -10.678  -71.496  47.753 0.0000000000
27332  -11.903  -71.371  47.394 0.0000000000
27333  -13.201  -71.416  47.675 0.0000000000
27334  -14.069  -70.976  46.770 0.0000000000
27335  -8.145  -69.738  45.947 0.0000000000
27336  -7.310  -68.804  44.967 0.0000000000
27337  -13.930  -72.097  47.379 0.0000000000
27338  -14.928  -71.172  46.408 0.0000000000
27339  -15.565  -70.466  45.222 0.0000000000
27340  -7.215  -69.423  44.574 0.0000000000
27341  -7.286  -68.090  43.880 0.0000000000
27342  -14.551  -72.212  46.954 0.0000000000
27343  -15.203  -71.788  46.022 0.0000000000
27344  -15.582  -70.458  44.148 0.0000000000
27345  -6.605  -68.689  43.271 0.0000000000
27346  -7.164  -67.434  42.477 0.0000000000
27347  -8.090  -67.206  41.582 0.0000000000
27348  -16.169  -70.202  42.997 0.0000000000
27349  -6.603  -68.165  42.052 0.0000000000
27350  -7.413  -67.633  41.338 0.0000000000
27351  -8.600  -67.172  40.575 0.0000000000
27352  -16.160  -70.292  41.969 0.0000000000
27353  -9.520  -67.304  39.559 0.0000000000
27354  -10.308  -67.475  39.032 0.0000000000
27355  -15.598  -70.775  40.421 0.0000000000
27356  -15.838  -70.435  40.706 0.0000000000
27357  -9.601  -67.621  38.756 0.0000000000
27358  -10.467  -67.689  38.346 0.0000000000
27359  -15.556  -70.603  40.049 0.0000000000
27360  -15.727  -69.981  39.359 0.0000000000
27361  -9.662  -67.879  38.015 0.0000000000
27362  -10.263  -67.938  37.403 0.0000000000
27363  -15.803  -69.701  38.453 0.0000000000
27366  -16.047  -69.509  37.675 0.0000000000
27367  -16.405  -69.015  36.947 0.0000000000
27370  -16.303  -69.585  36.846 0.0000000000
27371  -16.615  -69.116  36.105 0.0000000000
27375  -16.893  -69.138  35.430 0.0000000000
27386  -17.113  -69.258  35.135 0.0000000000
27387  -17.375  -68.912  34.873 0.0000000000
27399  -17.640  -68.417  34.381 0.0000000000
28571  -8.668  -70.350  49.919 0.0000000000
28572  -9.362  -70.645  49.783 0.0000000000
28573  -10.427  -70.250  48.887 0.0000000000
28574  -11.567  -69.895  48.281 0.0000000000
28575  -8.562  -70.448  49.087 0.0000000000
28576  -9.744  -71.099  49.269 0.0000000000
28577  -10.914  -70.931  48.696 0.0000000000
28578  -12.386  -70.052  47.695 0.0000000000
28579  -13.587  -69.739  47.292 0.0000000000
28580  -8.131  -69.082  46.998 0.0000000000
28581  -7.109  -68.352  45.926 0.0000000000
28582  -13.086  -70.308  47.297 0.0000000000
28583  -14.018  -69.884  46.722 0.0000000000
28584  -14.802  -69.238  45.814 0.0000000000
28585  -7.305  -68.790  45.703 0.0000000000
28586  -7.422  -67.517  44.635 0.0000000000
28587  -8.429  -66.389  43.740 0.0000000000
28588  -14.905  -70.236  46.373 0.0000000000
28589  -15.276  -69.500  45.130 0.0000000000
28590  -7.757  -67.018  43.230 0.0000000000
28591  -9.229  -66.409  42.859 0.0000000000
28592  -10.433  -66.104  42.214 0.0000000000
28593  -16.201  -69.387  44.195 0.0000000000
28594  -8.329  -67.225  42.364 0.0000000000
28595  -9.451  -66.517  41.387 0.0000000000
28596  -11.163  -66.253  41.427 0.0000000000
28597  -16.830  -69.209  43.244 0.0000000000
28598  -17.296  -68.512  42.771 0.0000000000
28599  -10.060  -66.935  39.988 0.0000000000
28600  -10.997  -66.688  40.292 0.0000000000
28601  -16.801  -69.435  42.174 0.0000000000
28602  -17.241  -68.757  42.348 0.0000000000
28603  -10.373  -67.332  39.423 0.0000000000
28604  -10.981  -67.200  39.045 0.0000000000
28605  -16.540  -69.376  41.055 0.0000000000
28606  -17.241  -68.617  41.451 0.0000000000
28607  -11.225  -67.378  37.777 0.0000000000
28608  -16.411  -69.324  39.833 0.0000000000
28609  -17.077  -68.476  40.301 0.0000000000
28610  -11.143  -67.433  36.860 0.0000000000
28611  -16.193  -69.206  38.735 0.0000000000
28612  -16.750  -68.381  39.107 0.0000000000
28614  -16.090  -69.262  38.123 0.0000000000
28615  -16.507  -68.554  37.806 0.0000000000
28618  -16.755  -68.286  36.543 0.0000000000
28622  -17.024  -68.273  35.506 0.0000000000
28623  -17.256  -67.756  35.170 0.0000000000
28632  -17.149  -68.763  35.093 0.0000000000
28633  -17.383  -67.948  34.731 0.0000000000
29839  -7.916  -68.822  50.611 0.0000000000
29840  -8.802  -68.871  50.193 0.0000000000
29841  -10.143  -69.002  49.959 0.0000000000
29842  -11.299  -68.853  49.307 0.0000000000
29843  -7.799  -69.540  49.889 0.0000000000
29844  -9.054  -70.044  50.124 0.0000000000
29845  -10.253  -69.902  49.657 0.0000000000
29846  -11.847  -69.285  48.723 0.0000000000
29847  -13.128  -68.995  48.388 0.0000000000
29848  -7.101  -69.102  48.119 0.0000000000
29849  -7.322  -67.800  46.848 0.0000000000
29850  -7.612  -66.677  45.832 0.0000000000
29851  -12.618  -69.477  48.176 0.0000000000
29852  -13.862  -69.108  47.892 0.0000000000
29853  -14.672  -68.409  46.951 0.0000000000
29854  -7.047  -68.501  46.704 0.0000000000
29855  -7.474  -67.257  45.595 0.0000000000
29856  -8.658  -65.844  44.735 0.0000000000
29857  -14.077  -69.056  46.861 0.0000000000
29858  -14.698  -68.663  46.180 0.0000000000
29859  -8.244  -66.318  44.429 0.0000000000
29860  -10.030  -65.765  43.698 0.0000000000
29861  -11.233  -65.341  43.320 0.0000000000
29862  -15.589  -68.378  45.339 0.0000000000
29863  -10.353  -65.916  42.840 0.0000000000
29864  -11.428  -65.599  42.485 0.0000000000
29865  -12.013  -65.219  42.192 0.0000000000
29866  -16.753  -68.343  44.321 0.0000000000
29867  -17.386  -67.796  43.908 0.0000000000
29868  -11.828  -65.709  41.381 0.0000000000
29869  -12.016  -65.340  41.869 0.0000000000
29870  -17.015  -68.845  43.824 0.0000000000
29871  -17.352  -68.114  43.318 0.0000000000
29872  -11.634  -66.119  40.467 0.0000000000
29873  -17.509  -67.905  42.108 0.0000000000
29874  -11.638  -66.281  39.145 0.0000000000
29875  -11.812  -65.832  38.510 0.0000000000
29876  -17.498  -67.625  40.843 0.0000000000
29877  -11.662  -66.515  38.043 0.0000000000
29878  -11.859  -66.035  38.284 0.0000000000
29879  -17.341  -67.495  39.640 0.0000000000
29880  -11.993  -66.579  36.964 0.0000000000
29881  -12.383  -65.943  36.495 0.0000000000
29882  -17.125  -67.433  38.420 0.0000000000
29883  -11.746  -66.724  36.242 0.0000000000
29884  -12.300  -66.024  36.089 0.0000000000
29885  -17.148  -67.450  37.189 0.0000000000
29888  -17.260  -67.384  36.019 0.0000000000
29889  -17.450  -66.860  35.788 0.0000000000
29892  -17.237  -67.637  35.429 0.0000000000
29893  -17.369  -67.069  35.223 0.0000000000
31165  -9.225  -66.546  51.011 0.0000000000
31166  -9.793  -66.883  50.827 0.0000000000
31167  -7.277  -68.023  50.429 0.0000000000
31168  -8.453  -67.785  51.022 0.0000000000
31169  -10.218  -67.740  50.408 0.0000000000
31170  -11.642  -67.902  49.603 0.0000000000
31171  -6.562  -68.198  48.553 0.0000000000
31172  -7.565  -66.482  46.698 0.0000000000
31173  -7.998  -65.855  45.786 0.0000000000
31174  -12.771  -68.313  48.937 0.0000000000
31175  -12.907  -68.695  48.588 0.0000000000
31176  -15.069  -66.488  48.305 0.0000000000
31177  -15.467  -65.947  47.971 0.0000000000
31178  -6.633  -68.401  47.691 0.0000000000
31179  -7.386  -67.139  46.862 0.0000000000
31180  -8.239  -65.808  45.387 0.0000000000
31181  -13.525  -68.300  48.846 0.0000000000
31182  -13.838  -68.476  48.728 0.0000000000
31183  -15.026  -67.608  47.909 0.0000000000
31184  -15.494  -66.347  47.635 0.0000000000
31185  -10.095  -65.102  44.591 0.0000000000
31186  -10.938  -64.786  44.242 0.0000000000
31187  -15.598  -67.570  46.216 0.0000000000
31188  -15.936  -66.471  46.814 0.0000000000
31189  -10.140  -65.385  44.288 0.0000000000
31190  -11.100  -65.098  43.880 0.0000000000
31191  -16.888  -67.334  45.079 0.0000000000
31192  -16.652  -66.594  45.852 0.0000000000
31193  -5.540  -66.754  42.244 0.0000000000
31194  -5.696  -66.834  42.602 0.0000000000
31195  -11.767  -65.083  43.062 0.0000000000
31196  -12.067  -65.025  42.444 0.0000000000
31197  -17.383  -67.402  44.232 0.0000000000
31198  -17.569  -67.180  43.586 0.0000000000
31199  -5.195  -66.872  40.707 0.0000000000
31200  -5.619  -66.976  41.464 0.0000000000
31201  -6.259  -67.116  42.091 0.0000000000
31202  -12.037  -65.171  41.315 0.0000000000
31203  -12.133  -64.968  41.909 0.0000000000
31204  -17.647  -66.930  42.662 0.0000000000
31205  -4.486  -66.828  38.990 0.0000000000
31206  -4.929  -67.185  39.805 0.0000000000
31207  -5.849  -67.455  40.441 0.0000000000
31208  -6.631  -67.599  41.139 0.0000000000
31209  -11.853  -65.508  40.560 0.0000000000
31210  -17.652  -66.672  41.429 0.0000000000
31211  -4.373  -66.984  38.146 0.0000000000
31212  -5.014  -67.365  38.718 0.0000000000
31213  -5.804  -67.524  39.417 0.0000000000
31214  -6.746  -67.862  40.095 0.0000000000
31215  -11.667  -65.686  39.579 0.0000000000
31216  -11.749  -65.588  38.670 0.0000000000
31217  -17.623  -66.522  40.206 0.0000000000
31218  -4.486  -66.912  37.303 0.0000000000
31219  -5.010  -67.417  37.727 0.0000000000
31220  -5.762  -67.424  38.357 0.0000000000
31221  -6.603  -67.484  39.012 0.0000000000
31222  -12.074  -66.001  37.746 0.0000000000
31223  -12.010  -65.537  37.925 0.0000000000
31224  -17.487  -66.455  39.025 0.0000000000
31225  -4.595  -66.844  36.848 0.0000000000
31226  -5.010  -67.149  36.812 0.0000000000
31227  -5.848  -67.363  37.339 0.0000000000
31228  -6.485  -67.453  38.056 0.0000000000
31229  -12.089  -66.213  37.430 0.0000000000
31230  -12.300  -65.635  37.001 0.0000000000
31231  -17.516  -66.365  37.803 0.0000000000
31232  -17.641  -65.789  37.634 0.0000000000
31233  -5.336  -66.852  36.430 0.0000000000
31234  -5.638  -67.068  36.662 0.0000000000
31235  -12.540  -65.326  36.088 0.0000000000
31236  -17.532  -66.695  36.678 0.0000000000
31237  -17.665  -65.902  37.071 0.0000000000
31239  -17.481  -66.782  36.089 0.0000000000
31240  -17.562  -66.189  35.968 0.0000000000
32484  -7.252  -65.761  52.160 0.0000000000
32485  -8.371  -66.224  51.759 0.0000000000
32486  -10.373  -65.969  51.446 0.0000000000
32487  -11.758  -65.823  50.827 0.0000000000
32488  -6.633  -66.725  51.325 0.0000000000
32489  -7.492  -67.446  51.409 0.0000000000
32490  -10.869  -66.461  50.547 0.0000000000
32491  -12.344  -66.592  50.173 0.0000000000
32492  -13.784  -66.458  49.689 0.0000000000
32493  -5.954  -67.320  49.739 0.0000000000
32494  -7.117  -66.311  47.388 0.0000000000
32495  -7.821  -65.874  46.152 0.0000000000
32496  -13.215  -67.218  49.207 0.0000000000
32497  -14.294  -66.661  49.044 0.0000000000
32498  -15.394  -66.766  49.404 0.0000000000
32499  -15.235  -65.676  48.636 0.0000000000
32500  -4.464  -65.585  45.302 0.0000000000
32501  -4.657  -65.695  45.792 0.0000000000
32502  -5.012  -65.675  46.179 0.0000000000
32503  -7.823  -65.615  45.892 0.0000000000
32504  -8.400  -65.328  45.231 0.0000000000
32505  -13.640  -68.034  48.921 0.0000000000
32506  -14.369  -67.640  48.984 0.0000000000
32507  -14.781  -66.951  48.622 0.0000000000
32508  -16.046  -65.354  47.467 0.0000000000
32510  -4.493  -65.853  45.003 0.0000000000
32511  -4.599  -66.309  45.028 0.0000000000
32512  -5.390  -66.035  45.657 0.0000000000
32513  -6.121  -65.841  45.614 0.0000000000
32514  -9.803  -64.860  44.867 0.0000000000
32515  -10.729  -64.515  44.434 0.0000000000
32516  -16.902  -65.499  46.121 0.0000000000
32518  -4.733  -66.523  43.952 0.0000000000
32519  -5.616  -66.465  44.489 0.0000000000
32520  -6.404  -66.014  44.980 0.0000000000
32521  -11.271  -64.463  43.812 0.0000000000
32522  -17.505  -66.742  44.351 0.0000000000
32523  -17.414  -65.981  44.928 0.0000000000
32524  -4.626  -66.226  42.244 0.0000000000
32525  -4.793  -66.655  42.904 0.0000000000
32526  -6.192  -66.883  43.095 0.0000000000
32527  -7.033  -66.500  43.891 0.0000000000
32528  -11.699  -64.615  43.186 0.0000000000
32529  -11.980  -64.641  42.666 0.0000000000
32530  -17.621  -66.847  43.918 0.0000000000
32531  -17.801  -66.086  43.548 0.0000000000
32532  -4.263  -65.938  40.690 0.0000000000
32533  -4.717  -66.307  41.382 0.0000000000
32534  -5.191  -66.431  42.067 0.0000000000
32535  -7.278  -67.446  41.909 0.0000000000
32536  -7.997  -67.129  42.802 0.0000000000
32537  -8.601  -66.831  42.698 0.0000000000
32538  -12.019  -64.710  41.441 0.0000000000
32539  -12.089  -64.584  42.120 0.0000000000
32540  -17.792  -65.697  42.065 0.0000000000
32541  -4.137  -66.221  39.810 0.0000000000
32542  -4.645  -66.543  40.472 0.0000000000
32543  -7.537  -67.736  40.725 0.0000000000
32544  -8.314  -67.023  41.405 0.0000000000
32545  -8.775  -66.874  42.330 0.0000000000
32546  -11.844  -65.047  40.650 0.0000000000
32547  -17.747  -65.410  40.745 0.0000000000
32548  -17.686  -64.818  40.486 0.0000000000
32549  -3.139  -65.769  38.144 0.0000000000
32550  -3.646  -66.263  38.722 0.0000000000
32551  -7.538  -67.776  39.599 0.0000000000
32552  -8.284  -67.357  40.114 0.0000000000
32553  -11.539  -65.365  39.753 0.0000000000
32554  -11.613  -65.355  38.804 0.0000000000
32555  -17.673  -65.484  39.566 0.0000000000
32556  -17.667  -64.905  40.119 0.0000000000
32557  -3.232  -65.601  37.302 0.0000000000
32558  -3.706  -66.469  37.691 0.0000000000
32559  -7.298  -67.360  38.445 0.0000000000
32560  -8.159  -67.123  38.914 0.0000000000
32561  -11.886  -65.066  38.009 0.0000000000
32562  -17.620  -65.524  38.484 0.0000000000
32563  -17.672  -65.045  38.302 0.0000000000
32564  -3.288  -65.480  36.110 0.0000000000
32565  -4.122  -66.310  36.688 0.0000000000
32566  -4.673  -66.761  36.609 0.0000000000
32567  -6.250  -67.010  36.733 0.0000000000
32568  -6.925  -67.091  37.342 0.0000000000
32569  -7.875  -66.746  37.792 0.0000000000
32570  -12.253  -64.811  37.193 0.0000000000
32571  -17.627  -65.713  37.922 0.0000000000
32572  -17.695  -65.225  37.724 0.0000000000
32573  -3.434  -65.204  35.060 0.0000000000
32574  -3.987  -65.963  35.495 0.0000000000
32575  -4.896  -66.470  36.040 0.0000000000
32576  -5.934  -66.445  36.061 0.0000000000
32577  -6.973  -66.426  36.436 0.0000000000
32578  -7.658  -66.431  36.915 0.0000000000
32579  -12.573  -64.565  36.277 0.0000000000
32580  -17.792  -65.173  36.633 0.0000000000
32581  -3.645  -64.951  34.541 0.0000000000
32582  -4.002  -65.479  34.655 0.0000000000
32583  -4.716  -65.814  35.038 0.0000000000
32584  -5.437  -66.046  35.345 0.0000000000
33861  -8.504  -63.778  53.404 0.0000000000
33862  -9.320  -64.168  53.384 0.0000000000
33863  -5.109  -64.835  51.493 0.0000000000
33864  -6.239  -65.233  52.260 0.0000000000
33865  -8.036  -64.914  53.045 0.0000000000
33866  -9.927  -64.772  52.634 0.0000000000
33867  -12.349  -64.720  51.512 0.0000000000
33868  -14.901  -64.258  51.664 0.0000000000
33869  -16.008  -64.056  51.892 0.0000000000
33870  -4.999  -65.248  50.708 0.0000000000
33871  -5.234  -66.055  50.557 0.0000000000
33872  -12.771  -65.692  50.762 0.0000000000
33873  -14.351  -65.718  50.693 0.0000000000
33874  -16.055  -64.593  51.177 0.0000000000
33876  -4.275  -63.866  46.719 0.0000000000
33877  -4.973  -64.289  47.266 0.0000000000
33878  -5.591  -64.644  47.538 0.0000000000
33879  -5.749  -64.888  47.613 0.0000000000
33880  -5.900  -66.300  48.669 0.0000000000
33881  -7.212  -65.746  47.327 0.0000000000
33882  -15.021  -66.553  49.971 0.0000000000
33883  -15.493  -65.905  50.055 0.0000000000
33886  -4.015  -64.718  45.836 0.0000000000
33887  -4.736  -64.967  46.368 0.0000000000
33888  -5.571  -65.313  46.578 0.0000000000
33889  -6.224  -64.923  46.947 0.0000000000
33890  -7.740  -65.624  46.141 0.0000000000
33891  -8.511  -65.116  45.295 0.0000000000
33894  -4.125  -65.202  44.814 0.0000000000
33895  -4.425  -65.994  44.761 0.0000000000
33896  -5.951  -65.685  45.938 0.0000000000
33897  -6.931  -65.413  45.748 0.0000000000
33898  -7.925  -65.524  45.391 0.0000000000
33899  -9.880  -64.450  44.680 0.0000000000
33900  -10.464  -64.364  44.528 0.0000000000
33901  -17.424  -64.908  45.180 0.0000000000
33903  -3.763  -65.536  43.831 0.0000000000
33904  -4.118  -66.198  44.341 0.0000000000
33905  -7.648  -65.905  44.519 0.0000000000
33906  -8.266  -65.485  44.872 0.0000000000
33907  -10.574  -63.973  44.265 0.0000000000
33908  -10.952  -63.987  44.093 0.0000000000
33909  -17.633  -64.520  44.040 0.0000000000
33911  -4.070  -65.818  42.847 0.0000000000
33912  -3.989  -66.414  43.628 0.0000000000
33913  -8.282  -66.561  43.517 0.0000000000
33914  -8.696  -65.515  43.942 0.0000000000
33915  -11.592  -64.122  42.883 0.0000000000
33916  -11.806  -64.381  42.741 0.0000000000
33917  -17.832  -64.687  42.675 0.0000000000
33918  -4.142  -65.228  41.331 0.0000000000
33919  -4.519  -65.574  41.919 0.0000000000
33920  -8.471  -66.736  42.915 0.0000000000
33921  -9.172  -66.354  42.946 0.0000000000
33922  -11.891  -64.235  41.765 0.0000000000
33923  -11.943  -64.315  42.431 0.0000000000
33924  -17.745  -64.444  41.354 0.0000000000
33925  -17.643  -63.788  40.846 0.0000000000
33926  -3.850  -65.159  40.463 0.0000000000
33927  -9.096  -66.823  40.432 0.0000000000
33928  -9.850  -66.203  41.357 0.0000000000
33929  -10.342  -64.966  40.568 0.0000000000
33930  -11.688  -64.739  40.735 0.0000000000
33931  -17.698  -64.726  40.731 0.0000000000
33932  -17.627  -64.249  40.327 0.0000000000
33933  -3.105  -65.328  38.699 0.0000000000
33934  -3.426  -65.053  39.619 0.0000000000
33935  -8.971  -66.642  39.329 0.0000000000
33936  -9.731  -65.986  39.757 0.0000000000
33937  -10.228  -65.332  40.063 0.0000000000
33938  -11.449  -65.151  39.838 0.0000000000
33939  -11.437  -65.246  38.922 0.0000000000
33940  -17.661  -65.009  38.902 0.0000000000
33941  -17.652  -64.600  39.440 0.0000000000
33942  -2.555  -64.843  38.239 0.0000000000
33943  -2.533  -64.619  39.205 0.0000000000
33944  -8.726  -66.292  38.144 0.0000000000
33945  -9.594  -65.624  38.397 0.0000000000
33946  -10.221  -65.271  39.081 0.0000000000
33947  -11.655  -64.929  38.096 0.0000000000
33948  -17.675  -65.003  38.548 0.0000000000
33949  -17.741  -64.485  38.428 0.0000000000
33950  -2.673  -64.662  36.885 0.0000000000
33951  -8.419  -66.041  37.096 0.0000000000
33952  -9.218  -65.608  37.349 0.0000000000
33953  -12.128  -64.381  37.398 0.0000000000
33954  -17.947  -64.310  37.286 0.0000000000
33955  -2.715  -64.563  35.500 0.0000000000
33956  -6.116  -65.786  35.246 0.0000000000
33957  -6.924  -65.751  35.463 0.0000000000
33958  -8.110  -66.013  35.899 0.0000000000
33959  -9.020  -65.655  36.378 0.0000000000
33960  -12.483  -63.933  36.495 0.0000000000
33962  -3.070  -64.432  34.204 0.0000000000
33963  -4.035  -64.798  34.076 0.0000000000
33964  -4.824  -64.950  34.382 0.0000000000
33965  -5.744  -65.219  34.618 0.0000000000
33966  -6.526  -65.352  34.841 0.0000000000
33970  -3.341  -63.770  33.234 0.0000000000
33971  -3.922  -64.341  33.350 0.0000000000
33972  -4.840  -64.453  33.495 0.0000000000
33973  -5.491  -64.649  33.949 0.0000000000
33977  -3.573  -63.511  32.775 0.0000000000
33978  -3.961  -63.848  32.774 0.0000000000
33979  -4.491  -64.149  32.888 0.0000000000
35153  -6.078  -62.797  50.890 0.0000000000
35154  -5.988  -62.823  52.100 0.0000000000
35155  -6.850  -62.788  52.899 0.0000000000
35156  -8.283  -62.690  53.290 0.0000000000
35157  -10.033  -62.876  53.025 0.0000000000
35158  -11.813  -62.288  53.065 0.0000000000
35159  -12.819  -61.793  52.792 0.0000000000
35160  -5.634  -62.334  49.010 0.0000000000
35161  -5.616  -62.766  49.964 0.0000000000
35162  -5.457  -63.652  51.386 0.0000000000
35163  -5.856  -63.905  52.508 0.0000000000
35164  -7.151  -63.921  53.245 0.0000000000
35165  -10.137  -63.975  53.169 0.0000000000
35166  -11.278  -63.639  52.776 0.0000000000
35167  -13.428  -62.765  52.320 0.0000000000
35168  -15.579  -63.315  52.399 0.0000000000
35169  -16.250  -62.996  51.866 0.0000000000
35170  -5.075  -62.189  48.612 0.0000000000
35171  -5.601  -62.992  48.857 0.0000000000
35172  -5.214  -64.280  50.090 0.0000000000
35173  -5.149  -65.298  49.850 0.0000000000
35174  -16.390  -63.901  51.919 0.0000000000
35177  -4.124  -62.973  46.868 0.0000000000
35178  -4.601  -62.779  47.739 0.0000000000
35179  -5.586  -63.866  48.263 0.0000000000
35180  -5.510  -64.803  48.535 0.0000000000
35181  -5.492  -65.642  48.592 0.0000000000
35182  -6.487  -65.713  47.540 0.0000000000
35185  -3.748  -63.273  46.172 0.0000000000
35186  -5.960  -65.142  47.525 0.0000000000
35187  -6.910  -65.035  47.158 0.0000000000
35188  -7.586  -65.551  46.322 0.0000000000
35189  -8.259  -65.266  45.473 0.0000000000
35191  -3.499  -63.714  45.195 0.0000000000
35192  -6.896  -65.031  46.704 0.0000000000
35193  -7.671  -65.429  45.894 0.0000000000
35194  -8.434  -65.207  45.248 0.0000000000
35195  -9.152  -64.686  44.953 0.0000000000
35197  -3.504  -64.030  44.177 0.0000000000
35198  -8.561  -65.213  45.021 0.0000000000
35199  -9.301  -64.631  44.613 0.0000000000
35200  -10.170  -64.091  44.309 0.0000000000
35201  -10.796  -63.830  43.933 0.0000000000
35206  -4.251  -64.160  43.088 0.0000000000
35207  -9.104  -64.837  44.274 0.0000000000
35208  -9.873  -64.194  43.813 0.0000000000
35209  -10.612  -63.876  43.423 0.0000000000
35210  -11.111  -63.855  43.130 0.0000000000
35211  -17.631  -63.632  42.909 0.0000000000
35219  -4.045  -64.654  41.458 0.0000000000
35220  -4.319  -64.286  41.861 0.0000000000
35221  -9.502  -64.771  43.351 0.0000000000
35222  -10.270  -64.195  42.777 0.0000000000
35223  -10.902  -63.910  42.248 0.0000000000
35224  -11.436  -63.962  41.935 0.0000000000
35225  -17.698  -63.828  42.094 0.0000000000
35226  -17.610  -63.299  41.369 0.0000000000
35233  -3.777  -64.439  41.107 0.0000000000
35234  -3.824  -63.347  40.978 0.0000000000
35235  -4.198  -62.608  40.638 0.0000000000
35236  -9.901  -64.938  42.356 0.0000000000
35237  -10.470  -64.480  41.363 0.0000000000
35238  -11.058  -64.359  40.770 0.0000000000
35239  -11.394  -64.556  40.699 0.0000000000
35240  -17.633  -63.257  40.355 0.0000000000
35246  -3.624  -64.003  40.345 0.0000000000
35247  -3.940  -62.939  40.321 0.0000000000
35248  -4.585  -62.201  40.277 0.0000000000
35249  -10.736  -64.849  39.654 0.0000000000
35250  -11.008  -64.824  39.412 0.0000000000
35251  -11.332  -65.018  39.674 0.0000000000
35252  -11.278  -65.151  39.081 0.0000000000
35253  -17.736  -63.530  39.260 0.0000000000
35258  -2.293  -63.725  39.017 0.0000000000
35259  -3.482  -63.270  39.821 0.0000000000
35260  -4.324  -62.368  40.081 0.0000000000
35261  -4.920  -61.872  40.059 0.0000000000
35262  -9.828  -65.313  37.475 0.0000000000
35263  -10.500  -64.835  37.653 0.0000000000
35264  -11.250  -65.042  38.758 0.0000000000
35265  -11.435  -64.900  38.230 0.0000000000
35267  -2.374  -63.598  37.806 0.0000000000
35268  -4.247  -62.258  39.898 0.0000000000
35269  -4.735  -62.017  39.968 0.0000000000
35270  -4.869  -61.543  40.111 0.0000000000
35271  -9.748  -65.183  36.614 0.0000000000
35272  -10.165  -64.331  35.949 0.0000000000
35273  -11.864  -64.333  37.571 0.0000000000
35275  -2.318  -63.499  36.286 0.0000000000
35276  -7.025  -65.314  34.767 0.0000000000
35277  -7.751  -65.273  34.778 0.0000000000
35278  -9.138  -64.986  35.170 0.0000000000
35279  -9.992  -64.119  34.685 0.0000000000
35280  -12.227  -63.707  36.806 0.0000000000
35282  -2.059  -63.485  34.756 0.0000000000
35283  -6.022  -64.812  33.847 0.0000000000
35284  -6.783  -64.825  34.077 0.0000000000
35285  -8.052  -64.093  33.746 0.0000000000
35286  -9.386  -63.907  34.190 0.0000000000
35287  -9.931  -63.837  34.237 0.0000000000
35288  -12.612  -63.073  35.717 0.0000000000
35291  -2.407  -63.463  33.600 0.0000000000
35292  -5.073  -64.168  32.829 0.0000000000
35293  -5.950  -64.376  33.065 0.0000000000
35294  -7.121  -64.249  33.129 0.0000000000
35295  -7.561  -64.008  33.059 0.0000000000
35299  -3.071  -63.062  32.721 0.0000000000
35300  -3.830  -63.362  32.457 0.0000000000
35301  -4.654  -63.554  32.464 0.0000000000
35302  -5.371  -63.950  32.669 0.0000000000
35306  -3.176  -62.579  32.304 0.0000000000
35307  -3.636  -62.821  32.228 0.0000000000
35308  -4.105  -63.097  32.227 0.0000000000
36496  -10.486  -60.818  53.481 0.0000000000
36497  -10.844  -60.736  53.428 0.0000000000
36498  -11.845  -60.684  53.441 0.0000000000
36499  -12.829  -60.639  53.601 0.0000000000
36500  -6.599  -62.229  51.031 0.0000000000
36501  -6.823  -61.839  52.095 0.0000000000
36502  -8.011  -61.684  52.644 0.0000000000
36503  -9.854  -61.248  53.145 0.0000000000
36504  -11.075  -61.350  53.369 0.0000000000
36505  -12.354  -61.240  53.332 0.0000000000
36506  -13.817  -61.204  53.446 0.0000000000
36507  -15.122  -61.283  53.248 0.0000000000
36508  -5.447  -61.544  48.943 0.0000000000
36509  -6.143  -61.616  50.021 0.0000000000
36510  -14.915  -62.051  53.077 0.0000000000
36511  -15.909  -62.062  52.526 0.0000000000
36513  -4.029  -61.140  47.763 0.0000000000
36514  -4.338  -61.395  48.271 0.0000000000
36517  -3.925  -61.966  46.912 0.0000000000
36518  -4.027  -61.750  47.761 0.0000000000
36520  -3.494  -62.364  45.613 0.0000000000
36522  -3.598  -62.711  44.654 0.0000000000
36528  -4.454  -62.402  43.504 0.0000000000
36529  -4.880  -61.319  43.069 0.0000000000
36539  -4.308  -62.658  42.317 0.0000000000
36540  -4.706  -61.466  42.470 0.0000000000
36551  -4.189  -62.625  41.404 0.0000000000
36552  -4.979  -61.367  41.513 0.0000000000
36553  -5.370  -60.468  41.122 0.0000000000
36563  -4.199  -62.638  40.944 0.0000000000
36564  -4.824  -61.854  40.702 0.0000000000
36565  -5.417  -60.749  40.711 0.0000000000
36566  -11.115  -64.785  39.708 0.0000000000
36567  -11.258  -64.892  39.873 0.0000000000
36576  -5.021  -61.493  40.269 0.0000000000
36577  -5.477  -60.938  40.308 0.0000000000
36578  -11.014  -64.672  38.321 0.0000000000
36579  -11.110  -64.853  38.606 0.0000000000
36580  -11.152  -65.025  39.065 0.0000000000
36590  -1.906  -61.621  38.227 0.0000000000
36591  -2.068  -62.529  38.818 0.0000000000
36592  -3.106  -62.615  39.526 0.0000000000
36593  -5.127  -61.281  40.202 0.0000000000
36594  -5.507  -60.986  40.085 0.0000000000
36595  -11.056  -64.033  37.324 0.0000000000
36596  -11.318  -64.194  37.577 0.0000000000
36597  -11.419  -64.553  37.973 0.0000000000
36598  -11.609  -64.482  37.676 0.0000000000
36605  -1.748  -61.517  37.619 0.0000000000
36606  -1.953  -62.252  37.203 0.0000000000
36607  -4.019  -62.255  39.797 0.0000000000
36608  -4.718  -61.807  39.929 0.0000000000
36609  -5.067  -61.296  39.984 0.0000000000
36610  -5.263  -61.029  40.090 0.0000000000
36611  -10.865  -63.742  36.375 0.0000000000
36612  -11.442  -63.432  36.569 0.0000000000
36613  -11.809  -63.535  36.922 0.0000000000
36614  -11.943  -63.812  37.267 0.0000000000
36617  -1.657  -62.544  35.610 0.0000000000
36618  -10.631  -63.655  35.114 0.0000000000
36619  -11.375  -63.155  35.252 0.0000000000
36620  -11.989  -62.778  35.562 0.0000000000
36621  -12.217  -63.203  36.224 0.0000000000
36624  -1.444  -62.583  34.586 0.0000000000
36625  -8.366  -63.760  32.841 0.0000000000
36626  -9.067  -63.715  33.115 0.0000000000
36627  -10.260  -63.492  33.861 0.0000000000
36628  -10.967  -63.351  34.549 0.0000000000
36629  -12.283  -62.352  34.774 0.0000000000
36630  -12.556  -62.510  34.977 0.0000000000
36634  -1.708  -62.887  33.926 0.0000000000
36635  -6.141  -63.938  32.756 0.0000000000
36636  -6.637  -63.894  32.755 0.0000000000
36637  -7.719  -63.882  32.650 0.0000000000
36638  -8.648  -63.542  32.329 0.0000000000
36639  -9.513  -62.991  32.450 0.0000000000
36644  -2.151  -62.524  33.158 0.0000000000
36645  -4.978  -63.018  32.245 0.0000000000
36646  -5.776  -63.448  32.482 0.0000000000
36647  -6.918  -63.033  32.449 0.0000000000
36648  -8.045  -63.029  32.137 0.0000000000
36649  -8.880  -62.933  31.707 0.0000000000
36650  -9.355  -62.558  31.697 0.0000000000
36653  -2.677  -62.223  32.416 0.0000000000
36654  -3.293  -62.194  31.958 0.0000000000
36655  -4.277  -62.559  31.919 0.0000000000
37769  -10.634  -60.596  53.285 0.0000000000
37770  -11.546  -60.302  53.147 0.0000000000
37771  -12.466  -60.213  53.508 0.0000000000
37772  -13.480  -60.375  53.465 0.0000000000
37773  -6.946  -61.228  50.673 0.0000000000
37774  -7.776  -60.960  51.289 0.0000000000
37775  -9.136  -60.615  51.527 0.0000000000
37776  -10.234  -60.506  51.981 0.0000000000
37777  -11.038  -60.378  52.055 0.0000000000
37778  -14.563  -60.621  53.185 0.0000000000
37781  -5.682  -60.412  49.079 0.0000000000
37782  -6.507  -60.330  49.717 0.0000000000
37783  -7.368  -60.140  50.270 0.0000000000
37784  -8.344  -60.022  50.632 0.0000000000
37789  -4.071  -60.470  48.094 0.0000000000
37790  -4.745  -60.459  48.448 0.0000000000
37791  -9.273  -58.444  49.116 0.0000000000
37792  -9.556  -58.497  49.043 0.0000000000
37798  -4.269  -60.435  47.290 0.0000000000
37799  -5.372  -59.450  46.857 0.0000000000
37800  -5.754  -58.669  46.680 0.0000000000
37801  -8.996  -58.477  48.855 0.0000000000
37802  -9.247  -58.406  48.809 0.0000000000
37809  -4.079  -61.074  45.947 0.0000000000
37810  -5.079  -59.943  46.016 0.0000000000
37811  -5.801  -59.116  46.081 0.0000000000
37820  -3.984  -61.531  44.898 0.0000000000
37821  -4.792  -60.266  44.892 0.0000000000
37822  -5.644  -59.016  44.986 0.0000000000
37823  -6.262  -58.977  44.558 0.0000000000
37834  -4.512  -61.953  44.223 0.0000000000
37835  -4.880  -60.886  43.715 0.0000000000
37836  -5.576  -59.654  43.871 0.0000000000
37837  -6.164  -59.021  43.906 0.0000000000
37848  -5.106  -60.614  42.550 0.0000000000
37849  -5.505  -59.881  42.664 0.0000000000
37850  -6.290  -59.485  42.901 0.0000000000
37860  -5.200  -60.932  42.025 0.0000000000
37861  -5.449  -60.089  41.605 0.0000000000
37862  -6.210  -59.466  41.827 0.0000000000
37872  -5.928  -60.312  40.918 0.0000000000
37873  -6.468  -59.769  41.058 0.0000000000
37880  -2.794  -61.085  39.767 0.0000000000
37881  -3.448  -61.220  39.948 0.0000000000
37882  -6.172  -60.186  40.305 0.0000000000
37883  -6.647  -60.103  40.628 0.0000000000
37893  -1.831  -60.972  38.551 0.0000000000
37894  -2.100  -61.472  39.164 0.0000000000
37895  -3.526  -61.659  39.718 0.0000000000
37896  -4.547  -61.388  40.056 0.0000000000
37897  -5.947  -60.631  40.055 0.0000000000
37909  -1.631  -60.974  37.838 0.0000000000
37910  -1.557  -61.255  37.098 0.0000000000
37911  -3.855  -62.038  39.720 0.0000000000
37912  -4.673  -61.566  39.948 0.0000000000
37913  -5.344  -60.986  39.894 0.0000000000
37914  -5.808  -60.817  39.941 0.0000000000
37924  -1.391  -61.586  36.178 0.0000000000
37925  -11.512  -62.881  34.763 0.0000000000
37926  -11.693  -62.671  34.871 0.0000000000
37931  -1.233  -61.702  35.040 0.0000000000
37932  -10.696  -63.010  33.708 0.0000000000
37933  -11.237  -62.880  34.125 0.0000000000
37934  -11.911  -62.207  34.327 0.0000000000
37935  -12.410  -61.939  34.223 0.0000000000
37937  -1.558  -61.778  33.867 0.0000000000
37938  -10.509  -62.667  33.141 0.0000000000
37939  -11.266  -61.949  33.009 0.0000000000
37940  -12.005  -61.503  33.400 0.0000000000
37944  -2.005  -61.485  32.721 0.0000000000
37945  -5.197  -62.552  32.021 0.0000000000
37946  -6.033  -62.322  31.924 0.0000000000
37947  -7.143  -62.133  31.862 0.0000000000
37948  -8.215  -62.062  31.686 0.0000000000
37949  -9.055  -62.184  31.203 0.0000000000
37950  -10.087  -62.041  31.633 0.0000000000
37951  -10.978  -61.450  31.889 0.0000000000
37955  -2.612  -61.370  31.916 0.0000000000
37956  -3.561  -61.402  31.456 0.0000000000
37957  -4.880  -61.512  31.355 0.0000000000
37958  -6.162  -61.176  31.460 0.0000000000
37959  -7.332  -61.131  31.432 0.0000000000
37960  -8.363  -61.220  31.107 0.0000000000
37961  -9.196  -61.359  30.690 0.0000000000
37962  -9.926  -61.190  30.623 0.0000000000
39042  -12.201  -60.038  52.973 0.0000000000
39043  -12.936  -59.965  52.936 0.0000000000
39044  -13.976  -59.978  53.099 0.0000000000
39045  -9.815  -59.900  51.313 0.0000000000
39046  -10.528  -59.633  51.280 0.0000000000
39047  -11.903  -59.789  51.526 0.0000000000
39048  -13.455  -59.882  51.653 0.0000000000
39054  -6.052  -59.590  49.072 0.0000000000
39055  -6.917  -59.473  49.363 0.0000000000
39056  -8.119  -59.465  49.689 0.0000000000
39057  -9.476  -59.328  50.315 0.0000000000
39058  -10.730  -58.606  50.367 0.0000000000
39059  -11.769  -58.555  50.272 0.0000000000
39066  -4.496  -60.006  48.167 0.0000000000
39067  -5.314  -59.515  48.440 0.0000000000
39068  -6.395  -59.044  48.406 0.0000000000
39069  -7.704  -59.024  48.677 0.0000000000
39070  -8.825  -58.553  49.200 0.0000000000
39071  -9.913  -58.252  49.364 0.0000000000
39072  -11.224  -58.125  49.513 0.0000000000
39080  -4.272  -60.129  47.941 0.0000000000
39081  -5.008  -59.750  47.686 0.0000000000
39082  -5.845  -58.677  47.338 0.0000000000
39083  -7.168  -58.607  47.610 0.0000000000
39084  -8.653  -58.626  48.180 0.0000000000
39085  -9.712  -58.423  48.541 0.0000000000
39086  -10.798  -58.130  48.681 0.0000000000
39093  -6.078  -58.645  46.275 0.0000000000
39094  -6.858  -58.508  46.543 0.0000000000
39095  -8.142  -58.296  46.905 0.0000000000
39096  -9.358  -58.433  47.329 0.0000000000
39097  -10.417  -58.204  47.750 0.0000000000
39102  -5.846  -58.701  45.634 0.0000000000
39103  -6.585  -58.745  45.295 0.0000000000
39104  -8.036  -58.719  45.672 0.0000000000
39105  -9.278  -58.338  46.081 0.0000000000
39106  -10.203  -58.454  46.688 0.0000000000
39107  -11.034  -58.437  46.965 0.0000000000
39111  -6.972  -58.980  44.081 0.0000000000
39112  -8.058  -58.980  44.502 0.0000000000
39113  -9.144  -58.668  44.849 0.0000000000
39116  -7.118  -59.099  43.071 0.0000000000
39117  -8.315  -59.065  43.375 0.0000000000
39118  -8.976  -58.735  43.930 0.0000000000
39122  -7.386  -59.120  41.995 0.0000000000
39123  -8.158  -59.023  42.505 0.0000000000
39133  -2.611  -60.234  40.896 0.0000000000
39134  -4.240  -60.360  40.936 0.0000000000
39135  -5.110  -60.563  40.975 0.0000000000
39136  -7.358  -59.308  41.126 0.0000000000
39144  -2.410  -60.386  40.008 0.0000000000
39145  -3.624  -60.827  40.321 0.0000000000
39146  -4.848  -60.677  40.607 0.0000000000
39147  -6.908  -59.940  40.158 0.0000000000
39148  -7.136  -59.547  40.447 0.0000000000
39157  -1.923  -60.026  38.068 0.0000000000
39158  -2.125  -60.591  39.152 0.0000000000
39159  -3.853  -61.253  40.111 0.0000000000
39160  -4.905  -60.955  40.191 0.0000000000
39161  -5.906  -60.477  40.166 0.0000000000
39162  -6.525  -60.137  39.989 0.0000000000
39163  -7.099  -59.420  40.047 0.0000000000
39173  -1.571  -60.376  37.126 0.0000000000
39174  -1.417  -60.801  36.485 0.0000000000
39175  -5.048  -61.174  40.056 0.0000000000
39176  -5.865  -60.667  40.023 0.0000000000
39177  -6.439  -60.136  39.742 0.0000000000
39178  -6.864  -59.600  39.923 0.0000000000
39191  -1.340  -60.706  35.641 0.0000000000
39203  -1.212  -60.577  34.501 0.0000000000
39211  -1.519  -60.474  33.263 0.0000000000
39212  -11.583  -61.293  32.466 0.0000000000
39221  -1.880  -60.427  32.091 0.0000000000
39222  -10.580  -61.268  31.045 0.0000000000
39231  -2.727  -60.290  31.396 0.0000000000
39232  -3.854  -60.160  30.941 0.0000000000
39233  -5.079  -60.038  30.627 0.0000000000
39234  -6.445  -60.086  31.080 0.0000000000
39235  -7.552  -60.221  31.002 0.0000000000
39236  -8.439  -60.377  30.538 0.0000000000
39237  -9.286  -60.393  30.261 0.0000000000
39238  -10.270  -60.364  30.218 0.0000000000
39246  -4.214  -59.549  30.490 0.0000000000
39247  -4.517  -59.369  30.310 0.0000000000
40312  -10.100  -58.361  45.991 0.0000000000
40313  -10.798  -58.354  46.054 0.0000000000
40321  -4.052  -59.538  43.968 0.0000000000
40322  -4.458  -59.682  43.846 0.0000000000
40323  -5.136  -59.940  43.659 0.0000000000
40324  -10.113  -58.370  45.265 0.0000000000
40325  -11.171  -58.168  45.049 0.0000000000
40332  -3.901  -59.385  43.597 0.0000000000
40333  -4.696  -59.828  43.202 0.0000000000
40334  -5.395  -59.853  43.242 0.0000000000
40335  -9.131  -58.564  43.377 0.0000000000
40336  -10.087  -58.289  43.785 0.0000000000
40337  -11.449  -57.677  43.932 0.0000000000
40344  -1.901  -59.268  42.151 0.0000000000
40345  -3.070  -59.311  42.567 0.0000000000
40346  -4.742  -60.079  42.398 0.0000000000
40347  -8.342  -58.507  41.892 0.0000000000
40348  -9.149  -58.299  42.572 0.0000000000
40349  -10.260  -57.602  42.527 0.0000000000
40356  -1.925  -59.576  41.723 0.0000000000
40357  -3.700  -59.950  41.632 0.0000000000
40358  -5.314  -60.233  41.440 0.0000000000
40359  -5.890  -59.968  41.236 0.0000000000
40360  -8.061  -58.456  41.184 0.0000000000
40361  -9.042  -57.802  41.448 0.0000000000
40362  -9.724  -57.448  41.934 0.0000000000
40369  -2.058  -59.524  40.461 0.0000000000
40370  -5.527  -60.552  40.868 0.0000000000
40371  -5.993  -60.055  40.997 0.0000000000
40372  -7.638  -58.330  40.556 0.0000000000
40373  -8.504  -57.578  40.619 0.0000000000
40378  -1.740  -58.889  38.020 0.0000000000
40379  -2.141  -59.392  39.104 0.0000000000
40380  -5.419  -60.766  40.586 0.0000000000
40381  -6.016  -60.199  40.427 0.0000000000
40382  -7.663  -58.618  40.019 0.0000000000
40383  -8.177  -57.575  39.942 0.0000000000
40389  -1.621  -59.093  36.798 0.0000000000
40390  -1.529  -60.061  36.299 0.0000000000
40391  -6.486  -59.853  39.977 0.0000000000
40392  -6.959  -59.520  39.626 0.0000000000
40393  -7.515  -58.899  39.764 0.0000000000
40394  -7.858  -57.758  39.582 0.0000000000
40400  -1.583  -58.640  35.939 0.0000000000
40401  -1.402  -59.329  35.419 0.0000000000
40410  -1.065  -59.290  33.925 0.0000000000
40415  -1.451  -59.278  32.610 0.0000000000
40419  -1.920  -59.303  31.499 0.0000000000
40427  -2.812  -59.050  30.726 0.0000000000
40428  -3.678  -59.386  30.553 0.0000000000
40429  -5.662  -59.021  30.256 0.0000000000
40430  -6.840  -59.169  30.833 0.0000000000
40431  -7.812  -59.277  30.813 0.0000000000
40432  -8.595  -59.347  30.397 0.0000000000
40433  -9.361  -59.280  30.170 0.0000000000
40442  -3.036  -58.270  30.301 0.0000000000
40443  -3.888  -58.766  30.249 0.0000000000
40444  -4.798  -59.061  30.142 0.0000000000
41530  -8.688  -57.858  51.526 0.0000000000
41531  -9.342  -58.139  51.143 0.0000000000
41532  -10.104  -58.536  50.587 0.0000000000
41533  -7.552  -57.542  50.814 0.0000000000
41534  -8.367  -57.959  50.813 0.0000000000
41535  -9.507  -58.602  50.228 0.0000000000
41536  -10.252  -58.483  50.148 0.0000000000
41537  -6.633  -57.418  50.029 0.0000000000
41538  -7.358  -57.730  50.125 0.0000000000
41539  -8.701  -58.534  49.443 0.0000000000
41540  -9.815  -58.446  49.762 0.0000000000
41541  -10.264  -58.444  49.880 0.0000000000
41542  -6.698  -57.706  49.495 0.0000000000
41543  -7.512  -58.218  49.008 0.0000000000
41544  -8.097  -58.662  48.462 0.0000000000
41551  -6.733  -58.140  48.731 0.0000000000
41552  -7.212  -58.732  48.368 0.0000000000
41553  -7.704  -58.726  48.133 0.0000000000
41572  -4.079  -59.012  45.007 0.0000000000
41573  -4.838  -59.298  44.751 0.0000000000
41574  -5.503  -59.392  44.294 0.0000000000
41580  -3.890  -59.197  44.318 0.0000000000
41581  -4.993  -59.767  44.163 0.0000000000
41582  -5.616  -59.485  43.513 0.0000000000
41588  -2.940  -58.690  43.512 0.0000000000
41589  -5.349  -59.969  42.908 0.0000000000
41590  -5.908  -59.529  42.899 0.0000000000
41591  -10.949  -57.655  43.085 0.0000000000
41600  -2.069  -58.927  42.353 0.0000000000
41601  -1.964  -58.668  42.970 0.0000000000
41602  -5.590  -59.851  42.359 0.0000000000
41603  -6.380  -59.273  42.278 0.0000000000
41604  -6.958  -58.916  41.581 0.0000000000
41605  -11.085  -57.195  42.452 0.0000000000
41618  -2.103  -58.756  41.833 0.0000000000
41619  -5.757  -59.643  41.652 0.0000000000
41620  -6.365  -59.545  41.316 0.0000000000
41621  -6.939  -58.880  41.021 0.0000000000
41622  -9.734  -57.236  41.451 0.0000000000
41636  -2.189  -58.594  40.910 0.0000000000
41637  -6.652  -59.478  40.727 0.0000000000
41638  -7.362  -58.668  40.499 0.0000000000
41639  -9.623  -57.109  40.878 0.0000000000
41646  -1.880  -58.245  38.550 0.0000000000
41647  -2.050  -58.173  39.631 0.0000000000
41648  -6.923  -59.290  40.161 0.0000000000
41649  -7.441  -58.430  39.863 0.0000000000
41654  -1.503  -57.733  37.470 0.0000000000
41655  -7.177  -59.106  39.709 0.0000000000
41656  -7.795  -58.424  39.296 0.0000000000
41657  -7.821  -57.294  39.239 0.0000000000
41661  -1.501  -57.801  35.985 0.0000000000
41662  -1.324  -58.417  35.546 0.0000000000
41670  -1.294  -57.298  35.293 0.0000000000
41671  -1.068  -57.980  34.736 0.0000000000
41680  -1.087  -58.046  33.154 0.0000000000
41681  -1.104  -57.663  32.824 0.0000000000
41685  -1.651  -57.809  31.357 0.0000000000
41686  -1.586  -58.121  32.045 0.0000000000
41687  -1.257  -57.675  32.591 0.0000000000
41692  -1.704  -57.653  30.894 0.0000000000
41693  -1.877  -58.318  31.039 0.0000000000
41694  -5.546  -58.293  29.877 0.0000000000
41695  -6.232  -58.202  30.252 0.0000000000
41696  -7.283  -58.267  30.808 0.0000000000
41697  -8.117  -58.271  30.796 0.0000000000
41698  -8.812  -58.238  30.536 0.0000000000
41699  -9.404  -58.199  30.262 0.0000000000
41704  -1.761  -57.384  30.674 0.0000000000
41705  -2.254  -57.734  30.488 0.0000000000
41706  -3.316  -57.555  29.842 0.0000000000
41707  -4.716  -58.042  29.616 0.0000000000
41708  -5.558  -57.811  29.677 0.0000000000
41717  -3.571  -56.973  29.427 0.0000000000
41718  -3.997  -57.282  29.341 0.0000000000
42729  -10.795  -56.848  53.597 0.0000000000
42730  -11.089  -56.672  53.810 0.0000000000
42731  -8.578  -57.230  52.667 0.0000000000
42732  -9.406  -57.398  52.863 0.0000000000
42733  -10.510  -57.264  53.031 0.0000000000
42734  -11.523  -56.880  53.287 0.0000000000
42735  -12.212  -56.675  53.189 0.0000000000
42736  -7.326  -56.860  51.642 0.0000000000
42737  -8.049  -57.381  51.967 0.0000000000
42738  -9.039  -57.744  52.035 0.0000000000
42739  -10.270  -57.893  51.630 0.0000000000
42740  -11.409  -57.361  52.090 0.0000000000
42741  -12.425  -56.818  52.444 0.0000000000
42742  -13.041  -56.593  52.150 0.0000000000
42743  -6.118  -56.773  50.768 0.0000000000
42744  -6.901  -56.979  51.004 0.0000000000
42745  -7.617  -57.401  51.285 0.0000000000
42746  -10.825  -58.573  50.402 0.0000000000
42747  -11.415  -57.791  50.794 0.0000000000
42748  -12.271  -57.240  51.228 0.0000000000
42749  -12.990  -56.737  51.522 0.0000000000
42750  -5.183  -56.947  49.622 0.0000000000
42751  -5.894  -57.073  50.117 0.0000000000
42752  -6.559  -57.210  50.429 0.0000000000
42753  -9.516  -58.163  49.060 0.0000000000
42754  -10.239  -58.191  49.339 0.0000000000
42755  -10.873  -58.186  49.820 0.0000000000
42756  -11.621  -58.191  49.893 0.0000000000
42757  -12.380  -57.605  50.009 0.0000000000
42758  -12.979  -57.023  50.576 0.0000000000
42759  -4.947  -57.583  48.886 0.0000000000
42760  -5.906  -57.753  49.165 0.0000000000
42761  -9.048  -58.468  48.407 0.0000000000
42762  -10.013  -58.106  48.411 0.0000000000
42763  -10.987  -58.033  48.650 0.0000000000
42764  -11.798  -57.978  49.127 0.0000000000
42765  -12.248  -57.990  49.317 0.0000000000
42766  -4.550  -57.333  47.252 0.0000000000
42767  -5.076  -57.637  47.741 0.0000000000
42768  -6.154  -58.637  48.208 0.0000000000
42769  -7.242  -58.670  47.899 0.0000000000
42770  -8.404  -58.473  47.678 0.0000000000
42771  -9.689  -58.376  47.777 0.0000000000
42772  -10.807  -58.089  47.925 0.0000000000
42773  -11.316  -57.848  47.708 0.0000000000
42778  -4.302  -57.523  46.716 0.0000000000
42779  -5.289  -58.052  46.815 0.0000000000
42780  -6.013  -58.649  47.271 0.0000000000
42781  -6.655  -58.539  47.533 0.0000000000
42782  -8.765  -58.306  46.944 0.0000000000
42783  -9.385  -58.219  47.078 0.0000000000
42784  -10.393  -57.728  47.292 0.0000000000
42785  -11.170  -57.684  47.485 0.0000000000
42792  -3.610  -57.864  46.134 0.0000000000
42793  -4.918  -58.379  46.125 0.0000000000
42794  -5.863  -58.661  46.350 0.0000000000
42795  -6.502  -58.552  46.858 0.0000000000
42803  -3.327  -58.061  45.158 0.0000000000
42804  -4.458  -58.650  45.432 0.0000000000
42805  -5.752  -58.758  45.108 0.0000000000
42806  -6.619  -58.409  45.796 0.0000000000
42814  -2.606  -57.844  44.257 0.0000000000
42815  -6.344  -58.857  43.957 0.0000000000
42816  -7.423  -58.753  44.772 0.0000000000
42823  -2.081  -57.668  43.353 0.0000000000
42824  -6.661  -59.187  43.134 0.0000000000
42825  -7.546  -58.662  43.496 0.0000000000
42835  -2.142  -58.265  42.099 0.0000000000
42836  -2.032  -57.891  42.562 0.0000000000
42837  -6.696  -59.281  42.775 0.0000000000
42838  -7.438  -58.654  42.294 0.0000000000
42852  -2.096  -57.746  41.423 0.0000000000
42853  -1.931  -57.771  42.028 0.0000000000
42854  -7.756  -58.218  41.039 0.0000000000
42871  -1.928  -57.363  40.332 0.0000000000
42872  -7.974  -57.840  40.158 0.0000000000
42886  -1.620  -57.055  38.551 0.0000000000
42887  -2.216  -56.940  39.428 0.0000000000
42888  -7.747  -57.398  39.321 0.0000000000
42898  -1.378  -56.540  37.540 0.0000000000
42909  -1.372  -56.653  36.569 0.0000000000
42914  -1.418  -56.704  35.601 0.0000000000
42915  -1.320  -56.774  34.826 0.0000000000
42925  -1.083  -56.979  33.658 0.0000000000
42926  -1.025  -57.445  32.911 0.0000000000
42936  -1.549  -57.596  31.769 0.0000000000
42937  -1.258  -57.144  32.318 0.0000000000
42938  -1.157  -57.462  32.663 0.0000000000
42942  -1.521  -57.373  31.375 0.0000000000
42943  -1.454  -56.813  31.295 0.0000000000
42944  -6.057  -57.399  29.845 0.0000000000
42945  -6.846  -57.389  30.440 0.0000000000
42946  -7.697  -57.365  30.835 0.0000000000
42947  -8.412  -57.295  30.806 0.0000000000
42948  -9.023  -57.234  30.598 0.0000000000
42952  -1.582  -57.237  30.900 0.0000000000
42953  -1.705  -56.918  30.568 0.0000000000
42954  -2.280  -56.797  30.045 0.0000000000
42955  -4.444  -57.228  29.262 0.0000000000
42956  -5.168  -56.967  29.331 0.0000000000
42964  -3.012  -56.511  29.607 0.0000000000
42965  -3.955  -56.524  29.194 0.0000000000
42966  -4.650  -56.035  29.172 0.0000000000
43968  -8.722  -55.819  54.144 0.0000000000
43969  -9.347  -56.169  54.180 0.0000000000
43970  -10.481  -56.451  54.086 0.0000000000
43971  -11.576  -56.366  54.079 0.0000000000
43972  -12.537  -56.130  54.022 0.0000000000
43973  -13.159  -56.018  53.798 0.0000000000
43974  -7.626  -55.664  53.130 0.0000000000
43975  -8.434  -56.330  53.421 0.0000000000
43976  -9.749  -56.819  53.606 0.0000000000
43977  -10.388  -56.852  53.596 0.0000000000
43978  -12.117  -56.502  53.606 0.0000000000
43979  -12.755  -56.425  53.297 0.0000000000
43980  -13.532  -55.994  53.090 0.0000000000
43981  -14.161  -55.801  52.439 0.0000000000
43982  -6.288  -55.310  51.917 0.0000000000
43983  -7.232  -56.015  52.290 0.0000000000
43984  -8.088  -56.796  52.631 0.0000000000
43985  -13.100  -56.464  52.616 0.0000000000
43986  -13.590  -56.342  52.013 0.0000000000
43987  -14.366  -56.037  51.411 0.0000000000
43988  -4.728  -55.515  51.104 0.0000000000
43989  -5.854  -55.901  51.290 0.0000000000
43990  -6.852  -56.418  51.551 0.0000000000
43991  -13.645  -56.534  50.826 0.0000000000
43992  -14.388  -56.231  50.221 0.0000000000
43993  -4.763  -56.146  50.567 0.0000000000
43994  -5.621  -56.461  50.695 0.0000000000
43995  -12.674  -57.794  49.210 0.0000000000
43996  -13.546  -56.982  49.346 0.0000000000
43997  -14.383  -56.331  49.481 0.0000000000
43998  -4.393  -56.418  49.563 0.0000000000
43999  -11.270  -57.940  48.111 0.0000000000
44000  -11.862  -57.856  48.160 0.0000000000
44001  -12.522  -57.729  48.439 0.0000000000
44002  -13.508  -57.044  47.909 0.0000000000
44003  -4.215  -56.610  47.721 0.0000000000
44004  -4.207  -56.668  48.594 0.0000000000
44005  -7.170  -58.504  47.526 0.0000000000
44006  -7.587  -58.499  47.453 0.0000000000
44007  -11.429  -57.852  47.921 0.0000000000
44008  -11.828  -57.727  47.606 0.0000000000
44009  -12.617  -57.495  47.386 0.0000000000
44012  -3.822  -56.742  47.205 0.0000000000
44013  -7.187  -58.517  47.144 0.0000000000
44014  -8.098  -57.921  46.706 0.0000000000
44015  -9.028  -57.912  46.456 0.0000000000
44016  -10.006  -57.536  46.477 0.0000000000
44017  -11.428  -57.343  46.641 0.0000000000
44018  -12.773  -56.831  46.201 0.0000000000
44021  -3.319  -56.808  46.616 0.0000000000
44022  -7.356  -57.956  46.353 0.0000000000
44023  -8.280  -57.519  45.959 0.0000000000
44024  -9.221  -57.289  45.776 0.0000000000
44025  -10.610  -57.020  45.483 0.0000000000
44026  -11.915  -56.697  45.334 0.0000000000
44031  -2.833  -56.823  45.863 0.0000000000
44032  -7.812  -57.790  45.544 0.0000000000
44033  -8.783  -57.181  45.095 0.0000000000
44034  -9.827  -56.599  44.729 0.0000000000
44035  -11.104  -56.067  44.328 0.0000000000
44036  -12.322  -55.937  44.531 0.0000000000
44045  -2.310  -56.705  44.953 0.0000000000
44046  -8.364  -57.504  44.674 0.0000000000
44047  -9.284  -56.631  43.871 0.0000000000
44048  -10.265  -55.989  43.806 0.0000000000
44049  -10.758  -55.551  43.728 0.0000000000
44056  -2.034  -56.410  43.902 0.0000000000
44057  -8.389  -57.616  43.775 0.0000000000
44058  -9.080  -56.866  43.038 0.0000000000
44068  -2.204  -55.826  41.623 0.0000000000
44069  -2.097  -56.164  42.688 0.0000000000
44070  -8.475  -57.442  42.587 0.0000000000
44071  -9.042  -56.345  42.383 0.0000000000
44083  -1.906  -56.327  40.825 0.0000000000
44084  -2.003  -56.997  41.874 0.0000000000
44085  -8.486  -57.192  41.297 0.0000000000
44086  -8.838  -56.345  41.792 0.0000000000
44098  -1.884  -56.195  39.799 0.0000000000
44099  -8.390  -57.106  40.257 0.0000000000
44116  -2.007  -55.725  37.978 0.0000000000
44117  -2.175  -56.009  38.934 0.0000000000
44134  -1.298  -55.602  36.968 0.0000000000
44152  -1.394  -55.620  35.808 0.0000000000
44153  -1.915  -55.145  35.254 0.0000000000
44161  -1.432  -56.159  35.180 0.0000000000
44162  -1.331  -55.615  34.524 0.0000000000
44163  -1.319  -55.066  34.049 0.0000000000
44167  -1.135  -55.948  33.153 0.0000000000
44168  -1.192  -55.295  33.709 0.0000000000
44180  -1.288  -56.102  31.983 0.0000000000
44193  -1.594  -56.012  30.991 0.0000000000
44194  -1.699  -55.733  30.427 0.0000000000
44195  -6.395  -56.544  29.825 0.0000000000
44196  -7.305  -56.610  30.459 0.0000000000
44197  -8.021  -56.498  30.794 0.0000000000
44198  -8.671  -56.391  30.724 0.0000000000
44199  -9.210  -56.319  30.523 0.0000000000
44207  -1.823  -56.255  30.313 0.0000000000
44208  -2.075  -55.747  29.898 0.0000000000
44209  -5.480  -55.871  29.330 0.0000000000
44215  -3.026  -55.516  29.398 0.0000000000
44216  -3.965  -55.442  29.072 0.0000000000
44217  -4.713  -55.371  29.110 0.0000000000
45142  -8.655  -54.763  54.654 0.0000000000
45143  -9.306  -54.788  54.960 0.0000000000
45144  -10.373  -54.871  55.091 0.0000000000
45145  -11.653  -54.962  55.065 0.0000000000
45146  -12.899  -55.101  55.167 0.0000000000
45147  -13.852  -55.208  55.541 0.0000000000
45149  -7.514  -54.598  53.765 0.0000000000
45150  -8.198  -55.141  54.202 0.0000000000
45151  -8.993  -55.432  54.527 0.0000000000
45152  -9.923  -55.582  54.583 0.0000000000
45153  -11.033  -55.692  54.597 0.0000000000
45154  -12.193  -55.702  54.610 0.0000000000
45155  -13.351  -55.665  54.572 0.0000000000
45157  -7.160  -54.756  52.987 0.0000000000
45158  -7.727  -55.368  53.596 0.0000000000
45159  -13.565  -55.687  53.781 0.0000000000
45162  -5.601  -54.731  51.818 0.0000000000
45163  -6.316  -54.641  52.324 0.0000000000
45166  -4.190  -54.985  51.058 0.0000000000
45167  -4.827  -54.868  51.436 0.0000000000
45170  -4.151  -55.178  50.212 0.0000000000
45171  -14.505  -56.354  48.935 0.0000000000
45175  -4.278  -55.080  48.913 0.0000000000
45176  -4.353  -54.590  48.698 0.0000000000
45177  -12.288  -57.832  47.940 0.0000000000
45178  -12.503  -57.863  47.832 0.0000000000
45183  -3.734  -55.962  47.484 0.0000000000
45184  -4.063  -55.259  48.003 0.0000000000
45185  -4.254  -54.652  48.480 0.0000000000
45186  -12.161  -57.847  47.723 0.0000000000
45187  -12.363  -57.805  47.646 0.0000000000
45193  -3.321  -55.925  47.021 0.0000000000
45194  -3.461  -55.178  47.324 0.0000000000
45195  -8.630  -57.694  46.310 0.0000000000
45196  -8.908  -57.665  46.105 0.0000000000
45201  -3.012  -55.465  46.299 0.0000000000
45202  -3.196  -54.985  46.860 0.0000000000
45203  -8.387  -57.603  46.240 0.0000000000
45204  -8.651  -57.520  46.034 0.0000000000
45209  -2.510  -55.517  45.454 0.0000000000
45218  -1.874  -54.280  44.238 0.0000000000
45219  -2.011  -55.198  44.601 0.0000000000
45220  -9.939  -55.655  43.149 0.0000000000
45235  -1.891  -54.009  43.834 0.0000000000
45236  -1.849  -54.771  43.500 0.0000000000
45237  -9.501  -55.844  42.732 0.0000000000
45251  -2.214  -54.699  41.839 0.0000000000
45252  -2.181  -54.825  42.641 0.0000000000
45262  -1.845  -54.977  40.860 0.0000000000
45277  -1.902  -54.384  39.452 0.0000000000
45278  -2.043  -55.163  39.856 0.0000000000
45297  -1.993  -54.778  38.706 0.0000000000
45298  -2.204  -55.506  39.305 0.0000000000
45317  -1.398  -54.520  37.349 0.0000000000
45318  -1.365  -54.029  36.661 0.0000000000
45319  -2.206  -53.799  36.150 0.0000000000
45339  -1.338  -54.808  36.552 0.0000000000
45340  -2.117  -54.448  35.657 0.0000000000
45341  -2.435  -53.788  35.766 0.0000000000
45353  -2.015  -54.770  35.010 0.0000000000
45354  -1.659  -54.737  34.430 0.0000000000
45367  -1.157  -55.293  33.258 0.0000000000
45368  -1.370  -54.710  33.534 0.0000000000
45378  -1.233  -55.325  32.632 0.0000000000
45379  -1.344  -54.586  32.276 0.0000000000
45391  -1.334  -55.385  31.685 0.0000000000
45392  -1.448  -54.887  30.768 0.0000000000
45393  -7.017  -56.094  30.076 0.0000000000
45394  -7.559  -55.821  30.342 0.0000000000
45395  -8.262  -55.721  30.590 0.0000000000
45396  -8.866  -55.511  30.527 0.0000000000
45410  -2.043  -54.414  29.542 0.0000000000
45411  -6.626  -55.402  29.660 0.0000000000
45412  -7.416  -55.238  30.042 0.0000000000
45430  -3.230  -54.516  29.061 0.0000000000
45431  -4.263  -54.657  28.758 0.0000000000
45432  -5.305  -54.882  29.165 0.0000000000
46384  -9.519  -53.435  56.098 0.0000000000
46385  -10.299  -53.507  56.033 0.0000000000
46386  -11.718  -53.539  56.035 0.0000000000
46387  -13.166  -53.859  56.297 0.0000000000
46390  -7.883  -53.452  54.768 0.0000000000
46391  -8.449  -54.011  55.015 0.0000000000
46392  -9.472  -53.951  55.669 0.0000000000
46393  -10.990  -54.121  55.518 0.0000000000
46394  -12.400  -54.246  55.548 0.0000000000
46395  -13.605  -54.521  55.829 0.0000000000
46399  -7.622  -53.923  54.338 0.0000000000
46400  -8.236  -54.461  54.568 0.0000000000
46403  -6.925  -53.675  53.462 0.0000000000
46406  -4.272  -53.114  51.976 0.0000000000
46407  -5.154  -53.558  52.081 0.0000000000
46408  -6.319  -53.500  52.636 0.0000000000
46411  -4.158  -53.810  51.582 0.0000000000
46412  -4.955  -54.212  51.728 0.0000000000
46415  -3.872  -53.977  50.750 0.0000000000
46418  -4.106  -53.125  49.029 0.0000000000
46419  -4.185  -53.838  49.306 0.0000000000
46420  -4.384  -54.349  48.738 0.0000000000
46423  -4.011  -53.252  48.686 0.0000000000
46424  -3.995  -54.039  48.333 0.0000000000
46425  -4.270  -54.411  48.528 0.0000000000
46431  -2.433  -53.902  47.503 0.0000000000
46432  -3.215  -54.311  47.556 0.0000000000
46437  -1.656  -53.538  47.058 0.0000000000
46438  -2.369  -54.089  47.032 0.0000000000
46439  -3.092  -54.609  47.136 0.0000000000
46443  -1.715  -53.552  46.388 0.0000000000
46444  -2.510  -54.451  45.822 0.0000000000
46454  -1.890  -53.873  45.095 0.0000000000
46455  -2.348  -54.713  45.178 0.0000000000
46473  -1.730  -53.566  44.167 0.0000000000
46474  -1.642  -53.590  43.461 0.0000000000
46493  -2.048  -53.578  41.592 0.0000000000
46494  -1.796  -53.729  42.564 0.0000000000
46518  -1.915  -53.904  40.917 0.0000000000
46541  -2.144  -53.661  39.095 0.0000000000
46542  -2.108  -54.038  40.042 0.0000000000
46564  -1.863  -53.469  37.830 0.0000000000
46565  -2.125  -52.918  37.310 0.0000000000
46582  -1.476  -53.789  37.096 0.0000000000
46583  -1.624  -53.183  36.788 0.0000000000
46584  -2.380  -53.217  35.986 0.0000000000
46600  -2.371  -54.299  35.048 0.0000000000
46601  -2.623  -53.592  35.287 0.0000000000
46617  -2.157  -54.467  34.771 0.0000000000
46618  -2.122  -53.990  34.464 0.0000000000
46637  -1.754  -53.658  33.320 0.0000000000
46651  -1.423  -53.623  31.897 0.0000000000
46661  -1.543  -53.464  30.472 0.0000000000
46662  -7.841  -55.248  30.275 0.0000000000
46663  -8.274  -55.008  30.269 0.0000000000
46664  -8.691  -54.814  30.192 0.0000000000
46671  -1.852  -53.149  29.550 0.0000000000
46672  -6.041  -54.162  29.327 0.0000000000
46673  -7.356  -54.497  29.884 0.0000000000
46674  -8.174  -54.234  29.959 0.0000000000
46675  -8.728  -54.273  29.865 0.0000000000
46685  -2.594  -53.415  29.071 0.0000000000
46686  -3.647  -53.650  28.618 0.0000000000
46687  -4.803  -53.887  28.726 0.0000000000
47611  -13.309  -53.335  57.760 0.0000000000
47614  -8.352  -52.887  55.716 0.0000000000
47615  -8.928  -53.110  56.102 0.0000000000
47616  -9.762  -52.977  56.311 0.0000000000
47617  -10.961  -52.989  56.422 0.0000000000
47618  -12.471  -53.244  56.898 0.0000000000
47622  -7.415  -52.887  54.487 0.0000000000
47623  -8.029  -52.991  55.100 0.0000000000
47624  -8.541  -53.503  55.729 0.0000000000
47627  -6.872  -52.790  53.775 0.0000000000
47629  -6.295  -52.350  52.902 0.0000000000
47630  -6.060  -51.746  52.621 0.0000000000
47633  -3.951  -52.783  51.843 0.0000000000
47634  -4.399  -52.415  52.144 0.0000000000
47635  -5.430  -52.262  52.331 0.0000000000
47636  -5.841  -51.825  52.495 0.0000000000
47639  -3.681  -53.033  51.170 0.0000000000
47640  -4.390  -51.915  52.131 0.0000000000
47641  -4.632  -51.869  52.136 0.0000000000
47643  -3.805  -52.577  49.364 0.0000000000
47644  -3.641  -53.008  50.077 0.0000000000
47647  -3.760  -52.671  48.859 0.0000000000
47648  -3.917  -53.000  49.337 0.0000000000
47652  -2.277  -52.734  48.179 0.0000000000
47653  -3.342  -52.960  48.115 0.0000000000
47654  -3.426  -53.625  47.854 0.0000000000
47657  -2.342  -52.868  47.403 0.0000000000
47658  -2.190  -53.483  47.719 0.0000000000
47659  -3.061  -53.502  47.566 0.0000000000
47663  -1.334  -53.022  46.904 0.0000000000
47664  -1.694  -53.544  47.340 0.0000000000
47668  -1.329  -52.856  45.861 0.0000000000
47677  -1.657  -52.834  44.695 0.0000000000
47687  -2.045  -52.950  43.819 0.0000000000
47688  -2.047  -53.094  43.117 0.0000000000
47700  -1.982  -52.824  41.907 0.0000000000
47701  -1.962  -52.876  42.596 0.0000000000
47719  -2.049  -52.611  40.323 0.0000000000
47720  -2.068  -52.870  40.823 0.0000000000
47740  -2.121  -52.853  39.871 0.0000000000
47741  -2.076  -53.391  40.395 0.0000000000
47762  -2.086  -52.621  38.712 0.0000000000
47763  -2.152  -52.354  37.723 0.0000000000
47764  -2.005  -51.958  37.125 0.0000000000
47784  -2.094  -52.550  37.055 0.0000000000
47785  -2.217  -52.376  36.520 0.0000000000
47803  -2.902  -52.445  35.641 0.0000000000
47804  -3.476  -51.923  35.031 0.0000000000
47817  -2.840  -52.594  34.445 0.0000000000
47818  -3.547  -51.867  34.743 0.0000000000
47831  -1.851  -52.653  33.064 0.0000000000
47845  -1.528  -52.496  31.643 0.0000000000
47858  -1.589  -52.123  30.155 0.0000000000
47870  -2.076  -52.292  29.090 0.0000000000
47871  -6.615  -53.398  29.378 0.0000000000
47872  -7.490  -53.527  29.606 0.0000000000
47873  -8.124  -53.375  29.427 0.0000000000
47883  -3.057  -52.507  28.703 0.0000000000
47884  -4.238  -52.774  28.507 0.0000000000
47885  -5.488  -53.090  28.858 0.0000000000
47886  -8.053  -52.761  29.041 0.0000000000
48799  -9.776  -51.578  56.723 0.0000000000
48800  -10.769  -51.569  56.984 0.0000000000
48801  -12.102  -51.741  57.466 0.0000000000
48802  -13.259  -52.861  58.441 0.0000000000
48803  -14.831  -53.126  58.975 0.0000000000
48805  -15.719  -53.579  59.379 0.0000000000
48806  -8.332  -52.251  55.861 0.0000000000
48807  -9.118  -52.112  56.371 0.0000000000
48808  -10.281  -52.289  56.632 0.0000000000
48809  -11.601  -52.347  56.851 0.0000000000
48810  -12.659  -52.675  57.374 0.0000000000
48813  -7.269  -52.107  54.797 0.0000000000
48814  -7.772  -52.227  55.455 0.0000000000
48816  -6.769  -52.001  54.009 0.0000000000
48818  -6.419  -51.768  53.191 0.0000000000
48819  -6.120  -51.515  52.692 0.0000000000
48823  -4.015  -52.191  52.031 0.0000000000
48824  -4.179  -52.011  52.096 0.0000000000
48825  -5.326  -51.550  52.294 0.0000000000
48826  -5.693  -51.400  52.429 0.0000000000
48827  -5.693  -51.161  52.353 0.0000000000
48831  -3.971  -52.249  51.516 0.0000000000
48832  -4.165  -51.713  51.916 0.0000000000
48833  -4.614  -51.395  52.048 0.0000000000
48834  -4.899  -51.123  52.090 0.0000000000
48835  -5.461  -51.314  52.350 0.0000000000
48838  -3.893  -52.333  49.569 0.0000000000
48839  -4.126  -52.156  50.252 0.0000000000
48840  -4.238  -51.537  50.956 0.0000000000
48841  -4.348  -51.110  51.351 0.0000000000
48842  -4.406  -50.774  51.412 0.0000000000
48846  -2.962  -51.965  48.684 0.0000000000
48847  -3.321  -52.088  48.973 0.0000000000
48848  -3.723  -51.861  49.376 0.0000000000
48849  -4.474  -50.986  50.561 0.0000000000
48850  -4.522  -50.635  50.596 0.0000000000
48851  -4.572  -50.382  50.575 0.0000000000
48855  -2.644  -52.143  48.593 0.0000000000
48856  -3.261  -52.372  48.617 0.0000000000
48860  -2.344  -52.080  48.080 0.0000000000
48865  -2.080  -52.037  47.214 0.0000000000
48872  -1.377  -51.952  46.351 0.0000000000
48883  -1.923  -51.885  45.272 0.0000000000
48894  -2.054  -51.983  43.973 0.0000000000
48895  -2.022  -52.594  43.287 0.0000000000
48905  -1.989  -52.081  42.658 0.0000000000
48906  -2.054  -52.696  42.928 0.0000000000
48914  -1.632  -52.010  40.317 0.0000000000
48915  -2.140  -51.922  41.401 0.0000000000
48932  -2.006  -51.787  39.386 0.0000000000
48933  -2.059  -51.168  38.855 0.0000000000
48955  -2.007  -51.806  38.452 0.0000000000
48956  -2.064  -51.109  37.619 0.0000000000
48957  -2.112  -51.619  36.712 0.0000000000
48981  -2.297  -51.011  36.263 0.0000000000
48982  -2.478  -51.703  36.191 0.0000000000
49005  -2.895  -50.806  35.857 0.0000000000
49006  -3.205  -51.341  35.573 0.0000000000
49007  -3.704  -51.423  34.996 0.0000000000
49025  -2.674  -51.961  33.724 0.0000000000
49026  -3.373  -51.543  34.381 0.0000000000
49038  -1.744  -51.744  32.857 0.0000000000
49039  -2.665  -51.292  33.568 0.0000000000
49053  -1.571  -51.299  31.616 0.0000000000
49054  -1.931  -51.096  32.760 0.0000000000
49068  -1.676  -50.910  30.446 0.0000000000
49081  -1.877  -51.135  29.402 0.0000000000
49082  -6.148  -52.541  29.015 0.0000000000
49083  -6.950  -52.750  29.238 0.0000000000
49084  -7.518  -53.005  29.322 0.0000000000
49099  -2.541  -51.345  28.725 0.0000000000
49100  -3.649  -51.560  28.461 0.0000000000
49101  -5.099  -51.827  28.596 0.0000000000
49102  -6.385  -51.774  28.857 0.0000000000
49103  -7.455  -52.316  28.899 0.0000000000
49104  -8.074  -52.339  28.670 0.0000000000
49115  -8.253  -51.811  28.318 0.0000000000
49942  -14.438  -52.455  60.396 0.0000000000
49943  -14.816  -52.684  60.633 0.0000000000
49944  -15.510  -52.487  60.478 0.0000000000
49945  -15.722  -52.090  60.120 0.0000000000
49946  -9.887  -50.867  56.980 0.0000000000
49947  -11.072  -50.768  57.603 0.0000000000
49948  -12.586  -51.226  58.436 0.0000000000
49949  -13.809  -52.491  59.599 0.0000000000
49950  -14.771  -53.354  60.125 0.0000000000
49951  -15.483  -53.331  60.047 0.0000000000
49952  -15.882  -52.505  59.159 0.0000000000
49953  -16.203  -51.433  58.301 0.0000000000
49954  -7.327  -50.971  55.614 0.0000000000
49955  -8.053  -51.224  55.884 0.0000000000
49956  -8.959  -51.175  56.738 0.0000000000
49958  -16.464  -51.482  57.575 0.0000000000
49959  -6.479  -50.782  55.098 0.0000000000
49960  -6.958  -51.202  55.339 0.0000000000
49961  -7.784  -51.733  55.614 0.0000000000
49964  -6.320  -50.649  54.655 0.0000000000
49965  -6.500  -51.309  54.386 0.0000000000
49968  -5.990  -50.522  53.844 0.0000000000
49969  -6.195  -50.986  53.195 0.0000000000
49970  -6.139  -51.176  52.743 0.0000000000
49973  -5.778  -50.846  52.556 0.0000000000
49974  -5.552  -50.986  52.378 0.0000000000
49975  -5.518  -51.240  52.351 0.0000000000
49978  -4.782  -50.915  52.132 0.0000000000
49979  -5.352  -51.104  52.279 0.0000000000
49982  -4.356  -51.557  50.135 0.0000000000
49983  -4.472  -51.210  50.100 0.0000000000
49984  -4.514  -50.522  51.160 0.0000000000
49989  -2.781  -51.804  48.745 0.0000000000
49990  -3.164  -51.576  48.886 0.0000000000
49991  -3.960  -51.279  49.449 0.0000000000
49992  -4.364  -50.626  49.741 0.0000000000
49993  -4.549  -50.182  49.812 0.0000000000
49994  -4.609  -49.990  49.953 0.0000000000
49999  -2.566  -51.590  48.550 0.0000000000
50000  -2.968  -50.952  48.609 0.0000000000
50001  -3.461  -50.273  48.843 0.0000000000
50002  -3.761  -49.790  49.161 0.0000000000
50003  -3.925  -49.567  49.339 0.0000000000
50004  -4.128  -49.549  49.480 0.0000000000
50008  -2.426  -51.176  47.852 0.0000000000
50009  -2.987  -50.747  47.985 0.0000000000
50010  -3.758  -48.662  47.027 0.0000000000
50011  -3.718  -48.615  47.277 0.0000000000
50015  -2.199  -51.092  46.774 0.0000000000
50016  -2.229  -50.398  46.262 0.0000000000
50017  -3.752  -48.434  47.033 0.0000000000
50018  -3.738  -48.388  47.258 0.0000000000
50026  -1.947  -50.934  45.824 0.0000000000
50027  -2.277  -50.027  45.583 0.0000000000
50037  -2.090  -50.514  44.601 0.0000000000
50038  -2.546  -49.730  44.937 0.0000000000
50047  -2.188  -50.908  43.349 0.0000000000
50053  -2.155  -50.877  42.134 0.0000000000
50059  -1.964  -51.348  39.944 0.0000000000
50060  -1.635  -50.767  40.582 0.0000000000
50067  -1.942  -51.026  39.574 0.0000000000
50068  -2.044  -50.173  39.116 0.0000000000
50089  -2.053  -49.908  37.769 0.0000000000
50106  -2.276  -50.174  36.601 0.0000000000
50107  -2.536  -49.856  36.173 0.0000000000
50125  -2.637  -50.542  36.024 0.0000000000
50126  -2.969  -50.394  35.617 0.0000000000
50127  -3.466  -51.000  35.224 0.0000000000
50149  -3.229  -50.317  35.073 0.0000000000
50150  -3.505  -50.728  34.836 0.0000000000
50166  -3.150  -50.766  34.070 0.0000000000
50167  -3.112  -50.545  33.974 0.0000000000
50181  -1.708  -50.657  32.312 0.0000000000
50182  -2.252  -50.575  33.258 0.0000000000
50183  -2.831  -50.497  33.873 0.0000000000
50196  -1.616  -49.419  30.516 0.0000000000
50197  -1.678  -50.094  31.346 0.0000000000
50198  -1.685  -50.163  32.496 0.0000000000
50210  -1.577  -49.380  30.122 0.0000000000
50211  -1.704  -49.866  29.933 0.0000000000
50226  -2.295  -50.144  28.980 0.0000000000
50227  -3.144  -50.361  28.481 0.0000000000
50228  -4.298  -50.541  28.282 0.0000000000
50229  -5.629  -50.652  28.402 0.0000000000
50230  -6.838  -50.826  28.480 0.0000000000
50231  -7.715  -51.402  28.459 0.0000000000
50245  -7.418  -50.474  28.185 0.0000000000
50246  -8.045  -50.850  27.816 0.0000000000
51058  -11.136  -50.233  60.105 0.0000000000
51059  -11.865  -50.712  60.482 0.0000000000
51060  -13.668  -51.576  60.928 0.0000000000
51061  -14.712  -51.746  60.994 0.0000000000
51062  -15.246  -51.657  60.611 0.0000000000
51063  -15.487  -51.074  59.397 0.0000000000
51064  -16.201  -50.415  58.774 0.0000000000
51065  -8.633  -50.022  57.265 0.0000000000
51066  -9.454  -50.150  57.589 0.0000000000
51067  -10.974  -50.204  59.232 0.0000000000
51068  -13.019  -51.030  59.673 0.0000000000
51069  -14.155  -51.421  59.900 0.0000000000
51070  -15.816  -51.166  58.571 0.0000000000
51071  -16.790  -50.563  58.130 0.0000000000
51072  -6.650  -50.175  55.470 0.0000000000
51073  -7.115  -50.484  55.732 0.0000000000
51074  -8.301  -50.310  56.758 0.0000000000
51075  -9.102  -50.624  57.021 0.0000000000
51077  -6.427  -50.305  55.098 0.0000000000
51078  -6.757  -50.716  55.440 0.0000000000
51080  -4.562  -49.427  53.834 0.0000000000
51081  -5.357  -49.729  54.017 0.0000000000
51084  -4.055  -49.224  53.040 0.0000000000
51085  -4.279  -49.453  53.380 0.0000000000
51086  -5.114  -50.192  53.115 0.0000000000
51087  -5.348  -50.544  52.605 0.0000000000
51090  -4.067  -49.301  52.805 0.0000000000
51091  -4.281  -49.733  52.599 0.0000000000
51092  -4.536  -50.276  52.272 0.0000000000
51093  -4.821  -50.660  52.200 0.0000000000
51094  -4.587  -50.683  51.990 0.0000000000
51096  -4.434  -50.303  51.780 0.0000000000
51097  -4.498  -50.294  51.498 0.0000000000
51098  -4.511  -50.282  51.146 0.0000000000
51101  -4.620  -50.048  50.212 0.0000000000
51105  -4.293  -49.596  49.634 0.0000000000
51112  -3.201  -50.446  48.148 0.0000000000
51113  -3.395  -50.039  47.938 0.0000000000
51114  -3.581  -49.599  48.199 0.0000000000
51115  -3.638  -49.203  48.508 0.0000000000
51116  -3.959  -49.210  48.758 0.0000000000
51121  -2.744  -50.801  47.144 0.0000000000
51122  -3.125  -50.438  47.382 0.0000000000
51123  -3.472  -49.651  47.228 0.0000000000
51124  -3.803  -49.020  47.314 0.0000000000
51125  -3.859  -48.706  47.633 0.0000000000
51126  -3.866  -48.839  47.942 0.0000000000
51129  -2.756  -50.526  46.795 0.0000000000
51130  -2.942  -49.899  46.400 0.0000000000
51131  -3.491  -49.077  46.264 0.0000000000
51132  -3.735  -48.561  46.574 0.0000000000
51133  -3.804  -48.360  46.801 0.0000000000
51140  -2.994  -49.424  45.419 0.0000000000
51141  -3.410  -48.803  45.235 0.0000000000
51149  -2.283  -50.072  43.759 0.0000000000
51150  -2.842  -49.259  44.231 0.0000000000
51151  -3.464  -48.634  44.685 0.0000000000
51156  -2.563  -49.993  43.035 0.0000000000
51157  -2.825  -49.211  43.041 0.0000000000
51162  -2.210  -49.592  41.889 0.0000000000
51163  -2.658  -48.991  42.509 0.0000000000
51168  -1.734  -49.424  40.470 0.0000000000
51169  -2.133  -48.747  40.109 0.0000000000
51177  -2.069  -49.146  39.478 0.0000000000
51178  -1.989  -48.672  39.511 0.0000000000
51188  -1.971  -48.990  38.488 0.0000000000
51189  -2.110  -48.806  39.151 0.0000000000
51202  -2.059  -49.148  37.056 0.0000000000
51203  -2.295  -49.613  36.445 0.0000000000
51220  -2.122  -48.765  36.523 0.0000000000
51221  -2.375  -49.313  36.030 0.0000000000
51239  -2.708  -49.739  35.000 0.0000000000
51240  -3.249  -50.282  34.827 0.0000000000
51257  -2.262  -49.487  34.149 0.0000000000
51258  -3.037  -50.253  34.385 0.0000000000
51259  -3.162  -50.445  34.184 0.0000000000
51274  -1.725  -48.699  32.347 0.0000000000
51275  -1.878  -49.224  33.243 0.0000000000
51276  -2.317  -50.090  33.807 0.0000000000
51277  -2.963  -50.379  34.054 0.0000000000
51292  -1.613  -48.898  31.299 0.0000000000
51293  -1.666  -49.509  32.324 0.0000000000
51294  -1.762  -49.932  33.099 0.0000000000
51306  -1.581  -48.877  30.130 0.0000000000
51307  -2.022  -48.937  29.246 0.0000000000
51319  -2.946  -49.097  28.619 0.0000000000
51320  -3.813  -49.449  28.267 0.0000000000
51321  -4.825  -49.489  27.929 0.0000000000
51322  -6.007  -49.741  27.973 0.0000000000
51323  -6.842  -49.875  27.930 0.0000000000
51336  -7.336  -49.845  27.501 0.0000000000
51337  -7.839  -50.001  27.087 0.0000000000
51349  -7.319  -49.488  26.589 0.0000000000
52128  -13.046  -49.703  62.114 0.0000000000
52129  -14.150  -50.012  62.155 0.0000000000
52130  -14.780  -49.786  61.472 0.0000000000
52131  -15.177  -49.290  59.994 0.0000000000
52132  -15.891  -49.109  59.518 0.0000000000
52133  -9.078  -49.579  60.416 0.0000000000
52134  -10.793  -49.824  60.492 0.0000000000
52135  -12.603  -50.061  60.922 0.0000000000
52136  -13.939  -50.724  61.669 0.0000000000
52137  -14.620  -50.856  61.404 0.0000000000
52138  -14.842  -50.346  60.144 0.0000000000
52139  -15.840  -49.844  59.340 0.0000000000
52140  -16.879  -49.669  58.728 0.0000000000
52141  -7.836  -49.366  56.765 0.0000000000
52142  -8.215  -49.756  57.555 0.0000000000
52143  -8.776  -49.870  59.245 0.0000000000
52144  -9.573  -49.990  60.042 0.0000000000
52145  -17.732  -49.431  57.837 0.0000000000
52146  -6.501  -49.687  55.554 0.0000000000
52147  -7.333  -49.665  56.342 0.0000000000
52148  -8.012  -49.737  56.773 0.0000000000
52151  -4.871  -48.927  54.472 0.0000000000
52152  -5.658  -49.291  54.735 0.0000000000
52155  -3.392  -48.862  53.747 0.0000000000
52156  -4.127  -49.130  54.071 0.0000000000
52157  -5.019  -49.252  54.241 0.0000000000
52160  -3.499  -49.142  53.091 0.0000000000
52161  -3.659  -49.249  53.659 0.0000000000
52165  -3.804  -49.243  52.290 0.0000000000
52166  -4.227  -49.568  51.703 0.0000000000
52167  -4.418  -50.043  51.715 0.0000000000
52169  -4.443  -49.295  50.972 0.0000000000
52170  -4.567  -49.730  51.092 0.0000000000
52171  -4.610  -49.747  50.455 0.0000000000
52172  -4.670  -49.942  50.415 0.0000000000
52175  -4.368  -49.485  49.618 0.0000000000
52176  -4.559  -49.690  49.887 0.0000000000
52180  -3.863  -49.590  49.317 0.0000000000
52181  -3.877  -49.371  49.189 0.0000000000
52189  -3.750  -49.067  48.388 0.0000000000
52192  -3.828  -48.464  47.192 0.0000000000
52193  -3.825  -48.705  47.725 0.0000000000
52195  -3.712  -48.550  45.794 0.0000000000
52196  -3.976  -48.306  45.871 0.0000000000
52197  -4.191  -48.114  46.025 0.0000000000
52205  -3.833  -48.442  45.114 0.0000000000
52206  -4.476  -48.271  45.049 0.0000000000
52207  -5.025  -48.063  45.074 0.0000000000
52215  -3.118  -48.816  43.633 0.0000000000
52216  -3.583  -48.389  44.225 0.0000000000
52217  -4.517  -48.056  44.538 0.0000000000
52218  -5.110  -47.889  44.802 0.0000000000
52224  -3.044  -48.651  43.122 0.0000000000
52225  -3.406  -48.145  43.437 0.0000000000
52226  -3.845  -47.923  44.130 0.0000000000
52232  -2.297  -49.071  41.279 0.0000000000
52233  -2.402  -48.507  42.027 0.0000000000
52234  -2.809  -47.869  42.607 0.0000000000
52244  -2.318  -48.791  40.881 0.0000000000
52245  -2.281  -48.244  40.692 0.0000000000
52257  -2.180  -48.270  39.782 0.0000000000
52269  -2.093  -48.234  38.545 0.0000000000
52270  -2.033  -48.408  39.084 0.0000000000
52282  -2.129  -48.232  37.800 0.0000000000
52293  -2.039  -48.222  36.869 0.0000000000
52294  -1.954  -48.390  36.114 0.0000000000
52306  -2.009  -48.581  35.251 0.0000000000
52323  -1.871  -48.006  33.879 0.0000000000
52324  -2.038  -48.812  34.448 0.0000000000
52341  -1.905  -48.066  32.968 0.0000000000
52342  -1.967  -48.728  33.764 0.0000000000
52359  -1.656  -47.874  31.830 0.0000000000
52373  -1.549  -47.840  30.715 0.0000000000
52374  -1.746  -47.822  29.625 0.0000000000
52387  -2.529  -47.851  28.732 0.0000000000
52388  -3.932  -47.951  27.738 0.0000000000
52389  -5.365  -48.600  27.388 0.0000000000
52390  -6.234  -49.186  27.175 0.0000000000
52391  -6.796  -49.519  27.363 0.0000000000
52405  -4.484  -46.976  27.150 0.0000000000
52406  -5.094  -47.389  26.857 0.0000000000
52407  -6.153  -48.029  26.434 0.0000000000
52408  -6.730  -49.137  26.682 0.0000000000
52422  -6.515  -47.796  25.966 0.0000000000
52423  -7.132  -48.431  26.106 0.0000000000
53205  -10.362  -48.764  61.532 0.0000000000
53206  -11.990  -49.149  61.464 0.0000000000
53207  -13.456  -49.222  62.321 0.0000000000
53208  -14.515  -49.152  61.886 0.0000000000
53209  -15.442  -48.766  60.974 0.0000000000
53210  -16.438  -48.517  59.905 0.0000000000
53211  -17.299  -48.092  59.685 0.0000000000
53212  -8.830  -48.274  59.460 0.0000000000
53213  -8.678  -48.900  60.735 0.0000000000
53214  -9.747  -49.051  61.151 0.0000000000
53215  -11.460  -49.273  61.395 0.0000000000
53216  -16.473  -49.124  59.283 0.0000000000
53217  -17.505  -48.526  58.869 0.0000000000
53218  -8.031  -48.896  57.023 0.0000000000
53219  -7.869  -48.831  58.388 0.0000000000
53220  -8.492  -49.269  59.862 0.0000000000
53222  -6.601  -49.079  56.064 0.0000000000
53223  -7.257  -48.852  56.528 0.0000000000
53224  -7.694  -48.254  56.795 0.0000000000
53227  -5.240  -48.659  54.863 0.0000000000
53228  -5.886  -48.770  55.454 0.0000000000
53229  -6.312  -48.298  56.205 0.0000000000
53230  -7.054  -48.341  56.461 0.0000000000
53233  -3.103  -48.142  54.327 0.0000000000
53234  -4.391  -48.315  54.768 0.0000000000
53235  -5.166  -48.220  55.378 0.0000000000
53236  -5.605  -48.279  55.823 0.0000000000
53238  -3.048  -48.195  53.308 0.0000000000
53243  -3.376  -48.334  51.881 0.0000000000
53244  -3.974  -48.923  51.664 0.0000000000
53251  -4.112  -48.757  50.746 0.0000000000
53252  -4.527  -49.211  50.467 0.0000000000
53253  -4.585  -49.495  50.468 0.0000000000
53259  -3.487  -48.360  49.583 0.0000000000
53260  -4.162  -48.915  49.785 0.0000000000
53261  -4.493  -49.318  49.973 0.0000000000
53271  -3.166  -48.085  48.708 0.0000000000
53272  -3.347  -48.846  48.865 0.0000000000
53273  -3.730  -49.461  49.168 0.0000000000
53274  -3.669  -49.577  48.962 0.0000000000
53285  -3.370  -47.559  48.005 0.0000000000
53286  -3.685  -48.066  47.798 0.0000000000
53287  -3.720  -48.798  48.266 0.0000000000
53288  -3.614  -49.218  48.559 0.0000000000
53291  -3.827  -47.990  47.103 0.0000000000
53292  -3.828  -48.270  47.019 0.0000000000
53293  -3.841  -48.723  47.961 0.0000000000
53296  -4.724  -47.978  45.603 0.0000000000
53305  -5.154  -47.842  45.032 0.0000000000
53312  -4.665  -47.855  44.559 0.0000000000
53313  -5.138  -47.725  44.797 0.0000000000
53320  -3.375  -47.685  43.367 0.0000000000
53321  -3.769  -47.661  44.042 0.0000000000
53331  -1.986  -46.995  40.942 0.0000000000
53332  -2.249  -47.476  41.390 0.0000000000
53333  -2.673  -47.433  42.667 0.0000000000
53344  -2.003  -46.992  40.420 0.0000000000
53345  -2.183  -47.666  40.143 0.0000000000
53356  -1.871  -47.111  39.430 0.0000000000
53357  -1.988  -47.847  39.290 0.0000000000
53368  -1.830  -47.518  38.468 0.0000000000
53369  -1.987  -48.023  38.844 0.0000000000
53383  -1.942  -47.406  37.347 0.0000000000
53396  -1.457  -47.486  36.314 0.0000000000
53397  -1.672  -47.878  35.594 0.0000000000
53410  -1.336  -47.173  35.315 0.0000000000
53411  -1.527  -47.807  34.996 0.0000000000
53421  -1.488  -47.232  34.338 0.0000000000
53422  -1.752  -48.104  34.559 0.0000000000
53430  -1.767  -47.084  33.342 0.0000000000
53442  -1.601  -46.977  32.367 0.0000000000
53454  -1.518  -46.862  31.329 0.0000000000
53455  -1.677  -46.792  30.275 0.0000000000
53462  -2.165  -46.722  29.287 0.0000000000
53463  -3.137  -46.651  28.439 0.0000000000
53472  -4.066  -46.358  27.507 0.0000000000
53473  -4.928  -46.486  26.900 0.0000000000
53474  -5.980  -46.872  26.313 0.0000000000
53475  -7.107  -46.782  26.321 0.0000000000
53488  -6.355  -47.494  26.090 0.0000000000
53489  -6.752  -47.466  25.984 0.0000000000
54296  -9.769  -48.114  61.204 0.0000000000
54297  -10.821  -48.264  60.851 0.0000000000
54298  -12.437  -48.433  61.072 0.0000000000
54299  -13.992  -48.222  61.819 0.0000000000
54300  -15.123  -48.040  60.669 0.0000000000
54301  -16.444  -47.673  60.416 0.0000000000
54302  -17.154  -47.813  60.094 0.0000000000
54303  -8.682  -47.516  59.453 0.0000000000
54304  -9.088  -47.661  60.208 0.0000000000
54305  -9.089  -48.039  61.303 0.0000000000
54306  -17.340  -47.228  60.269 0.0000000000
54307  -17.649  -47.452  59.460 0.0000000000
54308  -7.765  -47.467  58.539 0.0000000000
54309  -7.517  -46.774  57.584 0.0000000000
54310  -18.175  -47.268  58.164 0.0000000000
54311  -6.869  -46.666  56.816 0.0000000000
54312  -7.489  -47.242  57.120 0.0000000000
54313  -7.500  -46.818  57.216 0.0000000000
54316  -6.317  -47.213  56.472 0.0000000000
54317  -7.019  -47.861  56.536 0.0000000000
54321  -2.700  -46.991  54.736 0.0000000000
54322  -3.619  -47.401  55.030 0.0000000000
54323  -4.602  -47.615  55.384 0.0000000000
54324  -5.327  -47.725  55.988 0.0000000000
54374  -3.555  -47.649  47.493 0.0000000000
54378  -3.207  -46.925  46.528 0.0000000000
54379  -3.723  -47.683  46.858 0.0000000000
54380  -3.886  -47.987  46.752 0.0000000000
54383  -3.003  -46.460  45.227 0.0000000000
54384  -3.683  -46.957  45.585 0.0000000000
54385  -4.085  -47.495  45.894 0.0000000000
54386  -4.241  -47.924  46.190 0.0000000000
54396  -1.863  -46.111  44.112 0.0000000000
54397  -2.994  -46.477  44.452 0.0000000000
54398  -3.814  -47.003  44.887 0.0000000000
54399  -4.536  -47.441  45.210 0.0000000000
54400  -4.878  -47.762  45.397 0.0000000000
54410  -1.716  -46.155  43.192 0.0000000000
54411  -2.756  -46.556  43.676 0.0000000000
54412  -3.641  -47.000  44.237 0.0000000000
54413  -4.591  -47.538  44.739 0.0000000000
54414  -5.059  -47.625  45.015 0.0000000000
54425  -1.796  -46.166  42.254 0.0000000000
54426  -2.302  -46.697  42.894 0.0000000000
54427  -3.232  -47.146  43.459 0.0000000000
54428  -3.879  -47.521  44.337 0.0000000000
54440  -2.051  -46.393  41.045 0.0000000000
54441  -2.086  -46.970  42.166 0.0000000000
54442  -2.559  -47.078  42.772 0.0000000000
54453  -2.038  -46.214  39.672 0.0000000000
54465  -1.858  -45.735  37.975 0.0000000000
54466  -1.516  -46.468  38.686 0.0000000000
54478  -1.314  -46.111  37.361 0.0000000000
54479  -1.989  -46.532  37.743 0.0000000000
54490  -1.530  -46.117  36.773 0.0000000000
54491  -1.552  -46.672  36.927 0.0000000000
54499  -1.604  -45.896  36.450 0.0000000000
54500  -1.518  -46.259  36.004 0.0000000000
54505  -1.401  -46.222  34.719 0.0000000000
54511  -1.605  -46.147  33.671 0.0000000000
54512  -1.627  -45.792  33.445 0.0000000000
54518  -1.621  -46.183  32.884 0.0000000000
54519  -1.631  -45.755  33.208 0.0000000000
54530  -1.596  -46.021  31.974 0.0000000000
54545  -1.680  -45.910  30.958 0.0000000000
54546  -2.032  -45.795  29.994 0.0000000000
54560  -2.721  -45.676  29.175 0.0000000000
54561  -3.692  -45.470  28.449 0.0000000000
54562  -4.575  -45.048  28.272 0.0000000000
54563  -5.473  -45.032  28.114 0.0000000000
54564  -6.530  -45.070  28.038 0.0000000000
54565  -7.870  -45.263  28.047 0.0000000000
54580  -4.294  -45.628  27.941 0.0000000000
54581  -4.823  -45.702  27.594 0.0000000000
54582  -5.684  -45.861  27.222 0.0000000000
54583  -6.758  -46.031  27.133 0.0000000000
55450  -8.555  -46.524  61.540 0.0000000000
55451  -9.159  -47.135  61.358 0.0000000000
55452  -11.224  -47.079  60.569 0.0000000000
55453  -13.019  -46.960  60.577 0.0000000000
55454  -14.573  -46.859  60.662 0.0000000000
55455  -15.975  -46.771  60.644 0.0000000000
55456  -16.979  -46.482  60.517 0.0000000000
55457  -8.651  -46.660  59.453 0.0000000000
55458  -8.415  -46.740  61.206 0.0000000000
55459  -8.667  -47.422  61.439 0.0000000000
55460  -17.665  -46.230  59.664 0.0000000000
55461  -17.903  -46.569  58.657 0.0000000000
55462  -6.642  -45.574  57.484 0.0000000000
55463  -7.569  -45.935  57.925 0.0000000000
55464  -7.430  -46.558  57.356 0.0000000000
55466  -17.521  -45.311  57.801 0.0000000000
55468  -5.382  -45.316  56.115 0.0000000000
55469  -6.071  -45.852  56.807 0.0000000000
55470  -7.200  -46.494  57.152 0.0000000000
55471  -7.386  -46.689  57.035 0.0000000000
55477  -4.633  -45.507  55.626 0.0000000000
55478  -5.208  -46.779  56.053 0.0000000000
55484  -3.146  -46.342  55.260 0.0000000000
55485  -4.277  -46.847  55.566 0.0000000000
55486  -4.788  -47.278  55.847 0.0000000000
55557  -1.348  -44.855  43.844 0.0000000000
55558  -1.458  -45.469  43.554 0.0000000000
55568  -1.079  -45.047  43.125 0.0000000000
55569  -1.202  -45.586  42.695 0.0000000000
55577  -1.228  -44.947  42.371 0.0000000000
55578  -1.870  -45.211  41.630 0.0000000000
55586  -1.923  -45.292  40.182 0.0000000000
55597  -1.515  -45.380  38.049 0.0000000000
55598  -1.434  -45.409  38.786 0.0000000000
55609  -1.167  -45.609  37.636 0.0000000000
55610  -1.210  -45.157  37.960 0.0000000000
55617  -1.591  -45.727  37.055 0.0000000000
55618  -1.608  -45.156  37.258 0.0000000000
55624  -1.612  -45.779  36.670 0.0000000000
55625  -1.759  -45.349  36.371 0.0000000000
55632  -1.644  -45.252  35.193 0.0000000000
55639  -1.779  -45.324  33.913 0.0000000000
55640  -1.673  -45.658  33.625 0.0000000000
55645  -1.750  -45.259  32.795 0.0000000000
55646  -1.666  -45.527  33.384 0.0000000000
55653  -1.941  -45.212  31.638 0.0000000000
55662  -2.287  -45.191  30.778 0.0000000000
55663  -2.673  -45.012  29.968 0.0000000000
55664  -5.770  -43.562  29.669 0.0000000000
55665  -6.823  -43.393  29.615 0.0000000000
55666  -7.399  -43.264  29.583 0.0000000000
55676  -3.337  -44.890  29.402 0.0000000000
55677  -4.172  -44.554  29.069 0.0000000000
55678  -5.144  -44.343  28.951 0.0000000000
55679  -6.209  -44.281  28.967 0.0000000000
55680  -7.408  -44.023  29.168 0.0000000000
56575  -14.460  -44.598  61.146 0.0000000000
56576  -15.931  -44.600  61.504 0.0000000000
56577  -16.937  -44.639  61.752 0.0000000000
56578  -17.302  -44.458  61.533 0.0000000000
56579  -7.266  -44.911  61.487 0.0000000000
56580  -8.294  -45.750  61.733 0.0000000000
56581  -9.984  -45.740  61.391 0.0000000000
56582  -12.111  -45.699  60.604 0.0000000000
56583  -13.785  -45.690  60.598 0.0000000000
56584  -15.326  -45.681  60.873 0.0000000000
56585  -16.585  -45.494  60.981 0.0000000000
56586  -17.479  -45.116  60.706 0.0000000000
56587  -7.127  -44.069  58.854 0.0000000000
56588  -8.009  -45.166  59.847 0.0000000000
56589  -7.811  -45.758  61.324 0.0000000000
56590  -17.623  -44.851  58.847 0.0000000000
56592  -6.458  -44.932  57.701 0.0000000000
56593  -7.361  -44.975  58.546 0.0000000000
56597  -5.230  -44.734  56.259 0.0000000000
56598  -5.785  -44.972  57.010 0.0000000000
56682  -1.011  -44.537  43.492 0.0000000000
56689  -1.187  -44.573  42.756 0.0000000000
56696  -1.129  -44.566  42.152 0.0000000000
56697  -1.251  -44.566  41.664 0.0000000000
56705  -1.522  -44.512  40.721 0.0000000000
56713  -1.339  -44.508  39.525 0.0000000000
56723  -1.587  -44.528  38.443 0.0000000000
56724  -6.018  -42.408  37.195 0.0000000000
56725  -6.267  -42.471  37.176 0.0000000000
56732  -1.725  -44.485  37.558 0.0000000000
56733  -5.973  -42.466  36.954 0.0000000000
56734  -6.686  -42.667  36.815 0.0000000000
56735  -7.389  -42.978  36.598 0.0000000000
56743  -1.970  -44.344  36.667 0.0000000000
56744  -2.326  -43.769  36.074 0.0000000000
56745  -5.946  -42.422  36.283 0.0000000000
56746  -6.795  -42.757  36.100 0.0000000000
56747  -7.689  -43.219  36.103 0.0000000000
56748  -8.232  -43.466  35.878 0.0000000000
56755  -1.965  -44.345  35.669 0.0000000000
56756  -2.736  -43.618  35.289 0.0000000000
56757  -3.591  -43.282  34.872 0.0000000000
56758  -5.890  -42.470  35.382 0.0000000000
56759  -6.885  -42.623  35.232 0.0000000000
56760  -7.830  -43.159  35.244 0.0000000000
56761  -8.596  -43.386  35.299 0.0000000000
56762  -9.139  -43.382  35.058 0.0000000000
56768  -2.076  -44.298  34.585 0.0000000000
56769  -2.921  -43.612  34.221 0.0000000000
56770  -4.240  -43.157  34.210 0.0000000000
56771  -5.658  -42.693  34.321 0.0000000000
56772  -7.015  -42.704  34.194 0.0000000000
56773  -8.043  -43.030  34.359 0.0000000000
56774  -8.771  -43.164  34.515 0.0000000000
56775  -9.321  -43.087  34.543 0.0000000000
56781  -2.278  -44.322  33.434 0.0000000000
56782  -3.311  -43.652  33.136 0.0000000000
56783  -4.633  -43.076  33.053 0.0000000000
56784  -5.975  -42.708  32.990 0.0000000000
56785  -7.356  -42.766  32.951 0.0000000000
56786  -8.330  -42.819  33.596 0.0000000000
56787  -9.006  -42.812  33.882 0.0000000000
56788  -9.384  -42.771  34.074 0.0000000000
56794  -2.595  -44.447  32.144 0.0000000000
56795  -3.785  -43.661  31.940 0.0000000000
56796  -4.984  -42.990  31.804 0.0000000000
56797  -6.267  -42.845  31.733 0.0000000000
56798  -7.338  -42.778  31.613 0.0000000000
56799  -7.917  -42.632  31.460 0.0000000000
56805  -2.423  -44.792  31.336 0.0000000000
56806  -3.120  -44.445  30.849 0.0000000000
56807  -4.252  -43.634  30.780 0.0000000000
56808  -5.400  -43.259  30.673 0.0000000000
56809  -6.563  -43.137  30.573 0.0000000000
56810  -7.752  -42.825  30.283 0.0000000000
56811  -8.762  -42.570  29.838 0.0000000000
56818  -3.232  -44.649  30.032 0.0000000000
56819  -3.771  -44.253  29.939 0.0000000000
56820  -4.702  -43.801  29.767 0.0000000000
56821  -7.654  -43.199  29.535 0.0000000000
56822  -8.192  -43.225  29.545 0.0000000000
57676  -9.814  -42.998  62.137 0.0000000000
57677  -11.052  -43.154  61.906 0.0000000000
57678  -13.184  -43.499  61.695 0.0000000000
57679  -15.167  -43.700  62.469 0.0000000000
57680  -16.429  -44.095  62.787 0.0000000000
57681  -17.143  -44.056  62.195 0.0000000000
57682  -6.620  -44.000  61.822 0.0000000000
57683  -7.536  -44.326  62.181 0.0000000000
57684  -9.145  -44.156  62.091 0.0000000000
57685  -11.447  -44.371  61.133 0.0000000000
57686  -13.034  -44.703  60.820 0.0000000000
57687  -17.649  -43.967  61.082 0.0000000000
57688  -17.764  -43.399  60.134 0.0000000000
57691  -6.424  -43.866  60.611 0.0000000000
57692  -17.784  -43.885  59.457 0.0000000000
57693  -17.834  -43.311  59.658 0.0000000000
57801  -1.455  -43.897  43.024 0.0000000000
57815  -1.540  -44.056  42.249 0.0000000000
57816  -1.884  -43.075  42.303 0.0000000000
57828  -1.407  -44.292  41.847 0.0000000000
57829  -1.735  -43.640  41.290 0.0000000000
57841  -2.037  -43.711  40.069 0.0000000000
57852  -2.302  -43.527  38.943 0.0000000000
57853  -3.067  -43.031  38.740 0.0000000000
57865  -2.177  -43.769  37.869 0.0000000000
57866  -3.237  -43.002  38.054 0.0000000000
57867  -4.408  -42.371  37.635 0.0000000000
57868  -5.709  -42.251  37.438 0.0000000000
57869  -6.787  -42.411  37.433 0.0000000000
57870  -7.698  -42.700  37.334 0.0000000000
57871  -8.114  -42.931  37.153 0.0000000000
57882  -2.123  -43.882  37.157 0.0000000000
57883  -2.838  -43.463  37.157 0.0000000000
57884  -3.814  -42.865  36.961 0.0000000000
57885  -5.034  -42.468  36.718 0.0000000000
57886  -7.377  -42.863  37.005 0.0000000000
57887  -7.875  -43.235  36.843 0.0000000000
57888  -8.421  -43.094  36.837 0.0000000000
57889  -8.922  -43.005  36.599 0.0000000000
57907  -2.381  -43.670  36.636 0.0000000000
57908  -3.167  -43.403  36.241 0.0000000000
57909  -4.211  -42.841  36.054 0.0000000000
57910  -5.151  -42.557  35.791 0.0000000000
57911  -8.202  -43.439  36.398 0.0000000000
57912  -8.731  -43.452  36.145 0.0000000000
57913  -9.317  -43.097  36.117 0.0000000000
57930  -3.637  -43.200  35.520 0.0000000000
57931  -4.454  -42.916  35.185 0.0000000000
57932  -5.211  -42.633  35.190 0.0000000000
57933  -9.142  -43.418  35.597 0.0000000000
57934  -9.682  -43.052  35.249 0.0000000000
57935  -10.146  -42.640  34.731 0.0000000000
57954  -5.022  -42.791  34.747 0.0000000000
57955  -5.475  -42.629  34.911 0.0000000000
57956  -9.717  -42.762  34.344 0.0000000000
57957  -10.156  -42.401  33.932 0.0000000000
57976  -7.648  -42.684  32.329 0.0000000000
57977  -8.042  -42.658  32.674 0.0000000000
57978  -8.687  -42.602  32.966 0.0000000000
57979  -9.459  -42.534  33.289 0.0000000000
57980  -10.059  -42.159  32.821 0.0000000000
57996  -7.849  -42.622  32.041 0.0000000000
57997  -8.300  -42.569  32.102 0.0000000000
57998  -8.879  -42.506  32.108 0.0000000000
57999  -9.500  -42.335  31.910 0.0000000000
58017  -8.342  -42.584  31.365 0.0000000000
58018  -8.802  -42.511  30.989 0.0000000000
58883  -7.803  -42.392  62.516 0.0000000000
58884  -8.647  -42.637  62.398 0.0000000000
58885  -10.440  -42.265  62.569 0.0000000000
58886  -12.324  -42.431  62.907 0.0000000000
58887  -14.251  -42.845  63.651 0.0000000000
58888  -15.765  -43.316  63.818 0.0000000000
58889  -16.879  -43.457  63.219 0.0000000000
58890  -5.964  -43.279  61.406 0.0000000000
58891  -7.087  -42.887  62.396 0.0000000000
58892  -7.977  -43.555  62.401 0.0000000000
58893  -17.383  -43.267  61.935 0.0000000000
58894  -17.614  -43.048  60.670 0.0000000000
58898  -18.044  -43.116  59.275 0.0000000000
58899  -17.855  -42.899  59.835 0.0000000000
59013  -7.184  -40.274  43.244 0.0000000000
59032  -6.983  -40.386  43.048 0.0000000000
59033  -7.221  -40.315  43.025 0.0000000000
59046  -2.374  -42.282  41.292 0.0000000000
59059  -2.289  -42.729  40.245 0.0000000000
59060  -3.198  -41.895  40.255 0.0000000000
59061  -4.600  -41.380  40.438 0.0000000000
59062  -5.861  -41.232  40.042 0.0000000000
59063  -6.437  -41.135  39.907 0.0000000000
59064  -8.954  -40.330  39.102 0.0000000000
59079  -2.332  -43.072  39.607 0.0000000000
59080  -3.107  -42.661  39.277 0.0000000000
59081  -4.135  -41.834  39.302 0.0000000000
59082  -5.384  -41.506  39.237 0.0000000000
59083  -6.590  -41.265  39.190 0.0000000000
59084  -7.677  -41.317  38.781 0.0000000000
59085  -8.586  -41.036  38.769 0.0000000000
59104  -3.335  -42.714  38.625 0.0000000000
59105  -3.824  -42.306  38.499 0.0000000000
59106  -4.914  -41.896  38.347 0.0000000000
59107  -6.118  -41.726  38.207 0.0000000000
59108  -7.257  -41.940  38.071 0.0000000000
59109  -8.396  -42.286  37.642 0.0000000000
59110  -9.374  -41.591  37.794 0.0000000000
59129  -8.771  -42.743  37.005 0.0000000000
59130  -9.305  -42.508  36.925 0.0000000000
59152  -9.919  -42.552  36.102 0.0000000000
59169  -10.230  -42.504  35.345 0.0000000000
60087  -8.009  -41.825  62.626 0.0000000000
60088  -9.496  -41.438  62.829 0.0000000000
60089  -11.514  -41.568  63.112 0.0000000000
60090  -13.441  -41.968  63.998 0.0000000000
60091  -14.968  -42.321  64.558 0.0000000000
60092  -16.401  -42.482  64.000 0.0000000000
60093  -17.313  -42.535  62.846 0.0000000000
60097  -17.684  -42.382  61.122 0.0000000000
60098  -17.852  -42.636  60.128 0.0000000000
60103  -17.969  -42.624  59.783 0.0000000000
60228  -7.182  -40.147  43.631 0.0000000000
60247  -7.417  -40.253  42.826 0.0000000000
60248  -8.094  -40.115  42.431 0.0000000000
60263  -6.963  -40.501  41.658 0.0000000000
60264  -8.102  -40.252  41.521 0.0000000000
60265  -8.606  -40.147  40.916 0.0000000000
60280  -5.444  -40.989  40.888 0.0000000000
60281  -6.487  -40.816  40.508 0.0000000000
60282  -7.496  -40.528  40.480 0.0000000000
60283  -8.527  -40.291  40.025 0.0000000000
60284  -9.165  -39.912  39.398 0.0000000000
60299  -6.704  -41.067  39.845 0.0000000000
60300  -7.188  -40.999  39.754 0.0000000000
60301  -7.911  -40.806  39.565 0.0000000000
61373  -9.427  -38.476  45.013 0.0000000000
61382  -9.263  -38.952  44.521 0.0000000000
61383  -9.861  -38.828  44.357 0.0000000000
61390  -7.935  -39.157  44.121 0.0000000000
61391  -8.724  -39.146  43.760 0.0000000000
61392  -9.640  -39.166  43.485 0.0000000000
61393  -10.222  -38.931  43.626 0.0000000000
61402  -7.614  -39.758  43.619 0.0000000000
61403  -8.182  -39.640  43.078 0.0000000000
61404  -9.033  -39.497  42.600 0.0000000000
61405  -9.720  -39.288  42.521 0.0000000000
61416  -8.503  -39.935  42.223 0.0000000000
61417  -8.873  -39.768  41.416 0.0000000000
61418  -9.126  -39.526  40.717 0.0000000000
61429  -8.794  -39.753  40.564 0.0000000000
61430  -9.178  -39.489  39.969 0.0000000000
62480  -9.374  -38.365  45.385 0.0000000000
62481  -9.774  -38.294  45.222 0.0000000000
62484  -10.451  -38.462  44.153 0.0000000000
62485  -10.950  -38.226  43.972 0.0000000000
62488  -10.195  -39.057  42.854 0.0000000000
62489  -10.610  -38.670  43.167 0.0000000000
62490  -11.049  -38.361  43.456 0.0000000000
62493  -9.470  -39.408  41.723 0.0000000000
62494  -10.097  -39.121  41.924 0.0000000000
62495  -10.550  -38.716  42.312 0.0000000000
62496  -11.007  -38.463  42.605 0.0000000000
62499  -9.280  -39.476  41.131 0.0000000000
62500  -9.808  -39.320  40.813 0.0000000000
62501  -10.587  -38.710  41.343 0.0000000000
62502  -10.830  -38.501  41.995 0.0000000000
62509  -9.659  -39.172  39.933 0.0000000000
63652  -11.360  -38.145  42.908 0.0000000000
63661  -10.869  -38.454  41.314 0.0000000000
63662  -11.108  -38.256  41.694 0.0000000000
