#!ascii label  , from subject subject001 vox2ras=TkReg
644
43378  -6.678  -56.866  -9.925 0.0000000000
44591  -6.234  -56.032  -7.099 0.0000000000
44609  -5.903  -56.127  -8.470 0.0000000000
44610  -6.633  -56.663  -8.434 0.0000000000
44617  -5.642  -56.510  -9.989 0.0000000000
44618  -6.315  -56.765  -9.438 0.0000000000
44621  -5.639  -56.486  -11.132 0.0000000000
44622  -6.211  -56.770  -10.633 0.0000000000
45815  -6.016  -55.345  -5.563 0.0000000000
45819  -4.700  -55.538  -6.670 0.0000000000
45820  -5.956  -55.636  -6.449 0.0000000000
45827  -4.079  -55.476  -7.123 0.0000000000
45828  -5.145  -55.694  -7.454 0.0000000000
45847  -4.065  -55.474  -7.877 0.0000000000
45848  -4.885  -55.666  -8.400 0.0000000000
45855  -4.157  -55.205  -8.840 0.0000000000
45856  -5.021  -55.694  -9.366 0.0000000000
45859  -4.218  -55.096  -9.938 0.0000000000
45860  -4.996  -55.826  -10.559 0.0000000000
45869  -4.073  -55.356  -11.163 0.0000000000
47053  -4.667  -54.535  -3.628 0.0000000000
47054  -5.654  -54.244  -3.109 0.0000000000
47058  -2.983  -54.610  -4.994 0.0000000000
47059  -4.093  -54.741  -4.406 0.0000000000
47060  -5.483  -54.717  -4.117 0.0000000000
47066  -2.578  -54.709  -5.752 0.0000000000
47067  -3.881  -54.956  -5.411 0.0000000000
47068  -5.142  -55.101  -4.996 0.0000000000
47075  -1.608  -54.029  -7.056 0.0000000000
47076  -2.155  -54.631  -6.554 0.0000000000
47077  -3.524  -55.264  -6.368 0.0000000000
47078  -4.914  -55.311  -5.913 0.0000000000
47089  -1.719  -53.828  -7.955 0.0000000000
47090  -2.263  -54.491  -7.597 0.0000000000
47091  -3.174  -55.090  -7.282 0.0000000000
47109  -1.566  -53.845  -9.080 0.0000000000
47110  -2.209  -54.386  -8.652 0.0000000000
47111  -3.220  -54.822  -8.247 0.0000000000
47114  -1.402  -53.809  -10.264 0.0000000000
47115  -2.051  -54.312  -9.786 0.0000000000
47116  -3.197  -54.666  -9.303 0.0000000000
47119  -1.223  -53.680  -11.408 0.0000000000
47120  -1.937  -54.159  -10.978 0.0000000000
47121  -3.219  -54.557  -10.447 0.0000000000
48205  -1.146  -54.164  4.894 0.0000000000
48221  -1.195  -53.941  4.272 0.0000000000
48222  -1.790  -54.427  3.741 0.0000000000
48234  -2.051  -54.227  2.832 0.0000000000
48242  -3.838  -54.274  1.126 0.0000000000
48246  -4.269  -54.028  0.163 0.0000000000
48250  -4.520  -54.097  -0.594 0.0000000000
48255  -3.365  -54.071  -1.771 0.0000000000
48256  -4.236  -54.260  -1.307 0.0000000000
48262  -2.013  -53.513  -2.888 0.0000000000
48263  -2.934  -53.996  -2.422 0.0000000000
48264  -4.199  -54.374  -2.112 0.0000000000
48265  -5.189  -53.853  -1.805 0.0000000000
48270  -1.858  -53.408  -3.672 0.0000000000
48271  -2.884  -54.043  -3.309 0.0000000000
48272  -4.222  -54.210  -2.969 0.0000000000
48273  -5.154  -53.925  -2.413 0.0000000000
48278  -1.646  -53.338  -4.593 0.0000000000
48279  -2.718  -54.168  -4.246 0.0000000000
48280  -3.734  -54.410  -3.680 0.0000000000
48286  -1.422  -53.439  -5.287 0.0000000000
48287  -1.918  -54.096  -5.271 0.0000000000
48295  -1.456  -53.648  -6.089 0.0000000000
48296  -1.807  -54.396  -5.893 0.0000000000
48307  -1.309  -53.250  -7.187 0.0000000000
48321  -1.389  -53.091  -8.294 0.0000000000
48325  -1.469  -53.026  -9.485 0.0000000000
48329  -1.327  -52.960  -10.728 0.0000000000
48337  -1.254  -52.935  -11.934 0.0000000000
49431  -1.066  -53.480  5.694 0.0000000000
49446  -1.102  -53.220  4.650 0.0000000000
49447  -1.158  -53.673  3.793 0.0000000000
49456  -1.363  -52.853  3.608 0.0000000000
49457  -1.458  -53.658  2.891 0.0000000000
49458  -2.158  -54.052  2.281 0.0000000000
49461  -1.671  -52.586  2.462 0.0000000000
49462  -1.934  -53.348  1.901 0.0000000000
49463  -2.573  -54.131  1.457 0.0000000000
49466  -1.708  -52.344  1.347 0.0000000000
49467  -2.109  -53.342  0.849 0.0000000000
49468  -2.960  -54.085  0.446 0.0000000000
49471  -1.601  -52.236  0.279 0.0000000000
49472  -2.246  -53.325  -0.170 0.0000000000
49473  -3.474  -53.867  -0.380 0.0000000000
49477  -1.032  -51.954  -1.445 0.0000000000
49478  -1.232  -52.410  -0.958 0.0000000000
49479  -2.785  -53.702  -1.140 0.0000000000
49480  -3.772  -54.066  -0.839 0.0000000000
49485  -1.006  -52.193  -1.692 0.0000000000
49486  -1.691  -53.109  -2.024 0.0000000000
49487  -2.665  -53.732  -1.844 0.0000000000
49492  -1.226  -52.200  -2.221 0.0000000000
49493  -1.559  -52.426  -2.991 0.0000000000
49497  -1.635  -52.200  -4.085 0.0000000000
49502  -1.536  -52.442  -5.218 0.0000000000
49509  -1.636  -52.344  -6.336 0.0000000000
49517  -1.721  -52.196  -7.463 0.0000000000
49529  -1.818  -51.982  -8.643 0.0000000000
49533  -1.853  -51.773  -9.889 0.0000000000
49537  -1.594  -51.574  -11.206 0.0000000000
50530  -1.197  -52.305  5.627 0.0000000000
50545  -1.380  -51.890  4.545 0.0000000000
50547  -2.255  -51.575  3.285 0.0000000000
50549  -1.961  -51.338  1.920 0.0000000000
50552  -1.637  -51.139  0.778 0.0000000000
50555  -1.279  -51.065  -0.323 0.0000000000
50558  -1.019  -51.777  -1.612 0.0000000000
50559  -1.346  -51.124  -1.418 0.0000000000
50563  -1.197  -51.633  -1.923 0.0000000000
50564  -1.693  -50.606  -2.376 0.0000000000
50571  -1.512  -51.559  -2.556 0.0000000000
50572  -1.775  -50.795  -3.415 0.0000000000
50579  -1.680  -50.802  -4.615 0.0000000000
50590  -1.939  -50.942  -5.584 0.0000000000
50603  -2.407  -50.934  -6.621 0.0000000000
50618  -2.538  -50.781  -7.729 0.0000000000
50640  -2.377  -50.392  -9.009 0.0000000000
50648  -1.895  -50.509  -10.258 0.0000000000
51623  -1.343  -50.763  5.552 0.0000000000
51637  -2.101  -50.296  4.138 0.0000000000
51643  -2.467  -50.085  2.708 0.0000000000
51646  -2.221  -49.947  1.361 0.0000000000
51649  -1.752  -49.814  0.190 0.0000000000
51652  -1.638  -49.666  -0.885 0.0000000000
51656  -1.870  -49.357  -1.943 0.0000000000
51662  -1.795  -49.088  -3.048 0.0000000000
51668  -1.989  -48.418  -4.630 0.0000000000
51669  -2.046  -48.954  -4.260 0.0000000000
51672  -1.934  -48.500  -4.928 0.0000000000
51673  -1.913  -49.509  -5.113 0.0000000000
51681  -1.945  -48.671  -5.396 0.0000000000
51682  -2.195  -49.400  -5.879 0.0000000000
51691  -2.683  -49.490  -6.884 0.0000000000
51702  -2.842  -49.329  -7.913 0.0000000000
52684  -1.318  -49.862  6.464 0.0000000000
52700  -1.545  -48.677  5.307 0.0000000000
52701  -1.336  -48.774  6.428 0.0000000000
52711  -2.121  -48.592  3.422 0.0000000000
52717  -2.460  -48.604  1.975 0.0000000000
52720  -2.101  -47.212  0.043 0.0000000000
52721  -2.185  -48.547  0.707 0.0000000000
52723  -2.260  -47.100  -0.966 0.0000000000
52724  -2.035  -48.422  -0.398 0.0000000000
52726  -2.209  -46.889  -1.798 0.0000000000
52727  -1.998  -48.132  -1.428 0.0000000000
52729  -2.232  -46.621  -2.183 0.0000000000
52730  -2.092  -47.459  -2.510 0.0000000000
52736  -2.159  -47.513  -4.295 0.0000000000
52737  -2.202  -47.729  -3.713 0.0000000000
52743  -2.010  -47.920  -4.686 0.0000000000
52744  -2.171  -48.000  -4.230 0.0000000000
52750  -1.944  -47.832  -5.314 0.0000000000
52751  -2.225  -47.096  -5.563 0.0000000000
52759  -2.029  -48.440  -5.675 0.0000000000
52760  -2.302  -48.156  -6.108 0.0000000000
52769  -2.916  -48.277  -7.089 0.0000000000
53762  -1.668  -46.970  5.134 0.0000000000
53763  -1.573  -47.640  6.299 0.0000000000
53772  -1.920  -46.798  3.820 0.0000000000
53778  -1.868  -45.895  1.536 0.0000000000
53779  -2.170  -47.144  2.425 0.0000000000
53782  -2.184  -45.997  0.403 0.0000000000
53783  -2.169  -47.235  1.173 0.0000000000
53788  -2.302  -46.027  -0.604 0.0000000000
53793  -2.366  -45.894  -1.559 0.0000000000
53794  -2.671  -45.421  -1.898 0.0000000000
53799  -2.262  -46.308  -1.998 0.0000000000
53800  -2.390  -46.023  -2.335 0.0000000000
53808  -2.184  -47.002  -4.136 0.0000000000
53809  -2.389  -46.289  -3.473 0.0000000000
53810  -3.142  -45.598  -3.664 0.0000000000
53817  -2.064  -47.196  -4.614 0.0000000000
53818  -2.296  -46.673  -4.471 0.0000000000
53819  -2.658  -46.120  -4.429 0.0000000000
53826  -1.950  -47.427  -4.931 0.0000000000
53827  -2.049  -47.060  -5.008 0.0000000000
53828  -2.324  -46.580  -4.999 0.0000000000
54832  -2.076  -46.631  6.578 0.0000000000
54848  -1.750  -45.763  4.420 0.0000000000
54849  -1.971  -45.979  5.498 0.0000000000
54858  -1.275  -44.231  2.502 0.0000000000
54859  -1.549  -44.767  3.147 0.0000000000
54865  -1.448  -44.588  2.024 0.0000000000
54866  -1.825  -45.780  2.598 0.0000000000
54872  -2.065  -44.632  0.643 0.0000000000
54873  -2.406  -44.095  -0.274 0.0000000000
54880  -2.362  -44.965  -0.349 0.0000000000
54881  -2.709  -44.305  -0.854 0.0000000000
54888  -2.488  -45.119  -1.040 0.0000000000
54889  -3.007  -44.734  -1.486 0.0000000000
54890  -4.129  -44.492  -1.491 0.0000000000
54899  -3.048  -45.179  -2.092 0.0000000000
54900  -3.573  -45.268  -2.350 0.0000000000
54910  -2.838  -45.604  -2.683 0.0000000000
54911  -3.103  -45.542  -3.031 0.0000000000
55940  -3.741  -44.965  6.957 0.0000000000
55957  -2.569  -45.281  6.302 0.0000000000
55958  -3.448  -45.693  7.071 0.0000000000
55973  -1.718  -44.320  4.340 0.0000000000
55974  -2.111  -44.950  5.364 0.0000000000
55986  -1.341  -43.508  2.392 0.0000000000
55987  -1.571  -43.810  3.238 0.0000000000
55998  -2.006  -43.564  1.200 0.0000000000
56006  -2.435  -43.490  0.195 0.0000000000
56007  -2.926  -43.613  -0.439 0.0000000000
56018  -3.468  -43.869  -0.949 0.0000000000
56019  -4.257  -43.813  -0.855 0.0000000000
56030  -3.628  -44.271  -1.293 0.0000000000
56031  -3.888  -44.082  -1.166 0.0000000000
57037  -4.178  -44.231  7.689 0.0000000000
57038  -4.568  -44.918  8.030 0.0000000000
57043  -3.927  -44.149  7.188 0.0000000000
57044  -4.402  -45.247  7.663 0.0000000000
57056  -2.569  -42.200  5.058 0.0000000000
57057  -3.095  -43.454  5.853 0.0000000000
57074  -2.329  -42.685  4.521 0.0000000000
57075  -2.399  -44.148  5.242 0.0000000000
57087  -2.147  -42.304  2.299 0.0000000000
57088  -1.792  -42.685  3.258 0.0000000000
57098  -2.344  -42.463  1.467 0.0000000000
57099  -3.127  -42.216  0.793 0.0000000000
57100  -4.654  -42.741  0.954 0.0000000000
57112  -2.593  -42.851  0.688 0.0000000000
57113  -3.398  -42.898  0.160 0.0000000000
57114  -4.372  -42.957  0.255 0.0000000000
57128  -3.441  -43.432  -0.420 0.0000000000
57129  -3.987  -43.334  -0.410 0.0000000000
58258  -1.937  -42.728  15.453 0.0000000000
58273  -1.156  -43.799  13.188 0.0000000000
58274  -1.175  -44.169  12.155 0.0000000000
58285  -1.274  -43.510  12.160 0.0000000000
58286  -1.127  -44.065  10.964 0.0000000000
58289  -1.511  -44.033  9.797 0.0000000000
58294  -3.973  -44.557  8.621 0.0000000000
58302  -3.781  -43.559  7.706 0.0000000000
58303  -4.148  -44.164  8.020 0.0000000000
58310  -3.768  -43.516  7.419 0.0000000000
58311  -4.288  -44.298  7.864 0.0000000000
58316  -3.412  -42.558  6.395 0.0000000000
58327  -2.591  -41.319  4.579 0.0000000000
58328  -2.822  -41.768  5.363 0.0000000000
58347  -2.636  -41.083  3.515 0.0000000000
58364  -2.896  -41.540  1.894 0.0000000000
58365  -2.534  -41.523  2.589 0.0000000000
58366  -5.068  -41.489  1.992 0.0000000000
58381  -3.139  -41.696  1.351 0.0000000000
58382  -3.829  -41.780  1.091 0.0000000000
58383  -4.667  -42.076  1.418 0.0000000000
58397  -3.665  -42.286  0.657 0.0000000000
58398  -4.134  -42.362  0.650 0.0000000000
59290  -7.469  -43.917  28.088 0.0000000000
59306  -7.346  -43.974  27.330 0.0000000000
59444  -2.563  -42.605  16.150 0.0000000000
59445  -3.528  -42.596  16.613 0.0000000000
59446  -4.266  -42.685  16.821 0.0000000000
59457  -1.324  -43.190  14.034 0.0000000000
59458  -1.486  -42.333  14.449 0.0000000000
59459  -1.964  -41.907  15.397 0.0000000000
59475  -1.559  -42.597  13.000 0.0000000000
59476  -1.257  -41.565  13.493 0.0000000000
59493  -1.416  -42.664  11.390 0.0000000000
59494  -1.431  -43.056  10.102 0.0000000000
59505  -1.856  -43.294  9.096 0.0000000000
59506  -2.834  -43.847  8.578 0.0000000000
59519  -2.616  -42.832  8.315 0.0000000000
59520  -3.577  -43.609  8.151 0.0000000000
59534  -3.460  -42.728  7.611 0.0000000000
59535  -3.769  -43.560  7.941 0.0000000000
59548  -3.399  -41.790  6.677 0.0000000000
59559  -3.146  -39.940  4.918 0.0000000000
59560  -3.052  -40.757  5.471 0.0000000000
59565  -2.941  -40.105  4.400 0.0000000000
59566  -2.751  -40.871  4.919 0.0000000000
59585  -3.543  -39.856  3.469 0.0000000000
59586  -5.142  -40.704  3.096 0.0000000000
59587  -5.475  -41.704  4.098 0.0000000000
59612  -3.360  -41.201  1.880 0.0000000000
59613  -3.628  -40.591  2.324 0.0000000000
59614  -4.796  -40.753  2.309 0.0000000000
59615  -5.352  -41.291  2.584 0.0000000000
59631  -3.235  -41.413  1.676 0.0000000000
59632  -3.603  -41.272  1.640 0.0000000000
59633  -4.315  -41.173  1.690 0.0000000000
60476  -3.872  -42.323  28.914 0.0000000000
60477  -4.102  -42.404  28.964 0.0000000000
60478  -4.598  -42.553  29.039 0.0000000000
60479  -5.358  -42.797  29.094 0.0000000000
60493  -3.917  -42.400  28.694 0.0000000000
60494  -4.188  -42.515  28.637 0.0000000000
60495  -4.900  -42.935  28.469 0.0000000000
60496  -6.321  -43.336  28.707 0.0000000000
60497  -7.891  -43.539  29.019 0.0000000000
60511  -5.423  -43.319  27.828 0.0000000000
60512  -6.427  -43.705  27.278 0.0000000000
60513  -7.347  -43.961  26.730 0.0000000000
60526  -6.751  -43.612  26.312 0.0000000000
60527  -7.329  -43.903  25.891 0.0000000000
60598  -1.524  -41.732  19.690 0.0000000000
60599  -1.915  -42.000  18.605 0.0000000000
60604  -2.596  -42.178  17.817 0.0000000000
60605  -3.676  -42.320  17.446 0.0000000000
60606  -4.331  -42.489  17.204 0.0000000000
60614  -4.639  -42.596  17.017 0.0000000000
60622  -4.794  -42.773  17.053 0.0000000000
60631  -4.076  -41.839  16.871 0.0000000000
60632  -4.572  -42.600  16.948 0.0000000000
60640  -2.678  -41.533  16.126 0.0000000000
60641  -3.730  -41.972  16.695 0.0000000000
60642  -4.225  -42.269  16.842 0.0000000000
60651  -1.514  -41.040  14.404 0.0000000000
60652  -1.987  -41.233  15.399 0.0000000000
60662  -1.311  -41.005  12.069 0.0000000000
60663  -1.242  -40.884  13.317 0.0000000000
60675  -1.375  -41.462  9.939 0.0000000000
60676  -1.464  -42.441  9.435 0.0000000000
60681  -1.526  -41.009  8.962 0.0000000000
60682  -1.743  -41.788  8.712 0.0000000000
60686  -2.723  -41.546  7.823 0.0000000000
60693  -3.356  -41.225  6.988 0.0000000000
60705  -3.181  -39.196  5.204 0.0000000000
60706  -3.217  -39.935  5.816 0.0000000000
60725  -3.287  -39.341  4.837 0.0000000000
60726  -3.185  -39.926  5.249 0.0000000000
60736  -3.787  -39.254  4.125 0.0000000000
60737  -5.577  -39.591  4.264 0.0000000000
60738  -5.442  -40.443  4.912 0.0000000000
60753  -4.344  -39.273  3.685 0.0000000000
60754  -5.171  -39.894  3.862 0.0000000000
60755  -5.734  -40.395  4.031 0.0000000000
60778  -4.262  -39.802  3.160 0.0000000000
60779  -4.690  -40.153  2.818 0.0000000000
61624  -3.659  -42.110  28.943 0.0000000000
61625  -4.132  -42.058  29.346 0.0000000000
61626  -5.005  -42.229  29.551 0.0000000000
61627  -6.003  -42.615  29.553 0.0000000000
61638  -3.694  -42.251  28.564 0.0000000000
61639  -3.900  -42.448  28.051 0.0000000000
61640  -4.627  -42.930  27.688 0.0000000000
61654  -4.096  -42.469  27.250 0.0000000000
61655  -5.008  -42.918  26.852 0.0000000000
61656  -5.982  -43.027  26.181 0.0000000000
61667  -6.547  -43.154  25.616 0.0000000000
61668  -7.205  -43.366  25.060 0.0000000000
61694  -1.381  -39.907  22.764 0.0000000000
61695  -1.702  -40.039  23.116 0.0000000000
61707  -1.212  -40.029  22.388 0.0000000000
61721  -1.404  -40.396  21.467 0.0000000000
61722  -1.965  -40.718  20.207 0.0000000000
61723  -1.704  -41.027  19.029 0.0000000000
61736  -2.226  -41.212  18.328 0.0000000000
61737  -3.190  -41.344  17.682 0.0000000000
61738  -3.917  -41.798  17.375 0.0000000000
61750  -3.753  -41.238  17.372 0.0000000000
61751  -4.134  -41.715  17.178 0.0000000000
61759  -4.038  -41.170  17.140 0.0000000000
61760  -4.187  -41.638  16.983 0.0000000000
61768  -3.922  -41.242  16.942 0.0000000000
61769  -4.369  -42.007  16.981 0.0000000000
61777  -2.782  -40.711  16.018 0.0000000000
61778  -3.394  -40.924  16.492 0.0000000000
61787  -1.696  -39.962  14.286 0.0000000000
61788  -2.179  -40.513  15.324 0.0000000000
61797  -1.398  -39.240  11.596 0.0000000000
61798  -1.267  -39.936  13.130 0.0000000000
61809  -1.610  -39.693  10.321 0.0000000000
61813  -1.729  -39.879  8.737 0.0000000000
61814  -1.725  -40.831  8.627 0.0000000000
61817  -2.823  -39.152  7.510 0.0000000000
61818  -2.227  -40.556  8.083 0.0000000000
61824  -3.051  -38.591  6.190 0.0000000000
61825  -3.155  -40.032  6.972 0.0000000000
61832  -3.298  -38.717  5.256 0.0000000000
61833  -3.079  -39.116  5.935 0.0000000000
61852  -4.042  -38.807  4.521 0.0000000000
61853  -5.443  -39.295  4.770 0.0000000000
61854  -5.537  -39.544  5.040 0.0000000000
61872  -4.715  -38.935  4.074 0.0000000000
61873  -5.216  -39.458  4.411 0.0000000000
61874  -5.463  -39.553  4.708 0.0000000000
61887  -4.789  -39.360  4.055 0.0000000000
61888  -5.089  -39.213  4.030 0.0000000000
62745  -2.564  -40.804  29.072 0.0000000000
62746  -3.295  -41.320  29.446 0.0000000000
62747  -4.351  -41.348  29.893 0.0000000000
62761  -2.405  -40.809  28.620 0.0000000000
62762  -2.924  -41.564  28.422 0.0000000000
62763  -3.268  -41.795  27.337 0.0000000000
62783  -3.907  -41.887  26.479 0.0000000000
62784  -5.015  -41.990  25.639 0.0000000000
62785  -5.928  -42.585  25.569 0.0000000000
62799  -5.205  -41.334  25.102 0.0000000000
62800  -5.985  -42.114  24.962 0.0000000000
62801  -6.904  -42.759  24.635 0.0000000000
62807  -5.828  -41.826  24.520 0.0000000000
62815  -4.774  -40.846  24.299 0.0000000000
62826  -1.360  -39.331  22.504 0.0000000000
62827  -2.084  -39.451  23.107 0.0000000000
62828  -3.499  -40.020  23.660 0.0000000000
62835  -1.336  -39.554  21.799 0.0000000000
62839  -1.961  -39.772  20.739 0.0000000000
62840  -1.804  -39.915  19.195 0.0000000000
62841  -1.742  -40.600  18.568 0.0000000000
62850  -1.673  -39.545  18.360 0.0000000000
62851  -2.205  -40.280  18.041 0.0000000000
62852  -3.266  -40.569  17.465 0.0000000000
62863  -3.803  -40.801  17.184 0.0000000000
62864  -4.027  -41.390  17.088 0.0000000000
62876  -3.830  -40.714  16.957 0.0000000000
62877  -3.953  -41.157  17.048 0.0000000000
62887  -3.623  -40.323  16.655 0.0000000000
62897  -3.023  -40.003  15.734 0.0000000000
62898  -3.529  -39.913  16.129 0.0000000000
62909  -1.808  -39.133  13.575 0.0000000000
62910  -2.359  -39.255  14.687 0.0000000000
62922  -1.948  -38.339  11.268 0.0000000000
62923  -1.963  -38.502  12.264 0.0000000000
62933  -1.832  -38.272  10.409 0.0000000000
62940  -1.857  -38.274  9.131 0.0000000000
62947  -2.591  -38.155  7.968 0.0000000000
62955  -3.200  -37.802  6.754 0.0000000000
62961  -3.748  -38.077  5.929 0.0000000000
62963  -5.888  -38.841  7.320 0.0000000000
62968  -4.315  -38.450  5.057 0.0000000000
62969  -5.049  -39.147  4.785 0.0000000000
62970  -5.380  -39.621  5.454 0.0000000000
62987  -4.733  -38.856  4.430 0.0000000000
62988  -5.123  -39.075  4.384 0.0000000000
63898  -2.410  -40.261  29.200 0.0000000000
63899  -2.706  -40.299  29.556 0.0000000000
63900  -3.523  -40.313  30.090 0.0000000000
63919  -2.266  -40.229  28.794 0.0000000000
63920  -2.213  -40.437  28.036 0.0000000000
63921  -2.523  -41.086  27.460 0.0000000000
63947  -2.207  -40.300  27.180 0.0000000000
63948  -2.833  -40.761  26.586 0.0000000000
63949  -3.804  -40.737  25.698 0.0000000000
63975  -4.594  -40.575  25.132 0.0000000000
63976  -4.899  -40.749  24.856 0.0000000000
63995  -4.979  -40.945  24.576 0.0000000000
63996  -5.694  -41.628  24.395 0.0000000000
64011  -4.133  -39.826  24.049 0.0000000000
64012  -4.989  -41.036  24.344 0.0000000000
64027  -1.420  -38.687  22.207 0.0000000000
64028  -1.657  -38.376  22.484 0.0000000000
64029  -2.900  -38.900  23.095 0.0000000000
64030  -3.864  -39.771  23.837 0.0000000000
64036  -1.326  -38.905  21.718 0.0000000000
64037  -1.984  -38.290  21.614 0.0000000000
64042  -1.702  -39.165  21.261 0.0000000000
64043  -1.831  -38.721  20.447 0.0000000000
64046  -1.637  -38.817  18.810 0.0000000000
64047  -2.391  -39.163  17.793 0.0000000000
64048  -2.767  -39.950  17.549 0.0000000000
64052  -3.313  -38.923  17.189 0.0000000000
64053  -3.326  -39.826  17.277 0.0000000000
64064  -3.554  -38.844  16.682 0.0000000000
64065  -3.732  -39.744  17.003 0.0000000000
64075  -3.493  -38.813  16.095 0.0000000000
64076  -3.746  -39.634  16.651 0.0000000000
64085  -2.767  -37.833  14.387 0.0000000000
64086  -3.185  -38.929  15.460 0.0000000000
64087  -3.676  -39.498  16.214 0.0000000000
64098  -2.291  -37.978  13.409 0.0000000000
64099  -2.743  -38.451  14.548 0.0000000000
64113  -2.053  -37.279  10.838 0.0000000000
64114  -2.028  -37.263  11.968 0.0000000000
64127  -2.124  -36.995  9.433 0.0000000000
64134  -2.709  -37.094  8.420 0.0000000000
64142  -3.355  -36.975  7.384 0.0000000000
64151  -4.006  -37.098  6.811 0.0000000000
64152  -5.100  -36.793  7.282 0.0000000000
64153  -5.729  -37.239  7.853 0.0000000000
64157  -4.057  -38.005  5.670 0.0000000000
64159  -5.598  -37.346  7.619 0.0000000000
64163  -4.563  -38.259  5.034 0.0000000000
65131  -2.252  -39.596  29.208 0.0000000000
65148  -1.911  -39.331  28.370 0.0000000000
65149  -1.822  -39.452  27.410 0.0000000000
65172  -2.064  -39.543  26.615 0.0000000000
65173  -2.805  -39.491  25.759 0.0000000000
65174  -3.863  -39.420  25.099 0.0000000000
65201  -4.182  -39.430  24.638 0.0000000000
65202  -4.264  -40.041  24.553 0.0000000000
65219  -4.104  -38.832  24.177 0.0000000000
65220  -4.190  -39.794  24.345 0.0000000000
65232  -4.003  -38.726  23.802 0.0000000000
65233  -4.328  -40.124  24.302 0.0000000000
65250  -1.780  -37.910  22.192 0.0000000000
65251  -2.442  -37.884  22.336 0.0000000000
65252  -3.454  -38.189  23.123 0.0000000000
65267  -1.869  -37.521  21.729 0.0000000000
65268  -2.295  -37.240  21.860 0.0000000000
65274  -1.960  -37.528  20.740 0.0000000000
65278  -1.547  -37.476  19.195 0.0000000000
65279  -1.737  -38.112  18.172 0.0000000000
65282  -1.973  -36.971  17.603 0.0000000000
65283  -2.642  -38.204  17.510 0.0000000000
65290  -2.304  -36.885  16.250 0.0000000000
65291  -2.901  -38.030  16.888 0.0000000000
65299  -2.352  -36.849  15.102 0.0000000000
65300  -3.071  -37.948  16.055 0.0000000000
65308  -2.513  -36.874  14.115 0.0000000000
65309  -2.963  -37.946  15.216 0.0000000000
65320  -2.012  -35.836  12.188 0.0000000000
65321  -2.409  -36.866  13.277 0.0000000000
65338  -2.079  -35.980  11.087 0.0000000000
65339  -2.080  -36.738  12.343 0.0000000000
65349  -2.415  -35.895  9.769 0.0000000000
65350  -6.305  -37.036  9.191 0.0000000000
65356  -2.817  -35.950  8.689 0.0000000000
65357  -5.984  -37.237  8.335 0.0000000000
65365  -3.501  -36.241  7.920 0.0000000000
65366  -5.058  -36.241  7.586 0.0000000000
65367  -5.611  -36.830  7.925 0.0000000000
65375  -4.106  -36.240  7.242 0.0000000000
65376  -4.646  -36.310  7.193 0.0000000000
65377  -5.265  -36.622  7.575 0.0000000000
66356  -3.076  -38.048  24.855 0.0000000000
66357  -3.858  -38.628  24.634 0.0000000000
66375  -3.271  -37.295  24.230 0.0000000000
66376  -3.734  -37.829  24.109 0.0000000000
66388  -3.665  -37.520  23.466 0.0000000000
66399  -3.478  -37.078  22.874 0.0000000000
66413  -2.832  -37.229  22.161 0.0000000000
66414  -3.221  -36.660  22.149 0.0000000000
66432  -1.808  -36.896  21.062 0.0000000000
66433  -2.123  -36.388  21.371 0.0000000000
66434  -3.097  -35.725  21.434 0.0000000000
66448  -1.840  -36.309  20.147 0.0000000000
66449  -2.003  -35.403  20.369 0.0000000000
66456  -2.003  -35.932  18.659 0.0000000000
66460  -1.706  -35.522  17.553 0.0000000000
66464  -2.293  -35.685  16.574 0.0000000000
66471  -1.963  -35.718  15.303 0.0000000000
66480  -1.961  -34.776  12.929 0.0000000000
66481  -2.083  -35.370  13.740 0.0000000000
66496  -2.124  -34.945  12.444 0.0000000000
66497  -2.262  -35.986  13.134 0.0000000000
66515  -2.324  -34.806  11.201 0.0000000000
66516  -6.539  -35.108  11.026 0.0000000000
66523  -2.787  -34.838  10.139 0.0000000000
66524  -5.155  -34.812  10.007 0.0000000000
66525  -5.748  -35.635  11.026 0.0000000000
66526  -6.900  -36.600  10.626 0.0000000000
66532  -3.322  -35.177  9.337 0.0000000000
66533  -4.612  -35.016  9.264 0.0000000000
66534  -5.551  -36.231  8.522 0.0000000000
66540  -3.833  -35.525  8.246 0.0000000000
66541  -4.787  -35.829  7.833 0.0000000000
66542  -5.498  -36.369  7.921 0.0000000000
66551  -4.213  -35.893  7.568 0.0000000000
66552  -4.544  -35.911  7.278 0.0000000000
67553  -3.284  -36.621  23.273 0.0000000000
67563  -3.362  -35.993  22.508 0.0000000000
67578  -3.316  -35.589  21.846 0.0000000000
67590  -2.553  -35.214  20.789 0.0000000000
67591  -3.210  -34.881  21.045 0.0000000000
67605  -1.937  -34.805  19.341 0.0000000000
67606  -2.087  -34.492  20.100 0.0000000000
67607  -2.813  -34.444  20.479 0.0000000000
67617  -1.783  -34.557  17.986 0.0000000000
67622  -2.158  -34.529  16.806 0.0000000000
67625  -1.960  -34.638  15.674 0.0000000000
67628  -2.025  -33.652  13.691 0.0000000000
67629  -2.019  -34.576  14.489 0.0000000000
67639  -1.996  -34.088  12.757 0.0000000000
67640  -1.899  -34.417  13.631 0.0000000000
67655  -2.489  -33.917  11.559 0.0000000000
67656  -6.587  -34.480  11.998 0.0000000000
67673  -3.117  -33.909  10.590 0.0000000000
67674  -6.202  -35.022  11.444 0.0000000000
67675  -6.877  -34.708  11.746 0.0000000000
67683  -3.881  -34.237  10.029 0.0000000000
67684  -5.082  -34.359  9.910 0.0000000000
67685  -5.580  -34.470  10.281 0.0000000000
67694  -3.674  -35.051  9.976 0.0000000000
67695  -4.210  -34.690  9.682 0.0000000000
68639  -3.328  -34.747  21.626 0.0000000000
68648  -3.309  -34.329  21.063 0.0000000000
68659  -2.067  -33.899  19.388 0.0000000000
68660  -2.878  -33.631  19.775 0.0000000000
68661  -3.190  -34.058  20.570 0.0000000000
68670  -2.115  -33.352  18.258 0.0000000000
68671  -2.255  -33.346  19.112 0.0000000000
68682  -1.810  -33.324  16.985 0.0000000000
68686  -1.574  -32.436  15.043 0.0000000000
68687  -1.995  -33.483  15.906 0.0000000000
68690  -2.256  -32.574  13.893 0.0000000000
68691  -2.063  -33.586  14.793 0.0000000000
68700  -2.435  -32.827  12.770 0.0000000000
68714  -2.673  -33.183  11.964 0.0000000000
68715  -5.952  -33.671  12.609 0.0000000000
68736  -3.317  -33.136  11.141 0.0000000000
68737  -4.235  -33.376  10.938 0.0000000000
68738  -5.091  -34.145  11.743 0.0000000000
68750  -4.002  -33.384  10.590 0.0000000000
68751  -4.741  -33.489  10.267 0.0000000000
68752  -5.176  -34.368  10.454 0.0000000000
69773  -3.246  -32.875  19.556 0.0000000000
69774  -3.276  -33.108  20.237 0.0000000000
69776  -2.290  -32.263  17.788 0.0000000000
69777  -2.869  -32.562  18.733 0.0000000000
69787  -2.029  -31.205  15.823 0.0000000000
69788  -1.977  -31.757  16.639 0.0000000000
69798  -1.683  -31.383  15.460 0.0000000000
69799  -1.956  -32.452  15.989 0.0000000000
69802  -2.361  -31.457  14.283 0.0000000000
69808  -2.943  -31.709  13.057 0.0000000000
69817  -3.496  -32.348  12.002 0.0000000000
69818  -4.317  -32.186  11.693 0.0000000000
69819  -4.602  -32.730  12.905 0.0000000000
69837  -4.151  -32.813  11.158 0.0000000000
69838  -4.767  -32.768  11.061 0.0000000000
69839  -5.104  -33.081  11.685 0.0000000000
69857  -4.454  -33.094  10.753 0.0000000000
69858  -4.650  -33.095  10.605 0.0000000000
70903  -3.473  -32.147  19.371 0.0000000000
70906  -2.688  -31.356  17.495 0.0000000000
70907  -3.314  -31.250  18.427 0.0000000000
70911  -1.950  -30.468  15.740 0.0000000000
70912  -2.124  -30.172  16.500 0.0000000000
70921  -2.343  -30.409  14.792 0.0000000000
70929  -3.227  -30.445  13.507 0.0000000000
70930  -4.342  -30.802  13.921 0.0000000000
70937  -3.797  -31.438  12.581 0.0000000000
70938  -4.231  -31.107  12.831 0.0000000000
70939  -4.938  -31.394  13.261 0.0000000000
70943  -4.058  -31.834  12.087 0.0000000000
70944  -4.319  -31.587  12.245 0.0000000000
70945  -4.574  -31.407  12.541 0.0000000000
72057  -2.655  -29.805  17.365 0.0000000000
72063  -2.052  -29.385  15.865 0.0000000000
72064  -2.078  -29.117  16.474 0.0000000000
72069  -2.294  -29.671  15.289 0.0000000000
72077  -2.806  -29.567  14.653 0.0000000000
72078  -3.490  -29.733  14.324 0.0000000000
73258  -2.286  -28.910  16.165 0.0000000000
73259  -2.541  -28.481  16.933 0.0000000000
73263  -2.466  -29.158  15.442 0.0000000000
73270  -2.849  -29.267  14.771 0.0000000000
