#!ascii label  , from subject subject001 vox2ras=TkReg
1065
117367  -46.505  11.246  8.624 0.0000000000
118080  -55.626  12.568  21.914 0.0000000000
118084  -54.296  12.226  20.840 0.0000000000
118085  -54.956  12.227  21.342 0.0000000000
118137  -43.305  11.374  10.004 0.0000000000
118146  -43.554  11.918  8.886 0.0000000000
118147  -44.356  11.292  9.269 0.0000000000
118149  -49.540  13.783  9.772 0.0000000000
118150  -50.150  13.567  9.765 0.0000000000
118156  -43.841  12.478  8.557 0.0000000000
118157  -44.534  12.302  8.490 0.0000000000
118158  -45.751  11.746  8.479 0.0000000000
118159  -47.042  11.923  8.450 0.0000000000
118160  -48.007  11.800  8.485 0.0000000000
118161  -48.939  11.920  8.599 0.0000000000
118162  -49.839  12.363  8.915 0.0000000000
118787  -55.625  12.790  22.000 0.0000000000
118788  -56.579  13.091  22.425 0.0000000000
118789  -57.579  13.669  22.870 0.0000000000
118792  -54.331  12.459  20.859 0.0000000000
118793  -55.031  12.715  21.431 0.0000000000
118794  -56.252  13.336  22.029 0.0000000000
118795  -57.324  13.771  22.295 0.0000000000
118799  -53.810  12.497  20.281 0.0000000000
118800  -54.517  12.966  20.702 0.0000000000
118843  -41.799  12.386  11.176 0.0000000000
118844  -42.433  11.783  10.637 0.0000000000
118847  -48.863  14.453  10.320 0.0000000000
118850  -41.997  12.464  10.046 0.0000000000
118851  -42.693  12.038  9.462 0.0000000000
118852  -46.357  14.460  9.418 0.0000000000
118853  -47.132  14.658  9.910 0.0000000000
118854  -48.064  14.052  9.569 0.0000000000
118855  -48.904  13.701  9.523 0.0000000000
118856  -49.370  13.298  9.315 0.0000000000
118860  -42.343  12.712  9.259 0.0000000000
118861  -43.158  12.739  8.659 0.0000000000
118862  -44.296  13.177  8.542 0.0000000000
118863  -45.765  13.686  8.762 0.0000000000
118864  -46.975  13.235  8.632 0.0000000000
118865  -47.961  12.880  8.785 0.0000000000
118866  -48.778  12.720  8.826 0.0000000000
118867  -49.433  12.765  8.981 0.0000000000
119477  -58.692  14.303  23.652 0.0000000000
119478  -59.500  15.150  23.996 0.0000000000
119480  -58.359  14.284  23.033 0.0000000000
119481  -59.091  14.837  22.966 0.0000000000
119484  -55.316  13.237  21.242 0.0000000000
119485  -56.396  13.718  21.403 0.0000000000
119486  -57.980  14.335  22.135 0.0000000000
119487  -59.085  14.936  22.362 0.0000000000
119489  -53.963  12.983  20.015 0.0000000000
119490  -54.951  13.444  20.227 0.0000000000
119491  -56.164  13.908  20.513 0.0000000000
119495  -54.489  13.735  19.028 0.0000000000
119501  -54.329  14.024  18.343 0.0000000000
119532  -41.381  13.072  11.720 0.0000000000
119538  -41.344  13.894  11.351 0.0000000000
119539  -41.519  13.236  10.524 0.0000000000
119544  -41.798  13.180  9.591 0.0000000000
119545  -44.310  14.570  9.159 0.0000000000
119546  -44.827  14.682  9.395 0.0000000000
119547  -46.220  14.933  9.902 0.0000000000
119548  -46.859  14.978  10.274 0.0000000000
119552  -42.396  13.458  8.940 0.0000000000
119553  -43.743  14.078  8.832 0.0000000000
119554  -45.036  14.145  8.929 0.0000000000
119555  -45.660  14.252  9.060 0.0000000000
120164  -59.326  16.587  24.827 0.0000000000
120172  -59.692  15.873  23.188 0.0000000000
120173  -59.720  16.221  22.721 0.0000000000
120176  -57.235  14.218  21.099 0.0000000000
120177  -58.440  14.666  21.543 0.0000000000
120178  -59.350  15.474  21.991 0.0000000000
120179  -59.701  15.960  22.518 0.0000000000
120181  -55.630  13.969  19.642 0.0000000000
120182  -56.786  14.245  20.177 0.0000000000
120183  -57.859  14.515  20.686 0.0000000000
120184  -58.782  14.907  20.983 0.0000000000
120187  -55.168  14.154  18.770 0.0000000000
120188  -56.393  14.362  19.206 0.0000000000
120189  -57.576  14.482  19.931 0.0000000000
120190  -58.282  14.672  20.394 0.0000000000
120194  -54.754  14.304  18.096 0.0000000000
120195  -55.619  14.422  18.345 0.0000000000
120206  -54.526  14.514  17.551 0.0000000000
120207  -55.150  14.497  17.881 0.0000000000
120228  -40.876  14.768  11.730 0.0000000000
120233  -41.281  14.449  10.326 0.0000000000
120234  -41.571  13.660  9.891 0.0000000000
120239  -41.678  14.920  9.279 0.0000000000
120240  -41.748  13.978  9.366 0.0000000000
120241  -44.467  14.991  9.354 0.0000000000
120242  -45.597  15.338  9.957 0.0000000000
120243  -46.173  15.481  10.455 0.0000000000
120246  -41.988  15.165  8.812 0.0000000000
120247  -42.502  14.588  8.766 0.0000000000
120248  -43.494  14.708  8.821 0.0000000000
120844  -57.815  18.521  24.844 0.0000000000
120845  -59.205  17.508  24.097 0.0000000000
120846  -59.671  16.775  22.976 0.0000000000
120854  -50.696  17.586  22.866 0.0000000000
120855  -51.936  17.993  23.194 0.0000000000
120856  -53.383  18.418  23.651 0.0000000000
120857  -54.439  19.023  23.813 0.0000000000
120858  -59.551  15.772  21.836 0.0000000000
120859  -59.672  16.315  22.154 0.0000000000
120861  -51.140  17.943  22.301 0.0000000000
120862  -51.740  18.316  22.216 0.0000000000
120863  -59.443  15.573  21.356 0.0000000000
120864  -59.858  16.423  21.233 0.0000000000
120867  -56.728  14.459  19.002 0.0000000000
120868  -57.278  14.514  19.209 0.0000000000
120869  -58.802  15.010  20.031 0.0000000000
120870  -60.046  16.351  20.158 0.0000000000
120872  -56.555  14.521  18.640 0.0000000000
120873  -57.550  14.739  18.631 0.0000000000
120874  -59.070  15.320  18.788 0.0000000000
120875  -60.236  16.383  19.141 0.0000000000
120883  -54.207  14.716  16.950 0.0000000000
120884  -55.819  14.724  17.575 0.0000000000
120885  -57.642  14.913  17.769 0.0000000000
120886  -58.733  15.362  17.791 0.0000000000
120897  -54.658  15.098  16.499 0.0000000000
120898  -55.750  15.114  16.701 0.0000000000
120909  -53.850  15.296  15.762 0.0000000000
120910  -54.648  15.369  15.966 0.0000000000
120921  -40.773  15.765  11.083 0.0000000000
120926  -41.270  15.751  9.945 0.0000000000
120927  -44.753  15.579  9.539 0.0000000000
120928  -45.585  15.753  10.190 0.0000000000
120931  -41.787  15.891  8.987 0.0000000000
120932  -42.417  15.450  8.615 0.0000000000
120933  -43.618  15.405  8.804 0.0000000000
120937  -42.001  16.415  8.731 0.0000000000
120938  -42.368  16.130  8.539 0.0000000000
120939  -42.880  15.770  8.446 0.0000000000
121482  -55.572  19.237  24.123 0.0000000000
121483  -57.084  19.214  24.126 0.0000000000
121484  -58.490  18.626  23.724 0.0000000000
121485  -59.412  17.777  23.066 0.0000000000
121486  -59.667  17.122  22.601 0.0000000000
121495  -50.084  17.653  22.026 0.0000000000
121496  -50.673  17.785  22.082 0.0000000000
121497  -52.764  18.565  22.590 0.0000000000
121498  -53.938  18.959  22.926 0.0000000000
121499  -55.001  19.454  23.252 0.0000000000
121500  -56.341  19.701  23.166 0.0000000000
121501  -57.883  19.423  23.251 0.0000000000
121502  -59.113  18.861  22.621 0.0000000000
121503  -59.653  17.506  22.187 0.0000000000
121511  -50.831  18.250  21.398 0.0000000000
121512  -52.232  18.718  21.689 0.0000000000
121513  -53.445  19.060  22.031 0.0000000000
121514  -54.568  19.541  22.481 0.0000000000
121515  -55.373  19.738  22.794 0.0000000000
121516  -59.343  19.100  21.950 0.0000000000
121517  -59.812  18.177  21.357 0.0000000000
121522  -50.463  18.602  20.698 0.0000000000
121523  -60.422  17.797  19.939 0.0000000000
121525  -59.771  15.867  18.252 0.0000000000
121526  -60.615  17.152  18.415 0.0000000000
121532  -56.694  14.957  17.025 0.0000000000
121533  -57.864  15.060  16.995 0.0000000000
121534  -59.442  15.724  17.239 0.0000000000
121535  -60.560  16.956  16.995 0.0000000000
121543  -55.262  15.334  16.171 0.0000000000
121544  -56.451  15.273  16.247 0.0000000000
121545  -58.091  15.269  16.155 0.0000000000
121546  -59.560  15.790  16.129 0.0000000000
121547  -60.509  16.668  15.844 0.0000000000
121555  -53.227  15.648  14.962 0.0000000000
121556  -54.945  15.564  15.392 0.0000000000
121557  -56.772  15.498  15.310 0.0000000000
121558  -58.377  15.529  15.249 0.0000000000
121559  -59.750  15.856  15.194 0.0000000000
121560  -60.506  16.393  15.054 0.0000000000
121571  -53.909  16.006  14.235 0.0000000000
121572  -55.651  15.804  14.418 0.0000000000
121573  -57.287  15.617  14.404 0.0000000000
121574  -58.782  15.755  14.409 0.0000000000
121575  -60.008  16.065  14.443 0.0000000000
121576  -60.658  16.652  14.535 0.0000000000
121587  -53.706  16.421  13.494 0.0000000000
121590  -41.005  16.918  10.638 0.0000000000
121591  -44.554  15.744  9.343 0.0000000000
121597  -41.428  16.831  9.624 0.0000000000
121598  -44.396  15.929  9.080 0.0000000000
121599  -44.903  16.173  9.177 0.0000000000
121604  -41.765  16.810  8.918 0.0000000000
121605  -42.224  16.909  8.491 0.0000000000
121606  -43.395  16.241  8.235 0.0000000000
121607  -44.475  16.305  8.469 0.0000000000
121611  -42.618  17.308  8.025 0.0000000000
121612  -43.176  17.134  7.663 0.0000000000
121622  -46.257  16.665  5.269 0.0000000000
121623  -46.463  16.540  5.210 0.0000000000
121628  -46.311  16.753  5.046 0.0000000000
121629  -46.670  16.571  4.909 0.0000000000
121636  -46.453  16.968  4.748 0.0000000000
121637  -46.750  16.881  4.529 0.0000000000
122157  -56.662  20.080  22.601 0.0000000000
122158  -57.521  19.876  22.693 0.0000000000
122159  -58.338  19.550  22.697 0.0000000000
122168  -50.906  18.813  20.654 0.0000000000
122169  -51.726  19.041  20.938 0.0000000000
122170  -52.914  19.329  21.212 0.0000000000
122171  -54.142  19.747  21.637 0.0000000000
122172  -55.637  20.165  22.242 0.0000000000
122173  -57.130  20.349  22.145 0.0000000000
122174  -58.593  19.747  22.035 0.0000000000
122175  -59.352  19.216  21.558 0.0000000000
122182  -51.246  19.435  20.282 0.0000000000
122183  -52.348  19.662  20.443 0.0000000000
122184  -53.568  19.965  20.719 0.0000000000
122185  -54.835  20.472  21.179 0.0000000000
122186  -56.290  20.691  21.393 0.0000000000
122187  -57.844  20.557  21.352 0.0000000000
122188  -59.330  19.566  20.761 0.0000000000
122190  -60.267  19.114  19.261 0.0000000000
122192  -60.667  18.730  17.788 0.0000000000
122200  -60.781  18.330  16.358 0.0000000000
122201  -60.667  19.033  16.034 0.0000000000
122207  -60.822  17.433  15.160 0.0000000000
122208  -60.784  18.719  15.512 0.0000000000
122215  -54.842  16.189  13.586 0.0000000000
122216  -56.330  15.887  13.559 0.0000000000
122217  -57.906  15.751  13.548 0.0000000000
122218  -59.353  15.956  13.626 0.0000000000
122219  -60.441  16.461  13.794 0.0000000000
122220  -61.013  17.325  14.147 0.0000000000
122221  -61.102  18.404  14.574 0.0000000000
122225  -40.981  18.108  11.313 0.0000000000
122232  -54.175  16.534  12.926 0.0000000000
122233  -55.474  16.221  12.771 0.0000000000
122234  -57.046  15.984  12.655 0.0000000000
122235  -58.703  15.906  12.694 0.0000000000
122236  -60.160  16.165  12.843 0.0000000000
122237  -61.015  17.109  13.131 0.0000000000
122238  -61.379  18.263  13.538 0.0000000000
122242  -41.430  18.160  10.299 0.0000000000
122243  -41.673  18.953  10.126 0.0000000000
122251  -53.564  16.880  12.348 0.0000000000
122252  -54.668  16.535  12.193 0.0000000000
122253  -56.020  16.234  11.657 0.0000000000
122254  -58.016  15.969  11.689 0.0000000000
122255  -59.695  16.061  11.782 0.0000000000
122256  -60.903  16.871  12.003 0.0000000000
122257  -61.526  18.057  12.366 0.0000000000
122262  -41.683  17.621  9.236 0.0000000000
122263  -41.752  18.609  9.484 0.0000000000
122264  -45.497  16.464  9.061 0.0000000000
122267  -55.990  16.292  10.467 0.0000000000
122268  -57.513  16.025  10.619 0.0000000000
122269  -59.214  16.009  10.685 0.0000000000
122270  -60.557  16.790  10.816 0.0000000000
122271  -61.450  17.893  11.094 0.0000000000
122275  -41.922  17.337  8.788 0.0000000000
122276  -42.127  18.068  8.553 0.0000000000
122277  -43.899  16.584  7.648 0.0000000000
122278  -44.941  16.372  7.929 0.0000000000
122279  -46.206  16.685  8.544 0.0000000000
122280  -46.711  16.944  8.301 0.0000000000
122281  -55.763  16.203  9.454 0.0000000000
122282  -57.208  15.934  9.553 0.0000000000
122283  -58.805  15.982  9.582 0.0000000000
122284  -60.308  16.548  9.618 0.0000000000
122285  -61.342  17.706  9.756 0.0000000000
122289  -42.863  18.219  7.566 0.0000000000
122290  -43.567  17.408  6.966 0.0000000000
122291  -44.405  16.659  6.837 0.0000000000
122292  -45.527  16.538  7.253 0.0000000000
122293  -46.422  16.748  7.707 0.0000000000
122294  -55.467  16.051  8.417 0.0000000000
122295  -56.879  15.743  8.485 0.0000000000
122296  -58.451  15.737  8.472 0.0000000000
122297  -59.990  16.248  8.415 0.0000000000
122298  -61.161  17.390  8.403 0.0000000000
122304  -43.054  18.827  7.117 0.0000000000
122305  -43.399  18.422  6.661 0.0000000000
122306  -44.138  17.718  5.910 0.0000000000
122307  -45.174  16.726  6.094 0.0000000000
122308  -46.432  16.507  6.621 0.0000000000
122309  -47.590  16.336  6.430 0.0000000000
122310  -48.190  16.337  6.398 0.0000000000
122311  -53.850  16.328  7.152 0.0000000000
122312  -55.087  15.782  7.311 0.0000000000
122313  -56.470  15.530  7.374 0.0000000000
122314  -57.992  15.449  7.332 0.0000000000
122315  -59.541  15.898  7.200 0.0000000000
122316  -60.784  16.956  7.093 0.0000000000
122322  -44.610  18.146  5.435 0.0000000000
122323  -45.170  17.639  5.222 0.0000000000
122324  -46.066  16.697  5.433 0.0000000000
122325  -47.040  16.329  5.453 0.0000000000
122326  -48.284  16.152  5.769 0.0000000000
122327  -48.956  16.025  5.555 0.0000000000
122328  -52.103  16.314  5.888 0.0000000000
122329  -53.342  15.971  5.941 0.0000000000
122330  -54.660  15.611  6.093 0.0000000000
122331  -56.020  15.451  6.230 0.0000000000
122332  -57.413  15.394  6.211 0.0000000000
122333  -58.863  15.758  6.047 0.0000000000
122334  -60.248  16.558  5.849 0.0000000000
122341  -45.626  17.893  4.752 0.0000000000
122342  -46.003  17.364  4.818 0.0000000000
122343  -47.161  16.531  4.641 0.0000000000
122344  -47.924  16.345  4.861 0.0000000000
122345  -48.899  16.106  4.896 0.0000000000
122346  -49.913  16.039  4.692 0.0000000000
122347  -51.176  15.923  4.791 0.0000000000
122348  -52.673  15.742  4.669 0.0000000000
122349  -54.147  15.581  4.804 0.0000000000
122350  -55.621  15.373  4.985 0.0000000000
122351  -56.844  15.396  5.260 0.0000000000
122352  -58.093  15.603  4.954 0.0000000000
122353  -59.442  16.302  4.773 0.0000000000
122360  -46.508  17.434  4.419 0.0000000000
122361  -47.053  17.192  4.069 0.0000000000
122362  -47.700  16.774  4.181 0.0000000000
122363  -48.466  16.512  4.163 0.0000000000
122364  -49.376  16.337  3.956 0.0000000000
122365  -50.521  16.202  3.790 0.0000000000
122366  -51.923  15.978  3.665 0.0000000000
122367  -53.491  15.811  3.664 0.0000000000
122368  -55.111  15.644  3.752 0.0000000000
122369  -56.905  15.665  3.954 0.0000000000
122370  -58.590  16.158  3.730 0.0000000000
122371  -59.663  16.973  3.740 0.0000000000
122375  -47.569  17.265  3.778 0.0000000000
122376  -48.086  17.020  3.714 0.0000000000
122377  -48.795  16.833  3.404 0.0000000000
122378  -49.793  16.765  3.106 0.0000000000
122379  -51.118  16.671  2.899 0.0000000000
122380  -52.787  16.546  2.689 0.0000000000
122381  -54.451  16.234  2.762 0.0000000000
122382  -56.077  16.158  2.688 0.0000000000
122383  -57.694  16.428  2.678 0.0000000000
122384  -59.079  17.037  2.725 0.0000000000
122385  -59.770  17.487  3.148 0.0000000000
122389  -53.984  16.962  2.096 0.0000000000
122390  -55.304  16.963  1.813 0.0000000000
122391  -56.875  17.003  1.630 0.0000000000
122392  -58.267  17.334  1.784 0.0000000000
122393  -59.101  17.757  2.018 0.0000000000
122956  -51.775  19.954  19.651 0.0000000000
122957  -52.987  20.172  19.822 0.0000000000
122958  -54.183  20.566  20.196 0.0000000000
122959  -55.481  20.945  20.527 0.0000000000
122960  -56.914  21.017  20.638 0.0000000000
122961  -58.193  20.715  20.533 0.0000000000
122969  -52.385  20.579  18.995 0.0000000000
122970  -53.580  20.832  19.401 0.0000000000
122971  -54.757  21.207  19.735 0.0000000000
122972  -56.100  21.392  19.901 0.0000000000
122973  -57.550  21.274  19.900 0.0000000000
122974  -58.993  20.535  19.717 0.0000000000
122976  -53.142  21.187  18.824 0.0000000000
122977  -54.081  21.528  19.016 0.0000000000
122978  -55.324  21.737  19.172 0.0000000000
122979  -56.708  21.784  19.219 0.0000000000
122980  -58.178  21.408  19.028 0.0000000000
122981  -59.718  20.509  18.440 0.0000000000
122988  -60.395  20.057  16.999 0.0000000000
122989  -60.593  19.307  16.336 0.0000000000
122997  -59.934  20.609  16.355 0.0000000000
122998  -60.410  19.800  15.931 0.0000000000
123004  -60.729  19.574  14.977 0.0000000000
123010  -61.371  19.502  14.025 0.0000000000
123013  -41.336  18.798  11.106 0.0000000000
123014  -41.710  19.498  10.857 0.0000000000
123020  -53.126  17.226  11.712 0.0000000000
123021  -54.142  16.841  11.700 0.0000000000
123022  -54.887  16.530  11.683 0.0000000000
123023  -61.624  19.395  12.842 0.0000000000
123027  -41.934  19.520  9.882 0.0000000000
123034  -52.816  17.434  10.938 0.0000000000
123035  -53.879  17.065  11.010 0.0000000000
123036  -54.896  16.590  11.143 0.0000000000
123037  -61.647  19.261  11.519 0.0000000000
123041  -42.123  19.273  9.003 0.0000000000
123042  -46.807  16.842  9.239 0.0000000000
123043  -47.234  16.981  8.927 0.0000000000
123047  -51.479  17.685  9.891 0.0000000000
123048  -52.566  17.511  10.032 0.0000000000
123049  -53.659  17.194  10.148 0.0000000000
123050  -54.743  16.666  10.279 0.0000000000
123051  -61.588  19.133  10.087 0.0000000000
123055  -42.389  19.187  8.105 0.0000000000
123056  -47.033  17.020  8.000 0.0000000000
123057  -47.882  17.123  8.180 0.0000000000
123058  -48.969  17.355  8.358 0.0000000000
123059  -50.090  17.712  8.588 0.0000000000
123060  -51.203  17.702  8.835 0.0000000000
123061  -52.305  17.511  9.020 0.0000000000
123062  -53.415  17.200  9.171 0.0000000000
123063  -54.528  16.691  9.316 0.0000000000
123064  -61.625  18.995  8.555 0.0000000000
123067  -42.785  19.301  7.466 0.0000000000
123068  -43.288  19.331  6.909 0.0000000000
123069  -43.916  19.143  5.947 0.0000000000
123070  -44.516  19.572  5.710 0.0000000000
123071  -46.775  16.787  7.461 0.0000000000
123072  -47.336  16.747  7.340 0.0000000000
123073  -48.425  16.778  7.089 0.0000000000
123074  -49.688  17.210  7.449 0.0000000000
123075  -50.847  17.355  7.757 0.0000000000
123076  -51.969  17.329  7.954 0.0000000000
123077  -53.076  16.982  8.131 0.0000000000
123078  -54.235  16.565  8.278 0.0000000000
123079  -61.521  18.531  7.046 0.0000000000
123084  -44.344  18.456  5.577 0.0000000000
123085  -44.982  18.864  5.257 0.0000000000
123086  -45.720  19.214  4.960 0.0000000000
123087  -48.529  16.373  6.363 0.0000000000
123088  -49.244  16.389  6.211 0.0000000000
123089  -50.457  16.763  6.649 0.0000000000
123090  -51.546  16.858  6.903 0.0000000000
123091  -52.661  16.699  7.018 0.0000000000
123092  -61.212  17.824  5.720 0.0000000000
123097  -45.438  18.191  4.859 0.0000000000
123098  -46.155  18.436  4.467 0.0000000000
123099  -46.999  18.828  4.180 0.0000000000
123100  -49.435  16.003  5.379 0.0000000000
123101  -50.212  16.149  5.584 0.0000000000
123102  -51.115  16.381  5.979 0.0000000000
123103  -60.533  17.354  4.528 0.0000000000
123108  -46.732  17.773  4.069 0.0000000000
123109  -47.381  18.046  3.669 0.0000000000
123110  -48.443  18.202  3.081 0.0000000000
123111  -49.330  18.371  2.715 0.0000000000
123112  -49.870  18.623  2.498 0.0000000000
123113  -60.265  18.212  3.151 0.0000000000
123114  -60.243  17.633  3.572 0.0000000000
123118  -47.799  17.447  3.583 0.0000000000
123119  -48.242  17.469  3.325 0.0000000000
123120  -49.084  17.461  2.882 0.0000000000
123121  -50.254  17.756  2.401 0.0000000000
123122  -51.747  17.467  2.165 0.0000000000
123123  -53.052  17.597  1.901 0.0000000000
123124  -59.721  17.955  2.521 0.0000000000
123125  -60.040  17.810  3.111 0.0000000000
123129  -54.360  17.862  1.360 0.0000000000
123130  -56.036  18.153  0.763 0.0000000000
123131  -57.593  17.934  0.911 0.0000000000
123132  -58.726  18.475  1.350 0.0000000000
123133  -59.347  18.174  1.912 0.0000000000
123139  -56.449  18.933  0.225 0.0000000000
123140  -57.185  18.752  0.323 0.0000000000
123141  -57.931  18.700  0.692 0.0000000000
123691  -52.472  21.241  18.502 0.0000000000
123697  -52.052  21.739  18.094 0.0000000000
123698  -53.275  21.889  18.290 0.0000000000
123699  -54.571  22.132  18.491 0.0000000000
123700  -55.871  22.257  18.530 0.0000000000
123701  -57.266  22.182  18.451 0.0000000000
123702  -58.527  21.614  18.095 0.0000000000
123703  -59.486  21.123  17.584 0.0000000000
123708  -53.973  22.446  17.886 0.0000000000
123709  -54.985  22.664  17.817 0.0000000000
123710  -56.356  22.663  17.754 0.0000000000
123711  -57.682  22.428  17.550 0.0000000000
123712  -58.703  21.800  17.297 0.0000000000
123713  -59.531  21.199  16.853 0.0000000000
123722  -58.149  22.361  16.945 0.0000000000
123723  -58.798  21.959  16.583 0.0000000000
123724  -59.476  21.338  16.149 0.0000000000
123725  -59.946  20.688  15.884 0.0000000000
123731  -59.756  21.212  15.613 0.0000000000
123732  -60.253  20.540  15.338 0.0000000000
123737  -60.079  21.327  15.082 0.0000000000
123738  -60.706  20.744  14.474 0.0000000000
123743  -61.326  20.659  13.369 0.0000000000
123747  -42.318  20.478  10.443 0.0000000000
123749  -61.571  20.676  12.081 0.0000000000
123753  -42.352  20.181  9.475 0.0000000000
123754  -42.871  20.767  9.165 0.0000000000
123755  -43.262  20.995  8.736 0.0000000000
123756  -61.475  20.543  10.595 0.0000000000
123760  -42.419  20.024  8.565 0.0000000000
123761  -42.848  20.457  8.227 0.0000000000
123762  -43.555  20.847  7.969 0.0000000000
123763  -44.289  20.920  7.307 0.0000000000
123764  -61.532  20.522  9.025 0.0000000000
123768  -42.550  19.886  7.877 0.0000000000
123769  -42.971  20.073  7.467 0.0000000000
123770  -43.671  20.174  6.899 0.0000000000
123771  -44.568  20.373  6.302 0.0000000000
123772  -45.244  20.562  5.922 0.0000000000
123773  -56.581  21.927  7.009 0.0000000000
123774  -56.993  21.969  6.755 0.0000000000
123775  -58.217  22.160  6.208 0.0000000000
123776  -60.058  21.831  6.117 0.0000000000
123777  -61.415  20.731  7.075 0.0000000000
123783  -44.938  19.908  5.648 0.0000000000
123784  -45.709  20.094  5.398 0.0000000000
123785  -46.526  20.356  5.181 0.0000000000
123786  -56.661  21.909  6.769 0.0000000000
123787  -57.332  21.785  6.150 0.0000000000
123788  -59.027  21.863  5.454 0.0000000000
123789  -60.611  20.841  5.506 0.0000000000
123790  -61.314  19.374  5.689 0.0000000000
123795  -46.194  19.576  4.880 0.0000000000
123796  -46.979  19.839  4.542 0.0000000000
123797  -47.881  20.064  4.141 0.0000000000
123798  -48.759  20.151  3.790 0.0000000000
123799  -49.367  20.023  3.365 0.0000000000
123800  -57.906  21.595  5.340 0.0000000000
123801  -59.513  21.128  4.731 0.0000000000
123802  -60.639  19.883  4.571 0.0000000000
123803  -60.963  18.545  4.604 0.0000000000
123808  -47.446  19.161  3.987 0.0000000000
123809  -48.098  19.118  3.556 0.0000000000
123810  -48.958  19.179  3.220 0.0000000000
123811  -49.690  19.424  2.856 0.0000000000
123812  -58.335  21.388  4.540 0.0000000000
123813  -59.766  20.468  3.828 0.0000000000
123814  -60.455  19.082  3.538 0.0000000000
123815  -60.658  18.101  3.826 0.0000000000
123819  -50.397  19.145  2.387 0.0000000000
123820  -51.354  18.767  1.963 0.0000000000
123821  -52.312  18.314  1.837 0.0000000000
123822  -58.835  21.003  3.506 0.0000000000
123823  -59.829  19.971  2.737 0.0000000000
123824  -59.965  18.889  2.499 0.0000000000
123828  -52.284  19.224  1.784 0.0000000000
123829  -53.263  18.910  1.410 0.0000000000
123830  -54.602  19.076  0.704 0.0000000000
123831  -59.177  20.700  2.432 0.0000000000
123832  -59.236  19.762  1.642 0.0000000000
123833  -59.528  18.614  1.913 0.0000000000
123836  -55.726  19.471  0.115 0.0000000000
123837  -56.749  19.546  -0.072 0.0000000000
123838  -57.955  19.843  0.441 0.0000000000
123842  -56.162  20.215  -0.256 0.0000000000
123843  -56.905  20.546  -0.271 0.0000000000
123844  -57.482  20.905  -0.080 0.0000000000
123849  -57.087  21.168  -0.339 0.0000000000
123850  -57.332  21.246  -0.250 0.0000000000
124385  -52.665  22.401  17.677 0.0000000000
124386  -53.379  22.461  17.750 0.0000000000
124392  -52.178  22.969  17.191 0.0000000000
124393  -53.670  23.125  17.107 0.0000000000
124394  -55.405  23.119  16.978 0.0000000000
124395  -56.824  22.877  16.897 0.0000000000
124396  -57.623  22.609  16.923 0.0000000000
124406  -53.818  23.554  16.246 0.0000000000
124407  -54.574  23.429  16.190 0.0000000000
124408  -55.951  23.252  15.659 0.0000000000
124409  -57.820  22.734  16.176 0.0000000000
124410  -58.976  22.060  15.896 0.0000000000
124411  -59.415  21.610  15.768 0.0000000000
124419  -56.096  23.524  14.487 0.0000000000
124420  -57.275  23.214  14.953 0.0000000000
124421  -58.687  22.623  15.172 0.0000000000
124422  -59.502  21.855  15.348 0.0000000000
124427  -56.139  23.695  14.028 0.0000000000
124428  -56.831  23.612  14.149 0.0000000000
124429  -58.387  23.446  14.214 0.0000000000
124430  -60.027  22.216  14.414 0.0000000000
124431  -60.834  21.460  13.799 0.0000000000
124437  -59.075  23.840  13.649 0.0000000000
124438  -59.891  23.294  13.515 0.0000000000
124439  -60.839  22.146  12.812 0.0000000000
124445  -61.044  21.902  11.142 0.0000000000
124450  -60.973  21.792  9.691 0.0000000000
124453  -44.591  21.584  8.293 0.0000000000
124454  -45.343  21.574  7.257 0.0000000000
124455  -46.249  22.249  7.012 0.0000000000
124457  -56.583  22.598  7.725 0.0000000000
124458  -58.128  23.051  7.164 0.0000000000
124459  -59.672  23.158  7.076 0.0000000000
124460  -60.599  22.698  7.672 0.0000000000
124461  -60.957  21.757  8.283 0.0000000000
124465  -45.263  20.967  6.372 0.0000000000
124466  -45.969  21.350  6.110 0.0000000000
124467  -46.847  22.169  6.610 0.0000000000
124468  -56.392  22.032  7.213 0.0000000000
124469  -57.458  22.336  6.935 0.0000000000
124470  -59.146  22.658  6.459 0.0000000000
124471  -60.513  22.190  6.909 0.0000000000
124472  -60.911  21.808  7.480 0.0000000000
124478  -46.359  20.863  5.529 0.0000000000
124479  -47.408  21.354  5.650 0.0000000000
124480  -48.385  21.795  5.694 0.0000000000
124481  -55.619  22.247  6.834 0.0000000000
124482  -56.401  21.874  6.508 0.0000000000
124483  -57.039  21.608  5.917 0.0000000000
124487  -47.741  20.639  4.796 0.0000000000
124488  -48.626  21.177  4.886 0.0000000000
124489  -49.618  20.932  3.919 0.0000000000
124490  -49.774  20.264  3.265 0.0000000000
124491  -55.664  22.333  6.466 0.0000000000
124492  -56.146  22.048  5.869 0.0000000000
124493  -57.047  21.646  5.516 0.0000000000
124497  -50.059  21.243  3.567 0.0000000000
124498  -50.343  20.505  2.989 0.0000000000
124499  -56.298  22.011  5.197 0.0000000000
124500  -57.250  21.796  4.667 0.0000000000
124504  -51.104  19.944  2.404 0.0000000000
124505  -51.823  20.044  2.018 0.0000000000
124506  -58.404  21.559  3.210 0.0000000000
124510  -52.550  20.090  1.468 0.0000000000
124511  -53.569  20.221  0.583 0.0000000000
124512  -54.716  20.049  0.216 0.0000000000
124513  -58.849  21.140  1.846 0.0000000000
124514  -58.541  20.971  0.883 0.0000000000
124517  -54.383  20.840  -0.037 0.0000000000
124518  -55.349  20.656  -0.283 0.0000000000
124519  -58.025  21.214  0.175 0.0000000000
124522  -56.098  20.971  -0.574 0.0000000000
124523  -56.669  21.341  -0.551 0.0000000000
124524  -57.557  21.433  -0.201 0.0000000000
124529  -56.993  21.497  -0.474 0.0000000000
124530  -57.237  21.466  -0.359 0.0000000000
125055  -52.537  23.483  16.696 0.0000000000
125064  -53.169  23.816  16.056 0.0000000000
125065  -53.997  23.740  15.638 0.0000000000
125066  -54.752  23.586  15.358 0.0000000000
125073  -53.651  24.081  15.351 0.0000000000
125074  -54.300  23.959  14.854 0.0000000000
125075  -55.170  23.651  14.664 0.0000000000
125081  -54.803  23.987  14.264 0.0000000000
125082  -55.551  23.872  13.966 0.0000000000
125083  -56.313  23.818  13.784 0.0000000000
125084  -57.171  23.810  13.797 0.0000000000
125090  -55.952  24.020  13.703 0.0000000000
125091  -56.711  24.046  13.616 0.0000000000
125092  -58.096  24.092  13.589 0.0000000000
125093  -59.571  24.101  12.927 0.0000000000
125094  -60.351  23.419  12.516 0.0000000000
125101  -60.368  24.152  11.958 0.0000000000
125102  -60.678  23.313  11.438 0.0000000000
125109  -54.899  23.692  9.184 0.0000000000
125110  -55.234  23.599  9.105 0.0000000000
125111  -56.017  23.675  8.697 0.0000000000
125112  -60.591  22.930  10.247 0.0000000000
125121  -54.841  23.516  9.032 0.0000000000
125122  -55.609  23.096  8.584 0.0000000000
125123  -57.071  23.547  7.963 0.0000000000
125124  -58.818  23.973  7.357 0.0000000000
125125  -60.052  23.781  7.775 0.0000000000
125126  -60.551  23.198  8.844 0.0000000000
125133  -54.370  23.694  8.544 0.0000000000
125134  -54.642  23.379  8.607 0.0000000000
125135  -55.550  22.512  7.974 0.0000000000
125141  -47.551  22.323  6.595 0.0000000000
125143  -54.435  23.555  8.313 0.0000000000
125144  -54.977  22.853  7.720 0.0000000000
125145  -55.705  22.212  7.327 0.0000000000
125150  -49.300  21.881  4.691 0.0000000000
125151  -55.350  22.793  6.747 0.0000000000
125152  -55.726  22.412  6.189 0.0000000000
125157  -49.721  21.850  3.902 0.0000000000
125158  -50.259  21.606  3.074 0.0000000000
125159  -55.436  23.155  6.388 0.0000000000
125160  -55.977  22.551  5.509 0.0000000000
125161  -56.518  22.067  4.919 0.0000000000
125167  -51.225  21.258  2.038 0.0000000000
125168  -52.006  20.699  1.696 0.0000000000
125169  -56.501  22.710  4.767 0.0000000000
125170  -57.217  22.274  4.200 0.0000000000
125176  -51.655  21.911  1.258 0.0000000000
125177  -52.434  21.314  1.091 0.0000000000
125178  -53.584  21.516  0.082 0.0000000000
125179  -58.498  22.060  2.570 0.0000000000
125180  -58.702  21.969  1.215 0.0000000000
125183  -54.873  21.765  -0.599 0.0000000000
125184  -55.571  21.315  -0.643 0.0000000000
125185  -58.416  22.007  0.346 0.0000000000
125191  -55.458  22.321  -0.924 0.0000000000
125192  -56.032  21.882  -0.906 0.0000000000
125193  -57.066  21.970  -0.601 0.0000000000
125194  -57.868  22.018  -0.240 0.0000000000
125204  -57.154  21.681  -0.464 0.0000000000
125205  -57.381  21.725  -0.380 0.0000000000
125719  -53.273  24.237  15.495 0.0000000000
125729  -53.770  24.534  14.975 0.0000000000
125730  -54.464  24.228  14.469 0.0000000000
125737  -54.406  24.728  14.378 0.0000000000
125738  -54.973  24.388  14.020 0.0000000000
125739  -55.560  24.133  13.753 0.0000000000
125746  -55.525  24.505  13.742 0.0000000000
125747  -56.026  24.351  13.656 0.0000000000
125748  -57.386  24.554  13.572 0.0000000000
125749  -58.860  24.852  13.208 0.0000000000
125750  -59.823  24.921  12.055 0.0000000000
125757  -60.359  24.630  10.740 0.0000000000
125758  -60.628  23.736  10.561 0.0000000000
125763  -53.783  24.715  9.336 0.0000000000
125764  -54.718  24.200  9.289 0.0000000000
125765  -55.758  24.389  8.950 0.0000000000
125766  -56.939  24.556  8.348 0.0000000000
125767  -60.045  24.585  9.449 0.0000000000
125768  -60.544  23.916  9.804 0.0000000000
125775  -53.725  24.383  9.039 0.0000000000
125776  -54.269  23.962  9.066 0.0000000000
125777  -58.181  24.707  7.811 0.0000000000
125778  -59.353  24.625  7.956 0.0000000000
125779  -60.143  24.292  8.563 0.0000000000
125780  -60.456  24.065  9.123 0.0000000000
125789  -54.003  24.061  8.626 0.0000000000
125790  -54.143  23.944  8.849 0.0000000000
125796  -54.310  23.885  7.935 0.0000000000
125797  -54.841  23.245  7.444 0.0000000000
125803  -54.399  24.216  7.608 0.0000000000
125804  -55.005  23.752  7.113 0.0000000000
125810  -49.886  22.302  3.266 0.0000000000
125811  -55.643  23.539  6.095 0.0000000000
125812  -56.348  23.224  5.174 0.0000000000
125818  -50.307  22.530  2.331 0.0000000000
125819  -57.179  22.997  4.322 0.0000000000
125820  -58.220  22.852  3.210 0.0000000000
125826  -51.232  22.649  1.374 0.0000000000
125827  -52.000  22.382  0.777 0.0000000000
125828  -52.829  22.223  0.347 0.0000000000
125829  -58.748  22.914  1.812 0.0000000000
125830  -58.587  22.921  0.680 0.0000000000
125837  -51.786  23.133  0.711 0.0000000000
125838  -52.573  23.052  0.328 0.0000000000
125839  -53.834  22.801  -0.317 0.0000000000
125840  -58.335  22.864  -0.104 0.0000000000
125850  -55.147  22.841  -0.832 0.0000000000
125851  -55.903  22.783  -1.015 0.0000000000
125852  -56.791  22.768  -0.957 0.0000000000
125853  -57.704  22.804  -0.593 0.0000000000
126397  -54.149  24.997  14.627 0.0000000000
126398  -54.862  24.942  14.140 0.0000000000
126406  -55.451  24.785  13.859 0.0000000000
126407  -55.985  24.753  13.714 0.0000000000
126408  -56.952  25.002  13.640 0.0000000000
126409  -58.232  25.456  13.316 0.0000000000
126410  -59.219  25.718  12.357 0.0000000000
126419  -52.227  26.542  9.881 0.0000000000
126420  -52.489  26.492  9.833 0.0000000000
126421  -59.742  25.822  11.150 0.0000000000
126430  -52.357  26.364  9.668 0.0000000000
126431  -53.120  25.875  9.558 0.0000000000
126432  -54.177  25.347  9.600 0.0000000000
126433  -55.324  25.419  9.216 0.0000000000
126434  -56.820  25.798  8.616 0.0000000000
126435  -58.208  26.289  8.570 0.0000000000
126436  -59.407  25.936  9.605 0.0000000000
126442  -52.592  25.976  9.360 0.0000000000
126443  -53.165  25.154  9.202 0.0000000000
126444  -57.826  25.424  8.200 0.0000000000
126445  -58.842  25.432  8.330 0.0000000000
126446  -59.546  24.955  8.754 0.0000000000
126458  -52.772  25.544  9.055 0.0000000000
126459  -53.348  24.782  8.938 0.0000000000
126471  -52.805  25.685  8.857 0.0000000000
126472  -53.378  25.003  8.565 0.0000000000
126483  -53.989  24.767  7.922 0.0000000000
126484  -54.543  24.615  7.375 0.0000000000
126493  -55.325  24.519  6.671 0.0000000000
126494  -56.419  24.117  5.845 0.0000000000
126502  -49.685  23.698  2.219 0.0000000000
126503  -50.521  23.193  1.602 0.0000000000
126504  -57.414  23.845  4.852 0.0000000000
126505  -58.296  23.750  3.716 0.0000000000
126514  -50.300  24.458  1.414 0.0000000000
126515  -51.376  24.033  0.951 0.0000000000
126516  -52.423  24.696  0.429 0.0000000000
126517  -58.882  23.841  2.479 0.0000000000
126518  -58.844  24.035  1.298 0.0000000000
126526  -52.172  23.592  0.515 0.0000000000
126527  -53.117  24.100  0.114 0.0000000000
126528  -55.263  23.988  -0.622 0.0000000000
126529  -57.018  24.393  -0.669 0.0000000000
126530  -58.133  24.239  -0.082 0.0000000000
126531  -58.529  23.803  0.301 0.0000000000
126544  -55.680  23.297  -0.935 0.0000000000
126545  -56.393  23.500  -0.968 0.0000000000
126546  -57.464  23.552  -0.718 0.0000000000
126547  -58.193  23.458  -0.382 0.0000000000
127083  -54.971  25.416  14.679 0.0000000000
127084  -56.045  25.487  14.340 0.0000000000
127085  -57.265  26.304  14.081 0.0000000000
127086  -57.755  26.864  13.732 0.0000000000
127095  -55.933  25.019  13.846 0.0000000000
127096  -56.650  25.318  13.894 0.0000000000
127097  -57.890  26.223  13.530 0.0000000000
127098  -58.726  26.436  12.544 0.0000000000
127099  -59.173  26.482  11.585 0.0000000000
127105  -51.494  27.367  10.152 0.0000000000
127106  -52.043  26.938  10.112 0.0000000000
127107  -53.044  26.967  10.025 0.0000000000
127108  -54.259  27.331  9.767 0.0000000000
127109  -55.357  27.518  9.576 0.0000000000
127110  -59.219  26.670  10.713 0.0000000000
127111  -58.868  27.014  10.566 0.0000000000
127120  -51.581  27.105  9.865 0.0000000000
127121  -52.029  26.514  9.676 0.0000000000
127122  -53.799  26.310  9.701 0.0000000000
127123  -54.802  26.453  9.506 0.0000000000
127124  -56.184  26.959  9.159 0.0000000000
127125  -57.418  27.127  8.846 0.0000000000
127126  -58.339  27.091  9.352 0.0000000000
127127  -58.821  27.008  10.093 0.0000000000
127128  -58.772  27.141  10.376 0.0000000000
127133  -51.740  26.807  9.553 0.0000000000
127134  -52.184  26.287  9.321 0.0000000000
127144  -51.814  26.780  9.250 0.0000000000
127145  -52.305  26.241  8.953 0.0000000000
127156  -52.888  26.020  8.656 0.0000000000
127157  -53.494  25.707  8.223 0.0000000000
127169  -54.172  25.491  7.663 0.0000000000
127170  -54.740  25.127  7.204 0.0000000000
127183  -54.690  25.698  7.339 0.0000000000
127184  -55.281  25.433  6.948 0.0000000000
127185  -56.510  25.119  6.467 0.0000000000
127197  -57.704  24.835  5.511 0.0000000000
127198  -58.688  24.802  4.300 0.0000000000
127199  -59.916  25.459  3.228 0.0000000000
127200  -60.439  25.843  2.537 0.0000000000
127210  -50.846  25.242  1.069 0.0000000000
127211  -52.246  25.469  0.552 0.0000000000
127212  -53.603  25.852  0.494 0.0000000000
127213  -59.014  24.627  3.118 0.0000000000
127214  -59.731  25.047  2.122 0.0000000000
127215  -60.255  25.878  1.899 0.0000000000
127226  -53.142  25.098  0.310 0.0000000000
127227  -54.561  25.334  0.069 0.0000000000
127228  -56.293  25.361  -0.272 0.0000000000
127229  -57.837  25.306  0.239 0.0000000000
127230  -59.238  25.298  1.080 0.0000000000
127231  -60.187  26.121  1.570 0.0000000000
127778  -56.103  26.368  15.227 0.0000000000
127779  -57.237  26.986  14.677 0.0000000000
127780  -57.732  27.455  13.932 0.0000000000
127789  -51.653  28.626  11.163 0.0000000000
127790  -52.218  28.818  11.180 0.0000000000
127791  -58.074  27.489  13.291 0.0000000000
127792  -58.454  27.327  12.569 0.0000000000
127793  -58.733  27.198  11.640 0.0000000000
127794  -58.641  27.436  11.228 0.0000000000
127802  -50.643  28.277  10.568 0.0000000000
127803  -51.424  27.928  10.518 0.0000000000
127804  -52.478  28.201  10.637 0.0000000000
127805  -53.808  28.254  10.273 0.0000000000
127806  -55.110  28.365  10.028 0.0000000000
127807  -56.496  28.337  9.602 0.0000000000
127808  -57.178  28.671  9.731 0.0000000000
127809  -58.970  26.863  11.215 0.0000000000
127810  -58.790  27.173  10.956 0.0000000000
127820  -50.560  28.104  10.084 0.0000000000
127821  -51.109  27.681  10.104 0.0000000000
127822  -56.995  27.733  9.148 0.0000000000
127823  -57.605  28.082  9.475 0.0000000000
127824  -58.362  27.716  9.910 0.0000000000
127825  -58.626  27.402  10.354 0.0000000000
127826  -58.731  27.218  10.610 0.0000000000
127834  -50.571  28.089  9.770 0.0000000000
127835  -51.141  27.509  9.556 0.0000000000
127843  -51.774  27.174  8.801 0.0000000000
127844  -52.377  26.529  8.633 0.0000000000
127851  -52.035  27.570  8.429 0.0000000000
127852  -52.930  26.905  8.175 0.0000000000
127853  -53.699  26.152  7.906 0.0000000000
127859  -53.587  27.348  7.661 0.0000000000
127860  -54.382  26.568  7.506 0.0000000000
127861  -55.265  26.839  7.432 0.0000000000
127870  -55.012  25.984  7.170 0.0000000000
127871  -56.009  26.265  7.079 0.0000000000
127872  -58.248  26.090  5.939 0.0000000000
127873  -59.862  26.975  4.826 0.0000000000
127874  -60.368  27.422  4.310 0.0000000000
127888  -58.521  25.427  5.074 0.0000000000
127889  -59.307  25.950  4.431 0.0000000000
127890  -60.466  26.697  3.287 0.0000000000
127891  -60.406  26.171  2.496 0.0000000000
127905  -51.668  26.446  0.859 0.0000000000
127906  -53.245  26.585  1.053 0.0000000000
127907  -55.154  26.623  0.976 0.0000000000
127908  -56.514  27.163  1.159 0.0000000000
127909  -59.511  27.220  1.624 0.0000000000
127910  -60.058  26.857  2.180 0.0000000000
127911  -60.264  26.342  2.215 0.0000000000
127922  -55.748  26.031  0.236 0.0000000000
127923  -57.030  26.426  0.734 0.0000000000
127924  -58.841  26.289  0.990 0.0000000000
127925  -59.902  26.398  1.440 0.0000000000
127926  -60.151  26.430  1.835 0.0000000000
128456  -57.008  27.480  15.762 0.0000000000
128457  -57.533  28.539  15.357 0.0000000000
128458  -57.635  28.931  14.809 0.0000000000
128463  -51.646  29.747  12.458 0.0000000000
128464  -57.206  27.426  15.276 0.0000000000
128465  -57.493  28.095  14.916 0.0000000000
128466  -57.727  28.506  14.244 0.0000000000
128474  -50.945  29.153  11.742 0.0000000000
128475  -52.298  29.396  11.798 0.0000000000
128476  -53.273  29.572  11.574 0.0000000000
128477  -54.169  29.776  11.339 0.0000000000
128478  -57.953  28.552  13.304 0.0000000000
128479  -58.189  28.333  12.515 0.0000000000
128480  -58.406  28.065  11.786 0.0000000000
128481  -58.508  27.746  11.338 0.0000000000
128490  -50.868  28.486  11.045 0.0000000000
128491  -52.687  29.034  11.192 0.0000000000
128492  -53.482  29.084  10.882 0.0000000000
128493  -54.783  29.347  10.685 0.0000000000
128494  -55.957  29.216  10.358 0.0000000000
128495  -56.999  29.224  10.180 0.0000000000
128496  -57.601  28.889  10.637 0.0000000000
128497  -58.213  28.339  11.080 0.0000000000
128498  -58.536  27.664  10.971 0.0000000000
128509  -49.987  28.616  10.590 0.0000000000
128510  -57.466  28.673  10.011 0.0000000000
128511  -58.002  28.327  10.220 0.0000000000
128512  -58.426  27.854  10.510 0.0000000000
128513  -58.607  27.446  10.689 0.0000000000
128525  -50.593  28.174  9.528 0.0000000000
128534  -50.914  28.033  9.088 0.0000000000
128543  -51.363  28.209  8.597 0.0000000000
128544  -52.258  28.035  8.165 0.0000000000
128552  -53.055  27.926  7.617 0.0000000000
128553  -54.111  27.758  7.442 0.0000000000
128554  -54.890  27.270  7.478 0.0000000000
128561  -55.057  27.795  7.489 0.0000000000
128562  -55.954  27.325  7.533 0.0000000000
128563  -57.570  27.231  6.940 0.0000000000
128564  -58.976  27.608  5.813 0.0000000000
128565  -60.186  27.928  5.033 0.0000000000
128575  -60.317  27.991  4.039 0.0000000000
128593  -52.669  27.532  1.387 0.0000000000
128594  -54.434  27.727  1.715 0.0000000000
128595  -56.474  27.904  1.829 0.0000000000
128596  -58.567  28.120  1.983 0.0000000000
128597  -60.026  28.109  2.720 0.0000000000
128610  -57.377  27.303  1.503 0.0000000000
128611  -58.239  26.973  1.567 0.0000000000
129210  -57.636  29.557  15.417 0.0000000000
129218  -55.182  31.703  13.618 0.0000000000
129219  -57.679  29.601  14.932 0.0000000000
129220  -57.749  29.617  14.376 0.0000000000
129227  -53.075  30.465  12.830 0.0000000000
129228  -55.022  31.267  12.901 0.0000000000
129229  -56.400  31.122  12.675 0.0000000000
129230  -57.355  30.500  12.978 0.0000000000
129231  -57.781  29.626  13.513 0.0000000000
129236  -53.140  29.922  12.083 0.0000000000
129237  -53.985  30.373  11.982 0.0000000000
129238  -55.416  30.396  11.571 0.0000000000
129239  -56.853  30.365  11.826 0.0000000000
129240  -57.746  29.453  12.266 0.0000000000
129241  -57.997  28.635  11.846 0.0000000000
129242  -58.161  28.423  11.558 0.0000000000
129247  -55.674  29.769  10.868 0.0000000000
129248  -56.424  29.846  10.944 0.0000000000
129249  -57.282  29.610  11.105 0.0000000000
129250  -57.749  28.943  11.391 0.0000000000
129251  -57.991  28.587  11.479 0.0000000000
129290  -51.671  28.904  8.255 0.0000000000
129291  -52.510  28.554  7.825 0.0000000000
129299  -52.397  29.101  7.907 0.0000000000
129300  -53.428  28.681  7.676 0.0000000000
129301  -55.022  28.473  7.694 0.0000000000
129302  -56.256  28.540  7.718 0.0000000000
129312  -55.804  28.043  7.636 0.0000000000
129313  -56.992  28.163  7.433 0.0000000000
129314  -58.453  28.320  6.819 0.0000000000
129315  -59.653  28.633  5.963 0.0000000000
129316  -60.154  28.813  4.926 0.0000000000
129325  -56.145  29.514  2.929 0.0000000000
129326  -56.681  29.506  3.086 0.0000000000
129327  -59.695  29.448  3.428 0.0000000000
129328  -59.941  29.030  3.668 0.0000000000
129344  -53.719  28.546  2.223 0.0000000000
129345  -55.646  29.085  2.555 0.0000000000
129346  -57.647  29.046  2.855 0.0000000000
129347  -59.438  29.302  2.899 0.0000000000
129348  -59.879  28.846  3.065 0.0000000000
129953  -57.034  31.245  14.524 0.0000000000
129954  -57.582  30.454  14.691 0.0000000000
129955  -57.729  30.104  14.547 0.0000000000
129961  -55.532  31.626  13.628 0.0000000000
129962  -56.181  31.530  13.602 0.0000000000
129963  -57.100  31.011  13.751 0.0000000000
129964  -57.631  30.349  13.995 0.0000000000
130009  -53.031  29.530  8.087 0.0000000000
130010  -54.578  29.349  8.192 0.0000000000
130011  -56.613  29.348  8.105 0.0000000000
130012  -58.302  29.862  7.697 0.0000000000
130013  -59.086  30.126  6.832 0.0000000000
130014  -59.382  30.295  6.355 0.0000000000
130026  -56.928  28.769  7.657 0.0000000000
130027  -57.877  28.904  7.632 0.0000000000
130028  -59.002  29.258  6.912 0.0000000000
130029  -59.774  29.710  5.913 0.0000000000
130042  -55.167  29.866  2.929 0.0000000000
130043  -56.272  29.770  3.139 0.0000000000
130044  -58.038  29.921  3.551 0.0000000000
130045  -59.524  29.896  3.791 0.0000000000
130046  -59.948  29.568  4.669 0.0000000000
130064  -53.327  29.203  2.398 0.0000000000
130065  -54.488  29.384  2.758 0.0000000000
130066  -55.343  29.630  2.782 0.0000000000
130067  -58.819  29.717  2.990 0.0000000000
130068  -59.146  29.869  3.082 0.0000000000
130707  -54.057  30.140  8.694 0.0000000000
130708  -55.805  30.433  8.730 0.0000000000
130709  -57.601  30.901  8.238 0.0000000000
130710  -58.761  30.785  7.364 0.0000000000
130711  -59.211  30.669  6.666 0.0000000000
130719  -58.473  31.638  7.436 0.0000000000
130720  -59.196  31.413  6.518 0.0000000000
130721  -59.419  30.570  5.984 0.0000000000
130732  -54.515  29.721  2.932 0.0000000000
130733  -54.871  29.891  3.070 0.0000000000
130734  -56.188  30.073  3.111 0.0000000000
130735  -57.766  30.323  3.388 0.0000000000
130736  -59.291  30.981  4.748 0.0000000000
130737  -59.707  30.212  5.012 0.0000000000
130754  -54.225  29.651  2.945 0.0000000000
131397  -54.444  31.505  9.861 0.0000000000
131398  -55.626  32.187  9.691 0.0000000000
131399  -56.172  32.623  9.371 0.0000000000
131406  -55.100  31.118  9.368 0.0000000000
131407  -56.579  31.976  8.966 0.0000000000
131408  -57.667  32.277  7.751 0.0000000000
131411  -58.617  32.486  6.834 0.0000000000
131412  -59.050  32.151  5.630 0.0000000000
131414  -55.014  29.867  2.901 0.0000000000
131415  -56.009  30.161  3.012 0.0000000000
131416  -57.491  30.617  3.150 0.0000000000
131417  -58.815  31.264  3.829 0.0000000000
131418  -58.998  31.789  4.788 0.0000000000
131422  -56.157  30.166  2.805 0.0000000000
131423  -56.804  30.422  2.953 0.0000000000
132095  -55.008  32.590  10.118 0.0000000000
132096  -55.829  33.052  9.559 0.0000000000
132099  -56.494  33.150  8.920 0.0000000000
132100  -57.092  32.947  8.091 0.0000000000
132102  -56.916  33.750  7.880 0.0000000000
132103  -57.928  33.572  7.180 0.0000000000
132104  -58.476  33.071  5.936 0.0000000000
132106  -57.873  30.971  3.114 0.0000000000
132107  -58.529  31.432  3.235 0.0000000000
132108  -58.748  32.588  4.493 0.0000000000
132112  -56.730  30.427  2.680 0.0000000000
132113  -57.556  30.818  2.788 0.0000000000
132114  -58.506  32.377  3.046 0.0000000000
132115  -58.390  33.349  3.882 0.0000000000
132122  -56.443  30.320  2.444 0.0000000000
132123  -57.979  31.309  2.230 0.0000000000
132765  -54.808  33.131  10.246 0.0000000000
132769  -55.222  33.898  9.408 0.0000000000
132770  -55.951  33.486  9.112 0.0000000000
132772  -54.555  35.425  7.306 0.0000000000
132773  -55.637  34.898  7.930 0.0000000000
132774  -56.113  33.969  8.276 0.0000000000
132777  -54.402  35.821  6.193 0.0000000000
132778  -55.591  35.552  6.684 0.0000000000
132779  -56.973  34.755  6.914 0.0000000000
132780  -58.092  34.046  5.905 0.0000000000
132781  -58.395  33.379  5.292 0.0000000000
132789  -54.391  36.031  5.559 0.0000000000
132790  -55.134  35.884  5.636 0.0000000000
132791  -56.202  35.407  5.549 0.0000000000
132792  -57.465  34.658  4.792 0.0000000000
132793  -58.216  33.694  4.752 0.0000000000
132803  -58.047  33.917  4.110 0.0000000000
133469  -54.345  34.657  8.980 0.0000000000
133477  -54.702  34.901  8.380 0.0000000000
