#!ascii label  , from subject subject001 vox2ras=TkReg
1886
34442  -47.736  -62.509  1.006 0.0000000000
34447  -47.224  -61.891  0.273 0.0000000000
34448  -47.537  -62.247  0.385 0.0000000000
34452  -47.078  -61.716  0.087 0.0000000000
34453  -47.374  -62.017  -0.330 0.0000000000
34454  -47.846  -62.621  -0.263 0.0000000000
34457  -47.418  -62.056  -1.154 0.0000000000
34458  -47.775  -62.575  -0.979 0.0000000000
34468  -47.497  -61.897  -1.641 0.0000000000
34469  -47.833  -62.445  -1.697 0.0000000000
34482  -47.687  -61.956  -2.012 0.0000000000
34483  -48.187  -62.314  -2.332 0.0000000000
35716  -48.617  -61.489  3.157 0.0000000000
35726  -48.033  -61.362  2.546 0.0000000000
35727  -48.360  -61.485  2.820 0.0000000000
35728  -48.727  -61.997  3.187 0.0000000000
35731  -47.826  -61.411  2.351 0.0000000000
35732  -48.064  -61.943  2.371 0.0000000000
35736  -47.391  -61.484  1.870 0.0000000000
35737  -47.627  -62.109  1.626 0.0000000000
35741  -46.971  -61.510  1.310 0.0000000000
35742  -47.275  -62.005  0.960 0.0000000000
35746  -46.809  -61.587  0.594 0.0000000000
35747  -47.202  -61.941  0.573 0.0000000000
35750  -46.813  -61.388  -0.207 0.0000000000
35751  -47.141  -61.620  -0.788 0.0000000000
35754  -46.848  -61.141  -0.867 0.0000000000
35755  -47.189  -61.419  -1.352 0.0000000000
35758  -47.380  -61.445  -1.870 0.0000000000
35767  -47.787  -61.420  -2.290 0.0000000000
35768  -48.413  -61.773  -2.627 0.0000000000
35779  -48.350  -60.972  -2.599 0.0000000000
37002  -48.651  -61.263  3.242 0.0000000000
37012  -47.909  -61.162  2.448 0.0000000000
37013  -48.281  -61.054  2.718 0.0000000000
37022  -46.600  -60.390  1.483 0.0000000000
37023  -47.308  -60.936  1.920 0.0000000000
37031  -46.115  -60.380  1.200 0.0000000000
37032  -46.713  -60.946  1.478 0.0000000000
37039  -45.825  -60.332  0.739 0.0000000000
37040  -46.319  -60.961  1.033 0.0000000000
37044  -45.830  -60.237  0.033 0.0000000000
37045  -46.274  -60.855  0.341 0.0000000000
37049  -45.969  -60.157  -0.413 0.0000000000
37050  -46.368  -60.556  -0.514 0.0000000000
37054  -46.750  -60.622  -1.404 0.0000000000
37055  -47.135  -61.054  -1.670 0.0000000000
37058  -46.796  -60.286  -1.814 0.0000000000
37059  -47.145  -60.669  -1.996 0.0000000000
37062  -47.682  -60.446  -2.408 0.0000000000
37069  -48.250  -60.173  -2.673 0.0000000000
37070  -48.821  -60.427  -2.920 0.0000000000
38329  -47.799  -60.701  2.139 0.0000000000
38330  -48.291  -60.795  2.517 0.0000000000
38337  -46.626  -59.858  1.451 0.0000000000
38338  -47.138  -60.298  1.670 0.0000000000
38345  -46.103  -59.856  1.283 0.0000000000
38354  -45.643  -59.328  0.607 0.0000000000
38355  -45.701  -59.810  0.950 0.0000000000
38363  -45.503  -59.312  0.411 0.0000000000
38364  -45.534  -59.639  0.324 0.0000000000
38369  -45.776  -59.708  -0.527 0.0000000000
38370  -46.076  -60.101  -0.638 0.0000000000
38374  -46.002  -59.386  -1.271 0.0000000000
38375  -46.221  -60.013  -1.040 0.0000000000
38379  -46.159  -59.205  -1.616 0.0000000000
38380  -46.471  -59.651  -1.786 0.0000000000
38381  -46.830  -60.110  -1.990 0.0000000000
38384  -46.613  -59.291  -2.125 0.0000000000
38385  -47.027  -59.695  -2.207 0.0000000000
38388  -47.786  -59.501  -2.596 0.0000000000
38389  -48.496  -59.510  -2.998 0.0000000000
38392  -49.113  -59.754  -3.352 0.0000000000
39569  -48.519  -60.735  2.593 0.0000000000
39578  -47.567  -60.069  1.686 0.0000000000
39579  -48.271  -60.390  2.032 0.0000000000
39587  -46.824  -59.499  1.271 0.0000000000
39588  -47.113  -59.729  1.478 0.0000000000
39593  -46.442  -59.454  1.143 0.0000000000
39599  -45.779  -58.922  0.428 0.0000000000
39600  -45.976  -59.264  0.796 0.0000000000
39608  -45.590  -58.955  0.195 0.0000000000
39609  -45.471  -59.243  0.176 0.0000000000
39615  -45.600  -58.703  -0.134 0.0000000000
39616  -45.537  -59.035  -0.256 0.0000000000
39618  -45.686  -58.956  -0.955 0.0000000000
39621  -45.918  -58.722  -1.623 0.0000000000
39622  -46.217  -59.057  -1.809 0.0000000000
39629  -45.904  -58.291  -1.997 0.0000000000
39630  -46.336  -58.641  -2.161 0.0000000000
39631  -46.752  -59.075  -2.254 0.0000000000
39638  -46.553  -58.153  -2.565 0.0000000000
39639  -47.095  -58.596  -2.566 0.0000000000
39640  -47.961  -58.657  -3.086 0.0000000000
39648  -48.767  -58.642  -3.683 0.0000000000
39649  -49.342  -59.315  -3.701 0.0000000000
39657  -49.152  -58.299  -4.271 0.0000000000
40795  -47.425  -59.615  1.465 0.0000000000
40796  -47.801  -59.610  1.486 0.0000000000
40797  -48.453  -59.628  1.510 0.0000000000
40810  -46.829  -59.248  1.052 0.0000000000
40811  -47.330  -59.104  1.085 0.0000000000
40812  -47.931  -58.812  1.206 0.0000000000
40813  -48.515  -58.656  1.211 0.0000000000
40820  -46.824  -58.830  0.537 0.0000000000
40821  -47.333  -58.193  0.641 0.0000000000
40825  -45.779  -58.661  0.201 0.0000000000
40826  -46.114  -58.361  0.174 0.0000000000
40832  -45.730  -58.407  -0.063 0.0000000000
40833  -45.884  -57.864  -0.192 0.0000000000
40841  -45.635  -58.388  -0.449 0.0000000000
40842  -45.604  -58.569  -0.761 0.0000000000
40850  -45.572  -58.152  -0.836 0.0000000000
40851  -45.604  -58.224  -1.240 0.0000000000
40858  -45.685  -57.944  -1.843 0.0000000000
40866  -45.874  -57.805  -2.302 0.0000000000
40867  -46.184  -57.749  -2.674 0.0000000000
40873  -46.603  -57.703  -2.997 0.0000000000
40874  -47.318  -57.733  -3.458 0.0000000000
40875  -48.045  -58.139  -3.522 0.0000000000
40882  -47.434  -57.310  -3.990 0.0000000000
40883  -48.049  -57.578  -3.936 0.0000000000
40889  -48.725  -57.741  -4.408 0.0000000000
42076  -47.634  -58.205  1.034 0.0000000000
42077  -47.965  -57.596  1.254 0.0000000000
42078  -48.571  -57.661  1.422 0.0000000000
42092  -46.939  -57.503  0.213 0.0000000000
42093  -47.539  -57.288  0.787 0.0000000000
42094  -47.708  -56.963  1.138 0.0000000000
42096  -46.174  -57.263  -0.163 0.0000000000
42098  -45.726  -57.960  -0.379 0.0000000000
42099  -45.729  -57.261  -0.488 0.0000000000
42101  -45.608  -57.792  -0.683 0.0000000000
42102  -45.515  -57.180  -0.938 0.0000000000
42108  -45.532  -57.750  -1.041 0.0000000000
42109  -45.510  -57.345  -1.522 0.0000000000
42115  -45.563  -57.174  -2.236 0.0000000000
42120  -45.744  -57.057  -2.930 0.0000000000
42121  -46.078  -57.275  -3.226 0.0000000000
42124  -45.841  -56.856  -3.522 0.0000000000
42125  -46.317  -57.028  -3.764 0.0000000000
42126  -46.957  -57.120  -4.053 0.0000000000
42129  -46.603  -56.678  -4.297 0.0000000000
42130  -47.442  -56.824  -4.481 0.0000000000
42131  -48.212  -57.124  -4.594 0.0000000000
42133  -48.049  -56.670  -4.978 0.0000000000
42134  -48.737  -56.974  -5.144 0.0000000000
42138  -49.277  -56.660  -5.576 0.0000000000
43281  -49.082  -56.354  2.354 0.0000000000
43292  -47.671  -55.999  1.585 0.0000000000
43293  -48.090  -56.546  1.691 0.0000000000
43294  -48.734  -56.704  1.889 0.0000000000
43308  -47.177  -56.332  0.526 0.0000000000
43309  -47.506  -56.291  1.084 0.0000000000
43310  -47.802  -56.676  1.377 0.0000000000
43318  -46.509  -56.273  0.101 0.0000000000
43320  -45.869  -56.269  -0.263 0.0000000000
43322  -45.599  -56.355  -0.708 0.0000000000
43324  -45.470  -56.047  -1.687 0.0000000000
43325  -45.471  -56.454  -1.308 0.0000000000
43327  -45.474  -55.916  -2.144 0.0000000000
43328  -45.452  -56.547  -1.954 0.0000000000
43331  -45.453  -55.809  -2.496 0.0000000000
43332  -45.460  -56.244  -2.687 0.0000000000
43335  -45.622  -56.199  -3.544 0.0000000000
43336  -45.839  -56.596  -3.827 0.0000000000
43338  -45.653  -55.797  -3.927 0.0000000000
43339  -45.984  -56.179  -4.157 0.0000000000
43340  -46.752  -56.105  -4.587 0.0000000000
43343  -47.706  -56.127  -5.072 0.0000000000
43344  -48.246  -56.458  -5.250 0.0000000000
43349  -48.107  -55.820  -5.328 0.0000000000
43350  -48.612  -56.176  -5.500 0.0000000000
44511  -48.586  -54.701  3.352 0.0000000000
44512  -48.986  -55.024  3.521 0.0000000000
44522  -47.816  -54.795  2.631 0.0000000000
44523  -48.424  -55.295  2.734 0.0000000000
44524  -49.293  -55.821  2.920 0.0000000000
44536  -47.009  -54.441  1.084 0.0000000000
44537  -47.296  -55.112  1.396 0.0000000000
44538  -47.734  -55.307  2.177 0.0000000000
44539  -48.213  -55.960  2.133 0.0000000000
44548  -46.774  -55.142  0.669 0.0000000000
44549  -47.247  -55.693  0.853 0.0000000000
44559  -45.966  -55.288  0.175 0.0000000000
44561  -45.455  -54.581  -0.346 0.0000000000
44562  -45.580  -55.205  -0.303 0.0000000000
44564  -45.440  -54.895  -0.773 0.0000000000
44565  -45.469  -55.704  -0.987 0.0000000000
44567  -45.510  -55.370  -1.567 0.0000000000
44568  -45.484  -55.900  -1.391 0.0000000000
44571  -45.525  -55.424  -2.311 0.0000000000
44574  -45.441  -55.630  -2.702 0.0000000000
44575  -45.447  -55.519  -3.101 0.0000000000
44578  -45.591  -55.306  -3.662 0.0000000000
44579  -45.803  -55.034  -4.022 0.0000000000
44582  -45.777  -55.522  -4.080 0.0000000000
44583  -46.211  -55.375  -4.348 0.0000000000
44584  -47.022  -55.499  -4.691 0.0000000000
44588  -47.718  -55.524  -4.981 0.0000000000
44593  -48.162  -55.491  -5.166 0.0000000000
44594  -48.543  -55.626  -5.400 0.0000000000
44595  -49.171  -55.638  -5.574 0.0000000000
45738  -48.761  -54.198  3.682 0.0000000000
45739  -49.371  -54.417  4.028 0.0000000000
45751  -47.281  -53.825  2.699 0.0000000000
45752  -47.670  -54.200  2.979 0.0000000000
45753  -48.237  -54.207  3.319 0.0000000000
45766  -47.061  -53.910  1.441 0.0000000000
45767  -47.253  -54.119  2.097 0.0000000000
45768  -47.535  -54.442  2.574 0.0000000000
45778  -45.892  -53.738  1.073 0.0000000000
45779  -46.585  -53.927  1.029 0.0000000000
45789  -45.631  -53.746  0.691 0.0000000000
45790  -46.033  -54.383  0.635 0.0000000000
45793  -45.447  -54.122  0.072 0.0000000000
45794  -45.648  -54.538  0.256 0.0000000000
45797  -45.410  -54.140  -0.438 0.0000000000
45800  -45.478  -54.392  -1.125 0.0000000000
45804  -45.694  -54.647  -2.048 0.0000000000
45805  -45.809  -54.295  -2.368 0.0000000000
45808  -45.541  -55.167  -2.690 0.0000000000
45809  -45.669  -54.686  -2.946 0.0000000000
45813  -45.875  -54.640  -3.522 0.0000000000
45814  -46.180  -54.695  -3.921 0.0000000000
45817  -46.703  -54.848  -4.282 0.0000000000
45818  -47.395  -54.965  -4.567 0.0000000000
45822  -48.079  -55.027  -4.762 0.0000000000
45823  -48.837  -54.786  -4.617 0.0000000000
45824  -49.385  -54.720  -4.668 0.0000000000
45829  -48.489  -55.264  -5.093 0.0000000000
45830  -48.979  -55.193  -5.182 0.0000000000
45831  -49.699  -55.035  -5.080 0.0000000000
46983  -48.367  -53.395  3.669 0.0000000000
46984  -49.037  -53.423  4.064 0.0000000000
46985  -49.753  -53.572  4.409 0.0000000000
46998  -46.307  -52.804  2.422 0.0000000000
46999  -47.042  -52.977  2.320 0.0000000000
47000  -47.220  -53.272  3.063 0.0000000000
47001  -47.739  -53.410  3.384 0.0000000000
47015  -45.734  -52.926  1.924 0.0000000000
47016  -46.219  -53.147  1.883 0.0000000000
47017  -47.080  -53.387  1.826 0.0000000000
47028  -45.669  -53.177  1.461 0.0000000000
47029  -45.979  -53.500  1.415 0.0000000000
47037  -45.440  -53.111  1.007 0.0000000000
47040  -45.429  -53.379  0.520 0.0000000000
47043  -45.381  -53.368  0.089 0.0000000000
47047  -45.507  -53.538  -0.583 0.0000000000
47051  -45.638  -53.827  -1.323 0.0000000000
47052  -45.846  -53.877  -1.859 0.0000000000
47056  -46.076  -53.939  -2.410 0.0000000000
47057  -46.467  -53.603  -2.331 0.0000000000
47062  -45.958  -54.311  -3.045 0.0000000000
47063  -46.583  -53.973  -3.010 0.0000000000
47064  -47.768  -53.393  -2.687 0.0000000000
47065  -48.526  -52.875  -2.170 0.0000000000
47069  -46.607  -54.458  -3.809 0.0000000000
47070  -47.471  -54.328  -3.683 0.0000000000
47071  -48.861  -53.308  -2.826 0.0000000000
47072  -49.776  -53.056  -2.760 0.0000000000
47079  -47.804  -54.716  -4.304 0.0000000000
47080  -48.461  -54.428  -3.963 0.0000000000
47081  -49.760  -53.808  -3.715 0.0000000000
47082  -50.883  -53.342  -3.677 0.0000000000
47092  -49.767  -54.510  -4.502 0.0000000000
47093  -50.304  -54.320  -4.365 0.0000000000
48179  -49.883  -51.956  4.602 0.0000000000
48188  -47.903  -52.128  3.548 0.0000000000
48189  -48.538  -52.391  3.831 0.0000000000
48190  -49.412  -52.406  4.310 0.0000000000
48208  -46.399  -52.439  2.722 0.0000000000
48209  -46.823  -52.449  3.048 0.0000000000
48210  -47.400  -52.475  3.358 0.0000000000
48211  -47.976  -52.755  3.565 0.0000000000
48225  -45.784  -52.694  2.160 0.0000000000
48226  -45.997  -52.472  2.465 0.0000000000
48238  -45.700  -52.494  1.874 0.0000000000
48239  -45.853  -52.206  2.202 0.0000000000
48245  -45.559  -52.592  1.427 0.0000000000
48249  -45.532  -52.669  0.846 0.0000000000
48253  -45.827  -52.486  0.168 0.0000000000
48254  -46.337  -51.813  0.307 0.0000000000
48259  -45.882  -53.091  -0.793 0.0000000000
48260  -46.520  -51.995  -0.217 0.0000000000
48261  -47.125  -51.406  -0.118 0.0000000000
48266  -45.875  -53.494  -1.359 0.0000000000
48267  -46.343  -53.127  -1.369 0.0000000000
48268  -47.356  -51.798  -0.554 0.0000000000
48269  -48.034  -51.308  -0.416 0.0000000000
48274  -46.421  -53.441  -1.999 0.0000000000
48275  -47.090  -53.021  -1.757 0.0000000000
48276  -48.376  -51.723  -0.805 0.0000000000
48277  -49.199  -51.101  -0.720 0.0000000000
48281  -47.347  -53.303  -2.330 0.0000000000
48282  -48.077  -52.736  -1.840 0.0000000000
48283  -49.332  -51.887  -1.454 0.0000000000
48284  -50.389  -51.429  -1.762 0.0000000000
48285  -50.932  -51.203  -2.146 0.0000000000
48288  -49.843  -52.500  -2.163 0.0000000000
48289  -50.470  -52.408  -2.526 0.0000000000
48290  -51.321  -51.538  -2.534 0.0000000000
48291  -51.869  -51.253  -2.729 0.0000000000
48297  -50.821  -52.722  -3.096 0.0000000000
48298  -51.496  -52.257  -3.097 0.0000000000
49396  -49.550  -51.532  4.426 0.0000000000
49397  -49.981  -51.292  4.664 0.0000000000
49414  -47.541  -51.642  3.430 0.0000000000
49415  -48.085  -51.416  3.662 0.0000000000
49416  -48.892  -51.289  4.093 0.0000000000
49432  -46.213  -51.918  2.684 0.0000000000
49433  -46.504  -51.726  2.993 0.0000000000
49434  -46.996  -51.532  3.268 0.0000000000
49448  -45.978  -51.698  2.437 0.0000000000
49459  -45.705  -52.153  1.744 0.0000000000
49460  -45.800  -51.580  2.041 0.0000000000
49464  -45.802  -51.877  1.569 0.0000000000
49465  -45.796  -51.447  1.870 0.0000000000
49469  -46.086  -51.722  1.078 0.0000000000
49470  -46.580  -51.161  1.027 0.0000000000
49474  -46.346  -51.662  0.679 0.0000000000
49475  -46.823  -51.137  0.573 0.0000000000
49476  -47.214  -50.530  0.396 0.0000000000
49481  -47.103  -51.180  0.199 0.0000000000
49482  -47.549  -50.609  0.069 0.0000000000
49483  -48.040  -49.995  -0.093 0.0000000000
49484  -48.335  -49.619  -0.395 0.0000000000
49488  -47.879  -50.880  -0.241 0.0000000000
49489  -48.370  -50.623  -0.352 0.0000000000
49490  -48.745  -49.763  -0.544 0.0000000000
49491  -49.115  -49.428  -0.824 0.0000000000
49494  -48.870  -50.757  -0.501 0.0000000000
49495  -49.281  -50.237  -0.634 0.0000000000
49496  -49.602  -49.576  -0.903 0.0000000000
49498  -49.626  -50.615  -0.859 0.0000000000
49499  -50.225  -50.147  -1.144 0.0000000000
49500  -50.967  -50.082  -1.737 0.0000000000
49501  -51.367  -49.589  -2.216 0.0000000000
49503  -51.340  -50.496  -2.196 0.0000000000
49504  -51.819  -50.033  -2.519 0.0000000000
49505  -52.252  -49.619  -2.960 0.0000000000
49510  -52.215  -50.584  -2.824 0.0000000000
50501  -49.470  -50.720  4.457 0.0000000000
50502  -50.069  -50.430  4.720 0.0000000000
50519  -46.962  -50.456  3.387 0.0000000000
50520  -47.327  -50.725  3.477 0.0000000000
50521  -48.164  -50.433  3.989 0.0000000000
50522  -48.856  -50.191  4.302 0.0000000000
50531  -46.208  -51.167  2.777 0.0000000000
50532  -46.690  -50.699  3.222 0.0000000000
50533  -46.962  -50.979  3.333 0.0000000000
50546  -45.898  -50.781  2.404 0.0000000000
50548  -45.772  -50.515  2.083 0.0000000000
50550  -45.885  -51.320  1.719 0.0000000000
50551  -45.847  -50.805  1.788 0.0000000000
50553  -46.068  -51.306  1.546 0.0000000000
50554  -46.274  -50.659  1.344 0.0000000000
50556  -46.571  -50.231  0.821 0.0000000000
50557  -46.913  -49.882  0.528 0.0000000000
50560  -47.308  -49.561  0.206 0.0000000000
50561  -47.605  -49.136  -0.230 0.0000000000
50562  -47.955  -49.118  -0.500 0.0000000000
50565  -45.838  -48.386  -2.555 0.0000000000
50566  -46.006  -48.439  -2.356 0.0000000000
50567  -46.510  -48.397  -1.945 0.0000000000
50568  -47.301  -48.564  -1.274 0.0000000000
50569  -48.118  -48.870  -1.010 0.0000000000
50570  -48.680  -48.997  -1.008 0.0000000000
50573  -45.765  -48.435  -3.010 0.0000000000
50574  -45.977  -48.536  -2.869 0.0000000000
50575  -46.509  -48.429  -2.517 0.0000000000
50576  -47.284  -48.438  -2.118 0.0000000000
50577  -48.113  -48.644  -1.809 0.0000000000
50578  -48.941  -48.882  -1.388 0.0000000000
50580  -45.494  -48.874  -3.665 0.0000000000
50581  -45.764  -48.881  -3.518 0.0000000000
50582  -46.392  -48.636  -3.269 0.0000000000
50583  -47.241  -48.412  -2.945 0.0000000000
50584  -48.235  -48.458  -2.506 0.0000000000
50585  -49.393  -48.716  -1.887 0.0000000000
50586  -50.324  -48.884  -1.943 0.0000000000
50587  -50.959  -48.968  -2.172 0.0000000000
50591  -45.355  -49.082  -4.396 0.0000000000
50592  -45.736  -49.192  -4.248 0.0000000000
50593  -46.375  -48.982  -4.075 0.0000000000
50594  -47.252  -48.490  -3.819 0.0000000000
50595  -48.293  -48.290  -3.421 0.0000000000
50596  -49.337  -48.242  -3.098 0.0000000000
50597  -50.268  -48.285  -2.991 0.0000000000
50598  -51.236  -48.526  -2.813 0.0000000000
50599  -51.880  -48.785  -3.054 0.0000000000
50604  -45.464  -49.101  -5.215 0.0000000000
50605  -45.828  -49.354  -5.021 0.0000000000
50606  -46.469  -49.174  -4.920 0.0000000000
50607  -47.328  -48.769  -4.791 0.0000000000
50608  -48.326  -48.325  -4.503 0.0000000000
50609  -49.321  -47.949  -4.218 0.0000000000
50610  -50.293  -47.804  -4.012 0.0000000000
50611  -51.225  -47.812  -3.965 0.0000000000
50612  -52.211  -48.578  -3.671 0.0000000000
50619  -45.548  -49.094  -5.831 0.0000000000
50620  -45.898  -49.336  -5.814 0.0000000000
50621  -46.590  -49.259  -5.766 0.0000000000
50622  -47.459  -48.934  -5.831 0.0000000000
50623  -48.495  -48.412  -5.525 0.0000000000
50624  -49.442  -48.025  -5.316 0.0000000000
50625  -50.331  -47.700  -5.123 0.0000000000
50626  -50.895  -47.574  -4.704 0.0000000000
50641  -47.900  -48.711  -6.449 0.0000000000
50642  -48.663  -48.362  -6.574 0.0000000000
50643  -49.564  -47.967  -6.272 0.0000000000
50644  -50.080  -47.749  -5.857 0.0000000000
50649  -48.819  -48.295  -7.118 0.0000000000
50650  -49.071  -48.202  -6.853 0.0000000000
51594  -48.865  -49.207  4.411 0.0000000000
51595  -49.410  -49.589  4.550 0.0000000000
51596  -50.268  -49.458  4.799 0.0000000000
51609  -46.988  -50.008  3.469 0.0000000000
51610  -47.595  -49.538  3.880 0.0000000000
51611  -48.409  -49.493  4.277 0.0000000000
51612  -48.879  -49.619  4.374 0.0000000000
51624  -46.178  -50.134  2.773 0.0000000000
51625  -46.598  -49.599  3.160 0.0000000000
51626  -47.066  -49.128  3.455 0.0000000000
51638  -45.698  -49.287  2.101 0.0000000000
51639  -45.772  -49.615  2.239 0.0000000000
51644  -45.692  -49.246  1.864 0.0000000000
51645  -45.726  -49.853  1.833 0.0000000000
51647  -45.752  -49.148  1.416 0.0000000000
51648  -45.889  -49.814  1.410 0.0000000000
51650  -45.815  -48.973  0.887 0.0000000000
51651  -46.171  -49.505  0.888 0.0000000000
51653  -45.928  -48.623  0.175 0.0000000000
51654  -46.447  -48.963  0.222 0.0000000000
51655  -46.873  -48.977  0.041 0.0000000000
51657  -45.528  -48.164  -1.803 0.0000000000
51658  -45.805  -48.214  -1.153 0.0000000000
51659  -46.400  -48.471  -0.817 0.0000000000
51660  -46.996  -48.677  -0.549 0.0000000000
51661  -47.216  -48.620  -0.847 0.0000000000
51663  -45.494  -48.191  -2.201 0.0000000000
51664  -45.820  -48.336  -2.206 0.0000000000
51665  -46.420  -48.403  -1.498 0.0000000000
51666  -46.924  -48.478  -1.189 0.0000000000
51667  -47.141  -48.538  -1.084 0.0000000000
51670  -45.526  -48.246  -3.015 0.0000000000
51671  -45.595  -48.399  -3.193 0.0000000000
51676  -45.389  -48.470  -3.715 0.0000000000
51677  -45.366  -48.677  -3.739 0.0000000000
51685  -45.196  -48.697  -4.135 0.0000000000
51686  -45.238  -48.845  -4.398 0.0000000000
51694  -45.335  -48.718  -5.414 0.0000000000
51695  -51.123  -47.603  -4.573 0.0000000000
51696  -51.490  -47.756  -4.463 0.0000000000
51706  -45.374  -48.543  -6.443 0.0000000000
51707  -45.546  -48.804  -6.597 0.0000000000
51708  -45.947  -49.053  -6.573 0.0000000000
51709  -46.592  -49.044  -6.521 0.0000000000
51710  -50.356  -47.668  -5.647 0.0000000000
51711  -50.873  -47.530  -5.251 0.0000000000
51712  -51.830  -47.739  -4.935 0.0000000000
51731  -45.350  -48.084  -7.579 0.0000000000
51732  -45.543  -48.474  -7.300 0.0000000000
51733  -46.095  -48.671  -7.227 0.0000000000
51734  -47.025  -48.741  -7.033 0.0000000000
51735  -47.809  -48.583  -7.138 0.0000000000
51736  -49.632  -47.884  -6.645 0.0000000000
51737  -50.085  -47.690  -6.331 0.0000000000
51738  -50.900  -47.440  -6.385 0.0000000000
51739  -51.889  -47.449  -5.923 0.0000000000
51749  -45.346  -47.983  -7.966 0.0000000000
51750  -45.622  -48.186  -7.920 0.0000000000
51751  -46.307  -48.300  -7.872 0.0000000000
51752  -47.204  -48.307  -7.789 0.0000000000
51753  -48.266  -48.346  -7.597 0.0000000000
51754  -49.294  -48.036  -7.233 0.0000000000
51755  -50.096  -47.531  -7.212 0.0000000000
51756  -50.551  -47.350  -7.159 0.0000000000
52672  -48.598  -48.848  4.408 0.0000000000
52673  -49.060  -48.523  4.560 0.0000000000
52674  -49.813  -48.581  4.805 0.0000000000
52687  -47.420  -48.472  3.810 0.0000000000
52688  -48.153  -48.627  4.251 0.0000000000
52689  -48.621  -48.442  4.441 0.0000000000
52702  -46.187  -48.994  2.729 0.0000000000
52703  -46.691  -48.749  3.192 0.0000000000
52704  -46.996  -48.539  3.479 0.0000000000
52712  -45.694  -49.015  1.985 0.0000000000
52713  -45.823  -48.765  2.189 0.0000000000
52718  -45.620  -48.602  1.518 0.0000000000
52719  -45.679  -48.622  1.882 0.0000000000
52722  -45.533  -48.502  0.905 0.0000000000
52725  -45.666  -48.394  0.372 0.0000000000
52728  -45.668  -48.140  -0.438 0.0000000000
52734  -45.426  -48.056  -2.004 0.0000000000
52735  -45.519  -48.003  -1.308 0.0000000000
52741  -45.355  -48.101  -2.922 0.0000000000
52742  -45.365  -47.928  -3.206 0.0000000000
52748  -45.337  -48.219  -3.714 0.0000000000
52749  -45.408  -47.966  -3.712 0.0000000000
52754  -45.295  -48.461  -4.326 0.0000000000
52755  -45.444  -48.072  -4.569 0.0000000000
52763  -45.257  -48.640  -4.535 0.0000000000
52764  -45.441  -48.221  -5.365 0.0000000000
52773  -45.439  -47.847  -6.704 0.0000000000
52782  -45.333  -47.525  -7.640 0.0000000000
52800  -45.272  -47.198  -8.253 0.0000000000
52801  -50.785  -47.285  -7.097 0.0000000000
52802  -51.255  -47.232  -6.935 0.0000000000
52814  -45.330  -47.199  -8.491 0.0000000000
52815  -45.441  -47.465  -8.424 0.0000000000
52816  -45.809  -47.691  -8.472 0.0000000000
52817  -46.548  -47.764  -8.417 0.0000000000
52818  -47.451  -47.855  -8.373 0.0000000000
52819  -48.467  -47.912  -8.320 0.0000000000
52820  -49.404  -47.596  -8.134 0.0000000000
52821  -50.456  -47.191  -7.843 0.0000000000
52822  -51.434  -46.857  -7.555 0.0000000000
52832  -45.161  -46.794  -8.960 0.0000000000
52833  -45.386  -46.977  -9.034 0.0000000000
52834  -45.984  -47.215  -9.033 0.0000000000
52835  -46.784  -47.288  -8.919 0.0000000000
52836  -47.638  -47.356  -8.903 0.0000000000
52837  -48.552  -47.318  -8.918 0.0000000000
52838  -49.443  -47.064  -8.804 0.0000000000
52839  -50.103  -46.693  -8.749 0.0000000000
53734  -49.061  -48.029  4.641 0.0000000000
53735  -49.444  -47.822  4.763 0.0000000000
53736  -50.200  -47.710  5.006 0.0000000000
53748  -47.488  -47.859  3.870 0.0000000000
53749  -47.949  -47.926  4.126 0.0000000000
53750  -48.746  -47.840  4.502 0.0000000000
53751  -49.411  -47.259  4.668 0.0000000000
53764  -46.266  -48.548  2.686 0.0000000000
53765  -46.445  -48.397  2.917 0.0000000000
53766  -46.890  -48.009  3.451 0.0000000000
53773  -46.112  -48.249  2.435 0.0000000000
53774  -46.539  -47.911  2.941 0.0000000000
53775  -46.811  -47.843  3.140 0.0000000000
53780  -45.452  -48.162  1.323 0.0000000000
53781  -45.618  -48.181  1.734 0.0000000000
53786  -45.385  -48.117  0.964 0.0000000000
53787  -45.436  -47.884  1.043 0.0000000000
53791  -45.562  -47.936  0.167 0.0000000000
53792  -45.460  -47.851  0.644 0.0000000000
53798  -45.605  -47.827  -0.917 0.0000000000
53804  -37.312  -45.656  -2.455 0.0000000000
53805  -37.542  -45.587  -2.428 0.0000000000
53806  -45.331  -47.912  -2.636 0.0000000000
53807  -45.412  -47.765  -1.989 0.0000000000
53812  -37.316  -45.703  -2.699 0.0000000000
53813  -37.539  -45.623  -2.664 0.0000000000
53814  -45.336  -47.872  -2.973 0.0000000000
53815  -45.642  -47.703  -3.307 0.0000000000
53816  -46.245  -47.415  -3.898 0.0000000000
53822  -39.710  -44.414  -5.429 0.0000000000
53823  -40.131  -44.278  -5.524 0.0000000000
53824  -45.792  -47.716  -4.673 0.0000000000
53825  -46.317  -47.371  -4.737 0.0000000000
53830  -39.149  -44.678  -5.918 0.0000000000
53831  -39.817  -44.467  -5.969 0.0000000000
53832  -40.578  -44.423  -5.978 0.0000000000
53833  -41.352  -44.657  -6.177 0.0000000000
53834  -45.851  -47.602  -5.791 0.0000000000
53835  -46.380  -47.129  -6.006 0.0000000000
53840  -39.156  -44.594  -6.285 0.0000000000
53841  -39.781  -44.522  -6.531 0.0000000000
53842  -40.559  -44.616  -6.529 0.0000000000
53843  -41.348  -44.765  -6.518 0.0000000000
53844  -45.838  -46.798  -7.127 0.0000000000
53845  -46.112  -46.841  -6.696 0.0000000000
53853  -40.086  -44.578  -6.937 0.0000000000
53854  -40.589  -44.829  -7.058 0.0000000000
53855  -41.227  -44.897  -7.026 0.0000000000
53856  -45.443  -46.507  -7.983 0.0000000000
53863  -40.889  -44.964  -7.377 0.0000000000
53864  -41.087  -44.952  -7.242 0.0000000000
53865  -45.181  -46.367  -8.577 0.0000000000
53881  -45.108  -46.492  -8.840 0.0000000000
53895  -44.909  -46.144  -9.183 0.0000000000
53896  -50.858  -46.538  -8.390 0.0000000000
53907  -44.051  -45.313  -10.052 0.0000000000
53908  -44.746  -45.890  -9.651 0.0000000000
53909  -45.491  -46.516  -9.622 0.0000000000
53910  -46.264  -46.765  -9.487 0.0000000000
53911  -47.012  -46.916  -9.315 0.0000000000
53912  -47.709  -46.804  -9.377 0.0000000000
53913  -48.585  -46.662  -9.392 0.0000000000
53914  -49.421  -46.394  -9.303 0.0000000000
53915  -50.275  -46.071  -9.164 0.0000000000
53916  -51.206  -46.014  -8.847 0.0000000000
53926  -43.901  -45.149  -10.235 0.0000000000
53927  -44.330  -45.402  -10.308 0.0000000000
53928  -45.012  -45.828  -10.290 0.0000000000
53929  -45.793  -46.131  -10.071 0.0000000000
53930  -46.772  -46.261  -9.741 0.0000000000
53931  -47.740  -46.106  -9.760 0.0000000000
53932  -48.623  -45.912  -9.710 0.0000000000
53933  -49.449  -45.682  -9.602 0.0000000000
53934  -50.072  -45.471  -9.569 0.0000000000
54820  -49.961  -47.098  4.935 0.0000000000
54834  -47.832  -47.644  3.944 0.0000000000
54835  -48.328  -47.372  4.052 0.0000000000
54836  -49.127  -47.037  4.367 0.0000000000
54837  -49.851  -46.740  4.612 0.0000000000
54850  -47.659  -47.467  3.624 0.0000000000
54851  -48.284  -47.061  3.657 0.0000000000
54862  -46.082  -47.930  2.267 0.0000000000
54863  -46.367  -47.724  2.327 0.0000000000
54864  -47.066  -47.480  2.910 0.0000000000
54870  -45.930  -47.829  1.970 0.0000000000
54871  -46.247  -47.392  1.593 0.0000000000
54878  -45.721  -47.635  1.246 0.0000000000
54879  -46.138  -47.126  0.752 0.0000000000
54885  -45.615  -47.666  -0.033 0.0000000000
54886  -45.700  -47.464  0.185 0.0000000000
54887  -46.193  -46.908  -0.026 0.0000000000
54893  -36.641  -45.207  -1.638 0.0000000000
54894  -36.864  -45.307  -1.643 0.0000000000
54895  -37.253  -45.335  -1.698 0.0000000000
54896  -45.666  -47.588  -0.499 0.0000000000
54897  -45.836  -47.133  -1.025 0.0000000000
54898  -46.078  -46.842  -1.607 0.0000000000
54902  -36.316  -45.233  -1.912 0.0000000000
54903  -36.547  -45.315  -1.850 0.0000000000
54904  -37.026  -45.627  -2.113 0.0000000000
54905  -37.640  -45.495  -2.150 0.0000000000
54906  -38.234  -45.328  -2.537 0.0000000000
54907  -45.637  -47.443  -1.453 0.0000000000
54908  -45.892  -47.063  -1.969 0.0000000000
54909  -46.514  -46.902  -2.362 0.0000000000
54914  -36.254  -45.294  -2.204 0.0000000000
54915  -36.606  -45.584  -2.542 0.0000000000
54916  -37.111  -45.795  -2.796 0.0000000000
54917  -37.720  -45.659  -2.898 0.0000000000
54918  -38.614  -45.140  -3.377 0.0000000000
54919  -39.153  -44.513  -4.087 0.0000000000
54920  -45.674  -47.405  -2.349 0.0000000000
54921  -46.277  -47.273  -3.102 0.0000000000
54922  -47.300  -46.909  -3.695 0.0000000000
54925  -36.133  -45.404  -2.940 0.0000000000
54926  -36.668  -45.788  -3.340 0.0000000000
54927  -37.306  -45.883  -3.644 0.0000000000
54928  -38.121  -45.553  -4.030 0.0000000000
54929  -38.970  -44.804  -4.636 0.0000000000
54930  -39.828  -44.221  -5.008 0.0000000000
54931  -40.718  -44.032  -5.557 0.0000000000
54932  -41.800  -44.276  -5.609 0.0000000000
54933  -42.655  -44.292  -5.583 0.0000000000
54934  -46.880  -47.157  -4.478 0.0000000000
54935  -47.640  -46.296  -5.368 0.0000000000
54938  -36.284  -45.551  -3.892 0.0000000000
54939  -36.800  -45.874  -4.256 0.0000000000
54940  -37.510  -45.735  -4.651 0.0000000000
54941  -38.472  -45.241  -5.202 0.0000000000
54942  -39.197  -44.683  -5.420 0.0000000000
54943  -40.493  -44.212  -5.629 0.0000000000
54944  -41.354  -44.437  -5.864 0.0000000000
54945  -42.680  -44.447  -6.019 0.0000000000
54946  -43.102  -44.213  -5.763 0.0000000000
54947  -46.909  -46.579  -5.898 0.0000000000
54948  -47.225  -45.302  -6.710 0.0000000000
54954  -36.384  -45.613  -4.795 0.0000000000
54955  -36.924  -45.772  -5.200 0.0000000000
54956  -37.660  -45.456  -5.663 0.0000000000
54957  -38.591  -44.919  -6.153 0.0000000000
54958  -39.173  -44.552  -6.555 0.0000000000
54959  -42.025  -44.685  -6.359 0.0000000000
54960  -42.925  -44.197  -6.805 0.0000000000
54961  -45.951  -45.853  -7.671 0.0000000000
54962  -46.359  -45.707  -7.367 0.0000000000
54963  -46.700  -44.935  -7.311 0.0000000000
54970  -36.541  -45.560  -5.523 0.0000000000
54971  -36.999  -45.542  -6.203 0.0000000000
54972  -37.863  -45.174  -6.516 0.0000000000
54973  -38.748  -44.624  -6.811 0.0000000000
54974  -39.666  -44.531  -7.005 0.0000000000
54975  -40.202  -44.668  -7.137 0.0000000000
54976  -42.248  -44.452  -7.195 0.0000000000
54977  -43.983  -44.144  -7.946 0.0000000000
54978  -45.606  -45.191  -8.174 0.0000000000
54979  -45.944  -45.078  -7.931 0.0000000000
54986  -37.010  -45.327  -6.750 0.0000000000
54987  -37.400  -45.174  -6.873 0.0000000000
54988  -38.153  -44.780  -7.130 0.0000000000
54989  -39.259  -44.415  -7.509 0.0000000000
54990  -40.448  -44.805  -7.544 0.0000000000
54991  -41.531  -44.635  -7.680 0.0000000000
54992  -43.275  -44.244  -8.481 0.0000000000
54993  -44.935  -45.011  -8.830 0.0000000000
55003  -39.610  -44.424  -8.124 0.0000000000
55004  -40.226  -44.655  -8.196 0.0000000000
55005  -41.134  -44.646  -8.238 0.0000000000
55006  -42.638  -44.389  -8.837 0.0000000000
55007  -44.467  -45.174  -9.208 0.0000000000
55022  -39.791  -44.417  -8.357 0.0000000000
55023  -39.993  -44.546  -8.324 0.0000000000
55024  -43.172  -44.541  -9.513 0.0000000000
55025  -44.088  -45.086  -9.533 0.0000000000
55037  -43.496  -44.789  -10.029 0.0000000000
55038  -43.907  -45.140  -9.841 0.0000000000
55039  -50.766  -45.515  -9.392 0.0000000000
55053  -43.837  -44.902  -10.465 0.0000000000
55054  -44.507  -45.157  -10.964 0.0000000000
55055  -45.352  -45.572  -10.770 0.0000000000
55056  -46.152  -45.664  -10.426 0.0000000000
55057  -46.982  -45.500  -10.045 0.0000000000
55058  -47.777  -45.184  -10.017 0.0000000000
55059  -48.744  -45.180  -9.910 0.0000000000
55060  -49.562  -45.074  -9.860 0.0000000000
55061  -50.340  -45.028  -9.821 0.0000000000
55072  -44.696  -44.835  -11.419 0.0000000000
55073  -45.085  -45.108  -11.364 0.0000000000
55074  -45.767  -45.179  -11.103 0.0000000000
55075  -46.583  -45.116  -10.685 0.0000000000
55076  -47.150  -45.070  -10.303 0.0000000000
55959  -48.887  -46.834  3.906 0.0000000000
55960  -49.726  -46.442  4.120 0.0000000000
55977  -47.999  -46.969  3.095 0.0000000000
55978  -48.740  -46.760  3.301 0.0000000000
55979  -49.394  -46.544  3.446 0.0000000000
55991  -46.945  -47.189  1.958 0.0000000000
55992  -47.753  -46.823  2.266 0.0000000000
55993  -48.843  -46.594  2.429 0.0000000000
55994  -49.214  -46.609  2.946 0.0000000000
56003  -46.843  -46.878  1.092 0.0000000000
56004  -47.612  -46.699  1.383 0.0000000000
56005  -48.468  -46.554  1.460 0.0000000000
56012  -37.208  -44.054  -0.252 0.0000000000
56013  -37.629  -43.928  -0.310 0.0000000000
56014  -37.922  -43.844  -0.368 0.0000000000
56015  -46.805  -46.681  0.187 0.0000000000
56016  -47.742  -46.489  0.406 0.0000000000
56017  -48.188  -46.509  0.885 0.0000000000
56022  -36.509  -44.431  -0.722 0.0000000000
56023  -36.884  -44.476  -0.580 0.0000000000
56024  -37.445  -44.507  -0.714 0.0000000000
56025  -38.104  -44.248  -0.759 0.0000000000
56026  -38.546  -44.171  -1.058 0.0000000000
56027  -46.099  -46.895  -0.698 0.0000000000
56028  -46.768  -46.623  -0.717 0.0000000000
56029  -47.626  -46.383  -0.614 0.0000000000
56034  -36.306  -44.490  -1.030 0.0000000000
56035  -36.595  -44.955  -1.344 0.0000000000
56036  -37.116  -44.983  -1.211 0.0000000000
56037  -37.752  -44.951  -1.407 0.0000000000
56038  -38.528  -44.562  -1.538 0.0000000000
56039  -39.140  -44.271  -1.935 0.0000000000
56040  -46.078  -46.850  -1.197 0.0000000000
56041  -46.572  -46.669  -1.550 0.0000000000
56042  -47.682  -46.374  -1.779 0.0000000000
56045  -36.216  -44.943  -1.662 0.0000000000
56046  -36.439  -45.115  -1.635 0.0000000000
56047  -38.231  -45.141  -1.960 0.0000000000
56048  -38.798  -44.776  -2.474 0.0000000000
56049  -39.410  -44.065  -2.843 0.0000000000
56050  -39.654  -43.534  -3.664 0.0000000000
56051  -47.364  -46.615  -2.641 0.0000000000
56052  -48.401  -46.382  -3.089 0.0000000000
56056  -35.954  -45.002  -2.280 0.0000000000
56057  -39.109  -44.531  -3.342 0.0000000000
56058  -39.571  -43.968  -4.130 0.0000000000
56059  -40.287  -43.430  -4.740 0.0000000000
56060  -41.443  -43.436  -5.503 0.0000000000
56061  -42.630  -43.707  -5.349 0.0000000000
56062  -48.025  -46.628  -3.606 0.0000000000
56066  -35.835  -44.980  -2.833 0.0000000000
56067  -40.232  -43.854  -5.016 0.0000000000
56068  -40.994  -43.726  -5.543 0.0000000000
56069  -42.180  -44.040  -5.453 0.0000000000
56070  -43.304  -43.903  -5.500 0.0000000000
56071  -44.145  -43.447  -5.935 0.0000000000
56072  -48.099  -46.458  -4.470 0.0000000000
56077  -35.906  -45.108  -3.540 0.0000000000
56078  -43.319  -44.082  -6.640 0.0000000000
56079  -43.807  -43.712  -6.490 0.0000000000
56080  -44.680  -43.353  -6.472 0.0000000000
56085  -35.977  -45.194  -4.455 0.0000000000
56086  -43.770  -43.797  -7.251 0.0000000000
56087  -44.455  -43.676  -7.394 0.0000000000
56088  -46.311  -44.605  -7.566 0.0000000000
56096  -36.082  -45.229  -5.401 0.0000000000
56097  -36.447  -45.375  -5.989 0.0000000000
56098  -44.291  -43.842  -7.686 0.0000000000
56099  -44.938  -44.051  -7.911 0.0000000000
56100  -45.782  -44.494  -7.912 0.0000000000
56106  -36.168  -45.059  -6.095 0.0000000000
56107  -36.651  -45.110  -6.662 0.0000000000
56108  -37.128  -45.071  -7.127 0.0000000000
56109  -37.700  -44.823  -7.364 0.0000000000
56110  -38.370  -44.510  -7.531 0.0000000000
56116  -36.901  -44.809  -7.303 0.0000000000
56117  -37.387  -44.611  -7.596 0.0000000000
56118  -38.059  -44.438  -7.751 0.0000000000
56119  -38.857  -44.249  -7.872 0.0000000000
56120  -40.389  -44.586  -8.429 0.0000000000
56121  -40.732  -44.593  -8.519 0.0000000000
56122  -41.474  -44.455  -8.704 0.0000000000
56132  -37.797  -44.230  -7.927 0.0000000000
56133  -38.452  -44.053  -8.167 0.0000000000
56134  -39.363  -44.181  -8.339 0.0000000000
56135  -40.180  -44.428  -8.581 0.0000000000
56136  -41.045  -44.372  -8.936 0.0000000000
56137  -42.053  -44.274  -9.153 0.0000000000
56148  -38.941  -43.838  -8.494 0.0000000000
56149  -39.592  -43.916  -8.782 0.0000000000
56150  -40.485  -43.996  -9.114 0.0000000000
56151  -41.513  -44.006  -9.404 0.0000000000
56152  -42.582  -44.213  -9.659 0.0000000000
56165  -42.116  -43.853  -9.749 0.0000000000
56166  -42.994  -44.123  -10.259 0.0000000000
56167  -43.824  -44.499  -10.830 0.0000000000
56168  -47.747  -44.827  -10.286 0.0000000000
56169  -48.149  -44.753  -10.272 0.0000000000
56170  -48.980  -44.629  -10.240 0.0000000000
56171  -49.847  -44.596  -10.279 0.0000000000
56172  -50.687  -44.554  -10.214 0.0000000000
56184  -43.434  -43.860  -10.880 0.0000000000
56185  -44.274  -44.258  -11.431 0.0000000000
56186  -44.916  -44.621  -11.703 0.0000000000
56187  -45.477  -44.721  -11.585 0.0000000000
56188  -46.210  -44.557  -11.437 0.0000000000
56189  -47.360  -44.624  -10.745 0.0000000000
56190  -48.329  -44.213  -10.710 0.0000000000
56191  -49.248  -44.036  -10.590 0.0000000000
56192  -50.171  -44.031  -10.599 0.0000000000
56203  -44.497  -43.894  -11.810 0.0000000000
56204  -44.804  -44.098  -11.919 0.0000000000
56205  -45.329  -44.263  -11.908 0.0000000000
56206  -45.729  -44.381  -11.772 0.0000000000
57103  -36.567  -43.172  0.614 0.0000000000
57104  -36.878  -43.080  0.794 0.0000000000
57105  -37.259  -42.769  0.857 0.0000000000
57106  -37.672  -42.211  0.964 0.0000000000
57107  -38.302  -42.002  0.843 0.0000000000
57108  -38.641  -41.817  0.731 0.0000000000
57117  -36.167  -43.211  0.167 0.0000000000
57118  -36.458  -43.507  0.150 0.0000000000
57119  -36.847  -43.713  0.104 0.0000000000
57120  -37.306  -43.530  0.239 0.0000000000
57121  -37.929  -43.406  0.115 0.0000000000
57122  -38.423  -42.815  0.191 0.0000000000
57123  -38.764  -42.264  0.225 0.0000000000
57124  -48.413  -46.203  -0.506 0.0000000000
57133  -36.132  -43.390  -0.304 0.0000000000
57134  -36.312  -43.890  -0.439 0.0000000000
57135  -36.604  -44.026  -0.306 0.0000000000
57136  -38.150  -43.789  -0.448 0.0000000000
57137  -38.587  -43.655  -0.675 0.0000000000
57138  -38.896  -42.857  -0.619 0.0000000000
57144  -36.086  -43.379  -0.552 0.0000000000
57145  -36.069  -43.984  -0.979 0.0000000000
57146  -38.910  -44.069  -1.360 0.0000000000
57147  -39.313  -43.361  -1.893 0.0000000000
57148  -39.605  -42.672  -2.599 0.0000000000
57154  -36.021  -44.463  -1.758 0.0000000000
57155  -39.598  -43.502  -2.966 0.0000000000
57156  -39.944  -42.966  -3.603 0.0000000000
57166  -35.929  -44.436  -2.343 0.0000000000
57167  -40.833  -42.886  -5.139 0.0000000000
57176  -35.846  -44.498  -3.120 0.0000000000
57185  -35.894  -44.577  -4.028 0.0000000000
57186  -44.891  -43.494  -7.111 0.0000000000
57193  -35.858  -44.657  -4.980 0.0000000000
57194  -45.147  -43.819  -7.613 0.0000000000
57195  -45.797  -43.850  -7.487 0.0000000000
57203  -35.913  -44.635  -5.825 0.0000000000
57204  -45.298  -44.065  -7.871 0.0000000000
57205  -45.519  -44.004  -7.773 0.0000000000
57213  -36.217  -44.560  -6.525 0.0000000000
57214  -36.553  -44.533  -7.183 0.0000000000
57222  -36.968  -44.258  -7.759 0.0000000000
57223  -37.458  -44.228  -7.866 0.0000000000
57232  -37.060  -43.732  -8.043 0.0000000000
57233  -37.728  -43.724  -8.304 0.0000000000
57234  -38.455  -43.762  -8.470 0.0000000000
57242  -38.114  -43.223  -8.735 0.0000000000
57243  -38.772  -43.417  -8.800 0.0000000000
57244  -39.834  -43.364  -9.150 0.0000000000
57245  -40.851  -43.440  -9.578 0.0000000000
57246  -41.566  -43.684  -9.672 0.0000000000
57256  -41.075  -43.083  -9.834 0.0000000000
57257  -41.792  -43.367  -9.983 0.0000000000
57258  -42.660  -43.389  -10.523 0.0000000000
57272  -43.087  -43.305  -10.917 0.0000000000
57273  -43.607  -43.466  -11.275 0.0000000000
57274  -46.278  -44.193  -11.707 0.0000000000
57275  -46.702  -44.080  -11.581 0.0000000000
57276  -47.639  -43.730  -11.409 0.0000000000
57277  -48.620  -43.546  -11.105 0.0000000000
57278  -49.558  -43.407  -10.960 0.0000000000
57279  -50.547  -43.405  -10.853 0.0000000000
57293  -44.193  -43.503  -11.673 0.0000000000
57294  -44.688  -43.568  -12.032 0.0000000000
57295  -45.207  -43.731  -12.234 0.0000000000
57296  -45.990  -43.900  -12.057 0.0000000000
57297  -46.844  -43.401  -12.038 0.0000000000
57298  -47.526  -43.049  -11.954 0.0000000000
58351  -36.635  -42.202  3.031 0.0000000000
58352  -37.276  -42.198  3.224 0.0000000000
58353  -37.873  -42.124  3.398 0.0000000000
58354  -38.106  -42.041  3.489 0.0000000000
58369  -36.475  -42.358  2.293 0.0000000000
58370  -37.036  -42.398  2.532 0.0000000000
58371  -37.604  -42.326  2.759 0.0000000000
58372  -38.190  -42.163  2.963 0.0000000000
58373  -38.721  -41.795  2.507 0.0000000000
58374  -39.083  -41.606  2.227 0.0000000000
58387  -35.803  -42.430  1.334 0.0000000000
58388  -36.390  -42.635  1.335 0.0000000000
58389  -36.883  -42.565  1.611 0.0000000000
58390  -37.338  -42.406  1.862 0.0000000000
58391  -37.775  -42.208  2.174 0.0000000000
58392  -38.223  -42.045  1.879 0.0000000000
58393  -38.761  -41.669  1.478 0.0000000000
58401  -35.870  -42.619  0.675 0.0000000000
58402  -36.207  -42.928  0.714 0.0000000000
58403  -38.994  -41.611  0.501 0.0000000000
58404  -39.190  -41.177  0.265 0.0000000000
58410  -35.974  -42.874  0.153 0.0000000000
58411  -39.076  -42.180  -0.533 0.0000000000
58412  -39.210  -41.456  -0.482 0.0000000000
58417  -35.977  -42.896  -0.219 0.0000000000
58418  -36.018  -43.146  -0.749 0.0000000000
58419  -39.182  -42.653  -1.167 0.0000000000
58420  -39.370  -42.067  -1.742 0.0000000000
58426  -36.037  -43.610  -1.557 0.0000000000
58427  -39.785  -42.076  -3.276 0.0000000000
58437  -36.059  -43.682  -2.510 0.0000000000
58446  -36.080  -43.817  -3.489 0.0000000000
58453  -36.052  -43.994  -4.519 0.0000000000
58459  -35.954  -44.061  -5.502 0.0000000000
58464  -35.967  -43.991  -6.325 0.0000000000
58471  -36.309  -43.884  -7.130 0.0000000000
58472  -36.580  -44.116  -7.487 0.0000000000
58480  -36.472  -43.510  -7.467 0.0000000000
58481  -36.693  -43.613  -7.719 0.0000000000
58489  -37.069  -43.172  -8.259 0.0000000000
58490  -37.682  -42.885  -8.678 0.0000000000
58497  -38.354  -42.764  -9.054 0.0000000000
58498  -39.139  -42.794  -9.441 0.0000000000
58499  -40.027  -42.878  -9.561 0.0000000000
58500  -40.612  -42.917  -9.822 0.0000000000
58508  -39.544  -42.487  -9.740 0.0000000000
58509  -40.114  -42.497  -10.004 0.0000000000
58510  -41.021  -42.654  -10.113 0.0000000000
58511  -41.945  -42.738  -10.381 0.0000000000
58512  -42.607  -42.841  -10.760 0.0000000000
58523  -43.063  -42.851  -11.089 0.0000000000
58524  -43.638  -42.802  -11.424 0.0000000000
58525  -48.128  -43.110  -11.627 0.0000000000
58526  -48.880  -42.882  -11.513 0.0000000000
58527  -49.905  -42.703  -11.376 0.0000000000
58538  -44.407  -42.813  -11.877 0.0000000000
58539  -44.988  -43.123  -12.385 0.0000000000
58540  -45.593  -43.167  -12.576 0.0000000000
58541  -46.307  -43.002  -12.635 0.0000000000
58542  -47.109  -42.733  -12.579 0.0000000000
58543  -48.083  -42.472  -12.281 0.0000000000
58544  -49.083  -42.220  -11.923 0.0000000000
58545  -49.835  -42.046  -11.785 0.0000000000
58555  -44.865  -42.562  -12.310 0.0000000000
58556  -45.313  -42.587  -12.649 0.0000000000
58557  -45.922  -42.478  -12.976 0.0000000000
58558  -46.657  -42.310  -13.097 0.0000000000
58559  -47.438  -42.153  -13.076 0.0000000000
58560  -48.090  -41.913  -12.948 0.0000000000
59570  -36.988  -41.361  3.648 0.0000000000
59571  -37.319  -41.379  3.740 0.0000000000
59572  -37.839  -41.371  3.937 0.0000000000
59589  -36.317  -41.770  3.223 0.0000000000
59590  -36.874  -41.679  3.511 0.0000000000
59591  -37.595  -41.767  3.662 0.0000000000
59592  -38.301  -41.595  3.784 0.0000000000
59593  -39.214  -41.211  3.877 0.0000000000
59594  -39.965  -40.811  3.691 0.0000000000
59595  -40.401  -40.525  3.624 0.0000000000
59618  -35.599  -41.734  2.517 0.0000000000
59619  -36.076  -42.082  2.795 0.0000000000
59620  -38.312  -41.906  3.446 0.0000000000
59621  -38.677  -41.708  3.325 0.0000000000
59622  -39.420  -41.331  2.930 0.0000000000
59623  -40.212  -40.719  3.176 0.0000000000
59637  -35.379  -41.941  1.852 0.0000000000
59638  -35.905  -42.246  2.082 0.0000000000
59639  -39.345  -41.387  1.890 0.0000000000
59640  -39.928  -40.881  2.297 0.0000000000
59647  -35.358  -42.049  1.147 0.0000000000
59648  -39.140  -41.423  1.254 0.0000000000
59649  -39.466  -40.938  1.090 0.0000000000
59656  -35.641  -42.211  0.377 0.0000000000
59657  -39.350  -40.715  -0.079 0.0000000000
59663  -35.838  -42.321  -0.290 0.0000000000
59664  -36.018  -42.512  -0.968 0.0000000000
59665  -39.401  -40.882  -1.320 0.0000000000
59672  -36.300  -42.626  -1.784 0.0000000000
59682  -36.513  -42.758  -2.830 0.0000000000
59690  -36.609  -43.065  -3.946 0.0000000000
59696  -36.559  -43.428  -5.052 0.0000000000
59699  -36.224  -43.444  -6.048 0.0000000000
59702  -36.230  -43.357  -6.770 0.0000000000
59706  -36.447  -43.203  -7.361 0.0000000000
59707  -36.581  -42.770  -7.445 0.0000000000
59712  -36.560  -43.275  -7.615 0.0000000000
59713  -36.733  -42.770  -7.878 0.0000000000
59719  -37.251  -42.292  -8.567 0.0000000000
59720  -37.835  -42.157  -9.100 0.0000000000
59727  -38.561  -42.024  -9.532 0.0000000000
59728  -39.140  -42.320  -9.683 0.0000000000
59735  -38.722  -41.463  -9.775 0.0000000000
59736  -39.380  -41.804  -9.892 0.0000000000
59737  -40.358  -41.866  -10.247 0.0000000000
59738  -41.288  -42.041  -10.469 0.0000000000
59739  -42.181  -42.125  -10.663 0.0000000000
59740  -42.676  -42.484  -10.885 0.0000000000
59750  -42.304  -41.726  -10.784 0.0000000000
59751  -42.845  -42.040  -11.020 0.0000000000
59752  -43.720  -41.985  -11.461 0.0000000000
59753  -50.465  -42.227  -11.526 0.0000000000
59765  -44.526  -41.926  -11.917 0.0000000000
59766  -44.968  -41.615  -12.282 0.0000000000
59767  -48.614  -41.895  -12.520 0.0000000000
59768  -49.346  -41.547  -12.288 0.0000000000
59769  -50.388  -41.535  -11.826 0.0000000000
59775  -45.042  -42.134  -12.438 0.0000000000
59776  -45.475  -41.828  -12.800 0.0000000000
59777  -46.296  -41.710  -13.295 0.0000000000
59778  -47.030  -41.786  -13.449 0.0000000000
59779  -47.761  -41.530  -13.360 0.0000000000
59780  -48.552  -41.350  -13.000 0.0000000000
59781  -49.210  -40.957  -12.740 0.0000000000
59786  -46.825  -41.361  -13.441 0.0000000000
59787  -47.273  -41.270  -13.494 0.0000000000
59788  -47.732  -41.050  -13.590 0.0000000000
60741  -36.584  -41.117  3.580 0.0000000000
60742  -36.900  -41.118  3.698 0.0000000000
60743  -37.601  -41.058  3.952 0.0000000000
60744  -38.352  -41.000  4.154 0.0000000000
60745  -39.055  -40.673  4.366 0.0000000000
60746  -39.645  -40.436  4.288 0.0000000000
60747  -40.203  -40.256  4.159 0.0000000000
60758  -35.782  -40.992  3.131 0.0000000000
60759  -36.255  -41.164  3.399 0.0000000000
60760  -36.755  -41.314  3.578 0.0000000000
60761  -38.836  -41.041  4.165 0.0000000000
60762  -39.308  -40.817  4.252 0.0000000000
60763  -39.836  -40.659  4.111 0.0000000000
60764  -40.595  -40.250  3.846 0.0000000000
60765  -41.290  -39.853  3.471 0.0000000000
60783  -35.292  -40.792  2.390 0.0000000000
60784  -35.506  -41.021  2.748 0.0000000000
60785  -35.887  -41.571  3.038 0.0000000000
60786  -40.804  -40.289  3.410 0.0000000000
60787  -41.507  -39.950  3.080 0.0000000000
60801  -35.108  -40.826  2.191 0.0000000000
60802  -35.163  -41.324  2.164 0.0000000000
60803  -40.691  -40.342  2.734 0.0000000000
60804  -41.258  -39.789  2.325 0.0000000000
60813  -34.772  -40.918  1.775 0.0000000000
60814  -34.930  -41.480  1.558 0.0000000000
60815  -40.367  -40.323  1.776 0.0000000000
60816  -40.863  -39.626  1.341 0.0000000000
60824  -34.602  -40.974  1.312 0.0000000000
60825  -34.888  -41.394  0.868 0.0000000000
60826  -39.945  -40.134  0.641 0.0000000000
60834  -35.270  -41.413  0.132 0.0000000000
60835  -35.734  -41.741  -0.497 0.0000000000
60845  -35.344  -40.946  -0.451 0.0000000000
60846  -36.022  -41.473  -1.116 0.0000000000
60856  -36.502  -41.558  -2.113 0.0000000000
60864  -36.843  -41.598  -3.378 0.0000000000
60865  -37.136  -40.935  -3.692 0.0000000000
60871  -36.988  -42.367  -4.567 0.0000000000
60872  -37.282  -41.331  -4.245 0.0000000000
60875  -37.025  -42.843  -5.636 0.0000000000
60876  -37.350  -41.799  -5.205 0.0000000000
60879  -36.569  -42.841  -6.588 0.0000000000
60880  -37.395  -42.237  -6.210 0.0000000000
60884  -36.449  -42.855  -7.116 0.0000000000
60885  -36.907  -42.267  -7.362 0.0000000000
60890  -37.174  -41.794  -8.376 0.0000000000
60895  -37.661  -41.392  -9.140 0.0000000000
60896  -37.968  -41.657  -9.417 0.0000000000
60902  -37.874  -40.930  -9.592 0.0000000000
60903  -38.161  -41.144  -9.746 0.0000000000
60909  -38.886  -40.897  -10.014 0.0000000000
60910  -39.715  -40.724  -10.331 0.0000000000
60911  -40.732  -41.203  -10.456 0.0000000000
60912  -41.586  -41.471  -10.620 0.0000000000
60913  -42.054  -41.612  -10.703 0.0000000000
60919  -39.764  -40.160  -10.801 0.0000000000
60920  -40.309  -40.344  -10.584 0.0000000000
60921  -41.154  -40.643  -10.550 0.0000000000
60922  -42.119  -41.104  -10.751 0.0000000000
60923  -43.079  -41.129  -10.968 0.0000000000
60924  -43.862  -41.129  -11.420 0.0000000000
60935  -44.534  -41.052  -11.855 0.0000000000
60936  -45.172  -41.070  -12.325 0.0000000000
60937  -49.899  -40.907  -12.294 0.0000000000
60945  -45.794  -41.037  -12.849 0.0000000000
60946  -46.596  -40.846  -13.216 0.0000000000
60947  -46.989  -40.444  -13.147 0.0000000000
60948  -48.206  -40.980  -13.477 0.0000000000
60949  -48.783  -40.573  -13.250 0.0000000000
60950  -49.548  -40.391  -12.784 0.0000000000
60957  -46.984  -41.054  -13.492 0.0000000000
60958  -47.341  -40.704  -13.426 0.0000000000
60959  -48.009  -40.622  -13.533 0.0000000000
60960  -48.368  -40.584  -13.452 0.0000000000
61877  -36.633  -40.901  3.578 0.0000000000
61878  -37.169  -40.656  3.676 0.0000000000
61879  -38.006  -40.630  3.963 0.0000000000
61880  -38.750  -40.422  4.278 0.0000000000
61881  -39.440  -40.159  4.352 0.0000000000
61882  -40.139  -39.962  4.214 0.0000000000
61883  -40.750  -39.823  3.966 0.0000000000
61890  -35.830  -40.759  2.899 0.0000000000
61891  -36.335  -40.677  3.289 0.0000000000
61892  -36.724  -40.635  3.461 0.0000000000
61893  -41.391  -39.596  3.648 0.0000000000
61894  -42.244  -39.376  3.297 0.0000000000
61895  -42.952  -39.049  3.220 0.0000000000
61904  -35.242  -40.532  2.171 0.0000000000
61905  -35.525  -40.669  2.542 0.0000000000
61906  -42.249  -39.548  2.657 0.0000000000
61907  -42.972  -39.229  2.843 0.0000000000
61921  -34.725  -40.404  1.756 0.0000000000
61934  -34.487  -40.508  1.390 0.0000000000
61947  -34.353  -40.466  0.784 0.0000000000
61948  -34.691  -40.952  0.490 0.0000000000
61957  -34.123  -39.999  0.261 0.0000000000
61958  -34.593  -40.426  0.023 0.0000000000
61968  -34.916  -40.250  -0.577 0.0000000000
61969  -35.489  -40.427  -0.957 0.0000000000
61981  -36.114  -40.534  -1.530 0.0000000000
61990  -36.528  -40.454  -2.413 0.0000000000
61991  -36.915  -40.369  -3.273 0.0000000000
61996  -37.453  -40.448  -3.939 0.0000000000
61998  -37.747  -40.780  -4.820 0.0000000000
61999  -38.097  -40.588  -5.376 0.0000000000
62002  -37.817  -41.307  -5.716 0.0000000000
62003  -38.288  -40.725  -6.070 0.0000000000
62006  -37.971  -41.636  -6.699 0.0000000000
62007  -38.563  -40.945  -6.989 0.0000000000
62012  -37.773  -41.328  -7.891 0.0000000000
62013  -38.720  -40.812  -7.732 0.0000000000
62019  -37.645  -40.970  -8.875 0.0000000000
62026  -37.869  -40.706  -9.477 0.0000000000
62027  -38.200  -40.552  -9.791 0.0000000000
62035  -38.491  -40.371  -10.172 0.0000000000
62036  -38.891  -40.157  -10.709 0.0000000000
62044  -39.354  -39.860  -11.061 0.0000000000
62045  -39.905  -39.766  -11.144 0.0000000000
62046  -40.643  -39.754  -10.753 0.0000000000
62047  -41.501  -39.991  -10.576 0.0000000000
62048  -42.455  -40.081  -10.653 0.0000000000
62049  -43.359  -40.360  -10.913 0.0000000000
62061  -41.049  -39.400  -10.870 0.0000000000
62062  -41.623  -39.281  -10.789 0.0000000000
62063  -42.297  -39.194  -10.736 0.0000000000
62064  -44.018  -40.343  -11.234 0.0000000000
62065  -44.825  -40.296  -11.551 0.0000000000
62066  -45.459  -39.968  -11.764 0.0000000000
62074  -45.461  -40.549  -12.229 0.0000000000
62075  -46.049  -40.226  -12.427 0.0000000000
62076  -46.735  -40.114  -12.788 0.0000000000
62077  -48.825  -40.211  -13.371 0.0000000000
62078  -49.153  -39.907  -13.283 0.0000000000
62079  -50.018  -39.723  -12.807 0.0000000000
62087  -47.300  -40.035  -13.031 0.0000000000
62088  -47.854  -40.129  -13.380 0.0000000000
62089  -48.526  -40.088  -13.436 0.0000000000
62090  -48.867  -39.707  -13.426 0.0000000000
62991  -37.189  -40.361  3.488 0.0000000000
62992  -37.608  -40.190  3.518 0.0000000000
62993  -38.393  -40.049  3.893 0.0000000000
62994  -39.137  -39.768  4.138 0.0000000000
62995  -39.951  -39.541  4.101 0.0000000000
62996  -40.843  -39.350  3.887 0.0000000000
62997  -41.669  -38.955  3.730 0.0000000000
63015  -35.789  -40.506  2.669 0.0000000000
63016  -36.053  -40.400  2.743 0.0000000000
63017  -36.815  -40.188  3.093 0.0000000000
63018  -37.607  -39.637  2.693 0.0000000000
63019  -41.355  -39.343  3.741 0.0000000000
63020  -42.153  -38.951  3.604 0.0000000000
63021  -42.972  -38.706  3.437 0.0000000000
63022  -43.471  -38.297  3.247 0.0000000000
63029  -35.186  -40.236  2.036 0.0000000000
63030  -35.550  -40.298  2.246 0.0000000000
63031  -36.167  -39.793  1.912 0.0000000000
63032  -36.987  -39.641  1.977 0.0000000000
63033  -37.417  -39.321  1.885 0.0000000000
63034  -43.361  -38.798  3.057 0.0000000000
63047  -34.815  -39.832  1.702 0.0000000000
63048  -35.324  -39.506  1.677 0.0000000000
63049  -35.693  -39.205  1.515 0.0000000000
63065  -33.755  -38.990  0.512 0.0000000000
63066  -34.226  -39.794  1.120 0.0000000000
63083  -33.540  -38.874  -0.037 0.0000000000
63084  -33.925  -39.585  0.430 0.0000000000
63096  -33.555  -38.628  -0.643 0.0000000000
63097  -33.974  -39.506  -0.303 0.0000000000
63098  -34.520  -39.927  -0.473 0.0000000000
63109  -33.532  -38.455  -0.993 0.0000000000
63110  -33.855  -38.841  -0.945 0.0000000000
63111  -34.861  -39.420  -1.020 0.0000000000
63112  -35.618  -39.956  -1.269 0.0000000000
63125  -35.372  -38.965  -1.492 0.0000000000
63126  -35.928  -39.453  -1.690 0.0000000000
63135  -36.636  -39.407  -2.608 0.0000000000
63136  -37.308  -39.505  -3.447 0.0000000000
63144  -38.011  -39.698  -4.388 0.0000000000
63145  -38.453  -39.278  -4.823 0.0000000000
63152  -38.101  -40.241  -4.974 0.0000000000
63153  -38.447  -39.854  -5.383 0.0000000000
63155  -38.795  -40.057  -6.373 0.0000000000
63156  -39.100  -39.530  -6.295 0.0000000000
63159  -39.082  -40.356  -7.246 0.0000000000
63160  -39.319  -39.709  -6.767 0.0000000000
63165  -38.310  -40.634  -8.474 0.0000000000
63166  -39.245  -40.355  -8.067 0.0000000000
63167  -39.498  -39.906  -7.462 0.0000000000
63174  -38.228  -40.278  -9.294 0.0000000000
63175  -38.781  -40.124  -8.775 0.0000000000
63184  -38.243  -40.218  -9.817 0.0000000000
63185  -38.384  -40.015  -10.198 0.0000000000
63194  -38.683  -39.672  -10.717 0.0000000000
63195  -38.971  -39.419  -11.281 0.0000000000
63203  -39.516  -39.149  -11.723 0.0000000000
63204  -40.194  -39.279  -11.558 0.0000000000
63205  -40.681  -39.354  -11.210 0.0000000000
63206  -43.032  -39.553  -10.793 0.0000000000
63207  -43.571  -39.870  -10.887 0.0000000000
63219  -39.671  -38.667  -12.182 0.0000000000
63220  -39.996  -38.811  -12.251 0.0000000000
63221  -40.779  -38.798  -11.669 0.0000000000
63222  -41.655  -38.556  -11.289 0.0000000000
63223  -42.619  -38.632  -10.894 0.0000000000
63224  -43.813  -39.210  -10.867 0.0000000000
63225  -45.031  -39.258  -10.999 0.0000000000
63226  -45.974  -39.326  -11.490 0.0000000000
63227  -46.626  -39.097  -11.875 0.0000000000
63235  -41.076  -38.347  -12.093 0.0000000000
63236  -41.381  -38.068  -12.071 0.0000000000
63237  -46.463  -39.639  -12.260 0.0000000000
63238  -47.067  -39.436  -12.503 0.0000000000
63239  -47.522  -39.314  -12.758 0.0000000000
63240  -47.878  -39.224  -13.029 0.0000000000
63241  -49.091  -39.376  -13.432 0.0000000000
63242  -49.643  -39.141  -13.306 0.0000000000
63250  -47.391  -39.620  -12.856 0.0000000000
63251  -47.686  -39.648  -13.104 0.0000000000
63252  -48.195  -39.507  -13.312 0.0000000000
63253  -48.688  -39.381  -13.407 0.0000000000
64173  -38.101  -39.707  3.371 0.0000000000
64174  -38.727  -39.461  3.484 0.0000000000
64175  -39.605  -39.059  3.490 0.0000000000
64176  -40.556  -38.859  3.709 0.0000000000
64177  -41.447  -38.617  3.599 0.0000000000
64178  -42.317  -38.290  3.602 0.0000000000
64179  -42.930  -37.856  3.621 0.0000000000
64198  -38.253  -39.337  2.835 0.0000000000
64199  -38.878  -38.886  2.492 0.0000000000
64200  -39.639  -38.514  2.504 0.0000000000
64201  -42.805  -38.348  3.593 0.0000000000
64202  -43.245  -37.912  3.456 0.0000000000
64226  -36.580  -39.290  1.617 0.0000000000
64227  -36.963  -38.796  1.503 0.0000000000
64228  -37.924  -38.845  1.740 0.0000000000
64229  -38.559  -38.258  1.613 0.0000000000
64247  -34.798  -38.954  1.321 0.0000000000
64248  -35.288  -38.650  1.374 0.0000000000
64249  -36.081  -38.674  1.359 0.0000000000
64250  -36.511  -38.012  1.154 0.0000000000
64266  -33.740  -38.560  0.488 0.0000000000
64267  -34.162  -38.725  0.905 0.0000000000
64284  -33.473  -38.284  0.117 0.0000000000
64302  -33.378  -38.119  -0.514 0.0000000000
64314  -33.371  -37.984  -1.073 0.0000000000
64315  -33.679  -38.295  -1.249 0.0000000000
64316  -34.187  -38.587  -1.291 0.0000000000
64327  -33.577  -37.756  -1.457 0.0000000000
64328  -33.999  -38.009  -1.606 0.0000000000
64329  -35.010  -38.259  -1.604 0.0000000000
64330  -35.617  -38.739  -1.703 0.0000000000
64341  -35.467  -37.758  -1.950 0.0000000000
64342  -36.078  -38.317  -2.054 0.0000000000
64343  -36.984  -38.466  -2.920 0.0000000000
64353  -37.781  -38.649  -3.640 0.0000000000
64354  -38.406  -38.718  -4.364 0.0000000000
64361  -38.904  -38.833  -5.199 0.0000000000
64362  -39.374  -38.458  -5.517 0.0000000000
64365  -38.903  -39.431  -5.890 0.0000000000
64366  -39.426  -38.989  -6.125 0.0000000000
64369  -39.783  -39.311  -7.111 0.0000000000
64373  -39.335  -39.889  -8.619 0.0000000000
64374  -39.846  -39.694  -8.107 0.0000000000
64381  -38.387  -39.822  -9.845 0.0000000000
64382  -39.000  -39.568  -9.433 0.0000000000
64383  -39.619  -39.591  -8.800 0.0000000000
64391  -38.394  -39.803  -10.092 0.0000000000
64392  -38.631  -39.354  -10.399 0.0000000000
64400  -38.879  -38.844  -11.345 0.0000000000
64401  -39.077  -38.967  -11.655 0.0000000000
64408  -39.178  -38.359  -11.709 0.0000000000
64409  -39.366  -38.478  -11.985 0.0000000000
64417  -39.792  -38.248  -12.492 0.0000000000
64418  -40.335  -38.141  -12.665 0.0000000000
64419  -40.744  -38.314  -12.367 0.0000000000
64420  -41.959  -37.905  -11.570 0.0000000000
64421  -42.922  -37.633  -11.225 0.0000000000
64422  -44.238  -38.027  -11.003 0.0000000000
64423  -45.397  -38.222  -10.984 0.0000000000
64424  -46.389  -38.406  -11.230 0.0000000000
64425  -47.182  -38.560  -11.995 0.0000000000
64426  -47.647  -38.342  -12.274 0.0000000000
64433  -40.490  -37.796  -12.855 0.0000000000
64434  -40.848  -37.866  -12.688 0.0000000000
64435  -41.454  -37.527  -12.458 0.0000000000
64436  -42.015  -37.265  -12.032 0.0000000000
64437  -47.372  -39.045  -12.455 0.0000000000
64438  -47.701  -38.811  -12.604 0.0000000000
64439  -48.311  -38.824  -13.095 0.0000000000
64440  -49.068  -38.680  -13.345 0.0000000000
64441  -50.035  -38.300  -13.333 0.0000000000
64446  -48.447  -39.195  -13.330 0.0000000000
64447  -48.631  -39.028  -13.349 0.0000000000
65395  -40.324  -38.406  2.965 0.0000000000
65396  -41.110  -38.224  3.236 0.0000000000
65397  -41.915  -37.658  3.222 0.0000000000
65398  -42.711  -37.392  3.391 0.0000000000
65399  -43.044  -37.240  3.307 0.0000000000
65405  -39.236  -38.183  1.727 0.0000000000
65406  -40.061  -37.850  1.748 0.0000000000
65407  -40.876  -37.841  2.520 0.0000000000
65408  -41.357  -37.783  2.936 0.0000000000
65424  -37.066  -37.647  1.043 0.0000000000
65425  -37.929  -37.569  1.159 0.0000000000
65426  -38.737  -37.510  1.072 0.0000000000
65427  -39.374  -37.614  1.255 0.0000000000
65444  -34.755  -37.818  0.938 0.0000000000
65445  -35.460  -37.716  1.135 0.0000000000
65446  -36.009  -37.665  1.152 0.0000000000
65447  -36.303  -37.153  1.070 0.0000000000
65448  -38.877  -37.227  0.884 0.0000000000
65449  -39.123  -37.234  0.901 0.0000000000
65467  -33.742  -38.132  0.474 0.0000000000
65468  -34.051  -37.426  0.593 0.0000000000
65481  -33.555  -37.537  0.193 0.0000000000
65482  -33.726  -36.917  0.289 0.0000000000
65499  -33.354  -37.484  -0.380 0.0000000000
65516  -33.252  -37.336  -1.013 0.0000000000
65531  -33.389  -37.124  -1.586 0.0000000000
65532  -33.723  -37.352  -1.837 0.0000000000
65533  -34.258  -37.557  -1.898 0.0000000000
65543  -33.536  -36.694  -2.119 0.0000000000
65544  -33.947  -36.894  -2.288 0.0000000000
65545  -34.817  -37.265  -2.179 0.0000000000
65546  -35.760  -37.264  -2.187 0.0000000000
65547  -36.569  -37.417  -2.557 0.0000000000
65561  -37.366  -37.611  -3.244 0.0000000000
65562  -38.240  -37.804  -3.790 0.0000000000
65576  -38.905  -37.993  -4.427 0.0000000000
65577  -39.348  -37.974  -5.029 0.0000000000
65580  -39.732  -38.030  -5.722 0.0000000000
65581  -40.127  -37.809  -6.193 0.0000000000
65583  -40.000  -38.503  -6.600 0.0000000000
65584  -40.382  -37.933  -6.947 0.0000000000
65587  -40.271  -38.851  -7.609 0.0000000000
65588  -40.671  -38.147  -7.995 0.0000000000
65590  -39.447  -39.187  -9.575 0.0000000000
65591  -40.083  -39.036  -9.027 0.0000000000
65592  -40.706  -38.179  -8.856 0.0000000000
65598  -39.302  -38.839  -10.090 0.0000000000
65599  -39.922  -38.547  -9.827 0.0000000000
65608  -38.975  -38.383  -10.990 0.0000000000
65609  -39.230  -37.905  -11.526 0.0000000000
65620  -39.068  -38.245  -11.505 0.0000000000
65621  -39.288  -37.895  -11.979 0.0000000000
65631  -39.613  -37.769  -12.504 0.0000000000
65632  -39.968  -37.593  -12.898 0.0000000000
65633  -43.038  -36.888  -11.566 0.0000000000
65634  -43.608  -36.980  -11.256 0.0000000000
65635  -44.593  -36.783  -11.216 0.0000000000
65636  -45.815  -37.305  -11.249 0.0000000000
65637  -46.817  -37.564  -11.320 0.0000000000
65638  -47.699  -37.674  -11.960 0.0000000000
65639  -48.161  -37.329  -12.098 0.0000000000
65648  -40.471  -37.393  -13.048 0.0000000000
65649  -41.086  -37.126  -13.164 0.0000000000
65650  -41.698  -36.845  -12.854 0.0000000000
65651  -42.447  -36.625  -12.193 0.0000000000
65652  -43.214  -36.356  -11.853 0.0000000000
65653  -43.766  -36.396  -11.500 0.0000000000
65654  -47.990  -38.297  -12.533 0.0000000000
65655  -48.544  -37.782  -12.639 0.0000000000
65656  -49.568  -37.640  -13.025 0.0000000000
65657  -50.447  -37.436  -13.081 0.0000000000
66572  -41.921  -36.788  2.765 0.0000000000
66573  -42.568  -36.686  3.031 0.0000000000
66581  -40.235  -37.144  1.104 0.0000000000
66582  -40.801  -37.199  1.616 0.0000000000
66583  -41.406  -37.302  2.542 0.0000000000
66592  -34.841  -35.518  1.374 0.0000000000
66593  -35.197  -35.735  1.323 0.0000000000
66594  -35.693  -35.890  1.135 0.0000000000
66595  -36.374  -36.289  0.986 0.0000000000
66596  -37.202  -36.478  0.923 0.0000000000
66597  -38.024  -36.605  0.906 0.0000000000
66598  -39.624  -37.123  0.884 0.0000000000
66605  -34.525  -36.355  0.913 0.0000000000
66606  -35.059  -36.639  1.060 0.0000000000
66607  -35.679  -36.771  1.071 0.0000000000
66608  -36.041  -36.531  1.051 0.0000000000
66609  -38.761  -36.840  0.745 0.0000000000
66610  -39.174  -36.899  0.693 0.0000000000
66624  -34.033  -36.383  0.554 0.0000000000
66640  -33.472  -36.883  -0.156 0.0000000000
66641  -33.720  -36.331  0.063 0.0000000000
66657  -33.281  -36.554  -0.803 0.0000000000
66658  -33.500  -36.394  -0.338 0.0000000000
66674  -33.276  -36.498  -1.555 0.0000000000
66688  -33.347  -36.201  -2.165 0.0000000000
66702  -33.573  -35.909  -2.755 0.0000000000
66703  -34.293  -36.388  -2.652 0.0000000000
66704  -35.199  -36.557  -2.471 0.0000000000
66705  -36.092  -36.376  -2.432 0.0000000000
66706  -36.881  -36.616  -2.882 0.0000000000
66715  -33.513  -35.379  -3.332 0.0000000000
66716  -33.928  -35.656  -3.216 0.0000000000
66717  -34.791  -35.884  -2.862 0.0000000000
66718  -35.478  -36.086  -2.617 0.0000000000
66719  -37.806  -36.771  -3.312 0.0000000000
66720  -38.994  -36.988  -3.819 0.0000000000
66721  -39.490  -36.519  -4.003 0.0000000000
66734  -39.275  -37.490  -4.523 0.0000000000
66735  -39.670  -36.941  -4.904 0.0000000000
66736  -40.241  -36.449  -5.209 0.0000000000
66739  -39.938  -37.439  -5.740 0.0000000000
66740  -40.302  -37.008  -6.064 0.0000000000
66743  -40.731  -37.218  -7.277 0.0000000000
66746  -41.175  -37.367  -8.398 0.0000000000
66747  -41.495  -37.013  -8.642 0.0000000000
66749  -40.381  -38.332  -9.466 0.0000000000
66750  -40.867  -37.773  -9.381 0.0000000000
66751  -41.463  -37.095  -9.195 0.0000000000
66753  -39.643  -38.390  -10.201 0.0000000000
66754  -40.154  -38.013  -10.239 0.0000000000
66755  -40.941  -37.389  -10.129 0.0000000000
66756  -41.470  -36.843  -10.075 0.0000000000
66758  -39.359  -38.207  -10.574 0.0000000000
66759  -39.500  -37.676  -11.136 0.0000000000
66766  -39.459  -37.350  -11.876 0.0000000000
66767  -44.956  -35.506  -11.565 0.0000000000
66768  -45.205  -35.581  -11.500 0.0000000000
66769  -45.814  -35.768  -11.424 0.0000000000
66770  -46.483  -35.945  -11.408 0.0000000000
66782  -39.602  -37.298  -12.428 0.0000000000
66783  -39.824  -37.121  -12.853 0.0000000000
66784  -44.736  -35.696  -11.584 0.0000000000
66785  -45.393  -36.286  -11.392 0.0000000000
66786  -46.236  -36.578  -11.387 0.0000000000
66787  -47.129  -36.622  -11.460 0.0000000000
66788  -47.916  -36.776  -11.752 0.0000000000
66789  -48.436  -36.475  -11.829 0.0000000000
66801  -40.222  -36.818  -13.150 0.0000000000
66802  -40.822  -36.448  -13.474 0.0000000000
66803  -41.422  -36.361  -13.551 0.0000000000
66804  -42.080  -36.161  -13.380 0.0000000000
66805  -42.805  -35.749  -12.973 0.0000000000
66806  -43.745  -35.621  -12.056 0.0000000000
66807  -48.446  -37.049  -12.102 0.0000000000
66808  -49.099  -36.811  -12.298 0.0000000000
66809  -50.052  -36.779  -12.737 0.0000000000
66820  -41.281  -35.827  -13.865 0.0000000000
66821  -41.781  -35.660  -14.017 0.0000000000
66822  -42.410  -35.484  -13.997 0.0000000000
66823  -42.911  -35.213  -13.873 0.0000000000
67738  -42.425  -36.097  2.422 0.0000000000
67747  -34.919  -34.147  2.371 0.0000000000
67748  -35.079  -34.250  2.281 0.0000000000
67749  -35.350  -34.297  1.956 0.0000000000
67750  -40.515  -36.883  0.949 0.0000000000
67751  -40.860  -36.538  0.778 0.0000000000
67752  -41.574  -36.532  1.831 0.0000000000
67759  -34.765  -34.702  1.741 0.0000000000
67760  -34.944  -34.651  1.881 0.0000000000
67761  -35.254  -34.949  1.542 0.0000000000
67762  -35.729  -34.979  1.149 0.0000000000
67763  -36.480  -35.351  0.868 0.0000000000
67764  -37.277  -35.498  0.757 0.0000000000
67765  -40.108  -36.535  0.426 0.0000000000
67766  -40.545  -36.235  0.297 0.0000000000
67772  -34.595  -35.177  1.308 0.0000000000
67773  -38.197  -35.773  0.656 0.0000000000
67774  -39.144  -36.333  0.350 0.0000000000
67781  -34.295  -35.641  0.876 0.0000000000
67789  -34.038  -35.606  0.394 0.0000000000
67801  -33.342  -35.957  -0.973 0.0000000000
67802  -33.648  -35.756  -0.454 0.0000000000
67816  -33.273  -35.908  -1.446 0.0000000000
67830  -33.229  -35.665  -2.151 0.0000000000
67846  -33.234  -35.331  -2.831 0.0000000000
67847  -36.125  -35.955  -2.588 0.0000000000
67848  -36.411  -35.999  -2.689 0.0000000000
67861  -33.281  -34.979  -3.535 0.0000000000
67862  -33.590  -35.086  -3.773 0.0000000000
67863  -34.339  -35.145  -3.630 0.0000000000
67864  -35.733  -35.555  -2.887 0.0000000000
67865  -36.977  -35.669  -3.029 0.0000000000
67866  -38.178  -35.828  -3.388 0.0000000000
67867  -39.267  -35.888  -3.628 0.0000000000
67868  -39.858  -35.577  -3.771 0.0000000000
67880  -33.383  -34.503  -4.175 0.0000000000
67881  -33.744  -34.572  -4.374 0.0000000000
67882  -34.203  -34.543  -4.368 0.0000000000
67883  -39.767  -36.151  -4.060 0.0000000000
67884  -40.285  -35.756  -4.471 0.0000000000
67885  -40.919  -35.272  -5.055 0.0000000000
67887  -40.569  -36.019  -5.581 0.0000000000
67888  -41.183  -35.499  -6.041 0.0000000000
67891  -40.795  -36.323  -6.657 0.0000000000
67892  -41.356  -35.854  -7.197 0.0000000000
67895  -41.189  -36.670  -7.570 0.0000000000
67896  -41.656  -36.465  -8.386 0.0000000000
67898  -41.924  -36.387  -9.489 0.0000000000
67900  -40.300  -37.374  -10.847 0.0000000000
67901  -40.907  -36.821  -10.849 0.0000000000
67902  -41.644  -36.203  -10.625 0.0000000000
67904  -40.004  -36.845  -11.654 0.0000000000
67905  -40.966  -36.146  -11.646 0.0000000000
67906  -41.575  -35.824  -11.281 0.0000000000
67908  -39.757  -36.776  -12.398 0.0000000000
67909  -40.260  -36.167  -12.418 0.0000000000
67910  -44.933  -35.227  -11.643 0.0000000000
67911  -45.439  -35.020  -11.554 0.0000000000
67912  -46.179  -35.242  -11.408 0.0000000000
67913  -47.093  -35.540  -11.371 0.0000000000
67914  -47.868  -35.221  -11.247 0.0000000000
67915  -48.334  -34.995  -11.140 0.0000000000
67923  -39.774  -36.881  -12.718 0.0000000000
67924  -40.135  -36.346  -12.974 0.0000000000
67925  -44.446  -34.922  -12.135 0.0000000000
67926  -44.934  -34.699  -11.831 0.0000000000
67927  -47.521  -36.225  -11.518 0.0000000000
67928  -47.933  -35.987  -11.546 0.0000000000
67929  -48.745  -35.719  -11.534 0.0000000000
67940  -40.579  -36.028  -13.438 0.0000000000
67941  -40.995  -35.626  -13.829 0.0000000000
67942  -43.316  -35.113  -13.349 0.0000000000
67943  -43.854  -34.769  -13.051 0.0000000000
67944  -49.730  -36.127  -12.110 0.0000000000
67945  -50.480  -36.081  -12.429 0.0000000000
67958  -41.531  -35.080  -14.232 0.0000000000
67959  -42.121  -34.907  -14.458 0.0000000000
67960  -42.714  -34.770  -14.421 0.0000000000
67961  -43.260  -34.709  -14.135 0.0000000000
67962  -43.557  -34.684  -13.719 0.0000000000
68805  -35.426  -33.033  3.064 0.0000000000
68806  -35.560  -33.102  2.809 0.0000000000
68818  -34.833  -33.807  2.584 0.0000000000
68819  -35.050  -33.807  2.665 0.0000000000
68820  -35.265  -33.409  2.810 0.0000000000
68821  -35.700  -33.780  1.934 0.0000000000
68822  -36.093  -33.840  1.259 0.0000000000
68823  -36.360  -33.702  0.872 0.0000000000
68824  -41.372  -36.144  0.942 0.0000000000
68825  -42.025  -35.426  1.573 0.0000000000
68832  -34.793  -34.080  2.362 0.0000000000
68833  -34.813  -34.258  2.245 0.0000000000
68834  -35.983  -34.457  0.991 0.0000000000
68835  -36.498  -34.508  0.782 0.0000000000
68836  -37.260  -34.396  0.544 0.0000000000
68837  -40.281  -36.051  0.028 0.0000000000
68838  -40.862  -35.717  0.085 0.0000000000
68839  -41.646  -34.886  0.439 0.0000000000
68845  -34.620  -34.296  1.843 0.0000000000
68846  -38.471  -35.024  0.263 0.0000000000
68847  -39.590  -35.482  -0.296 0.0000000000
68848  -40.108  -34.941  -0.862 0.0000000000
68856  -34.374  -34.710  1.060 0.0000000000
68865  -34.178  -34.773  0.114 0.0000000000
68874  -33.503  -35.518  -1.158 0.0000000000
68875  -33.991  -34.773  -0.978 0.0000000000
68880  -33.463  -35.028  -1.841 0.0000000000
68881  -33.848  -34.291  -1.706 0.0000000000
68886  -33.160  -34.789  -2.728 0.0000000000
68895  -33.133  -34.505  -3.489 0.0000000000
68907  -33.213  -34.131  -4.215 0.0000000000
68908  -34.984  -34.616  -3.794 0.0000000000
68909  -36.153  -34.648  -3.351 0.0000000000
68910  -37.350  -34.600  -3.448 0.0000000000
68911  -38.585  -34.963  -3.467 0.0000000000
68912  -39.497  -35.003  -3.520 0.0000000000
68913  -40.154  -34.960  -3.752 0.0000000000
68925  -33.479  -33.806  -5.004 0.0000000000
68926  -33.892  -34.130  -4.989 0.0000000000
68927  -34.489  -33.992  -4.750 0.0000000000
68928  -35.457  -33.972  -4.108 0.0000000000
68929  -36.369  -33.945  -3.838 0.0000000000
68935  -33.827  -33.602  -5.599 0.0000000000
68936  -34.078  -33.880  -5.378 0.0000000000
68941  -41.961  -35.402  -7.777 0.0000000000
68945  -42.314  -35.675  -8.840 0.0000000000
68946  -42.513  -34.873  -8.281 0.0000000000
68949  -42.394  -35.711  -9.939 0.0000000000
68950  -42.950  -34.918  -9.310 0.0000000000
68951  -43.323  -34.412  -9.565 0.0000000000
68954  -42.083  -35.520  -10.948 0.0000000000
68955  -42.681  -35.043  -10.457 0.0000000000
68956  -43.156  -34.563  -10.238 0.0000000000
68959  -40.808  -35.559  -12.397 0.0000000000
68960  -41.581  -35.383  -11.841 0.0000000000
68961  -42.417  -34.801  -11.482 0.0000000000
68962  -42.864  -34.618  -10.860 0.0000000000
68963  -48.045  -33.934  -10.832 0.0000000000
68964  -48.333  -33.920  -10.751 0.0000000000
68966  -40.539  -35.473  -12.961 0.0000000000
68967  -41.237  -34.803  -12.699 0.0000000000
68968  -41.839  -34.818  -12.129 0.0000000000
68969  -45.819  -34.590  -11.490 0.0000000000
68970  -46.454  -34.627  -11.362 0.0000000000
68971  -47.185  -34.528  -11.191 0.0000000000
68972  -47.924  -34.465  -11.015 0.0000000000
68973  -48.781  -34.520  -10.906 0.0000000000
68974  -49.418  -34.337  -10.786 0.0000000000
68980  -40.683  -35.495  -13.405 0.0000000000
68981  -41.000  -34.806  -13.424 0.0000000000
68982  -44.777  -34.363  -12.266 0.0000000000
68983  -45.272  -34.113  -11.903 0.0000000000
68984  -45.478  -33.623  -12.150 0.0000000000
68985  -49.680  -35.447  -11.508 0.0000000000
68986  -49.849  -34.813  -11.107 0.0000000000
68995  -40.839  -35.503  -13.671 0.0000000000
68996  -41.160  -34.880  -13.930 0.0000000000
68997  -44.400  -34.267  -12.961 0.0000000000
68998  -44.862  -33.851  -12.699 0.0000000000
68999  -45.285  -33.530  -12.649 0.0000000000
69000  -50.168  -35.789  -11.979 0.0000000000
69018  -41.605  -34.404  -14.385 0.0000000000
69019  -42.015  -34.258  -14.664 0.0000000000
69020  -42.557  -34.115  -14.837 0.0000000000
69021  -43.187  -34.133  -14.797 0.0000000000
69022  -43.871  -34.088  -14.107 0.0000000000
69023  -44.655  -33.583  -13.562 0.0000000000
69024  -45.047  -33.468  -13.140 0.0000000000
69905  -35.971  -31.955  3.741 0.0000000000
69906  -36.113  -31.812  3.530 0.0000000000
69907  -36.223  -31.660  3.390 0.0000000000
69921  -35.573  -32.276  3.390 0.0000000000
69922  -35.634  -32.464  3.265 0.0000000000
69923  -35.976  -32.754  2.751 0.0000000000
69924  -36.300  -32.147  2.640 0.0000000000
69925  -36.556  -32.046  2.132 0.0000000000
69941  -34.838  -33.546  2.784 0.0000000000
69942  -35.124  -32.857  3.134 0.0000000000
69943  -35.342  -32.774  3.231 0.0000000000
69944  -36.101  -33.433  2.006 0.0000000000
69945  -36.312  -33.182  1.852 0.0000000000
69946  -36.568  -32.883  1.175 0.0000000000
69957  -34.680  -33.431  2.523 0.0000000000
69958  -34.797  -33.161  2.968 0.0000000000
69959  -37.715  -33.572  0.251 0.0000000000
69960  -37.885  -33.015  -0.114 0.0000000000
69961  -40.925  -34.672  -0.485 0.0000000000
69972  -34.541  -33.694  1.739 0.0000000000
69973  -38.707  -34.512  -0.180 0.0000000000
69974  -38.939  -33.776  -0.788 0.0000000000
69975  -40.180  -34.137  -1.133 0.0000000000
69976  -40.917  -33.865  -0.833 0.0000000000
69986  -34.479  -33.815  0.804 0.0000000000
69987  -39.178  -33.064  -1.177 0.0000000000
69988  -39.774  -33.397  -1.293 0.0000000000
69989  -40.350  -33.620  -1.144 0.0000000000
69998  -34.426  -33.834  -0.284 0.0000000000
70005  -34.316  -33.825  -1.319 0.0000000000
70007  -33.633  -33.992  -2.437 0.0000000000
70008  -34.069  -33.829  -1.909 0.0000000000
70010  -33.281  -33.521  -3.599 0.0000000000
70011  -33.207  -33.969  -3.273 0.0000000000
70014  -33.236  -33.357  -3.845 0.0000000000
70015  -33.153  -33.564  -4.046 0.0000000000
70018  -33.251  -33.274  -4.919 0.0000000000
70019  -38.014  -34.098  -3.706 0.0000000000
70020  -38.915  -34.204  -3.628 0.0000000000
70021  -39.785  -34.276  -3.611 0.0000000000
70028  -35.095  -33.477  -4.832 0.0000000000
70029  -35.895  -33.385  -4.433 0.0000000000
70030  -36.938  -33.309  -4.158 0.0000000000
70031  -38.150  -33.326  -3.907 0.0000000000
70043  -34.415  -33.356  -5.770 0.0000000000
70044  -35.467  -32.836  -5.295 0.0000000000
70045  -36.132  -32.920  -4.659 0.0000000000
70065  -42.958  -34.528  -8.553 0.0000000000
70069  -43.536  -34.042  -9.975 0.0000000000
70070  -43.814  -33.491  -10.473 0.0000000000
70076  -42.594  -34.384  -11.729 0.0000000000
70077  -43.161  -34.053  -11.302 0.0000000000
70078  -43.682  -33.460  -11.067 0.0000000000
70079  -47.790  -33.504  -10.753 0.0000000000
70080  -48.089  -33.632  -10.692 0.0000000000
70085  -41.533  -34.395  -12.812 0.0000000000
70086  -42.179  -34.287  -12.403 0.0000000000
70087  -42.796  -33.773  -12.183 0.0000000000
70088  -45.862  -34.352  -11.511 0.0000000000
70089  -46.014  -34.162  -11.463 0.0000000000
70090  -46.458  -33.763  -11.309 0.0000000000
70091  -47.352  -33.607  -10.939 0.0000000000
70092  -48.396  -33.633  -10.622 0.0000000000
70093  -49.103  -33.715  -10.499 0.0000000000
70102  -41.478  -34.193  -13.214 0.0000000000
70103  -42.028  -33.713  -13.161 0.0000000000
70104  -45.725  -34.164  -11.595 0.0000000000
70105  -45.778  -33.695  -11.762 0.0000000000
70106  -46.117  -33.038  -11.914 0.0000000000
70122  -41.389  -34.106  -13.917 0.0000000000
70123  -41.671  -33.728  -14.275 0.0000000000
70124  -45.678  -33.231  -12.470 0.0000000000
70125  -46.078  -32.641  -12.873 0.0000000000
70148  -41.504  -34.141  -14.266 0.0000000000
70149  -41.956  -33.683  -14.595 0.0000000000
70150  -42.514  -33.339  -15.101 0.0000000000
70151  -43.053  -33.430  -15.281 0.0000000000
70152  -43.737  -33.415  -15.206 0.0000000000
70153  -44.561  -33.076  -14.811 0.0000000000
70154  -45.395  -32.881  -13.660 0.0000000000
70155  -46.081  -32.231  -13.706 0.0000000000
70177  -43.033  -32.849  -15.506 0.0000000000
70178  -43.558  -32.803  -15.617 0.0000000000
70179  -44.216  -32.671  -15.632 0.0000000000
70180  -44.788  -32.389  -15.484 0.0000000000
71018  -35.927  -31.372  4.421 0.0000000000
71019  -36.002  -31.126  4.397 0.0000000000
71020  -36.172  -30.997  3.967 0.0000000000
71021  -36.391  -30.661  3.971 0.0000000000
71035  -35.742  -31.822  3.705 0.0000000000
71036  -35.905  -31.821  3.893 0.0000000000
71037  -36.317  -31.505  3.232 0.0000000000
71038  -36.440  -31.274  3.008 0.0000000000
71061  -35.359  -32.006  3.475 0.0000000000
71062  -36.781  -31.822  1.651 0.0000000000
71063  -37.034  -31.598  1.270 0.0000000000
71086  -34.650  -33.018  2.674 0.0000000000
71087  -34.924  -32.619  2.895 0.0000000000
71088  -36.880  -32.620  0.734 0.0000000000
71089  -37.151  -32.285  0.502 0.0000000000
71102  -34.644  -32.954  2.349 0.0000000000
71103  -34.878  -32.462  2.463 0.0000000000
71104  -37.799  -32.318  -0.218 0.0000000000
71112  -34.738  -32.941  1.467 0.0000000000
71113  -38.594  -32.377  -0.859 0.0000000000
71114  -39.400  -32.477  -1.313 0.0000000000
71123  -34.930  -32.922  0.377 0.0000000000
71131  -34.855  -32.978  -0.832 0.0000000000
71134  -33.963  -33.511  -2.607 0.0000000000
71135  -34.452  -33.154  -2.116 0.0000000000
71138  -33.418  -33.404  -3.430 0.0000000000
71139  -33.760  -33.269  -3.151 0.0000000000
71140  -34.501  -32.505  -2.740 0.0000000000
71146  -33.368  -33.286  -3.644 0.0000000000
71147  -33.534  -32.887  -3.915 0.0000000000
71154  -33.310  -32.537  -4.854 0.0000000000
71162  -36.855  -32.726  -4.478 0.0000000000
71163  -37.326  -32.620  -4.415 0.0000000000
71175  -35.755  -32.461  -5.412 0.0000000000
71176  -36.344  -32.335  -5.056 0.0000000000
71226  -43.574  -33.391  -11.428 0.0000000000
71228  -47.588  -33.233  -10.755 0.0000000000
71229  -47.889  -33.232  -10.639 0.0000000000
71239  -42.524  -33.572  -12.720 0.0000000000
71240  -43.314  -33.169  -12.277 0.0000000000
71241  -44.063  -32.432  -12.027 0.0000000000
71242  -46.686  -32.871  -11.368 0.0000000000
71243  -47.407  -32.701  -10.910 0.0000000000
71244  -48.213  -32.830  -10.491 0.0000000000
71262  -41.740  -33.583  -13.753 0.0000000000
71263  -42.463  -33.001  -13.486 0.0000000000
71264  -43.078  -32.711  -13.110 0.0000000000
71265  -46.502  -32.416  -12.233 0.0000000000
71266  -46.941  -32.163  -11.804 0.0000000000
71291  -41.650  -33.594  -14.075 0.0000000000
71292  -41.974  -33.090  -14.303 0.0000000000
71293  -46.539  -31.891  -13.245 0.0000000000
71294  -46.781  -31.973  -12.502 0.0000000000
71323  -42.377  -32.774  -14.960 0.0000000000
71324  -42.858  -32.476  -15.421 0.0000000000
71325  -45.269  -32.314  -14.982 0.0000000000
71326  -45.950  -31.836  -14.564 0.0000000000
71327  -46.321  -31.801  -14.001 0.0000000000
71346  -43.409  -32.313  -15.702 0.0000000000
71347  -44.020  -32.190  -15.836 0.0000000000
71348  -44.637  -31.980  -15.718 0.0000000000
71349  -45.242  -31.800  -15.498 0.0000000000
71350  -45.608  -31.757  -15.186 0.0000000000
72157  -36.174  -30.559  5.520 0.0000000000
72158  -36.293  -30.588  5.372 0.0000000000
72159  -36.496  -30.485  5.356 0.0000000000
72160  -36.718  -30.162  5.093 0.0000000000
72170  -35.915  -31.427  4.102 0.0000000000
72171  -35.944  -31.098  4.576 0.0000000000
72172  -36.558  -30.399  3.840 0.0000000000
72186  -35.808  -31.249  3.960 0.0000000000
72187  -35.748  -30.625  4.580 0.0000000000
72188  -36.705  -30.729  2.726 0.0000000000
72189  -36.884  -31.156  1.776 0.0000000000
72211  -35.464  -31.267  3.311 0.0000000000
72212  -36.869  -30.599  2.160 0.0000000000
72213  -37.203  -31.121  1.138 0.0000000000
72233  -34.908  -32.384  1.993 0.0000000000
72234  -35.222  -31.667  2.265 0.0000000000
72235  -37.709  -31.058  -0.113 0.0000000000
72248  -35.247  -31.788  1.158 0.0000000000
72249  -35.291  -31.404  1.679 0.0000000000
72250  -38.587  -31.350  -1.193 0.0000000000
72261  -35.464  -31.995  -0.232 0.0000000000
72269  -35.240  -32.036  -1.410 0.0000000000
72273  -34.846  -32.023  -2.279 0.0000000000
72277  -34.507  -32.024  -3.328 0.0000000000
72278  -34.740  -32.027  -2.756 0.0000000000
72283  -34.008  -31.884  -4.361 0.0000000000
72396  -43.601  -32.328  -12.856 0.0000000000
72398  -47.726  -32.235  -10.790 0.0000000000
72399  -48.087  -31.738  -10.736 0.0000000000
72424  -42.558  -32.558  -13.787 0.0000000000
72425  -42.946  -32.330  -13.669 0.0000000000
72427  -47.466  -31.842  -11.429 0.0000000000
72428  -47.829  -31.047  -11.937 0.0000000000
72457  -42.458  -32.462  -14.107 0.0000000000
72460  -46.777  -31.492  -13.484 0.0000000000
72461  -47.149  -31.402  -12.850 0.0000000000
72480  -42.442  -32.372  -14.685 0.0000000000
72482  -46.239  -31.405  -14.836 0.0000000000
72483  -46.663  -31.214  -14.296 0.0000000000
72484  -47.444  -30.477  -13.905 0.0000000000
72495  -45.246  -31.256  -15.604 0.0000000000
72496  -46.080  -31.175  -15.354 0.0000000000
72497  -46.837  -30.529  -15.238 0.0000000000
73363  -35.958  -30.382  5.575 0.0000000000
73364  -36.893  -29.801  4.599 0.0000000000
73381  -35.731  -30.259  5.215 0.0000000000
73382  -36.773  -30.016  3.693 0.0000000000
73383  -37.146  -29.405  4.271 0.0000000000
73399  -35.646  -30.441  4.118 0.0000000000
73400  -35.575  -29.963  4.813 0.0000000000
73401  -36.838  -29.989  3.017 0.0000000000
73402  -37.122  -29.387  3.093 0.0000000000
73414  -35.567  -30.184  3.576 0.0000000000
73415  -36.982  -30.146  2.193 0.0000000000
73416  -37.253  -29.826  1.584 0.0000000000
73428  -35.462  -30.468  2.710 0.0000000000
73429  -37.650  -29.875  0.420 0.0000000000
73443  -35.401  -30.941  0.921 0.0000000000
73444  -35.402  -30.720  1.594 0.0000000000
73462  -35.486  -30.972  0.249 0.0000000000
73478  -35.575  -30.997  -0.849 0.0000000000
73481  -34.937  -30.549  -2.413 0.0000000000
73482  -35.068  -30.888  -2.015 0.0000000000
73485  -34.958  -30.853  -2.877 0.0000000000
73486  -34.890  -31.556  -2.657 0.0000000000
73489  -34.646  -30.954  -3.824 0.0000000000
74631  -35.453  -29.350  4.387 0.0000000000
74632  -35.420  -29.476  4.988 0.0000000000
74650  -35.567  -29.364  3.278 0.0000000000
74669  -35.544  -29.537  2.184 0.0000000000
74685  -35.421  -30.290  0.681 0.0000000000
74686  -35.553  -29.624  1.117 0.0000000000
74703  -35.366  -29.865  -0.202 0.0000000000
74704  -35.444  -29.654  0.452 0.0000000000
74721  -35.271  -30.002  -1.311 0.0000000000
74725  -34.793  -30.040  -2.421 0.0000000000
74726  -35.058  -30.020  -1.943 0.0000000000
75847  -35.424  -28.260  3.907 0.0000000000
75855  -35.620  -28.406  2.792 0.0000000000
75868  -35.793  -28.639  1.605 0.0000000000
75879  -35.419  -29.255  -0.262 0.0000000000
75880  -35.641  -28.898  0.236 0.0000000000
75889  -35.390  -29.049  -0.793 0.0000000000
75890  -35.773  -28.337  -0.570 0.0000000000
77040  -35.318  -27.241  3.383 0.0000000000
77048  -35.773  -27.485  2.234 0.0000000000
77056  -36.138  -27.791  1.012 0.0000000000
77063  -36.088  -27.846  -0.098 0.0000000000
78269  -35.414  -26.291  2.765 0.0000000000
78276  -36.098  -26.654  1.593 0.0000000000
78283  -36.506  -26.989  0.376 0.0000000000
