#!ascii label  , from subject subject001 vox2ras=TkReg
1916
108018  -34.896  0.789  -39.676 0.0000000000
108025  -35.297  0.951  -40.822 0.0000000000
108884  -34.841  1.771  -38.853 0.0000000000
108885  -35.559  1.850  -37.050 0.0000000000
108886  -36.457  2.152  -36.215 0.0000000000
108887  -40.813  0.972  -39.316 0.0000000000
108888  -41.805  1.351  -39.475 0.0000000000
108889  -43.215  1.511  -39.131 0.0000000000
108891  -35.401  2.180  -40.267 0.0000000000
108893  -38.696  1.546  -41.122 0.0000000000
108894  -40.615  1.415  -39.735 0.0000000000
108895  -41.498  1.586  -39.541 0.0000000000
108896  -36.528  2.067  -41.115 0.0000000000
108897  -37.398  1.712  -41.809 0.0000000000
108898  -38.228  2.028  -41.641 0.0000000000
109795  -37.058  2.524  -35.682 0.0000000000
109796  -44.692  2.370  -38.649 0.0000000000
109797  -45.025  1.959  -38.281 0.0000000000
109818  -35.282  2.939  -39.792 0.0000000000
109819  -35.189  3.310  -38.681 0.0000000000
109820  -36.234  2.891  -36.682 0.0000000000
109821  -42.025  2.396  -39.775 0.0000000000
109822  -42.513  2.118  -39.309 0.0000000000
109823  -44.049  2.147  -38.851 0.0000000000
109824  -44.484  1.883  -38.507 0.0000000000
109830  -35.406  4.047  -39.504 0.0000000000
109831  -40.170  2.215  -40.404 0.0000000000
109832  -41.453  2.052  -39.670 0.0000000000
109833  -41.900  1.693  -39.593 0.0000000000
109834  -37.999  2.750  -41.986 0.0000000000
109835  -38.926  2.193  -41.458 0.0000000000
109836  -37.013  7.644  -41.625 0.0000000000
109837  -36.478  7.371  -42.279 0.0000000000
109838  -36.947  6.791  -42.601 0.0000000000
110699  -37.769  3.215  -35.093 0.0000000000
110708  -36.405  4.323  -36.861 0.0000000000
110709  -36.939  3.498  -36.164 0.0000000000
110710  -45.064  2.572  -38.614 0.0000000000
110711  -45.869  2.760  -38.628 0.0000000000
110727  -35.192  4.315  -38.611 0.0000000000
110728  -36.017  3.691  -37.250 0.0000000000
110729  -42.394  2.755  -39.683 0.0000000000
110730  -43.317  3.193  -39.392 0.0000000000
110731  -44.622  2.957  -39.041 0.0000000000
110732  -45.270  2.966  -38.871 0.0000000000
110741  -40.528  2.601  -40.716 0.0000000000
110742  -41.488  2.981  -40.379 0.0000000000
110743  -42.516  3.226  -39.853 0.0000000000
110746  -39.766  2.722  -41.457 0.0000000000
110747  -40.615  2.823  -41.119 0.0000000000
110748  -36.702  7.523  -42.859 0.0000000000
110749  -36.768  8.149  -42.835 0.0000000000
111506  -38.159  3.784  -31.489 0.0000000000
111507  -38.575  3.762  -31.859 0.0000000000
111508  -38.746  3.346  -32.012 0.0000000000
111528  -38.641  4.212  -32.179 0.0000000000
111529  -38.808  3.914  -32.245 0.0000000000
111547  -38.940  3.840  -32.750 0.0000000000
111564  -38.759  3.862  -33.562 0.0000000000
111565  -54.774  7.271  -35.368 0.0000000000
111566  -55.366  7.425  -35.602 0.0000000000
111567  -55.903  7.588  -35.966 0.0000000000
111578  -38.288  3.979  -34.521 0.0000000000
111579  -53.680  8.038  -35.974 0.0000000000
111580  -55.083  7.664  -36.165 0.0000000000
111591  -36.594  4.968  -36.461 0.0000000000
111592  -37.422  4.297  -35.665 0.0000000000
111593  -46.076  3.419  -38.963 0.0000000000
111594  -46.573  3.354  -38.723 0.0000000000
111600  -54.217  9.078  -36.826 0.0000000000
111606  -35.758  5.048  -37.675 0.0000000000
111607  -43.516  3.985  -39.771 0.0000000000
111608  -44.298  4.121  -39.633 0.0000000000
111609  -45.471  3.738  -39.232 0.0000000000
111610  -46.355  3.869  -39.413 0.0000000000
111611  -47.147  3.741  -39.498 0.0000000000
111612  -47.713  3.724  -39.259 0.0000000000
111620  -35.108  5.105  -39.163 0.0000000000
111621  -41.860  4.219  -41.467 0.0000000000
111622  -42.817  3.971  -40.279 0.0000000000
111623  -43.698  4.435  -40.322 0.0000000000
111628  -40.671  3.326  -41.865 0.0000000000
111630  -35.954  6.773  -41.410 0.0000000000
111631  -37.475  7.673  -43.822 0.0000000000
111632  -37.947  6.898  -44.027 0.0000000000
111633  -37.561  5.817  -43.042 0.0000000000
111634  -38.328  7.437  -44.395 0.0000000000
112468  -55.174  5.857  -28.864 0.0000000000
112469  -56.476  6.031  -28.845 0.0000000000
112470  -57.778  6.216  -28.725 0.0000000000
112481  -37.906  4.642  -31.878 0.0000000000
112482  -38.256  4.569  -31.954 0.0000000000
112487  -58.877  5.745  -28.957 0.0000000000
112488  -60.642  5.940  -28.864 0.0000000000
112489  -62.158  6.124  -28.785 0.0000000000
112504  -38.444  4.614  -32.214 0.0000000000
112505  -38.628  4.443  -32.323 0.0000000000
112516  -38.455  4.926  -32.521 0.0000000000
112517  -38.736  4.498  -32.627 0.0000000000
112529  -38.473  5.112  -32.932 0.0000000000
112530  -38.650  4.676  -33.281 0.0000000000
112531  -52.757  7.971  -34.641 0.0000000000
112532  -53.248  7.769  -34.771 0.0000000000
112533  -54.172  7.420  -34.963 0.0000000000
112534  -55.067  7.283  -34.986 0.0000000000
112535  -56.163  7.509  -35.346 0.0000000000
112536  -57.826  7.711  -35.838 0.0000000000
112548  -38.415  4.648  -34.020 0.0000000000
112549  -52.503  8.453  -35.499 0.0000000000
112550  -52.926  8.081  -35.372 0.0000000000
112551  -53.698  7.650  -35.499 0.0000000000
112552  -54.424  7.505  -35.700 0.0000000000
112562  -37.223  5.273  -35.805 0.0000000000
112563  -37.721  4.866  -34.814 0.0000000000
112567  -52.916  8.659  -36.003 0.0000000000
112570  -36.467  5.644  -36.962 0.0000000000
112571  -44.438  4.929  -40.744 0.0000000000
112572  -45.219  4.730  -40.214 0.0000000000
112573  -46.005  4.485  -40.111 0.0000000000
112574  -46.897  4.432  -40.384 0.0000000000
112575  -48.148  4.630  -40.616 0.0000000000
112581  -35.711  5.763  -38.450 0.0000000000
112582  -43.386  5.294  -41.908 0.0000000000
112583  -45.738  4.876  -40.900 0.0000000000
112584  -46.469  4.911  -41.401 0.0000000000
112585  -47.388  5.161  -41.649 0.0000000000
112586  -47.979  5.448  -41.866 0.0000000000
112595  -35.311  5.998  -39.834 0.0000000000
112596  -40.068  4.159  -43.053 0.0000000000
112597  -40.963  4.202  -43.181 0.0000000000
112598  -43.360  7.455  -43.722 0.0000000000
112601  -36.191  7.645  -42.162 0.0000000000
112602  -35.533  6.940  -40.458 0.0000000000
112603  -37.858  5.302  -42.999 0.0000000000
112604  -39.345  4.820  -43.362 0.0000000000
112605  -41.482  5.742  -44.490 0.0000000000
112606  -38.466  7.132  -44.678 0.0000000000
112607  -38.727  6.321  -44.499 0.0000000000
112608  -40.334  6.299  -44.888 0.0000000000
112609  -41.277  6.641  -45.153 0.0000000000
112610  -39.258  8.392  -45.008 0.0000000000
113446  -53.756  6.557  -28.673 0.0000000000
113447  -54.779  6.826  -28.778 0.0000000000
113448  -56.058  7.052  -28.908 0.0000000000
113449  -57.520  7.211  -28.726 0.0000000000
113450  -59.197  7.224  -28.534 0.0000000000
113451  -60.599  7.576  -28.480 0.0000000000
113464  -37.559  5.407  -32.302 0.0000000000
113465  -37.940  5.281  -32.217 0.0000000000
113466  -38.166  5.102  -32.266 0.0000000000
113467  -60.169  6.744  -28.674 0.0000000000
113468  -61.481  7.129  -28.424 0.0000000000
113469  -62.905  7.233  -28.664 0.0000000000
113480  -37.102  6.184  -32.596 0.0000000000
113481  -37.540  5.967  -32.590 0.0000000000
113482  -37.868  5.803  -32.646 0.0000000000
113483  -38.218  5.231  -32.488 0.0000000000
113498  -37.844  6.121  -32.879 0.0000000000
113499  -38.136  5.739  -32.900 0.0000000000
113500  -50.948  9.303  -34.044 0.0000000000
113501  -51.403  8.682  -33.891 0.0000000000
113502  -51.659  8.409  -33.849 0.0000000000
113503  -54.236  7.846  -34.334 0.0000000000
113504  -55.400  7.764  -34.373 0.0000000000
113505  -56.572  7.755  -34.295 0.0000000000
113506  -57.168  7.787  -34.177 0.0000000000
113522  -38.105  5.731  -33.665 0.0000000000
113523  -38.325  5.104  -33.760 0.0000000000
113524  -51.171  9.526  -34.606 0.0000000000
113525  -51.413  8.743  -34.392 0.0000000000
113526  -51.854  8.216  -34.123 0.0000000000
113527  -52.695  8.028  -34.290 0.0000000000
113528  -53.645  7.785  -34.452 0.0000000000
113529  -54.654  7.521  -34.596 0.0000000000
113530  -55.745  7.571  -34.637 0.0000000000
113531  -57.210  7.649  -34.520 0.0000000000
113532  -58.975  7.905  -34.786 0.0000000000
113533  -60.872  8.459  -34.866 0.0000000000
113542  -37.585  6.190  -34.791 0.0000000000
113543  -37.945  5.368  -34.294 0.0000000000
113544  -51.370  9.750  -34.965 0.0000000000
113545  -51.665  9.332  -35.171 0.0000000000
113546  -52.103  8.466  -34.927 0.0000000000
113547  -52.446  8.145  -34.548 0.0000000000
113548  -37.255  6.235  -36.156 0.0000000000
113549  -37.533  5.590  -35.101 0.0000000000
113550  -52.044  9.646  -35.710 0.0000000000
113551  -52.497  9.180  -35.973 0.0000000000
113552  -52.867  8.913  -36.242 0.0000000000
113553  -36.279  6.449  -37.684 0.0000000000
113554  -45.135  5.205  -41.132 0.0000000000
113555  -45.444  5.095  -40.971 0.0000000000
113556  -49.457  5.938  -41.666 0.0000000000
113558  -53.298  10.049  -36.673 0.0000000000
113559  -53.339  9.555  -36.569 0.0000000000
113560  -35.688  6.638  -39.028 0.0000000000
113561  -44.846  5.869  -42.174 0.0000000000
113562  -45.875  5.701  -42.144 0.0000000000
113563  -46.994  6.106  -42.357 0.0000000000
113564  -47.803  6.154  -42.373 0.0000000000
113565  -48.612  6.278  -42.203 0.0000000000
113570  -35.338  6.804  -39.938 0.0000000000
113571  -35.699  7.057  -39.527 0.0000000000
113572  -44.565  7.458  -43.219 0.0000000000
113573  -45.643  7.729  -43.191 0.0000000000
113574  -46.668  8.008  -42.896 0.0000000000
113575  -47.647  7.768  -42.619 0.0000000000
113576  -48.207  7.051  -42.556 0.0000000000
113580  -35.320  7.066  -39.765 0.0000000000
113581  -40.017  7.167  -45.356 0.0000000000
113582  -41.096  7.412  -45.512 0.0000000000
113583  -42.326  7.878  -44.603 0.0000000000
114298  -53.641  8.264  -26.901 0.0000000000
114299  -54.565  8.096  -26.647 0.0000000000
114311  -53.001  7.868  -27.604 0.0000000000
114312  -53.178  7.878  -27.217 0.0000000000
114314  -52.916  7.482  -27.988 0.0000000000
114318  -53.110  7.432  -28.280 0.0000000000
114319  -53.386  8.094  -28.316 0.0000000000
114331  -53.159  6.904  -28.443 0.0000000000
114332  -53.544  7.602  -28.504 0.0000000000
114333  -54.489  7.849  -28.679 0.0000000000
114334  -55.724  8.068  -28.672 0.0000000000
114335  -57.176  8.275  -28.653 0.0000000000
114336  -58.826  8.468  -28.323 0.0000000000
114337  -60.739  8.679  -28.363 0.0000000000
114338  -61.934  9.437  -28.279 0.0000000000
114345  -61.323  8.001  -28.364 0.0000000000
114346  -62.373  8.554  -28.437 0.0000000000
114347  -63.745  8.318  -29.307 0.0000000000
114348  -64.105  7.644  -29.747 0.0000000000
114355  -35.577  6.908  -34.061 0.0000000000
114356  -36.035  7.024  -33.542 0.0000000000
114357  -36.700  6.875  -32.940 0.0000000000
114358  -37.181  6.835  -32.878 0.0000000000
114359  -37.530  6.324  -32.823 0.0000000000
114360  -50.523  10.075  -33.319 0.0000000000
114361  -51.143  9.465  -33.266 0.0000000000
114362  -51.402  9.202  -33.226 0.0000000000
114363  -64.152  8.868  -30.533 0.0000000000
114364  -64.312  7.946  -30.237 0.0000000000
114375  -35.055  6.990  -34.983 0.0000000000
114376  -35.607  7.168  -34.120 0.0000000000
114377  -37.217  7.142  -33.118 0.0000000000
114378  -37.553  6.732  -33.153 0.0000000000
114379  -37.846  6.285  -33.069 0.0000000000
114380  -45.096  10.865  -35.220 0.0000000000
114381  -45.910  11.652  -35.189 0.0000000000
114382  -46.486  11.922  -35.176 0.0000000000
114383  -50.419  10.076  -33.761 0.0000000000
114384  -50.978  9.295  -33.580 0.0000000000
114385  -51.649  8.739  -33.559 0.0000000000
114386  -52.700  8.434  -33.806 0.0000000000
114387  -53.868  8.212  -34.191 0.0000000000
114388  -55.166  8.103  -34.300 0.0000000000
114389  -56.496  8.088  -34.245 0.0000000000
114390  -57.788  8.140  -34.220 0.0000000000
114391  -59.327  8.806  -34.079 0.0000000000
114392  -60.108  9.126  -33.744 0.0000000000
114393  -63.810  8.885  -31.749 0.0000000000
114394  -64.372  8.176  -31.175 0.0000000000
114401  -29.762  6.835  -39.134 0.0000000000
114402  -31.285  6.460  -38.874 0.0000000000
114403  -33.050  6.362  -37.790 0.0000000000
114404  -34.293  6.401  -36.419 0.0000000000
114405  -37.582  7.234  -33.927 0.0000000000
114406  -37.857  6.493  -33.478 0.0000000000
114407  -44.790  10.908  -36.109 0.0000000000
114408  -45.619  11.546  -36.052 0.0000000000
114409  -46.718  12.073  -35.887 0.0000000000
114410  -47.487  12.543  -36.219 0.0000000000
114411  -50.614  10.283  -34.433 0.0000000000
114412  -51.840  8.268  -33.867 0.0000000000
114413  -52.203  8.229  -33.953 0.0000000000
114414  -53.137  8.022  -34.114 0.0000000000
114415  -57.468  7.931  -34.212 0.0000000000
114416  -58.393  8.221  -34.332 0.0000000000
114417  -60.233  8.833  -33.970 0.0000000000
114418  -62.038  9.079  -33.707 0.0000000000
114419  -63.219  8.665  -32.988 0.0000000000
114421  -37.483  7.424  -34.361 0.0000000000
114422  -37.675  7.009  -34.397 0.0000000000
114423  -44.133  10.871  -37.450 0.0000000000
114424  -44.570  11.193  -37.311 0.0000000000
114425  -45.286  11.697  -37.230 0.0000000000
114426  -46.238  12.231  -37.144 0.0000000000
114427  -47.229  12.784  -37.041 0.0000000000
114428  -51.083  10.371  -35.145 0.0000000000
114429  -51.521  10.006  -35.239 0.0000000000
114430  -37.330  7.110  -35.613 0.0000000000
114431  -44.307  11.241  -38.748 0.0000000000
114432  -44.567  11.471  -38.806 0.0000000000
114433  -45.095  11.987  -38.782 0.0000000000
114434  -45.858  12.636  -38.586 0.0000000000
114435  -46.815  13.281  -38.428 0.0000000000
114436  -50.896  11.047  -35.828 0.0000000000
114437  -51.746  10.576  -36.074 0.0000000000
114438  -52.365  9.987  -36.150 0.0000000000
114439  -36.856  7.242  -37.035 0.0000000000
114440  -44.469  11.401  -39.458 0.0000000000
114441  -44.865  11.513  -40.542 0.0000000000
114442  -45.230  11.857  -40.640 0.0000000000
114443  -45.766  13.018  -40.557 0.0000000000
114444  -46.475  13.380  -39.759 0.0000000000
114445  -50.056  6.457  -42.283 0.0000000000
114446  -50.104  6.259  -42.155 0.0000000000
114447  -52.036  11.021  -37.211 0.0000000000
114448  -52.926  10.601  -37.450 0.0000000000
114449  -53.790  10.199  -37.397 0.0000000000
114450  -54.115  9.809  -37.198 0.0000000000
114451  -35.823  7.249  -38.484 0.0000000000
114452  -45.198  10.974  -41.925 0.0000000000
114453  -45.575  11.155  -42.787 0.0000000000
114454  -46.461  12.004  -42.494 0.0000000000
114455  -47.445  12.286  -43.380 0.0000000000
114456  -49.712  7.003  -42.425 0.0000000000
114457  -50.623  6.951  -42.308 0.0000000000
114459  -53.801  10.970  -39.439 0.0000000000
114460  -54.167  10.541  -38.606 0.0000000000
114461  -54.434  10.229  -38.091 0.0000000000
114462  -34.969  7.455  -39.789 0.0000000000
114463  -34.595  7.783  -40.028 0.0000000000
114464  -44.512  8.571  -44.162 0.0000000000
114465  -45.289  9.649  -43.934 0.0000000000
114466  -46.218  10.100  -43.878 0.0000000000
114467  -47.641  10.703  -43.799 0.0000000000
114468  -48.865  8.583  -42.831 0.0000000000
114469  -50.233  8.707  -42.371 0.0000000000
114470  -51.783  8.604  -42.428 0.0000000000
114471  -53.023  10.059  -41.289 0.0000000000
114474  -34.726  7.842  -40.243 0.0000000000
114475  -42.984  9.207  -44.668 0.0000000000
114476  -44.682  9.459  -44.402 0.0000000000
114477  -48.443  11.510  -43.022 0.0000000000
114478  -49.037  10.930  -43.931 0.0000000000
114479  -50.003  10.438  -43.376 0.0000000000
114480  -51.106  10.289  -42.838 0.0000000000
114481  -52.009  10.518  -42.284 0.0000000000
114482  -40.803  8.158  -45.643 0.0000000000
114483  -42.207  9.001  -45.741 0.0000000000
114484  -43.941  10.476  -44.836 0.0000000000
115181  -53.664  9.013  -26.890 0.0000000000
115182  -54.334  9.316  -26.730 0.0000000000
115183  -55.531  8.944  -26.611 0.0000000000
115196  -53.112  8.566  -27.640 0.0000000000
115197  -53.531  9.046  -27.269 0.0000000000
115198  -53.789  9.314  -26.949 0.0000000000
115202  -53.029  8.264  -27.890 0.0000000000
115203  -53.432  9.017  -27.772 0.0000000000
115208  -53.066  7.933  -28.086 0.0000000000
115209  -53.394  8.633  -28.129 0.0000000000
115219  -53.798  8.837  -28.357 0.0000000000
115220  -54.476  8.923  -28.464 0.0000000000
115221  -55.548  9.100  -28.520 0.0000000000
115222  -56.892  9.277  -28.544 0.0000000000
115223  -58.403  9.496  -28.337 0.0000000000
115224  -59.995  9.778  -28.156 0.0000000000
115225  -61.475  10.111  -28.241 0.0000000000
115231  -62.776  10.119  -28.987 0.0000000000
115232  -63.276  9.227  -29.001 0.0000000000
115238  -36.183  7.444  -33.654 0.0000000000
115239  -36.516  7.359  -33.319 0.0000000000
115240  -36.831  7.229  -33.059 0.0000000000
115241  -49.996  10.847  -33.124 0.0000000000
115242  -50.777  10.222  -33.095 0.0000000000
115243  -51.525  9.620  -33.135 0.0000000000
115244  -51.993  9.585  -33.271 0.0000000000
115245  -63.359  10.558  -30.571 0.0000000000
115246  -63.709  9.613  -29.811 0.0000000000
115256  -28.256  8.533  -37.727 0.0000000000
115257  -34.842  7.763  -35.685 0.0000000000
115258  -35.711  7.566  -34.309 0.0000000000
115259  -36.344  7.662  -33.771 0.0000000000
115260  -36.873  7.549  -33.496 0.0000000000
115261  -37.236  7.277  -33.319 0.0000000000
115262  -43.865  10.307  -34.738 0.0000000000
115263  -44.561  10.629  -34.660 0.0000000000
115264  -45.408  11.245  -34.583 0.0000000000
115265  -46.638  11.945  -34.623 0.0000000000
115266  -48.022  12.343  -34.188 0.0000000000
115267  -49.067  11.903  -33.773 0.0000000000
115268  -49.814  10.862  -33.475 0.0000000000
115269  -51.642  9.140  -33.266 0.0000000000
115270  -52.243  9.173  -33.499 0.0000000000
115271  -53.548  8.851  -34.134 0.0000000000
115272  -54.949  8.635  -34.681 0.0000000000
115273  -56.464  8.684  -34.503 0.0000000000
115274  -57.975  8.810  -34.452 0.0000000000
115275  -59.354  9.185  -34.000 0.0000000000
115276  -60.262  9.434  -33.622 0.0000000000
115277  -62.772  10.152  -31.911 0.0000000000
115278  -63.682  9.759  -31.151 0.0000000000
115284  -28.797  7.768  -39.130 0.0000000000
115285  -30.113  7.441  -39.846 0.0000000000
115286  -32.391  7.151  -38.804 0.0000000000
115287  -34.016  7.177  -36.847 0.0000000000
115288  -36.928  7.971  -34.307 0.0000000000
115289  -37.253  7.493  -33.754 0.0000000000
115290  -43.422  10.360  -35.522 0.0000000000
115291  -43.793  10.297  -35.404 0.0000000000
115292  -44.354  10.403  -35.300 0.0000000000
115293  -46.872  12.104  -35.218 0.0000000000
115294  -47.846  12.562  -35.339 0.0000000000
115295  -48.976  12.030  -34.765 0.0000000000
115296  -49.781  11.057  -34.208 0.0000000000
115297  -60.884  9.562  -33.547 0.0000000000
115298  -61.802  9.612  -33.054 0.0000000000
115299  -63.013  9.487  -32.447 0.0000000000
115300  -30.421  7.881  -40.357 0.0000000000
115301  -31.299  7.673  -39.788 0.0000000000
115302  -36.883  8.068  -34.782 0.0000000000
115303  -37.149  7.838  -34.687 0.0000000000
115304  -37.377  7.485  -34.604 0.0000000000
115305  -43.436  10.598  -36.388 0.0000000000
115306  -43.808  10.499  -36.363 0.0000000000
115307  -44.189  10.523  -36.204 0.0000000000
115308  -48.301  13.082  -36.658 0.0000000000
115309  -49.317  12.625  -36.010 0.0000000000
115310  -50.181  11.372  -35.289 0.0000000000
115311  -36.890  8.243  -35.796 0.0000000000
115312  -37.253  7.655  -35.194 0.0000000000
115313  -43.643  11.157  -37.950 0.0000000000
115314  -44.041  11.022  -38.022 0.0000000000
115315  -48.126  13.430  -38.228 0.0000000000
115316  -49.570  13.417  -37.595 0.0000000000
115317  -50.971  12.238  -36.758 0.0000000000
115318  -51.694  11.363  -37.075 0.0000000000
115319  -36.770  8.476  -36.349 0.0000000000
115320  -36.932  8.074  -36.411 0.0000000000
115321  -43.787  11.884  -39.817 0.0000000000
115322  -44.705  11.739  -40.803 0.0000000000
115323  -45.116  11.168  -41.538 0.0000000000
115324  -46.657  13.572  -41.041 0.0000000000
115325  -47.636  13.806  -40.193 0.0000000000
115326  -49.400  13.917  -39.564 0.0000000000
115327  -50.989  13.347  -38.933 0.0000000000
115328  -52.380  12.101  -38.309 0.0000000000
115329  -53.231  11.497  -38.819 0.0000000000
115330  -36.151  8.017  -37.803 0.0000000000
115331  -45.262  11.138  -42.961 0.0000000000
115332  -45.463  10.908  -43.808 0.0000000000
115333  -46.428  13.318  -41.827 0.0000000000
115334  -47.412  13.499  -42.592 0.0000000000
115335  -49.007  13.589  -41.536 0.0000000000
115336  -50.627  13.548  -41.078 0.0000000000
115337  -51.928  12.707  -40.645 0.0000000000
115338  -53.220  11.845  -40.110 0.0000000000
115339  -35.325  7.922  -39.138 0.0000000000
115340  -34.781  7.857  -39.846 0.0000000000
115341  -45.133  10.536  -43.950 0.0000000000
115342  -48.075  12.456  -43.905 0.0000000000
115343  -49.064  13.135  -43.284 0.0000000000
115344  -49.982  13.496  -42.453 0.0000000000
115345  -52.010  12.633  -41.485 0.0000000000
115346  -52.248  11.870  -41.639 0.0000000000
115347  -35.036  8.112  -40.699 0.0000000000
115348  -48.167  11.952  -43.952 0.0000000000
115349  -48.969  12.193  -43.994 0.0000000000
115350  -49.876  11.846  -43.873 0.0000000000
115351  -50.729  11.559  -43.394 0.0000000000
115352  -51.403  11.548  -42.496 0.0000000000
115353  -41.350  9.516  -45.601 0.0000000000
115354  -42.697  10.651  -45.407 0.0000000000
116040  -58.212  10.682  -26.685 0.0000000000
116052  -54.779  10.654  -26.720 0.0000000000
116053  -55.609  10.192  -26.598 0.0000000000
116054  -56.825  9.757  -26.658 0.0000000000
116069  -54.321  10.539  -27.397 0.0000000000
116070  -54.179  9.973  -27.028 0.0000000000
116076  -54.178  10.113  -27.728 0.0000000000
116081  -54.113  9.811  -28.020 0.0000000000
116088  -54.261  9.805  -28.229 0.0000000000
116089  -54.702  10.088  -28.427 0.0000000000
116090  -55.573  10.197  -28.611 0.0000000000
116091  -56.759  10.278  -28.634 0.0000000000
116092  -58.116  10.379  -28.703 0.0000000000
116093  -59.474  10.631  -28.307 0.0000000000
116094  -60.793  10.939  -28.342 0.0000000000
116096  -62.003  11.201  -28.912 0.0000000000
116099  -28.189  12.781  -34.569 0.0000000000
116100  -28.834  12.313  -34.639 0.0000000000
116101  -28.930  12.103  -34.930 0.0000000000
116102  -45.339  11.463  -33.807 0.0000000000
116103  -46.322  11.853  -33.537 0.0000000000
116104  -47.339  12.028  -33.236 0.0000000000
116105  -48.352  11.845  -32.981 0.0000000000
116106  -49.301  11.477  -32.938 0.0000000000
116107  -50.208  10.974  -32.955 0.0000000000
116108  -51.148  10.518  -32.959 0.0000000000
116109  -52.097  10.135  -33.537 0.0000000000
116110  -52.802  10.341  -34.291 0.0000000000
116111  -62.698  11.235  -30.253 0.0000000000
116117  -28.160  11.096  -35.402 0.0000000000
116118  -28.359  10.469  -36.225 0.0000000000
116119  -34.827  8.194  -35.998 0.0000000000
116120  -35.412  8.151  -35.207 0.0000000000
116121  -36.105  7.975  -34.435 0.0000000000
116122  -36.481  7.860  -33.926 0.0000000000
116123  -42.190  11.104  -34.234 0.0000000000
116124  -42.665  10.921  -34.397 0.0000000000
116125  -43.282  10.710  -34.436 0.0000000000
116126  -44.053  10.661  -34.308 0.0000000000
116127  -44.891  11.028  -34.185 0.0000000000
116128  -45.887  11.562  -34.028 0.0000000000
116129  -47.012  12.095  -33.771 0.0000000000
116130  -48.123  11.975  -33.406 0.0000000000
116131  -49.122  11.481  -33.174 0.0000000000
116132  -52.288  9.614  -33.513 0.0000000000
116133  -53.160  9.736  -34.295 0.0000000000
116134  -54.748  9.447  -35.075 0.0000000000
116135  -56.391  9.556  -35.047 0.0000000000
116136  -58.066  9.702  -34.885 0.0000000000
116137  -59.574  10.052  -34.146 0.0000000000
116138  -61.127  10.339  -33.207 0.0000000000
116139  -62.463  10.773  -31.719 0.0000000000
116140  -27.983  9.049  -38.626 0.0000000000
116141  -28.453  8.419  -39.771 0.0000000000
116142  -32.399  7.830  -39.260 0.0000000000
116143  -33.978  8.174  -37.568 0.0000000000
116144  -35.066  8.518  -36.117 0.0000000000
116145  -35.836  8.565  -35.484 0.0000000000
116146  -36.504  8.028  -34.421 0.0000000000
116147  -42.420  10.875  -34.992 0.0000000000
116148  -42.876  10.550  -35.125 0.0000000000
116149  -43.303  10.419  -34.881 0.0000000000
116150  -61.022  9.861  -33.348 0.0000000000
116151  -61.695  10.078  -32.760 0.0000000000
116152  -28.505  9.421  -40.778 0.0000000000
116153  -29.167  8.609  -40.645 0.0000000000
116154  -31.270  8.391  -40.131 0.0000000000
116155  -32.792  8.313  -39.127 0.0000000000
116156  -35.885  9.192  -36.299 0.0000000000
116157  -36.493  8.328  -35.317 0.0000000000
116158  -36.840  8.121  -35.074 0.0000000000
116159  -42.465  11.263  -35.686 0.0000000000
116160  -42.973  10.831  -36.125 0.0000000000
116161  -28.637  9.639  -40.864 0.0000000000
116162  -29.142  9.262  -40.995 0.0000000000
116163  -30.087  8.904  -41.072 0.0000000000
116164  -35.795  9.609  -36.736 0.0000000000
116165  -36.122  9.209  -36.534 0.0000000000
116166  -36.684  8.419  -35.659 0.0000000000
116167  -42.524  11.893  -36.792 0.0000000000
116168  -43.071  11.413  -37.379 0.0000000000
116169  -36.101  9.489  -37.051 0.0000000000
116170  -36.395  8.959  -36.805 0.0000000000
116171  -36.691  8.571  -36.615 0.0000000000
116172  -42.650  12.588  -37.557 0.0000000000
116173  -43.116  12.406  -38.763 0.0000000000
116174  -36.166  9.252  -37.873 0.0000000000
116175  -36.419  8.682  -37.294 0.0000000000
116176  -43.849  13.155  -42.171 0.0000000000
116177  -51.517  13.113  -41.574 0.0000000000
116178  -51.908  12.882  -41.469 0.0000000000
116179  -36.102  9.634  -38.518 0.0000000000
116180  -35.904  8.880  -38.778 0.0000000000
116181  -34.961  8.209  -39.566 0.0000000000
116182  -50.074  13.138  -43.242 0.0000000000
116183  -50.808  13.135  -42.433 0.0000000000
116184  -51.454  12.497  -41.903 0.0000000000
116185  -51.393  11.994  -42.024 0.0000000000
116186  -35.632  8.806  -40.427 0.0000000000
116187  -43.371  13.810  -44.364 0.0000000000
116188  -43.334  12.667  -44.609 0.0000000000
116189  -43.789  11.895  -44.386 0.0000000000
116190  -49.754  12.702  -43.784 0.0000000000
116191  -50.463  12.597  -43.488 0.0000000000
116192  -50.962  12.235  -42.593 0.0000000000
116193  -51.215  12.084  -42.223 0.0000000000
116194  -36.100  8.396  -41.806 0.0000000000
116195  -41.547  11.901  -45.347 0.0000000000
116196  -43.135  11.729  -45.353 0.0000000000
116197  -43.579  11.282  -45.456 0.0000000000
116198  -37.639  9.177  -43.357 0.0000000000
116199  -38.882  10.897  -44.935 0.0000000000
116200  -39.648  12.727  -45.279 0.0000000000
116201  -38.577  12.381  -45.041 0.0000000000
116202  -38.692  13.270  -45.190 0.0000000000
116838  -58.234  11.761  -26.822 0.0000000000
116839  -59.601  11.667  -26.959 0.0000000000
116852  -54.990  11.742  -26.904 0.0000000000
116853  -55.818  11.404  -26.744 0.0000000000
116854  -56.953  11.058  -26.594 0.0000000000
116869  -54.424  11.855  -27.503 0.0000000000
116870  -54.491  11.221  -27.083 0.0000000000
116879  -54.310  11.568  -27.833 0.0000000000
116886  -54.462  11.332  -28.311 0.0000000000
116887  -54.619  12.099  -28.800 0.0000000000
116892  -54.418  10.526  -28.294 0.0000000000
116893  -54.767  11.406  -28.778 0.0000000000
116894  -55.719  11.510  -29.033 0.0000000000
116895  -56.854  11.452  -29.146 0.0000000000
116896  -58.081  11.394  -28.880 0.0000000000
116897  -59.191  11.379  -28.584 0.0000000000
116898  -60.186  11.570  -28.506 0.0000000000
116900  -29.312  15.656  -33.223 0.0000000000
116901  -29.592  15.542  -32.756 0.0000000000
116902  -29.922  15.373  -32.450 0.0000000000
116903  -47.115  12.224  -32.835 0.0000000000
116904  -47.960  12.180  -32.615 0.0000000000
116905  -48.767  12.095  -32.537 0.0000000000
116906  -49.168  12.042  -32.547 0.0000000000
116907  -61.230  11.926  -28.923 0.0000000000
116910  -27.807  14.393  -33.935 0.0000000000
116911  -28.864  14.128  -33.797 0.0000000000
116912  -29.590  14.137  -33.997 0.0000000000
116913  -29.611  15.303  -32.894 0.0000000000
116914  -41.209  11.402  -33.010 0.0000000000
116915  -41.969  11.233  -33.235 0.0000000000
116916  -42.785  11.405  -33.915 0.0000000000
116917  -43.827  11.372  -34.029 0.0000000000
116918  -44.889  11.525  -33.772 0.0000000000
116919  -45.835  11.844  -33.465 0.0000000000
116920  -46.751  12.053  -33.160 0.0000000000
116921  -47.670  12.037  -32.881 0.0000000000
116922  -48.572  11.868  -32.719 0.0000000000
116923  -49.462  11.711  -32.762 0.0000000000
116924  -50.626  11.374  -33.039 0.0000000000
116925  -51.686  11.110  -33.562 0.0000000000
116926  -52.667  10.987  -34.431 0.0000000000
116927  -61.933  11.974  -30.134 0.0000000000
116932  -28.827  12.063  -35.926 0.0000000000
116933  -40.623  11.584  -33.488 0.0000000000
116934  -41.290  11.144  -33.384 0.0000000000
116935  -41.934  11.114  -33.579 0.0000000000
116936  -42.603  11.153  -34.027 0.0000000000
116937  -43.447  11.012  -34.147 0.0000000000
116938  -44.398  11.077  -34.015 0.0000000000
116939  -53.583  10.717  -35.220 0.0000000000
116940  -54.780  10.471  -35.455 0.0000000000
116941  -56.230  10.473  -35.476 0.0000000000
116942  -58.059  11.004  -35.233 0.0000000000
116943  -59.482  11.012  -34.472 0.0000000000
116944  -61.068  11.677  -33.532 0.0000000000
116945  -62.154  11.606  -31.773 0.0000000000
116946  -27.953  10.327  -38.406 0.0000000000
116947  -27.883  9.168  -39.296 0.0000000000
116948  -34.200  9.021  -37.798 0.0000000000
116949  -34.748  9.004  -36.883 0.0000000000
116950  -35.347  8.826  -36.215 0.0000000000
116951  -40.963  12.031  -34.400 0.0000000000
116952  -41.745  11.361  -34.324 0.0000000000
116953  -59.126  11.912  -35.444 0.0000000000
116954  -59.735  11.808  -35.061 0.0000000000
116955  -60.371  11.763  -34.500 0.0000000000
116956  -28.154  9.868  -40.016 0.0000000000
116957  -28.037  9.172  -39.797 0.0000000000
116958  -31.268  9.374  -40.791 0.0000000000
116959  -33.114  9.149  -39.024 0.0000000000
116960  -34.487  9.753  -37.941 0.0000000000
116961  -35.360  9.293  -36.604 0.0000000000
116962  -41.359  12.742  -35.566 0.0000000000
116963  -41.992  11.992  -35.370 0.0000000000
116964  -28.383  10.127  -40.515 0.0000000000
116965  -29.127  10.087  -40.795 0.0000000000
116966  -30.082  9.525  -40.522 0.0000000000
116967  -34.700  10.473  -38.088 0.0000000000
116968  -35.321  10.177  -37.434 0.0000000000
116969  -35.748  9.776  -37.022 0.0000000000
116970  -41.841  13.551  -36.857 0.0000000000
116971  -42.196  12.682  -36.649 0.0000000000
116972  -35.326  10.665  -37.999 0.0000000000
116973  -35.761  10.163  -37.742 0.0000000000
116974  -36.048  9.612  -37.393 0.0000000000
116975  -42.051  13.971  -37.686 0.0000000000
116976  -42.623  13.641  -38.518 0.0000000000
116977  -43.219  13.209  -39.943 0.0000000000
116978  -35.927  10.609  -38.836 0.0000000000
116979  -36.049  9.929  -38.275 0.0000000000
116980  -42.734  14.702  -40.726 0.0000000000
116981  -43.090  13.825  -40.721 0.0000000000
116982  -36.201  11.165  -39.613 0.0000000000
116983  -42.742  15.059  -41.713 0.0000000000
116984  -43.079  14.631  -42.526 0.0000000000
116985  -36.484  10.203  -39.519 0.0000000000
116986  -42.353  14.271  -44.404 0.0000000000
116987  -37.248  10.326  -41.947 0.0000000000
116988  -40.867  13.900  -44.931 0.0000000000
116989  -37.871  10.529  -43.882 0.0000000000
116990  -38.016  11.624  -44.474 0.0000000000
116991  -39.451  13.830  -44.753 0.0000000000
116992  -37.626  13.162  -45.001 0.0000000000
116993  -38.433  13.946  -45.274 0.0000000000
117613  -58.290  12.227  -27.040 0.0000000000
117614  -59.178  12.549  -27.172 0.0000000000
117615  -60.750  12.912  -26.545 0.0000000000
117618  -28.747  12.055  -21.557 0.0000000000
117619  -30.919  13.138  -22.102 0.0000000000
117630  -55.065  12.193  -27.067 0.0000000000
117631  -55.744  12.373  -27.167 0.0000000000
117632  -57.591  12.443  -27.118 0.0000000000
117633  -59.210  13.515  -27.198 0.0000000000
117634  -28.422  11.873  -21.713 0.0000000000
117635  -28.656  11.834  -21.639 0.0000000000
117650  -54.491  12.381  -27.613 0.0000000000
117651  -54.924  12.525  -27.526 0.0000000000
117652  -55.873  13.240  -27.597 0.0000000000
117669  -54.693  12.812  -28.029 0.0000000000
117670  -54.863  13.051  -27.899 0.0000000000
117677  -54.508  12.653  -28.514 0.0000000000
117678  -54.621  12.770  -28.951 0.0000000000
117680  -28.851  16.615  -31.650 0.0000000000
117681  -28.935  16.078  -30.851 0.0000000000
117682  -55.000  12.944  -29.179 0.0000000000
117683  -55.864  13.239  -29.677 0.0000000000
117684  -57.201  12.924  -29.429 0.0000000000
117685  -58.537  12.714  -29.086 0.0000000000
117686  -59.391  12.216  -28.814 0.0000000000
117687  -59.805  11.931  -28.582 0.0000000000
117689  -28.190  16.704  -32.646 0.0000000000
117690  -28.955  16.603  -32.617 0.0000000000
117691  -29.103  16.055  -32.196 0.0000000000
117692  -29.598  15.621  -31.301 0.0000000000
117693  -39.667  12.855  -32.132 0.0000000000
117694  -39.918  12.837  -32.067 0.0000000000
117695  -46.620  12.422  -32.876 0.0000000000
117696  -47.416  12.521  -32.585 0.0000000000
117697  -48.268  12.514  -32.466 0.0000000000
117698  -49.136  12.387  -32.558 0.0000000000
117699  -49.562  12.548  -32.874 0.0000000000
117700  -56.669  14.343  -30.094 0.0000000000
117701  -57.613  14.258  -29.991 0.0000000000
117702  -59.431  14.236  -30.065 0.0000000000
117703  -60.128  13.121  -29.443 0.0000000000
117704  -60.414  12.357  -28.872 0.0000000000
117706  -25.721  16.126  -33.719 0.0000000000
117707  -27.383  16.022  -33.446 0.0000000000
117708  -28.627  15.854  -33.332 0.0000000000
117709  -29.623  14.359  -33.912 0.0000000000
117710  -29.728  15.473  -32.655 0.0000000000
117711  -29.607  15.913  -30.749 0.0000000000
117712  -39.293  12.932  -32.654 0.0000000000
117713  -39.802  12.512  -32.539 0.0000000000
117714  -40.406  12.361  -32.513 0.0000000000
117715  -41.374  11.836  -32.860 0.0000000000
117716  -42.256  11.670  -33.324 0.0000000000
117717  -43.233  11.732  -33.949 0.0000000000
117718  -44.415  11.789  -33.895 0.0000000000
117719  -45.446  11.941  -33.487 0.0000000000
117720  -46.293  12.135  -33.138 0.0000000000
117721  -49.401  12.034  -32.644 0.0000000000
117722  -49.989  12.119  -33.113 0.0000000000
117723  -51.303  11.945  -33.761 0.0000000000
117724  -52.462  11.877  -34.716 0.0000000000
117725  -60.566  14.393  -31.787 0.0000000000
117726  -61.056  13.827  -30.643 0.0000000000
117727  -61.338  12.888  -29.682 0.0000000000
117732  -29.621  13.490  -35.056 0.0000000000
117733  -29.796  14.471  -34.035 0.0000000000
117734  -38.689  13.862  -33.861 0.0000000000
117735  -39.261  12.886  -33.340 0.0000000000
117736  -39.781  12.143  -33.017 0.0000000000
117737  -40.501  11.744  -32.926 0.0000000000
117738  -53.868  11.919  -35.802 0.0000000000
117739  -55.062  11.627  -35.756 0.0000000000
117740  -56.321  11.414  -35.779 0.0000000000
117741  -57.202  11.260  -35.659 0.0000000000
117742  -60.535  14.029  -32.795 0.0000000000
117743  -60.847  13.319  -32.793 0.0000000000
117744  -61.638  12.666  -31.462 0.0000000000
117745  -29.062  12.199  -36.956 0.0000000000
117746  -29.726  13.694  -35.547 0.0000000000
117747  -38.695  14.191  -34.667 0.0000000000
117748  -39.244  13.148  -34.218 0.0000000000
117749  -39.886  12.241  -33.779 0.0000000000
117750  -54.660  12.696  -36.189 0.0000000000
117751  -55.338  12.583  -36.271 0.0000000000
117752  -56.663  12.439  -36.212 0.0000000000
117753  -58.128  12.235  -35.638 0.0000000000
117754  -59.810  12.508  -35.275 0.0000000000
117755  -60.437  12.372  -34.335 0.0000000000
117756  -28.216  11.150  -39.087 0.0000000000
117757  -29.014  12.873  -37.853 0.0000000000
117758  -31.576  9.875  -41.323 0.0000000000
117759  -32.460  10.024  -40.024 0.0000000000
117760  -33.486  10.007  -38.939 0.0000000000
117761  -38.806  14.466  -35.173 0.0000000000
117762  -39.522  14.099  -35.333 0.0000000000
117763  -40.200  12.839  -34.793 0.0000000000
117764  -28.187  10.612  -40.071 0.0000000000
117765  -28.664  11.533  -40.192 0.0000000000
117766  -30.381  10.640  -41.053 0.0000000000
117767  -32.080  10.420  -41.334 0.0000000000
117768  -33.823  10.779  -39.469 0.0000000000
117769  -34.784  10.784  -38.293 0.0000000000
117770  -40.447  15.045  -36.840 0.0000000000
117771  -40.819  13.745  -36.039 0.0000000000
117772  -34.192  11.517  -39.830 0.0000000000
117773  -34.850  11.324  -39.035 0.0000000000
117774  -35.443  10.895  -38.385 0.0000000000
117775  -41.143  16.098  -38.689 0.0000000000
117776  -41.605  14.603  -37.519 0.0000000000
117777  -42.192  14.337  -38.142 0.0000000000
117778  -35.331  12.166  -40.693 0.0000000000
117779  -35.796  11.320  -39.400 0.0000000000
117780  -42.203  15.116  -39.251 0.0000000000
117781  -35.699  12.665  -41.699 0.0000000000
117782  -42.417  15.025  -43.360 0.0000000000
117783  -41.748  15.010  -43.992 0.0000000000
117784  -40.244  15.031  -43.941 0.0000000000
117785  -37.932  11.080  -43.409 0.0000000000
117786  -38.901  14.568  -44.728 0.0000000000
117787  -37.763  14.558  -45.126 0.0000000000
117788  -37.219  13.936  -45.188 0.0000000000
118369  -60.204  13.663  -26.676 0.0000000000
118370  -61.722  14.507  -25.925 0.0000000000
118373  -29.186  12.598  -22.093 0.0000000000
118374  -32.044  13.607  -22.838 0.0000000000
118375  -33.343  14.135  -23.245 0.0000000000
118382  -56.991  13.510  -27.623 0.0000000000
118383  -58.607  14.245  -27.343 0.0000000000
118384  -60.224  14.926  -26.386 0.0000000000
118385  -61.745  15.726  -25.768 0.0000000000
118386  -28.110  12.453  -22.181 0.0000000000
118393  -55.737  13.747  -27.956 0.0000000000
118394  -56.609  14.345  -27.945 0.0000000000
118400  -27.011  13.183  -22.909 0.0000000000
118401  -28.473  13.925  -23.512 0.0000000000
118414  -55.195  13.862  -28.654 0.0000000000
118415  -55.394  13.928  -28.382 0.0000000000
118419  -24.300  15.032  -25.369 0.0000000000
118423  -55.071  13.979  -28.973 0.0000000000
118424  -54.932  13.537  -29.186 0.0000000000
118426  -28.652  16.651  -30.868 0.0000000000
118427  -28.745  16.440  -30.106 0.0000000000
118428  -54.880  14.713  -29.512 0.0000000000
118429  -54.995  14.261  -29.660 0.0000000000
118430  -55.278  13.962  -29.974 0.0000000000
118432  -27.906  16.972  -32.096 0.0000000000
118433  -28.469  16.863  -31.686 0.0000000000
118434  -39.215  13.624  -32.330 0.0000000000
118435  -39.300  13.346  -32.134 0.0000000000
118436  -39.654  13.132  -31.903 0.0000000000
118437  -45.673  12.498  -33.407 0.0000000000
118438  -46.073  12.578  -33.182 0.0000000000
118439  -46.868  12.852  -32.734 0.0000000000
118440  -47.721  13.004  -32.472 0.0000000000
118441  -48.584  12.985  -32.463 0.0000000000
118442  -49.277  12.893  -32.794 0.0000000000
118443  -55.418  14.825  -30.112 0.0000000000
118444  -56.072  14.739  -30.218 0.0000000000
118445  -57.535  15.249  -30.214 0.0000000000
118446  -58.864  15.288  -30.645 0.0000000000
118450  -24.539  16.908  -32.750 0.0000000000
118451  -26.824  16.818  -32.439 0.0000000000
118452  -29.650  15.602  -32.096 0.0000000000
118453  -29.364  15.922  -30.856 0.0000000000
118454  -29.192  16.151  -31.738 0.0000000000
118455  -38.456  14.507  -33.151 0.0000000000
118456  -39.025  13.939  -32.665 0.0000000000
118457  -39.309  13.002  -32.228 0.0000000000
118458  -40.135  12.996  -32.046 0.0000000000
118459  -40.872  12.722  -32.444 0.0000000000
118460  -41.776  12.432  -33.014 0.0000000000
118461  -42.685  12.309  -33.799 0.0000000000
118462  -43.789  12.306  -34.219 0.0000000000
118463  -45.193  12.424  -33.764 0.0000000000
118464  -45.934  12.262  -33.210 0.0000000000
118465  -49.973  12.842  -33.448 0.0000000000
118466  -50.858  12.573  -34.191 0.0000000000
118467  -52.088  12.643  -34.964 0.0000000000
118468  -59.990  15.320  -31.734 0.0000000000
118473  -29.764  15.414  -32.931 0.0000000000
118474  -29.510  15.662  -32.523 0.0000000000
118475  -36.561  15.304  -34.294 0.0000000000
118476  -37.974  14.785  -33.670 0.0000000000
118477  -38.995  13.910  -33.155 0.0000000000
118478  -53.648  12.904  -36.197 0.0000000000
118479  -54.652  13.648  -36.913 0.0000000000
118480  -60.092  14.355  -33.447 0.0000000000
118481  -60.384  13.747  -33.301 0.0000000000
118482  -29.865  14.620  -34.305 0.0000000000
118483  -29.988  15.116  -33.824 0.0000000000
118484  -36.597  15.624  -35.490 0.0000000000
118485  -37.813  14.807  -34.501 0.0000000000
118486  -54.329  12.758  -36.189 0.0000000000
118487  -55.158  13.290  -36.827 0.0000000000
118488  -56.725  13.467  -36.724 0.0000000000
118489  -58.273  13.498  -36.214 0.0000000000
118490  -59.541  13.532  -35.158 0.0000000000
118491  -60.168  13.322  -34.061 0.0000000000
118492  -29.806  14.685  -35.445 0.0000000000
118493  -29.936  14.797  -34.480 0.0000000000
118494  -37.111  16.457  -36.881 0.0000000000
118495  -38.200  15.211  -35.659 0.0000000000
118496  -38.940  14.722  -35.500 0.0000000000
118497  -29.047  14.384  -39.136 0.0000000000
118498  -29.072  12.686  -41.769 0.0000000000
118499  -31.438  11.844  -41.262 0.0000000000
118500  -32.657  10.934  -41.509 0.0000000000
118501  -37.476  17.050  -37.785 0.0000000000
118502  -38.478  16.614  -37.729 0.0000000000
118503  -39.266  15.300  -36.403 0.0000000000
118504  -28.807  15.470  -40.164 0.0000000000
118505  -28.927  14.751  -41.280 0.0000000000
118506  -30.979  13.950  -42.539 0.0000000000
118507  -33.205  11.661  -41.860 0.0000000000
118508  -34.174  11.725  -40.156 0.0000000000
118509  -39.828  17.301  -39.571 0.0000000000
118510  -39.896  16.135  -37.783 0.0000000000
118511  -32.667  15.197  -42.875 0.0000000000
118512  -33.237  13.461  -42.664 0.0000000000
118513  -34.252  12.071  -41.561 0.0000000000
118514  -40.000  17.339  -41.152 0.0000000000
118515  -33.579  15.597  -42.777 0.0000000000
118516  -33.920  14.725  -43.026 0.0000000000
118517  -34.662  13.250  -42.714 0.0000000000
119058  -62.156  17.334  -24.790 0.0000000000
119059  -62.358  16.033  -24.476 0.0000000000
119062  -31.223  14.124  -23.573 0.0000000000
119063  -32.514  14.527  -24.042 0.0000000000
119064  -33.786  14.854  -24.258 0.0000000000
119069  -57.822  15.125  -27.565 0.0000000000
119070  -59.741  16.417  -26.873 0.0000000000
119071  -61.144  16.510  -25.578 0.0000000000
119072  -62.153  16.495  -25.391 0.0000000000
119073  -31.659  15.375  -24.738 0.0000000000
119074  -32.779  15.717  -24.892 0.0000000000
119075  -34.168  15.743  -24.864 0.0000000000
119079  -56.147  15.223  -28.247 0.0000000000
119080  -57.274  15.992  -28.062 0.0000000000
119081  -58.501  16.511  -27.705 0.0000000000
119082  -25.037  14.610  -24.724 0.0000000000
119083  -26.278  15.043  -24.786 0.0000000000
119084  -27.820  15.539  -24.897 0.0000000000
119085  -31.546  16.867  -25.717 0.0000000000
119086  -32.637  16.754  -26.104 0.0000000000
119087  -34.054  16.173  -25.747 0.0000000000
119099  -55.157  15.330  -28.939 0.0000000000
119100  -55.699  16.223  -28.922 0.0000000000
119103  -23.841  16.490  -26.375 0.0000000000
119104  -25.311  16.877  -26.318 0.0000000000
119105  -27.013  17.170  -26.444 0.0000000000
119106  -28.870  16.896  -27.334 0.0000000000
119107  -30.347  16.824  -28.311 0.0000000000
119108  -32.279  16.739  -27.182 0.0000000000
119109  -33.811  16.315  -26.351 0.0000000000
119115  -55.144  15.952  -29.468 0.0000000000
119118  -26.106  18.059  -27.448 0.0000000000
119119  -27.400  17.065  -28.574 0.0000000000
119120  -28.460  16.659  -29.983 0.0000000000
119121  -31.739  16.571  -27.874 0.0000000000
119122  -33.685  16.470  -26.933 0.0000000000
119123  -34.860  16.728  -26.187 0.0000000000
119124  -55.220  15.993  -29.697 0.0000000000
119125  -55.468  15.812  -29.933 0.0000000000
119128  -26.157  16.797  -29.200 0.0000000000
119129  -27.361  16.287  -30.790 0.0000000000
119130  -28.235  16.338  -30.857 0.0000000000
119131  -29.836  16.538  -29.397 0.0000000000
119132  -30.369  16.608  -28.864 0.0000000000
119133  -39.168  13.893  -32.465 0.0000000000
119134  -39.382  13.736  -32.072 0.0000000000
119135  -39.839  13.425  -31.913 0.0000000000
119136  -45.743  12.719  -33.510 0.0000000000
119137  -46.293  13.087  -33.238 0.0000000000
119138  -47.179  13.500  -32.867 0.0000000000
119139  -48.083  13.606  -32.622 0.0000000000
119140  -48.864  13.459  -32.908 0.0000000000
119141  -49.521  13.250  -33.319 0.0000000000
119142  -56.146  15.815  -30.089 0.0000000000
119143  -57.250  16.172  -30.526 0.0000000000
119144  -58.538  16.107  -31.072 0.0000000000
119145  -59.317  15.835  -31.717 0.0000000000
119148  -23.753  17.366  -31.335 0.0000000000
119149  -25.504  16.566  -30.957 0.0000000000
119150  -26.643  16.208  -31.414 0.0000000000
119151  -28.906  16.297  -30.596 0.0000000000
119152  -28.752  16.862  -32.029 0.0000000000
119153  -35.906  15.579  -33.424 0.0000000000
119154  -37.290  15.158  -33.289 0.0000000000
119155  -38.423  14.720  -32.984 0.0000000000
119156  -39.754  13.892  -32.050 0.0000000000
119157  -40.363  13.603  -32.160 0.0000000000
119158  -41.200  13.381  -32.896 0.0000000000
119159  -42.075  13.190  -33.882 0.0000000000
119160  -43.087  13.126  -34.658 0.0000000000
119161  -44.150  13.160  -34.821 0.0000000000
119162  -45.444  13.237  -34.254 0.0000000000
119163  -46.449  13.712  -33.671 0.0000000000
119164  -47.129  14.016  -33.311 0.0000000000
119165  -48.391  13.892  -32.985 0.0000000000
119166  -48.786  13.914  -33.434 0.0000000000
119167  -50.014  13.350  -33.842 0.0000000000
119168  -50.716  13.285  -34.626 0.0000000000
119169  -51.622  13.128  -35.090 0.0000000000
119170  -59.582  15.699  -32.462 0.0000000000
119171  -35.370  15.991  -33.889 0.0000000000
119172  -36.891  15.290  -33.717 0.0000000000
119173  -43.430  13.600  -35.314 0.0000000000
119174  -43.740  13.826  -35.647 0.0000000000
119175  -51.668  13.599  -35.735 0.0000000000
119176  -52.785  13.544  -36.414 0.0000000000
119177  -54.358  14.068  -37.054 0.0000000000
119178  -59.723  15.384  -33.355 0.0000000000
119179  -29.534  15.709  -33.432 0.0000000000
119180  -35.152  16.362  -35.355 0.0000000000
119181  -55.377  14.115  -37.800 0.0000000000
119182  -56.635  14.466  -37.270 0.0000000000
119183  -58.031  14.666  -36.463 0.0000000000
119184  -59.348  14.923  -35.096 0.0000000000
119185  -27.817  17.916  -33.756 0.0000000000
119186  -35.440  17.140  -37.053 0.0000000000
119187  -29.637  18.023  -35.311 0.0000000000
119188  -29.740  16.531  -35.627 0.0000000000
119189  -35.361  18.628  -38.862 0.0000000000
119190  -36.647  17.781  -38.325 0.0000000000
119191  -37.618  17.496  -38.652 0.0000000000
119192  -29.028  16.782  -39.245 0.0000000000
119193  -29.142  16.453  -39.094 0.0000000000
119194  -28.942  16.079  -40.663 0.0000000000
119195  -29.804  15.665  -41.681 0.0000000000
119196  -36.062  18.772  -39.621 0.0000000000
119197  -37.177  18.447  -39.661 0.0000000000
119198  -38.336  17.969  -39.714 0.0000000000
119199  -29.087  16.826  -39.473 0.0000000000
119200  -29.098  16.825  -40.054 0.0000000000
119201  -29.845  16.759  -40.947 0.0000000000
119202  -31.433  16.482  -42.232 0.0000000000
119203  -36.337  18.661  -40.644 0.0000000000
119204  -37.291  18.196  -41.102 0.0000000000
119205  -38.788  17.758  -41.657 0.0000000000
119206  -39.912  16.406  -42.495 0.0000000000
119207  -33.240  16.533  -42.824 0.0000000000
119208  -34.383  15.798  -42.627 0.0000000000
119209  -35.350  14.756  -43.311 0.0000000000
119210  -35.535  13.212  -43.220 0.0000000000
119211  -36.562  13.921  -44.438 0.0000000000
119753  -60.646  19.439  -24.837 0.0000000000
119754  -61.467  18.282  -23.807 0.0000000000
119755  -62.400  17.500  -23.288 0.0000000000
119759  -60.699  18.819  -26.762 0.0000000000
119760  -61.563  18.078  -25.631 0.0000000000
119763  -56.898  17.396  -28.993 0.0000000000
119764  -58.474  17.665  -28.525 0.0000000000
119765  -59.679  17.893  -27.751 0.0000000000
119775  -55.282  17.976  -29.547 0.0000000000
119776  -56.129  17.788  -29.669 0.0000000000
119777  -23.352  17.363  -27.543 0.0000000000
119778  -24.500  17.895  -27.186 0.0000000000
119779  -25.294  18.162  -27.114 0.0000000000
119787  -55.245  17.706  -29.545 0.0000000000
119788  -22.972  17.964  -28.874 0.0000000000
119789  -24.114  18.153  -28.429 0.0000000000
119790  -25.233  18.031  -27.990 0.0000000000
119791  -32.050  16.766  -28.316 0.0000000000
119792  -34.030  16.849  -27.259 0.0000000000
119793  -35.240  17.091  -26.217 0.0000000000
119795  -55.954  17.661  -29.659 0.0000000000
119796  -56.290  16.726  -29.565 0.0000000000
119797  -23.067  17.910  -30.181 0.0000000000
119798  -23.885  17.099  -29.710 0.0000000000
119799  -25.013  17.307  -29.514 0.0000000000
119800  -27.742  17.248  -31.322 0.0000000000
119801  -28.844  16.808  -29.677 0.0000000000
119802  -30.152  16.807  -28.840 0.0000000000
119803  -38.831  14.671  -32.705 0.0000000000
119804  -39.341  14.438  -32.438 0.0000000000
119805  -47.695  14.040  -33.004 0.0000000000
119806  -48.090  14.008  -32.938 0.0000000000
119807  -49.350  13.675  -33.657 0.0000000000
119808  -49.728  13.500  -33.769 0.0000000000
119809  -56.666  18.560  -29.683 0.0000000000
119810  -56.901  17.504  -30.588 0.0000000000
119811  -58.551  17.282  -31.971 0.0000000000
119812  -59.135  16.328  -32.217 0.0000000000
119813  -59.406  15.970  -32.364 0.0000000000
119814  -23.317  17.797  -30.781 0.0000000000
119815  -23.946  17.641  -30.750 0.0000000000
119816  -24.667  16.942  -30.331 0.0000000000
119817  -34.076  17.610  -35.183 0.0000000000
119818  -35.496  16.169  -33.736 0.0000000000
119819  -37.272  15.661  -33.177 0.0000000000
119820  -38.154  15.199  -32.931 0.0000000000
119821  -39.869  14.513  -32.536 0.0000000000
119822  -40.641  14.442  -33.016 0.0000000000
119823  -41.406  14.244  -34.061 0.0000000000
119824  -42.498  14.265  -35.078 0.0000000000
119825  -43.030  13.736  -35.336 0.0000000000
119826  -44.432  14.131  -35.649 0.0000000000
119827  -45.697  14.295  -34.658 0.0000000000
119828  -46.684  14.348  -34.062 0.0000000000
119829  -47.432  14.357  -33.638 0.0000000000
119830  -48.225  14.367  -33.699 0.0000000000
119831  -49.246  14.372  -34.329 0.0000000000
119832  -50.084  13.853  -34.540 0.0000000000
119833  -51.031  13.927  -35.783 0.0000000000
119834  -58.972  17.341  -34.131 0.0000000000
119835  -59.265  16.610  -33.357 0.0000000000
119836  -59.444  15.981  -32.998 0.0000000000
119837  -34.597  16.408  -34.111 0.0000000000
119838  -42.726  14.835  -35.965 0.0000000000
119839  -43.197  14.356  -35.934 0.0000000000
119840  -43.706  14.343  -36.060 0.0000000000
119841  -48.467  14.727  -34.551 0.0000000000
119842  -48.739  14.598  -34.375 0.0000000000
119843  -52.367  14.416  -36.814 0.0000000000
119844  -54.370  15.028  -37.920 0.0000000000
119845  -55.123  14.628  -37.921 0.0000000000
119846  -58.623  16.739  -35.721 0.0000000000
119847  -59.109  16.393  -34.673 0.0000000000
119848  -59.406  15.873  -34.098 0.0000000000
119849  -55.659  16.212  -37.838 0.0000000000
119850  -56.276  15.527  -37.883 0.0000000000
119851  -57.819  15.718  -36.879 0.0000000000
119852  -58.701  15.737  -35.659 0.0000000000
119853  -59.119  15.759  -34.895 0.0000000000
119854  -34.762  19.192  -39.389 0.0000000000
119855  -29.788  17.467  -37.422 0.0000000000
119856  -29.703  16.865  -37.713 0.0000000000
119857  -35.207  19.283  -39.732 0.0000000000
119858  -29.412  17.015  -39.004 0.0000000000
119859  -29.449  16.976  -38.383 0.0000000000
119860  -32.895  18.992  -39.773 0.0000000000
119861  -34.297  19.184  -40.039 0.0000000000
119862  -35.201  18.862  -40.626 0.0000000000
119863  -29.319  17.034  -39.615 0.0000000000
119864  -29.728  17.334  -40.072 0.0000000000
119865  -31.310  17.841  -40.583 0.0000000000
119866  -33.525  18.075  -41.493 0.0000000000
119867  -35.654  17.869  -41.753 0.0000000000
119868  -37.073  17.305  -42.696 0.0000000000
119869  -38.200  16.669  -43.600 0.0000000000
119870  -38.761  15.630  -44.379 0.0000000000
119871  -34.422  17.121  -42.607 0.0000000000
119872  -35.582  16.525  -43.012 0.0000000000
119873  -36.812  15.732  -43.973 0.0000000000
119874  -37.777  15.551  -44.525 0.0000000000
119875  -37.200  15.004  -44.772 0.0000000000
120450  -52.961  19.203  -22.945 0.0000000000
120451  -53.599  19.925  -23.503 0.0000000000
120452  -55.043  21.375  -23.484 0.0000000000
120453  -56.913  21.501  -23.547 0.0000000000
120454  -58.847  20.918  -24.551 0.0000000000
120455  -59.430  21.626  -25.940 0.0000000000
120458  -52.255  19.319  -25.714 0.0000000000
120459  -52.675  19.583  -24.925 0.0000000000
120460  -53.719  21.549  -25.193 0.0000000000
120461  -54.947  22.494  -24.869 0.0000000000
120462  -60.150  20.635  -26.278 0.0000000000
120463  -59.749  21.606  -26.644 0.0000000000
120466  -51.699  18.551  -27.304 0.0000000000
120467  -52.058  18.950  -26.760 0.0000000000
120468  -52.774  20.747  -27.169 0.0000000000
120469  -53.812  22.319  -27.285 0.0000000000
120470  -57.351  18.576  -29.778 0.0000000000
120471  -58.099  18.850  -29.546 0.0000000000
120472  -59.595  19.764  -28.246 0.0000000000
120482  -51.355  18.127  -27.869 0.0000000000
120483  -52.119  18.379  -28.138 0.0000000000
120484  -52.882  19.590  -28.632 0.0000000000
120485  -54.345  20.773  -29.293 0.0000000000
120486  -56.723  19.483  -29.635 0.0000000000
120487  -58.444  20.336  -29.515 0.0000000000
120488  -58.973  20.748  -28.633 0.0000000000
120497  -50.715  17.408  -28.864 0.0000000000
120498  -51.729  17.824  -28.772 0.0000000000
120499  -52.877  18.785  -29.400 0.0000000000
120500  -54.082  19.089  -29.619 0.0000000000
120501  -32.100  17.376  -28.601 0.0000000000
120502  -33.205  17.293  -28.175 0.0000000000
120503  -34.632  17.622  -27.394 0.0000000000
120504  -35.806  17.568  -25.805 0.0000000000
120505  -50.744  17.191  -29.315 0.0000000000
120506  -51.277  17.540  -29.328 0.0000000000
120507  -52.361  18.557  -29.539 0.0000000000
120508  -54.295  19.031  -29.822 0.0000000000
120509  -26.846  18.556  -32.692 0.0000000000
120510  -28.166  18.501  -31.998 0.0000000000
120511  -28.774  18.359  -30.476 0.0000000000
120512  -30.461  17.826  -29.110 0.0000000000
120513  -32.407  18.016  -28.652 0.0000000000
120514  -33.537  17.825  -28.291 0.0000000000
120515  -38.765  15.178  -32.796 0.0000000000
120516  -39.037  14.877  -32.619 0.0000000000
120517  -55.907  19.440  -30.066 0.0000000000
120518  -57.024  19.321  -30.475 0.0000000000
120519  -58.032  18.883  -31.360 0.0000000000
120520  -27.208  17.516  -32.459 0.0000000000
120521  -31.252  20.394  -36.571 0.0000000000
120522  -33.063  19.458  -36.429 0.0000000000
120523  -34.656  18.165  -35.173 0.0000000000
120524  -36.206  17.046  -33.892 0.0000000000
120525  -37.991  16.063  -33.116 0.0000000000
120526  -39.168  15.598  -32.922 0.0000000000
120527  -40.066  15.636  -33.458 0.0000000000
120528  -40.918  15.557  -34.199 0.0000000000
120529  -41.744  15.436  -35.054 0.0000000000
120530  -44.387  14.975  -36.382 0.0000000000
120531  -45.120  15.071  -35.779 0.0000000000
120532  -46.128  15.076  -35.077 0.0000000000
120533  -47.089  14.823  -34.541 0.0000000000
120534  -47.668  14.607  -34.138 0.0000000000
120535  -49.630  14.818  -35.186 0.0000000000
120536  -50.110  14.548  -35.382 0.0000000000
120537  -50.545  14.192  -35.692 0.0000000000
120538  -58.285  18.370  -33.305 0.0000000000
120539  -42.324  15.503  -35.902 0.0000000000
120540  -42.747  15.483  -36.719 0.0000000000
120541  -43.632  15.235  -36.908 0.0000000000
120542  -44.600  15.653  -37.199 0.0000000000
120543  -45.678  15.668  -36.662 0.0000000000
120544  -46.715  15.633  -35.868 0.0000000000
120545  -47.906  15.139  -35.145 0.0000000000
120546  -49.089  15.159  -35.291 0.0000000000
120547  -50.151  15.304  -36.122 0.0000000000
120548  -51.349  15.057  -36.708 0.0000000000
120549  -53.306  15.810  -37.948 0.0000000000
120550  -58.248  17.791  -35.279 0.0000000000
120551  -55.153  16.940  -37.854 0.0000000000
120552  -56.541  17.162  -37.405 0.0000000000
120553  -57.576  16.895  -36.706 0.0000000000
120554  -30.003  17.764  -38.578 0.0000000000
120555  -31.220  18.255  -38.506 0.0000000000
120556  -29.567  17.481  -39.387 0.0000000000
120557  -30.677  17.637  -39.350 0.0000000000
120558  -31.600  18.717  -39.461 0.0000000000
121141  -52.520  19.385  -24.344 0.0000000000
121142  -52.779  19.365  -23.699 0.0000000000
121143  -56.000  22.520  -24.334 0.0000000000
121144  -57.385  22.504  -25.044 0.0000000000
121145  -58.714  22.245  -25.742 0.0000000000
121146  -59.294  22.118  -26.501 0.0000000000
121149  -51.632  19.305  -26.144 0.0000000000
121150  -52.112  19.450  -25.387 0.0000000000
121151  -52.517  19.306  -24.625 0.0000000000
121152  -54.492  22.709  -26.056 0.0000000000
121153  -55.730  23.073  -25.913 0.0000000000
121154  -57.007  22.829  -26.162 0.0000000000
121155  -59.836  21.170  -27.293 0.0000000000
121156  -59.599  21.997  -27.257 0.0000000000
121158  -51.444  19.043  -27.007 0.0000000000
121159  -51.811  19.161  -26.392 0.0000000000
121160  -54.673  23.061  -27.038 0.0000000000
121161  -55.572  22.992  -27.706 0.0000000000
121162  -59.314  21.375  -28.043 0.0000000000
121163  -59.269  22.069  -27.845 0.0000000000
121168  -49.843  17.853  -28.338 0.0000000000
121169  -50.310  18.037  -28.215 0.0000000000
121170  -54.894  22.177  -28.032 0.0000000000
121171  -56.026  21.860  -29.123 0.0000000000
121172  -57.450  21.352  -29.407 0.0000000000
121173  -58.470  21.467  -28.745 0.0000000000
121174  -36.633  18.386  -24.998 0.0000000000
121182  -49.856  17.776  -28.574 0.0000000000
121183  -50.011  17.462  -28.871 0.0000000000
121184  -34.834  18.399  -27.628 0.0000000000
121185  -35.774  18.345  -26.452 0.0000000000
121186  -49.323  20.388  -29.887 0.0000000000
121187  -50.345  17.332  -29.345 0.0000000000
121188  -50.965  17.483  -29.650 0.0000000000
121189  -51.981  18.298  -29.671 0.0000000000
121190  -53.302  19.356  -29.682 0.0000000000
121191  -26.735  19.239  -32.941 0.0000000000
121192  -27.231  19.603  -32.476 0.0000000000
121193  -28.353  19.891  -31.365 0.0000000000
121194  -29.193  19.951  -29.713 0.0000000000
121195  -31.314  19.388  -29.103 0.0000000000
121196  -33.544  18.746  -28.436 0.0000000000
121197  -49.124  20.642  -29.894 0.0000000000
121198  -49.168  20.757  -30.115 0.0000000000
121199  -50.585  17.979  -29.846 0.0000000000
121200  -51.392  18.685  -30.060 0.0000000000
121201  -52.949  20.250  -29.240 0.0000000000
121202  -54.807  20.711  -29.711 0.0000000000
121203  -56.759  21.009  -30.331 0.0000000000
121204  -57.662  20.189  -31.005 0.0000000000
121205  -26.874  18.843  -33.380 0.0000000000
121206  -31.122  21.089  -36.633 0.0000000000
121207  -31.829  21.130  -36.620 0.0000000000
121208  -33.765  20.285  -36.516 0.0000000000
121209  -35.600  19.182  -35.665 0.0000000000
121210  -37.264  18.174  -34.754 0.0000000000
121211  -38.635  17.421  -33.977 0.0000000000
121212  -39.656  17.193  -33.840 0.0000000000
121213  -40.549  17.153  -34.451 0.0000000000
121214  -41.124  16.815  -35.644 0.0000000000
121215  -41.466  17.008  -36.572 0.0000000000
121216  -57.380  21.160  -31.642 0.0000000000
121217  -57.771  19.722  -32.416 0.0000000000
121218  -31.123  22.237  -36.605 0.0000000000
121219  -41.732  16.243  -35.989 0.0000000000
121220  -42.000  16.696  -36.961 0.0000000000
121221  -42.559  16.742  -38.174 0.0000000000
121222  -43.794  16.935  -38.572 0.0000000000
121223  -45.162  16.686  -38.761 0.0000000000
121224  -46.309  16.408  -37.805 0.0000000000
121225  -47.429  16.382  -36.948 0.0000000000
121226  -48.685  16.200  -36.668 0.0000000000
121227  -49.897  16.288  -36.873 0.0000000000
121228  -51.095  16.352  -37.533 0.0000000000
121229  -52.540  16.506  -38.316 0.0000000000
121230  -57.226  20.505  -33.596 0.0000000000
121231  -57.652  18.993  -34.575 0.0000000000
121232  -45.966  17.323  -39.158 0.0000000000
121233  -46.916  17.362  -38.727 0.0000000000
121234  -48.201  17.271  -38.187 0.0000000000
121235  -49.534  17.437  -37.851 0.0000000000
121236  -50.856  17.644  -37.988 0.0000000000
121237  -52.368  17.837  -38.793 0.0000000000
121238  -54.090  17.953  -38.173 0.0000000000
121239  -56.158  19.080  -36.229 0.0000000000
121240  -57.362  17.998  -36.244 0.0000000000
121809  -52.761  19.838  -22.428 0.0000000000
121810  -52.554  19.313  -22.066 0.0000000000
121813  -52.533  19.632  -23.983 0.0000000000
121814  -52.795  19.488  -23.064 0.0000000000
121815  -58.069  22.852  -26.047 0.0000000000
121816  -58.734  22.599  -26.581 0.0000000000
121817  -59.144  22.393  -26.944 0.0000000000
121820  -51.492  19.462  -25.959 0.0000000000
121821  -51.957  19.543  -24.971 0.0000000000
121822  -56.523  22.910  -27.030 0.0000000000
121823  -57.541  22.710  -26.943 0.0000000000
121824  -58.209  22.784  -26.667 0.0000000000
121825  -59.121  22.341  -27.485 0.0000000000
121828  -50.723  18.939  -27.326 0.0000000000
121829  -56.645  22.437  -28.081 0.0000000000
121830  -56.931  22.499  -27.418 0.0000000000
121831  -58.911  22.001  -28.255 0.0000000000
121832  -58.948  22.318  -28.005 0.0000000000
121837  -49.868  18.491  -28.321 0.0000000000
121838  -50.132  18.448  -27.790 0.0000000000
121839  -57.023  22.208  -28.964 0.0000000000
121840  -57.807  22.128  -28.870 0.0000000000
121841  -58.439  22.173  -28.468 0.0000000000
121842  -58.747  22.248  -28.247 0.0000000000
121843  -36.373  19.311  -25.409 0.0000000000
121844  -37.928  19.393  -24.673 0.0000000000
121851  -49.204  20.518  -29.714 0.0000000000
121852  -49.763  18.453  -29.099 0.0000000000
121853  -49.964  17.578  -29.216 0.0000000000
121854  -34.865  19.350  -27.847 0.0000000000
121855  -35.627  19.176  -26.569 0.0000000000
121856  -49.640  19.890  -29.804 0.0000000000
121857  -50.043  18.189  -29.660 0.0000000000
121858  -27.032  19.997  -33.313 0.0000000000
121859  -27.673  21.328  -32.638 0.0000000000
121860  -28.486  21.737  -30.824 0.0000000000
121861  -30.221  21.416  -29.728 0.0000000000
121862  -32.405  20.334  -29.153 0.0000000000
121863  -33.747  19.677  -28.721 0.0000000000
121864  -48.988  20.815  -29.975 0.0000000000
121865  -48.723  21.526  -30.308 0.0000000000
121866  -49.246  21.855  -30.641 0.0000000000
121867  -50.534  19.979  -30.295 0.0000000000
121868  -51.949  20.680  -30.251 0.0000000000
121869  -53.992  22.454  -30.075 0.0000000000
121870  -55.861  22.349  -30.357 0.0000000000
121871  -56.839  22.403  -31.082 0.0000000000
121872  -28.189  19.321  -34.390 0.0000000000
121873  -28.010  21.437  -34.153 0.0000000000
121874  -28.766  22.339  -34.291 0.0000000000
121875  -30.759  23.314  -35.848 0.0000000000
121876  -32.393  22.405  -36.545 0.0000000000
121877  -34.706  21.390  -36.407 0.0000000000
121878  -36.536  20.375  -35.671 0.0000000000
121879  -38.101  19.421  -34.825 0.0000000000
121880  -39.214  18.922  -34.399 0.0000000000
121881  -39.995  18.834  -34.791 0.0000000000
121882  -40.590  18.791  -36.356 0.0000000000
121883  -41.046  17.938  -37.098 0.0000000000
121884  -41.525  17.515  -37.244 0.0000000000
121885  -49.324  23.219  -31.561 0.0000000000
121886  -50.232  22.921  -30.974 0.0000000000
121887  -51.502  22.366  -30.706 0.0000000000
121888  -52.616  22.504  -30.363 0.0000000000
121889  -56.761  22.019  -32.513 0.0000000000
121890  -30.878  19.441  -36.061 0.0000000000
121891  -29.519  20.808  -35.620 0.0000000000
121892  -29.305  22.145  -35.159 0.0000000000
121893  -30.230  22.666  -36.136 0.0000000000
121894  -31.049  22.766  -36.443 0.0000000000
121895  -40.420  19.686  -37.559 0.0000000000
121896  -40.690  19.387  -37.926 0.0000000000
121897  -41.468  18.524  -38.492 0.0000000000
121898  -42.799  18.913  -39.772 0.0000000000
121899  -44.673  18.968  -40.171 0.0000000000
121900  -45.401  17.905  -39.573 0.0000000000
121901  -56.168  21.137  -34.286 0.0000000000
121902  -45.577  20.034  -40.219 0.0000000000
121903  -46.120  18.747  -39.956 0.0000000000
121904  -47.525  18.660  -39.065 0.0000000000
121905  -48.935  18.703  -38.579 0.0000000000
121906  -50.370  18.773  -38.509 0.0000000000
121907  -51.754  19.084  -38.283 0.0000000000
121908  -53.290  19.654  -37.808 0.0000000000
121909  -54.611  19.640  -36.837 0.0000000000
121910  -55.216  20.448  -35.563 0.0000000000
121911  -45.782  20.338  -40.296 0.0000000000
121912  -46.009  20.120  -40.131 0.0000000000
121913  -46.863  19.965  -39.527 0.0000000000
121914  -48.317  20.120  -39.140 0.0000000000
121915  -49.762  20.028  -38.465 0.0000000000
121916  -51.113  19.993  -37.953 0.0000000000
121917  -52.242  20.141  -37.705 0.0000000000
122538  -53.443  20.723  -21.533 0.0000000000
122539  -53.118  19.679  -20.575 0.0000000000
122542  -52.618  21.500  -24.358 0.0000000000
122543  -52.814  20.551  -23.292 0.0000000000
122544  -58.700  22.602  -26.931 0.0000000000
122545  -58.925  22.533  -26.853 0.0000000000
122547  -51.832  20.748  -25.648 0.0000000000
122548  -52.006  19.972  -24.619 0.0000000000
122549  -57.918  22.673  -27.474 0.0000000000
122550  -58.376  22.667  -27.156 0.0000000000
122551  -58.851  22.547  -27.150 0.0000000000
122554  -50.628  21.023  -27.384 0.0000000000
122555  -51.060  20.048  -26.801 0.0000000000
122556  -56.985  22.148  -28.058 0.0000000000
122557  -57.426  22.466  -27.861 0.0000000000
122558  -58.209  22.647  -27.856 0.0000000000
122559  -58.707  22.534  -27.661 0.0000000000
122563  -49.052  21.502  -28.899 0.0000000000
122564  -49.793  20.330  -28.231 0.0000000000
122565  -50.242  19.314  -27.603 0.0000000000
122566  -56.932  22.269  -28.393 0.0000000000
122567  -57.397  22.380  -28.596 0.0000000000
122568  -58.016  22.520  -28.459 0.0000000000
122569  -58.558  22.441  -28.175 0.0000000000
122570  -35.886  20.590  -25.804 0.0000000000
122571  -36.843  20.498  -25.006 0.0000000000
122572  -38.377  20.563  -24.719 0.0000000000
122578  -48.656  21.421  -29.698 0.0000000000
122579  -49.384  19.943  -28.999 0.0000000000
122580  -34.759  20.866  -28.144 0.0000000000
122581  -35.681  19.957  -26.965 0.0000000000
122582  -38.590  21.204  -24.851 0.0000000000
122583  -39.365  20.983  -25.297 0.0000000000
122585  -46.896  22.607  -31.713 0.0000000000
122586  -48.300  22.025  -30.567 0.0000000000
122587  -27.669  22.364  -33.104 0.0000000000
122588  -28.384  22.724  -32.523 0.0000000000
122589  -29.974  23.294  -31.281 0.0000000000
122590  -31.709  22.338  -29.810 0.0000000000
122591  -33.677  20.748  -28.879 0.0000000000
122592  -38.196  21.976  -34.111 0.0000000000
122593  -39.247  21.564  -34.326 0.0000000000
122594  -39.396  21.377  -34.209 0.0000000000
122595  -46.090  22.925  -33.559 0.0000000000
122596  -47.495  22.741  -31.892 0.0000000000
122597  -48.345  22.486  -31.208 0.0000000000
122598  -54.431  23.589  -31.256 0.0000000000
122599  -55.423  23.361  -31.026 0.0000000000
122600  -56.287  23.058  -30.920 0.0000000000
122601  -27.591  22.113  -33.442 0.0000000000
122602  -28.265  22.692  -33.999 0.0000000000
122603  -30.055  23.556  -33.826 0.0000000000
122604  -32.361  23.826  -35.531 0.0000000000
122605  -33.881  23.026  -36.057 0.0000000000
122606  -35.571  22.769  -35.786 0.0000000000
122607  -37.426  21.401  -34.894 0.0000000000
122608  -38.783  20.639  -34.420 0.0000000000
122609  -39.486  20.633  -34.621 0.0000000000
122610  -39.820  20.614  -36.754 0.0000000000
122611  -40.164  21.522  -37.891 0.0000000000
122612  -43.594  23.436  -38.348 0.0000000000
122613  -44.801  24.017  -37.055 0.0000000000
122614  -45.588  23.381  -35.545 0.0000000000
122615  -46.518  23.432  -34.402 0.0000000000
122616  -48.221  23.640  -32.468 0.0000000000
122617  -49.661  24.153  -32.386 0.0000000000
122618  -51.137  24.107  -32.018 0.0000000000
122619  -53.034  23.804  -31.609 0.0000000000
122620  -54.739  23.825  -32.644 0.0000000000
122621  -56.095  23.031  -31.825 0.0000000000
122622  -28.668  22.720  -34.785 0.0000000000
122623  -29.284  23.082  -35.174 0.0000000000
122624  -33.274  24.344  -35.640 0.0000000000
122625  -33.737  24.101  -35.886 0.0000000000
122626  -34.497  23.649  -36.030 0.0000000000
122627  -40.194  19.933  -37.350 0.0000000000
122628  -40.259  20.788  -38.209 0.0000000000
122629  -41.150  20.827  -38.948 0.0000000000
122630  -42.248  21.195  -39.603 0.0000000000
122631  -44.174  22.095  -39.339 0.0000000000
122632  -45.381  23.495  -37.266 0.0000000000
122633  -45.871  23.342  -35.913 0.0000000000
122634  -54.512  22.604  -34.456 0.0000000000
122635  -55.778  22.641  -33.347 0.0000000000
122636  -45.100  21.059  -39.964 0.0000000000
122637  -53.325  20.538  -36.761 0.0000000000
122638  -53.994  20.975  -36.027 0.0000000000
122639  -55.255  21.662  -34.760 0.0000000000
122640  -45.802  20.829  -39.940 0.0000000000
122641  -46.451  20.636  -39.704 0.0000000000
122642  -47.513  21.352  -39.352 0.0000000000
122643  -49.224  21.434  -38.685 0.0000000000
122644  -50.643  21.150  -37.782 0.0000000000
122645  -51.834  20.921  -37.090 0.0000000000
122646  -52.913  20.837  -37.079 0.0000000000
122647  -53.292  20.870  -36.445 0.0000000000
122648  -45.843  20.990  -38.812 0.0000000000
122649  -46.049  20.923  -38.940 0.0000000000
122650  -46.497  20.923  -39.054 0.0000000000
123293  -54.034  21.716  -20.915 0.0000000000
123294  -53.940  21.010  -19.478 0.0000000000
123297  -52.907  22.793  -24.036 0.0000000000
123298  -53.287  22.231  -22.575 0.0000000000
123301  -51.465  23.349  -25.950 0.0000000000
123302  -52.235  22.940  -25.373 0.0000000000
123306  -51.051  22.836  -26.621 0.0000000000
123307  -51.386  21.444  -26.431 0.0000000000
123311  -49.106  22.746  -28.914 0.0000000000
123312  -50.115  22.741  -28.161 0.0000000000
123313  -35.733  21.117  -25.976 0.0000000000
123314  -35.961  21.491  -25.568 0.0000000000
123315  -37.071  21.779  -24.922 0.0000000000
123316  -37.814  22.310  -24.852 0.0000000000
123321  -47.460  23.216  -30.196 0.0000000000
123322  -48.199  22.876  -29.686 0.0000000000
123323  -34.832  21.849  -28.539 0.0000000000
123324  -35.586  21.347  -27.167 0.0000000000
123325  -35.407  22.374  -25.944 0.0000000000
123326  -38.095  21.524  -24.671 0.0000000000
123327  -38.829  21.973  -25.054 0.0000000000
123328  -40.427  21.793  -25.764 0.0000000000
123329  -45.131  23.146  -32.157 0.0000000000
123330  -45.312  23.088  -31.959 0.0000000000
123331  -46.508  22.863  -31.066 0.0000000000
123332  -47.820  22.348  -30.574 0.0000000000
123333  -30.666  23.730  -31.616 0.0000000000
123334  -31.744  23.421  -31.550 0.0000000000
123335  -33.784  22.684  -29.844 0.0000000000
123336  -37.848  22.863  -33.974 0.0000000000
123337  -38.396  22.548  -34.120 0.0000000000
123338  -39.124  22.201  -34.336 0.0000000000
123339  -39.418  22.531  -35.030 0.0000000000
123340  -45.078  23.241  -33.169 0.0000000000
123341  -45.062  23.268  -33.455 0.0000000000
123342  -45.627  22.932  -33.307 0.0000000000
123343  -30.773  23.658  -32.267 0.0000000000
123344  -32.230  23.653  -33.676 0.0000000000
123345  -35.593  23.928  -35.209 0.0000000000
123346  -36.750  23.236  -34.385 0.0000000000
123347  -39.355  21.599  -34.456 0.0000000000
123348  -39.499  22.212  -36.080 0.0000000000
123349  -40.333  22.687  -37.695 0.0000000000
123350  -41.775  23.744  -38.311 0.0000000000
123351  -43.977  24.005  -36.887 0.0000000000
123352  -44.522  23.426  -35.652 0.0000000000
123353  -45.321  23.697  -35.092 0.0000000000
123354  -46.628  23.571  -35.211 0.0000000000
123355  -47.297  23.982  -34.807 0.0000000000
123356  -48.744  24.445  -34.230 0.0000000000
123357  -50.294  24.596  -33.841 0.0000000000
123358  -51.874  24.517  -33.473 0.0000000000
123359  -53.226  24.290  -33.413 0.0000000000
123360  -33.139  24.474  -35.135 0.0000000000
123361  -33.672  24.695  -35.608 0.0000000000
123362  -34.608  24.320  -35.502 0.0000000000
123363  -40.525  22.289  -38.467 0.0000000000
123364  -41.378  22.600  -38.930 0.0000000000
123365  -42.278  22.671  -38.967 0.0000000000
123366  -44.666  22.422  -38.971 0.0000000000
123367  -45.139  22.806  -38.382 0.0000000000
123368  -46.306  23.325  -36.511 0.0000000000
123369  -47.791  23.708  -36.133 0.0000000000
123370  -49.311  24.198  -35.712 0.0000000000
123371  -50.807  24.261  -35.169 0.0000000000
123372  -52.269  23.999  -34.737 0.0000000000
123373  -53.585  23.638  -34.524 0.0000000000
123374  -45.021  22.297  -39.302 0.0000000000
123375  -45.814  22.679  -38.534 0.0000000000
123376  -46.943  23.015  -37.866 0.0000000000
123377  -48.295  23.386  -37.444 0.0000000000
123378  -49.725  23.491  -36.825 0.0000000000
123379  -51.122  23.058  -36.028 0.0000000000
123380  -52.543  22.990  -35.814 0.0000000000
123381  -53.481  22.378  -35.696 0.0000000000
123382  -45.530  21.823  -39.344 0.0000000000
123383  -46.226  22.296  -38.898 0.0000000000
123384  -47.195  22.388  -38.741 0.0000000000
123385  -48.674  22.539  -38.253 0.0000000000
123386  -50.129  22.317  -37.428 0.0000000000
123387  -51.510  22.040  -36.746 0.0000000000
123388  -52.685  21.886  -36.578 0.0000000000
123389  -53.257  21.431  -36.376 0.0000000000
123390  -45.859  21.236  -38.842 0.0000000000
123391  -46.077  21.353  -38.787 0.0000000000
123392  -46.495  21.333  -39.035 0.0000000000
123976  -47.760  22.816  -18.682 0.0000000000
123978  -53.375  22.126  -18.012 0.0000000000
123979  -46.443  23.130  -19.722 0.0000000000
123980  -54.164  23.147  -20.429 0.0000000000
123981  -54.273  22.455  -18.994 0.0000000000
123984  -53.008  24.202  -23.398 0.0000000000
123985  -53.673  23.675  -22.000 0.0000000000
123988  -51.404  24.426  -25.772 0.0000000000
123989  -52.413  24.546  -24.814 0.0000000000
123992  -50.513  25.741  -27.995 0.0000000000
123993  -50.789  24.465  -27.315 0.0000000000
123996  -49.649  24.548  -28.943 0.0000000000
123997  -50.373  24.499  -28.233 0.0000000000
123998  -35.139  23.496  -26.146 0.0000000000
123999  -35.829  22.982  -25.568 0.0000000000
124000  -37.048  23.279  -25.031 0.0000000000
124001  -38.305  23.307  -25.064 0.0000000000
124002  -41.557  22.490  -25.514 0.0000000000
124003  -42.546  23.577  -24.266 0.0000000000
124004  -43.315  23.096  -23.635 0.0000000000
124006  -47.229  25.003  -30.088 0.0000000000
124007  -47.811  24.273  -29.920 0.0000000000
124008  -48.672  24.309  -29.453 0.0000000000
124009  -34.786  23.183  -28.953 0.0000000000
124010  -35.098  22.929  -26.686 0.0000000000
124011  -35.226  22.917  -25.886 0.0000000000
124012  -39.758  23.286  -25.599 0.0000000000
124013  -40.995  23.499  -25.173 0.0000000000
124014  -41.769  23.673  -24.807 0.0000000000
124015  -45.206  23.857  -31.816 0.0000000000
124016  -46.151  23.768  -30.859 0.0000000000
124017  -46.804  23.797  -30.343 0.0000000000
124018  -33.467  23.783  -32.644 0.0000000000
124019  -34.752  24.224  -31.994 0.0000000000
124020  -35.918  25.375  -33.300 0.0000000000
124021  -37.420  24.072  -33.874 0.0000000000
124022  -38.426  23.666  -34.377 0.0000000000
124023  -39.125  23.589  -35.257 0.0000000000
124024  -39.602  23.706  -36.209 0.0000000000
124025  -44.322  25.126  -34.941 0.0000000000
124026  -44.938  24.328  -34.357 0.0000000000
124027  -33.341  24.740  -34.443 0.0000000000
124028  -34.185  24.868  -34.091 0.0000000000
124029  -35.414  24.965  -34.494 0.0000000000
124030  -36.417  24.702  -34.152 0.0000000000
124031  -40.695  24.025  -37.090 0.0000000000
124032  -41.686  24.247  -37.776 0.0000000000
124033  -43.329  24.845  -37.008 0.0000000000
124034  -44.413  24.692  -36.027 0.0000000000
124035  -33.470  24.922  -35.191 0.0000000000
124036  -33.917  24.916  -35.075 0.0000000000
124037  -34.529  25.015  -34.934 0.0000000000
124038  -41.434  24.588  -37.117 0.0000000000
124039  -41.826  24.740  -37.409 0.0000000000
124040  -42.528  24.847  -37.503 0.0000000000
124665  -47.650  24.522  -18.216 0.0000000000
124666  -48.362  23.782  -17.312 0.0000000000
124667  -52.790  25.029  -18.168 0.0000000000
124668  -52.736  23.928  -17.274 0.0000000000
124669  -47.011  25.552  -20.174 0.0000000000
124670  -47.055  25.129  -19.407 0.0000000000
124671  -52.529  26.103  -20.717 0.0000000000
124672  -53.029  25.261  -19.562 0.0000000000
124673  -53.871  23.483  -18.713 0.0000000000
124674  -46.674  25.360  -20.732 0.0000000000
124675  -46.113  24.163  -20.243 0.0000000000
124676  -52.613  25.785  -21.907 0.0000000000
124677  -53.592  24.607  -21.514 0.0000000000
124678  -45.912  26.148  -22.784 0.0000000000
124679  -46.229  25.933  -22.146 0.0000000000
124680  -51.336  26.002  -25.323 0.0000000000
124681  -51.935  25.775  -24.174 0.0000000000
124682  -45.026  26.182  -23.317 0.0000000000
124683  -45.499  26.276  -23.076 0.0000000000
124684  -50.378  26.759  -27.412 0.0000000000
124685  -50.841  26.237  -26.436 0.0000000000
124686  -44.664  26.474  -23.609 0.0000000000
124687  -44.625  25.832  -23.964 0.0000000000
124688  -44.820  26.158  -23.760 0.0000000000
124689  -49.003  27.558  -28.695 0.0000000000
124690  -49.695  27.025  -28.385 0.0000000000
124691  -35.052  23.959  -26.373 0.0000000000
124692  -35.282  24.270  -26.143 0.0000000000
124693  -36.262  24.630  -25.601 0.0000000000
124694  -37.668  24.994  -25.090 0.0000000000
124695  -39.206  25.542  -25.371 0.0000000000
124696  -43.182  25.698  -23.269 0.0000000000
124697  -44.101  25.844  -23.858 0.0000000000
124698  -43.837  24.155  -23.142 0.0000000000
124699  -47.772  26.517  -29.971 0.0000000000
124700  -48.485  26.796  -29.276 0.0000000000
124701  -49.068  25.545  -29.412 0.0000000000
124702  -35.212  24.539  -29.122 0.0000000000
124703  -35.094  24.241  -27.347 0.0000000000
124704  -35.561  25.098  -27.093 0.0000000000
124705  -39.152  24.367  -25.493 0.0000000000
124706  -40.310  25.050  -25.003 0.0000000000
124707  -41.987  25.559  -23.537 0.0000000000
124708  -45.697  26.288  -31.472 0.0000000000
124709  -45.836  25.520  -31.007 0.0000000000
124710  -46.701  25.589  -30.452 0.0000000000
124711  -34.506  25.031  -30.310 0.0000000000
124712  -35.386  25.442  -31.596 0.0000000000
124713  -36.636  25.523  -32.587 0.0000000000
124714  -37.848  25.304  -33.681 0.0000000000
124715  -39.043  25.496  -35.448 0.0000000000
124716  -39.450  24.560  -36.070 0.0000000000
124717  -43.601  26.900  -34.409 0.0000000000
124718  -44.546  26.369  -33.044 0.0000000000
124719  -44.954  25.043  -32.642 0.0000000000
124720  -39.834  26.482  -36.052 0.0000000000
124721  -40.664  25.524  -36.386 0.0000000000
124722  -42.570  26.316  -35.856 0.0000000000
124723  -43.592  25.822  -35.546 0.0000000000
124724  -41.250  24.727  -36.870 0.0000000000
124725  -41.891  25.203  -36.903 0.0000000000
124726  -42.752  25.273  -36.856 0.0000000000
125359  -49.306  24.052  -16.376 0.0000000000
125360  -50.093  23.634  -16.081 0.0000000000
125361  -50.978  23.646  -16.359 0.0000000000
125362  -48.566  25.483  -18.307 0.0000000000
125363  -49.135  25.012  -17.154 0.0000000000
125364  -52.102  25.318  -17.972 0.0000000000
125365  -51.672  24.676  -16.795 0.0000000000
125366  -47.514  25.737  -20.437 0.0000000000
125367  -48.993  26.238  -20.140 0.0000000000
125368  -51.333  26.384  -20.588 0.0000000000
125369  -51.744  26.093  -18.972 0.0000000000
125370  -47.911  26.282  -21.632 0.0000000000
125371  -49.822  26.653  -22.352 0.0000000000
125372  -51.353  26.290  -23.012 0.0000000000
125373  -46.866  27.096  -23.756 0.0000000000
125374  -48.404  27.095  -23.854 0.0000000000
125375  -50.680  26.669  -24.652 0.0000000000
125376  -51.385  26.376  -24.011 0.0000000000
125377  -45.717  27.274  -24.001 0.0000000000
125378  -47.008  27.892  -24.949 0.0000000000
125379  -49.666  27.216  -26.236 0.0000000000
125380  -50.481  26.879  -25.830 0.0000000000
125381  -45.200  27.292  -23.864 0.0000000000
125382  -45.971  27.888  -24.741 0.0000000000
125383  -46.729  28.376  -25.858 0.0000000000
125384  -48.452  28.169  -27.660 0.0000000000
125385  -49.107  27.917  -27.104 0.0000000000
125386  -35.079  26.858  -26.805 0.0000000000
125387  -35.350  25.812  -26.319 0.0000000000
125388  -36.517  26.813  -25.562 0.0000000000
125389  -38.447  27.283  -25.440 0.0000000000
125390  -39.928  26.521  -25.104 0.0000000000
125391  -43.750  27.841  -23.880 0.0000000000
125392  -45.926  29.008  -25.626 0.0000000000
125393  -46.888  28.587  -27.699 0.0000000000
125394  -47.776  27.746  -29.282 0.0000000000
125395  -48.500  27.920  -29.035 0.0000000000
125396  -35.426  25.046  -28.657 0.0000000000
125397  -35.213  26.038  -28.038 0.0000000000
125398  -35.548  25.575  -27.212 0.0000000000
125399  -40.171  27.774  -25.103 0.0000000000
125400  -41.111  27.304  -24.100 0.0000000000
125401  -42.351  27.973  -23.512 0.0000000000
125402  -46.178  28.642  -30.278 0.0000000000
125403  -46.989  27.535  -30.312 0.0000000000
125404  -46.970  26.720  -30.364 0.0000000000
125405  -34.822  25.573  -29.530 0.0000000000
125406  -34.680  26.586  -30.192 0.0000000000
125407  -35.698  26.874  -31.564 0.0000000000
125408  -37.257  26.881  -32.589 0.0000000000
125409  -38.369  27.275  -34.391 0.0000000000
125410  -42.863  27.850  -34.258 0.0000000000
125411  -44.400  28.234  -32.832 0.0000000000
125412  -39.513  27.394  -35.465 0.0000000000
125413  -40.426  27.318  -35.799 0.0000000000
125414  -41.670  27.517  -35.553 0.0000000000
126034  -49.853  25.150  -16.713 0.0000000000
126035  -50.300  24.603  -16.165 0.0000000000
126036  -50.630  24.223  -16.034 0.0000000000
126037  -49.699  26.286  -18.943 0.0000000000
126038  -49.987  25.942  -17.787 0.0000000000
126039  -50.874  25.179  -17.158 0.0000000000
126040  -50.900  24.506  -16.362 0.0000000000
126041  -50.213  26.479  -19.631 0.0000000000
126042  -50.737  26.367  -18.974 0.0000000000
126043  -51.198  26.161  -18.067 0.0000000000
126044  -47.537  27.605  -25.045 0.0000000000
126045  -47.678  27.254  -24.669 0.0000000000
126046  -48.138  28.099  -26.026 0.0000000000
126047  -48.314  27.563  -25.423 0.0000000000
126048  -48.669  28.259  -26.759 0.0000000000
126049  -48.706  27.888  -26.374 0.0000000000
126050  -34.902  28.111  -27.278 0.0000000000
126051  -35.375  27.258  -26.183 0.0000000000
126052  -41.663  30.026  -24.848 0.0000000000
126053  -42.862  29.715  -24.658 0.0000000000
126054  -44.530  30.305  -26.074 0.0000000000
126055  -34.649  28.150  -29.145 0.0000000000
126056  -39.520  28.882  -25.432 0.0000000000
126057  -40.792  29.074  -24.479 0.0000000000
126058  -41.766  28.953  -23.867 0.0000000000
126059  -45.565  30.570  -28.714 0.0000000000
126060  -35.195  28.306  -30.612 0.0000000000
126061  -36.155  28.557  -31.842 0.0000000000
126062  -37.876  28.710  -32.829 0.0000000000
126063  -39.474  29.297  -34.420 0.0000000000
126064  -41.493  30.364  -33.761 0.0000000000
126065  -43.568  30.193  -32.962 0.0000000000
126066  -45.185  30.046  -31.271 0.0000000000
126067  -40.069  28.196  -35.374 0.0000000000
126068  -40.910  28.664  -35.111 0.0000000000
126069  -42.185  29.045  -34.583 0.0000000000
126750  -35.988  29.769  -27.486 0.0000000000
126751  -41.523  30.535  -25.491 0.0000000000
126752  -42.130  31.005  -25.596 0.0000000000
126753  -43.356  31.311  -26.273 0.0000000000
126754  -34.653  29.403  -28.554 0.0000000000
126755  -37.545  29.853  -25.863 0.0000000000
126756  -40.498  30.751  -26.124 0.0000000000
126757  -42.274  32.499  -27.670 0.0000000000
126758  -44.073  31.784  -28.335 0.0000000000
126759  -34.679  29.595  -29.919 0.0000000000
126760  -35.423  29.758  -31.147 0.0000000000
126761  -36.699  30.061  -31.902 0.0000000000
126762  -38.235  30.693  -32.685 0.0000000000
126763  -40.068  31.593  -32.729 0.0000000000
126764  -42.326  32.208  -30.908 0.0000000000
126765  -44.425  31.255  -30.604 0.0000000000
127449  -37.458  31.133  -26.517 0.0000000000
127450  -38.259  31.621  -27.295 0.0000000000
127451  -40.268  32.779  -28.707 0.0000000000
127452  -41.667  32.919  -29.361 0.0000000000
127453  -35.684  30.296  -30.248 0.0000000000
127454  -35.943  30.812  -31.141 0.0000000000
127455  -37.129  31.357  -31.368 0.0000000000
127456  -38.669  32.130  -31.559 0.0000000000
127457  -40.316  32.804  -30.872 0.0000000000
127458  -41.250  32.976  -30.038 0.0000000000
128158  -37.087  32.090  -28.596 0.0000000000
128159  -38.439  32.545  -28.940 0.0000000000
128160  -36.093  31.573  -29.987 0.0000000000
128161  -37.647  32.281  -30.205 0.0000000000
128162  -39.166  32.191  -30.070 0.0000000000
146489  -36.355  4.506  -41.157 0.0000000000
146490  -35.724  5.974  -40.683 0.0000000000
146491  -39.572  3.654  -42.574 0.0000000000
146492  -37.215  5.168  -42.507 0.0000000000
146493  -35.417  6.515  -40.446 0.0000000000
146494  -38.205  3.790  -42.578 0.0000000000
146495  -35.510  7.183  -40.829 0.0000000000
146496  -35.080  7.117  -40.366 0.0000000000
146497  -35.085  7.693  -40.720 0.0000000000
146498  -35.508  7.451  -41.275 0.0000000000
146499  -36.778  8.556  -42.674 0.0000000000
146500  -34.730  8.090  -40.109 0.0000000000
146501  -35.218  8.422  -39.755 0.0000000000
146502  -42.073  4.784  -42.442 0.0000000000
146503  -42.189  5.338  -43.354 0.0000000000
146504  -43.875  8.874  -44.620 0.0000000000
146505  -44.340  9.806  -44.563 0.0000000000
146506  -43.962  8.274  -44.414 0.0000000000
146507  -44.189  8.528  -44.429 0.0000000000
146508  -45.116  11.133  -43.903 0.0000000000
146509  -44.147  11.750  -42.680 0.0000000000
146510  -44.668  10.426  -44.204 0.0000000000
146511  -44.804  11.314  -43.605 0.0000000000
146512  -44.526  10.699  -44.245 0.0000000000
146513  -36.307  10.727  -39.318 0.0000000000
146514  -36.196  10.273  -38.995 0.0000000000
146515  -36.321  11.739  -41.473 0.0000000000
146516  -35.923  12.031  -40.688 0.0000000000
146517  -41.792  16.130  -40.057 0.0000000000
146518  -41.931  15.544  -41.887 0.0000000000
146519  -40.894  16.632  -40.611 0.0000000000
146520  -36.825  12.672  -43.998 0.0000000000
146521  -37.208  11.742  -43.701 0.0000000000
146524  -54.406  8.126  -36.366 0.0000000000
146525  -54.756  7.827  -36.254 0.0000000000
146527  -53.315  9.009  -36.538 0.0000000000
146542  -54.717  9.847  -38.180 0.0000000000
146573  -29.871  13.728  -23.208 0.0000000000
146578  -30.165  14.649  -24.286 0.0000000000
146579  -29.994  14.116  -23.794 0.0000000000
146580  -30.553  16.831  -25.626 0.0000000000
146583  -30.702  15.566  -24.840 0.0000000000
146584  -29.390  17.128  -28.986 0.0000000000
146585  -29.375  16.625  -29.487 0.0000000000
146586  -29.510  16.161  -29.830 0.0000000000
146587  -30.710  16.642  -28.537 0.0000000000
146588  -29.880  12.612  -21.682 0.0000000000
146589  -30.216  13.267  -22.492 0.0000000000
146590  -29.530  16.918  -28.263 0.0000000000
146591  -30.730  16.859  -26.087 0.0000000000
146592  -29.747  14.502  -24.054 0.0000000000
146593  -30.314  14.249  -23.945 0.0000000000
146594  -30.111  16.543  -25.750 0.0000000000
146595  -30.829  16.126  -25.248 0.0000000000
146596  -30.395  15.303  -24.674 0.0000000000
146597  -30.866  15.101  -24.577 0.0000000000
146598  -28.996  15.529  -25.087 0.0000000000
146619  -27.815  17.086  -32.210 0.0000000000
146620  -27.363  17.124  -32.419 0.0000000000
146621  -27.868  17.384  -33.080 0.0000000000
146622  -27.266  17.713  -33.276 0.0000000000
146623  -27.243  17.851  -33.546 0.0000000000
146624  -33.651  17.687  -35.741 0.0000000000
146625  -28.095  17.344  -32.246 0.0000000000
146626  -27.497  17.589  -33.335 0.0000000000
146627  -33.827  17.706  -36.914 0.0000000000
146628  -34.098  17.174  -34.787 0.0000000000
146629  -32.575  19.198  -36.374 0.0000000000
146630  -34.019  18.910  -38.716 0.0000000000
146631  -30.491  21.601  -36.447 0.0000000000
146632  -29.088  17.498  -34.124 0.0000000000
146633  -27.171  17.831  -33.485 0.0000000000
146634  -31.633  19.545  -36.262 0.0000000000
146635  -30.536  18.470  -36.743 0.0000000000
146636  -33.164  19.157  -38.958 0.0000000000
146637  -26.985  17.978  -33.204 0.0000000000
146638  -31.099  19.016  -36.699 0.0000000000
146639  -32.678  19.040  -36.595 0.0000000000
146640  -31.682  19.566  -36.483 0.0000000000
146641  -32.655  18.803  -37.066 0.0000000000
146642  -31.270  18.889  -37.125 0.0000000000
146643  -30.980  18.140  -37.658 0.0000000000
146644  -32.535  18.890  -38.325 0.0000000000
146645  -31.644  18.861  -38.069 0.0000000000
146646  -27.189  18.128  -33.596 0.0000000000
146647  -31.782  19.311  -36.828 0.0000000000
146648  -31.784  19.095  -37.605 0.0000000000
146666  -36.654  28.099  -25.402 0.0000000000
146667  -37.111  27.698  -25.429 0.0000000000
146668  -36.768  28.719  -25.431 0.0000000000
146669  -37.146  28.400  -25.338 0.0000000000
146670  -36.024  28.482  -25.839 0.0000000000
146671  -36.823  31.352  -27.044 0.0000000000
146672  -35.999  31.326  -28.392 0.0000000000
146673  -35.148  30.572  -29.115 0.0000000000
