#!ascii label  , from subject subject001 vox2ras=TkReg
2037
16  -5.034  -103.074  -36.149 0.0000000000
17  -5.615  -103.156  -35.811 0.0000000000
18  -4.645  -103.365  -36.531 0.0000000000
19  -5.360  -103.681  -35.792 0.0000000000
20  -4.740  -103.480  -37.064 0.0000000000
21  -5.717  -103.708  -36.793 0.0000000000
22  -7.803  -103.920  -37.555 0.0000000000
23  -9.491  -103.786  -38.154 0.0000000000
24  -10.540  -103.463  -38.655 0.0000000000
25  -11.388  -103.248  -38.799 0.0000000000
26  -5.255  -103.144  -37.665 0.0000000000
27  -6.477  -103.359  -38.279 0.0000000000
28  -8.016  -103.384  -39.082 0.0000000000
29  -9.647  -103.032  -39.255 0.0000000000
30  -10.917  -103.173  -39.519 0.0000000000
31  -11.825  -103.140  -39.603 0.0000000000
32  -5.838  -102.503  -38.780 0.0000000000
33  -6.585  -102.437  -39.730 0.0000000000
34  -7.629  -102.593  -39.978 0.0000000000
35  -9.752  -101.297  -48.049 0.0000000000
36  -10.177  -101.493  -47.687 0.0000000000
37  -10.703  -101.572  -47.453 0.0000000000
38  -9.849  -101.185  -48.458 0.0000000000
39  -10.214  -101.346  -48.180 0.0000000000
40  -10.766  -101.475  -47.821 0.0000000000
41  -9.994  -101.066  -48.688 0.0000000000
42  -10.283  -101.114  -48.604 0.0000000000
43  -10.728  -101.301  -48.336 0.0000000000
106  -5.428  -101.735  -34.220 0.0000000000
111  -4.529  -100.690  -36.059 0.0000000000
112  -5.349  -102.112  -35.695 0.0000000000
113  -5.936  -103.327  -34.751 0.0000000000
116  -15.883  -104.252  -36.425 0.0000000000
117  -16.616  -104.339  -36.129 0.0000000000
119  -4.436  -99.069  -37.604 0.0000000000
120  -4.603  -99.884  -37.192 0.0000000000
121  -4.445  -102.066  -36.608 0.0000000000
122  -6.021  -103.710  -35.308 0.0000000000
123  -7.441  -103.941  -35.304 0.0000000000
124  -8.907  -104.116  -35.714 0.0000000000
125  -11.656  -102.856  -36.832 0.0000000000
126  -12.220  -102.775  -37.116 0.0000000000
127  -13.281  -102.819  -37.433 0.0000000000
128  -14.207  -103.313  -37.264 0.0000000000
129  -15.355  -103.806  -36.945 0.0000000000
132  -4.323  -99.305  -38.169 0.0000000000
133  -4.197  -101.039  -37.945 0.0000000000
134  -4.656  -102.516  -37.405 0.0000000000
135  -6.302  -103.808  -35.801 0.0000000000
136  -7.632  -103.970  -36.282 0.0000000000
137  -9.668  -104.001  -36.643 0.0000000000
138  -11.087  -103.247  -37.494 0.0000000000
139  -12.536  -102.931  -38.640 0.0000000000
140  -13.938  -102.640  -38.439 0.0000000000
141  -15.031  -103.022  -38.084 0.0000000000
145  -3.759  -100.194  -39.350 0.0000000000
146  -4.398  -101.267  -38.917 0.0000000000
147  -5.391  -101.960  -38.421 0.0000000000
148  -8.629  -102.626  -40.186 0.0000000000
149  -10.178  -102.581  -40.333 0.0000000000
150  -11.565  -102.932  -40.555 0.0000000000
151  -12.642  -102.770  -40.425 0.0000000000
152  -13.765  -102.507  -40.015 0.0000000000
153  -14.924  -102.248  -39.696 0.0000000000
156  -3.859  -100.085  -40.150 0.0000000000
157  -3.688  -100.698  -40.318 0.0000000000
158  -4.859  -101.720  -40.150 0.0000000000
159  -5.614  -102.142  -41.197 0.0000000000
160  -7.309  -102.221  -41.052 0.0000000000
161  -9.065  -101.880  -41.367 0.0000000000
162  -10.862  -101.920  -41.592 0.0000000000
163  -12.518  -103.004  -41.893 0.0000000000
164  -13.666  -102.643  -41.730 0.0000000000
165  -14.680  -102.228  -41.238 0.0000000000
168  -3.700  -100.922  -41.267 0.0000000000
169  -4.328  -101.281  -42.242 0.0000000000
170  -6.042  -101.957  -42.385 0.0000000000
171  -7.671  -102.295  -42.636 0.0000000000
172  -9.630  -101.756  -42.817 0.0000000000
173  -11.970  -102.483  -43.161 0.0000000000
174  -13.773  -102.966  -43.257 0.0000000000
175  -14.537  -102.528  -42.581 0.0000000000
176  -15.305  -101.716  -42.202 0.0000000000
179  -5.068  -101.549  -43.486 0.0000000000
180  -6.475  -101.940  -43.719 0.0000000000
181  -8.019  -102.224  -44.082 0.0000000000
182  -10.167  -101.967  -44.570 0.0000000000
183  -13.225  -102.568  -44.369 0.0000000000
184  -14.225  -102.327  -43.676 0.0000000000
185  -8.670  -101.849  -46.412 0.0000000000
186  -9.994  -102.064  -45.929 0.0000000000
187  -11.907  -101.921  -45.293 0.0000000000
188  -8.745  -101.468  -47.038 0.0000000000
189  -9.707  -101.885  -46.760 0.0000000000
190  -11.494  -101.760  -46.317 0.0000000000
191  -12.427  -101.605  -46.609 0.0000000000
192  -8.729  -101.127  -47.356 0.0000000000
193  -9.365  -101.437  -47.553 0.0000000000
194  -10.453  -101.672  -47.155 0.0000000000
195  -11.572  -101.632  -47.237 0.0000000000
196  -9.468  -100.896  -48.195 0.0000000000
197  -9.753  -100.581  -48.615 0.0000000000
198  -11.390  -101.455  -48.119 0.0000000000
199  -12.095  -101.395  -48.456 0.0000000000
200  -9.784  -100.968  -48.626 0.0000000000
201  -10.182  -100.766  -48.904 0.0000000000
202  -11.112  -101.062  -48.941 0.0000000000
203  -12.216  -101.105  -49.128 0.0000000000
333  -17.317  -103.051  -34.179 0.0000000000
338  -5.157  -100.014  -36.067 0.0000000000
339  -5.268  -100.196  -35.375 0.0000000000
343  -11.596  -102.851  -35.390 0.0000000000
344  -13.874  -101.182  -35.904 0.0000000000
345  -14.574  -101.463  -36.475 0.0000000000
346  -15.438  -103.251  -35.994 0.0000000000
347  -16.672  -103.870  -35.186 0.0000000000
352  -3.574  -97.385  -37.916 0.0000000000
353  -3.999  -98.233  -37.519 0.0000000000
354  -4.692  -99.050  -36.292 0.0000000000
355  -4.980  -98.817  -35.635 0.0000000000
356  -9.179  -104.065  -35.175 0.0000000000
357  -10.441  -103.805  -35.500 0.0000000000
358  -11.780  -103.047  -36.185 0.0000000000
359  -12.879  -102.264  -36.404 0.0000000000
360  -13.835  -101.778  -36.697 0.0000000000
361  -14.787  -102.964  -36.824 0.0000000000
362  -15.658  -103.055  -36.859 0.0000000000
367  -3.540  -97.678  -38.477 0.0000000000
368  -3.912  -98.394  -38.236 0.0000000000
369  -10.659  -103.648  -36.169 0.0000000000
370  -10.760  -103.456  -36.588 0.0000000000
376  -3.532  -97.981  -39.661 0.0000000000
377  -3.930  -98.742  -39.111 0.0000000000
382  -3.364  -98.074  -40.304 0.0000000000
383  -3.324  -99.309  -40.597 0.0000000000
384  -3.258  -100.492  -41.142 0.0000000000
388  -3.241  -99.345  -41.882 0.0000000000
389  -3.251  -100.456  -41.946 0.0000000000
390  -3.491  -100.793  -42.796 0.0000000000
391  -14.377  -102.784  -43.776 0.0000000000
392  -14.314  -102.558  -43.574 0.0000000000
393  -14.630  -101.101  -42.788 0.0000000000
397  -3.394  -98.816  -42.209 0.0000000000
398  -3.675  -99.882  -42.646 0.0000000000
399  -4.252  -100.839  -43.611 0.0000000000
400  -5.518  -101.318  -44.591 0.0000000000
401  -6.776  -101.912  -44.981 0.0000000000
402  -8.076  -102.044  -45.156 0.0000000000
403  -13.881  -102.638  -44.770 0.0000000000
404  -14.266  -102.357  -44.426 0.0000000000
405  -14.260  -100.586  -43.424 0.0000000000
406  -14.829  -99.697  -43.270 0.0000000000
407  -15.294  -99.354  -43.413 0.0000000000
408  -6.157  -101.315  -45.387 0.0000000000
409  -7.288  -101.638  -45.981 0.0000000000
410  -8.731  -102.039  -45.720 0.0000000000
411  -13.776  -102.322  -45.114 0.0000000000
412  -14.336  -102.195  -45.014 0.0000000000
413  -8.054  -100.726  -46.628 0.0000000000
414  -8.343  -99.896  -46.802 0.0000000000
415  -13.130  -102.102  -45.800 0.0000000000
416  -13.222  -101.718  -46.133 0.0000000000
417  -8.532  -100.973  -47.132 0.0000000000
418  -8.778  -100.385  -47.385 0.0000000000
419  -13.400  -101.383  -46.779 0.0000000000
420  -14.118  -100.759  -46.632 0.0000000000
421  -9.453  -99.967  -48.206 0.0000000000
422  -10.077  -99.939  -48.906 0.0000000000
423  -12.358  -101.427  -47.718 0.0000000000
424  -13.609  -101.099  -47.941 0.0000000000
425  -14.765  -100.751  -48.029 0.0000000000
426  -15.678  -101.067  -47.890 0.0000000000
427  -10.760  -100.206  -49.490 0.0000000000
428  -11.716  -100.456  -49.676 0.0000000000
429  -12.808  -100.743  -49.745 0.0000000000
430  -14.078  -100.701  -49.473 0.0000000000
431  -15.762  -101.133  -49.291 0.0000000000
432  -16.190  -100.692  -50.498 0.0000000000
433  -11.446  -99.766  -49.914 0.0000000000
434  -12.243  -100.085  -50.405 0.0000000000
435  -13.338  -100.294  -50.614 0.0000000000
436  -14.586  -100.479  -50.674 0.0000000000
437  -15.655  -100.676  -50.955 0.0000000000
438  -16.103  -100.653  -51.182 0.0000000000
618  -13.565  -100.778  -35.873 0.0000000000
619  -13.953  -100.409  -35.678 0.0000000000
620  -14.834  -100.784  -35.626 0.0000000000
621  -15.741  -101.819  -34.679 0.0000000000
624  -3.432  -96.966  -38.231 0.0000000000
625  -3.640  -96.887  -37.736 0.0000000000
626  -4.204  -97.317  -36.955 0.0000000000
627  -4.903  -97.624  -35.997 0.0000000000
630  -11.794  -101.170  -35.831 0.0000000000
631  -12.411  -101.049  -36.079 0.0000000000
632  -13.116  -100.574  -36.071 0.0000000000
633  -13.458  -100.055  -35.737 0.0000000000
636  -3.399  -97.005  -38.633 0.0000000000
637  -3.628  -96.312  -37.894 0.0000000000
638  -3.878  -96.235  -37.618 0.0000000000
639  -4.758  -96.133  -36.917 0.0000000000
644  -3.345  -97.105  -39.208 0.0000000000
645  -4.231  -95.598  -37.862 0.0000000000
646  -4.757  -95.479  -37.691 0.0000000000
652  -3.247  -97.292  -40.157 0.0000000000
653  -3.140  -97.876  -40.732 0.0000000000
662  -2.798  -97.251  -40.785 0.0000000000
663  -3.153  -97.802  -41.486 0.0000000000
664  -14.955  -97.964  -43.740 0.0000000000
672  -4.362  -97.939  -42.775 0.0000000000
673  -4.785  -99.484  -43.609 0.0000000000
674  -5.303  -100.430  -44.604 0.0000000000
675  -5.630  -100.941  -45.232 0.0000000000
676  -13.921  -99.722  -43.813 0.0000000000
677  -14.558  -98.686  -43.696 0.0000000000
678  -15.081  -98.733  -43.611 0.0000000000
682  -4.528  -97.210  -44.400 0.0000000000
683  -5.469  -97.810  -44.276 0.0000000000
684  -6.010  -98.762  -44.485 0.0000000000
685  -6.519  -100.073  -45.426 0.0000000000
686  -7.160  -100.631  -46.154 0.0000000000
687  -14.125  -101.878  -45.290 0.0000000000
688  -14.136  -100.810  -44.656 0.0000000000
689  -6.151  -97.975  -44.650 0.0000000000
690  -6.316  -98.093  -44.483 0.0000000000
691  -7.143  -99.286  -45.541 0.0000000000
692  -7.437  -99.535  -45.999 0.0000000000
693  -8.133  -99.307  -46.398 0.0000000000
694  -13.932  -102.091  -45.759 0.0000000000
695  -14.032  -100.652  -45.530 0.0000000000
696  -8.625  -99.122  -46.751 0.0000000000
697  -14.027  -99.935  -45.831 0.0000000000
698  -14.363  -99.732  -46.090 0.0000000000
699  -9.166  -98.937  -47.459 0.0000000000
700  -9.900  -98.851  -48.331 0.0000000000
701  -14.627  -99.880  -46.570 0.0000000000
702  -15.450  -100.268  -46.934 0.0000000000
703  -16.235  -100.439  -47.449 0.0000000000
704  -17.088  -100.288  -47.246 0.0000000000
705  -18.008  -100.506  -47.070 0.0000000000
706  -19.031  -100.753  -46.917 0.0000000000
707  -19.713  -100.808  -47.198 0.0000000000
708  -10.848  -98.887  -49.317 0.0000000000
709  -16.620  -100.639  -48.358 0.0000000000
710  -17.046  -100.486  -49.131 0.0000000000
711  -18.307  -100.707  -48.294 0.0000000000
712  -19.274  -100.882  -47.732 0.0000000000
713  -19.779  -101.087  -47.482 0.0000000000
714  -11.810  -99.101  -50.211 0.0000000000
715  -12.789  -99.352  -50.641 0.0000000000
716  -13.807  -99.620  -51.167 0.0000000000
717  -14.889  -99.867  -51.465 0.0000000000
718  -15.799  -100.109  -51.490 0.0000000000
719  -16.538  -100.292  -51.034 0.0000000000
720  -17.535  -100.223  -50.250 0.0000000000
721  -18.709  -100.210  -49.131 0.0000000000
722  -19.550  -100.717  -47.948 0.0000000000
723  -5.867  -99.448  -52.482 0.0000000000
724  -3.786  -98.008  -52.363 0.0000000000
725  -4.638  -98.054  -52.050 0.0000000000
726  -4.825  -99.805  -53.389 0.0000000000
727  -4.872  -100.337  -53.941 0.0000000000
728  -3.318  -98.606  -53.552 0.0000000000
729  -2.283  -97.701  -53.719 0.0000000000
1034  -14.036  -99.138  -35.472 0.0000000000
1043  -3.493  -96.631  -38.171 0.0000000000
1044  -3.511  -96.388  -38.108 0.0000000000
1048  -12.149  -99.943  -35.952 0.0000000000
1049  -12.703  -99.541  -35.979 0.0000000000
1050  -13.279  -99.369  -35.831 0.0000000000
1051  -13.622  -99.595  -35.645 0.0000000000
1057  -3.378  -96.485  -38.671 0.0000000000
1058  -3.545  -95.996  -38.271 0.0000000000
1059  -3.798  -95.742  -38.056 0.0000000000
1060  -5.439  -95.486  -37.643 0.0000000000
1068  -3.115  -96.505  -39.697 0.0000000000
1069  -3.244  -95.885  -39.222 0.0000000000
1070  -3.814  -95.429  -38.687 0.0000000000
1071  -4.825  -95.063  -38.610 0.0000000000
1079  -2.885  -96.711  -40.461 0.0000000000
1080  -2.822  -96.077  -40.419 0.0000000000
1081  -3.499  -95.342  -39.763 0.0000000000
1082  -4.043  -95.020  -39.295 0.0000000000
1096  -2.701  -96.822  -40.905 0.0000000000
1097  -2.792  -96.502  -41.338 0.0000000000
1107  -3.282  -96.729  -42.375 0.0000000000
1108  -13.729  -98.851  -43.998 0.0000000000
1109  -14.206  -97.867  -43.988 0.0000000000
1113  -4.056  -96.702  -43.895 0.0000000000
1114  -5.279  -96.592  -46.749 0.0000000000
1115  -6.571  -98.194  -44.555 0.0000000000
1116  -6.770  -98.522  -44.804 0.0000000000
1117  -13.709  -98.844  -44.360 0.0000000000
1118  -5.961  -97.605  -45.380 0.0000000000
1119  -6.871  -97.936  -44.963 0.0000000000
1120  -7.543  -98.440  -45.340 0.0000000000
1121  -8.340  -98.421  -45.796 0.0000000000
1122  -8.581  -98.570  -46.190 0.0000000000
1123  -13.978  -98.387  -44.730 0.0000000000
1124  -13.912  -97.516  -44.535 0.0000000000
1125  -7.152  -97.465  -45.529 0.0000000000
1126  -8.083  -97.442  -45.629 0.0000000000
1127  -8.639  -97.540  -45.732 0.0000000000
1128  -9.122  -97.860  -46.253 0.0000000000
1129  -13.892  -99.206  -45.322 0.0000000000
1130  -14.128  -98.312  -45.094 0.0000000000
1131  -6.397  -97.534  -46.612 0.0000000000
1132  -7.756  -97.164  -46.263 0.0000000000
1133  -9.895  -97.631  -47.338 0.0000000000
1134  -10.536  -97.732  -48.236 0.0000000000
1135  -14.510  -98.406  -45.454 0.0000000000
1136  -15.007  -98.745  -45.921 0.0000000000
1137  -15.812  -98.875  -46.225 0.0000000000
1138  -16.734  -98.565  -46.401 0.0000000000
1139  -17.711  -98.499  -46.444 0.0000000000
1140  -18.809  -99.302  -46.133 0.0000000000
1141  -19.918  -99.554  -46.557 0.0000000000
1142  -21.015  -99.489  -46.324 0.0000000000
1143  -21.693  -99.011  -46.379 0.0000000000
1144  -7.124  -97.965  -47.671 0.0000000000
1145  -11.001  -97.308  -49.105 0.0000000000
1146  -11.555  -97.079  -49.758 0.0000000000
1147  -20.271  -100.631  -47.235 0.0000000000
1148  -21.234  -99.753  -47.294 0.0000000000
1149  -22.557  -98.797  -47.024 0.0000000000
1150  -23.927  -98.082  -47.340 0.0000000000
1151  -25.142  -97.829  -47.462 0.0000000000
1152  -25.921  -97.851  -47.513 0.0000000000
1153  -11.517  -98.074  -49.750 0.0000000000
1154  -12.250  -97.919  -50.250 0.0000000000
1155  -13.256  -98.256  -50.640 0.0000000000
1156  -14.229  -98.480  -51.134 0.0000000000
1157  -15.216  -98.767  -51.498 0.0000000000
1158  -16.148  -99.124  -51.531 0.0000000000
1159  -17.033  -99.530  -51.740 0.0000000000
1160  -17.953  -99.313  -51.189 0.0000000000
1161  -19.796  -99.695  -49.264 0.0000000000
1162  -21.565  -99.321  -48.778 0.0000000000
1163  -22.954  -98.598  -48.378 0.0000000000
1164  -24.323  -98.222  -48.202 0.0000000000
1165  -25.497  -97.896  -47.895 0.0000000000
1166  -26.096  -97.734  -47.545 0.0000000000
1167  -18.905  -98.918  -51.444 0.0000000000
1168  -20.346  -98.769  -51.185 0.0000000000
1169  -21.996  -98.658  -50.057 0.0000000000
1170  -23.412  -98.349  -49.270 0.0000000000
1171  -24.231  -98.254  -48.921 0.0000000000
1172  -20.704  -98.309  -52.060 0.0000000000
1173  -21.241  -98.458  -51.306 0.0000000000
1174  -8.573  -99.557  -52.339 0.0000000000
1175  -3.615  -97.488  -52.171 0.0000000000
1177  -6.614  -100.113  -53.398 0.0000000000
1178  -8.569  -99.940  -53.234 0.0000000000
1179  -9.841  -99.612  -53.850 0.0000000000
1180  -4.317  -99.613  -53.408 0.0000000000
1181  -4.410  -100.142  -54.110 0.0000000000
1182  -5.309  -100.050  -54.603 0.0000000000
1183  -7.295  -99.546  -54.703 0.0000000000
1184  -9.268  -99.386  -55.004 0.0000000000
1185  -3.855  -99.451  -53.957 0.0000000000
1186  -3.860  -99.932  -55.357 0.0000000000
1187  -4.626  -99.817  -55.472 0.0000000000
1188  -8.035  -99.224  -55.700 0.0000000000
1189  -8.861  -98.685  -55.989 0.0000000000
1190  -12.689  -97.809  -57.587 0.0000000000
1191  -2.962  -99.168  -54.852 0.0000000000
1192  -2.958  -99.384  -56.095 0.0000000000
1193  -12.459  -97.071  -58.026 0.0000000000
1194  -2.470  -98.724  -56.012 0.0000000000
1195  -2.735  -99.099  -56.682 0.0000000000
1596  -5.800  -94.522  -39.337 0.0000000000
1606  -2.870  -95.951  -41.101 0.0000000000
1607  -3.301  -95.425  -40.863 0.0000000000
1608  -4.384  -94.581  -40.214 0.0000000000
1609  -6.095  -93.881  -40.263 0.0000000000
1625  -3.082  -95.869  -41.777 0.0000000000
1626  -3.647  -94.844  -41.885 0.0000000000
1627  -5.072  -93.664  -41.819 0.0000000000
1636  -3.526  -95.786  -42.974 0.0000000000
1637  -4.092  -94.507  -43.466 0.0000000000
1638  -5.145  -93.769  -42.862 0.0000000000
1639  -13.877  -97.683  -44.220 0.0000000000
1644  -4.264  -95.853  -44.351 0.0000000000
1645  -4.520  -95.219  -45.164 0.0000000000
1646  -13.625  -97.270  -44.195 0.0000000000
1648  -4.569  -94.847  -45.803 0.0000000000
1649  -13.569  -97.079  -44.347 0.0000000000
1650  -13.705  -96.704  -44.486 0.0000000000
1651  -8.682  -96.766  -46.030 0.0000000000
1652  -9.031  -96.883  -45.993 0.0000000000
1653  -9.217  -97.097  -45.977 0.0000000000
1654  -14.139  -97.160  -44.948 0.0000000000
1655  -14.449  -96.422  -44.972 0.0000000000
1660  -8.667  -96.557  -46.519 0.0000000000
1661  -9.259  -96.263  -46.627 0.0000000000
1662  -9.699  -96.545  -46.715 0.0000000000
1663  -10.642  -96.372  -47.807 0.0000000000
1664  -14.383  -97.704  -45.081 0.0000000000
1665  -14.598  -97.624  -45.181 0.0000000000
1666  -15.137  -97.473  -45.359 0.0000000000
1667  -16.048  -97.190  -45.293 0.0000000000
1674  -8.224  -96.972  -47.192 0.0000000000
1675  -9.090  -95.973  -46.992 0.0000000000
1676  -11.341  -96.037  -49.040 0.0000000000
1677  -12.172  -96.313  -49.875 0.0000000000
1678  -12.761  -96.289  -50.201 0.0000000000
1681  -23.439  -97.122  -46.655 0.0000000000
1682  -24.841  -97.208  -46.815 0.0000000000
1683  -25.811  -97.337  -47.269 0.0000000000
1685  -7.882  -97.747  -48.321 0.0000000000
1686  -9.035  -96.068  -47.909 0.0000000000
1687  -12.773  -97.091  -50.319 0.0000000000
1688  -13.463  -96.738  -50.417 0.0000000000
1689  -14.584  -96.972  -50.811 0.0000000000
1690  -15.615  -97.312  -51.009 0.0000000000
1691  -16.527  -97.657  -51.102 0.0000000000
1692  -17.242  -98.248  -51.655 0.0000000000
1693  -17.583  -98.511  -52.217 0.0000000000
1694  -24.773  -98.122  -48.659 0.0000000000
1695  -25.347  -97.814  -48.716 0.0000000000
1696  -26.443  -97.467  -47.857 0.0000000000
1697  -27.541  -96.770  -48.338 0.0000000000
1698  -8.752  -97.234  -49.056 0.0000000000
1699  -18.049  -98.615  -52.451 0.0000000000
1700  -18.988  -98.306  -52.700 0.0000000000
1701  -21.839  -98.384  -51.081 0.0000000000
1702  -22.651  -98.108  -50.617 0.0000000000
1703  -24.241  -97.935  -49.847 0.0000000000
1704  -25.685  -97.466  -49.607 0.0000000000
1705  -26.984  -96.885  -49.263 0.0000000000
1706  -28.264  -96.241  -49.370 0.0000000000
1707  -29.039  -95.943  -50.059 0.0000000000
1708  -8.777  -97.645  -50.296 0.0000000000
1709  -20.159  -97.854  -52.938 0.0000000000
1710  -21.529  -97.817  -52.117 0.0000000000
1711  -23.083  -97.541  -51.623 0.0000000000
1712  -24.554  -97.102  -51.649 0.0000000000
1713  -25.976  -96.550  -50.777 0.0000000000
1714  -27.300  -96.153  -50.546 0.0000000000
1715  -28.611  -95.940  -50.331 0.0000000000
1716  -29.058  -95.883  -50.324 0.0000000000
1717  -7.703  -98.569  -49.731 0.0000000000
1718  -8.822  -98.956  -51.417 0.0000000000
1719  -9.726  -98.181  -51.446 0.0000000000
1720  -24.683  -96.464  -52.816 0.0000000000
1721  -25.400  -96.143  -52.199 0.0000000000
1722  -26.296  -95.882  -51.509 0.0000000000
1724  -9.034  -99.645  -52.370 0.0000000000
1725  -9.989  -98.953  -52.577 0.0000000000
1726  -6.305  -99.431  -55.295 0.0000000000
1727  -7.009  -99.341  -55.813 0.0000000000
1728  -11.347  -99.186  -54.397 0.0000000000
1729  -12.157  -98.578  -55.679 0.0000000000
1730  -4.319  -99.553  -55.931 0.0000000000
1731  -5.572  -99.024  -55.973 0.0000000000
1732  -7.675  -98.627  -56.748 0.0000000000
1733  -10.623  -97.996  -56.999 0.0000000000
1734  -3.677  -98.853  -56.868 0.0000000000
1735  -5.660  -97.973  -57.839 0.0000000000
1736  -7.807  -96.945  -58.149 0.0000000000
1737  -9.473  -95.678  -58.163 0.0000000000
1738  -11.589  -95.354  -59.213 0.0000000000
1739  -2.631  -98.555  -57.004 0.0000000000
2250  -5.830  -93.364  -42.657 0.0000000000
2262  -4.965  -94.197  -44.327 0.0000000000
2263  -5.462  -93.551  -43.515 0.0000000000
2264  -6.613  -92.764  -43.000 0.0000000000
2270  -5.042  -94.255  -45.071 0.0000000000
2271  -5.614  -93.343  -44.421 0.0000000000
2272  -6.221  -92.874  -43.772 0.0000000000
2275  -5.151  -94.328  -45.475 0.0000000000
2276  -5.446  -93.713  -45.277 0.0000000000
2280  -5.189  -94.280  -45.827 0.0000000000
2281  -5.542  -93.522  -45.981 0.0000000000
2282  -14.027  -95.832  -44.543 0.0000000000
2289  -4.613  -94.708  -46.677 0.0000000000
2291  -9.503  -95.661  -46.997 0.0000000000
2292  -9.800  -95.559  -47.157 0.0000000000
2293  -10.326  -95.486  -47.481 0.0000000000
2301  -9.647  -95.257  -47.438 0.0000000000
2302  -10.383  -94.802  -48.134 0.0000000000
2303  -11.088  -94.891  -48.307 0.0000000000
2304  -11.918  -94.915  -49.236 0.0000000000
2305  -12.787  -95.232  -49.823 0.0000000000
2310  -24.488  -95.588  -46.113 0.0000000000
2311  -25.824  -96.638  -46.615 0.0000000000
2312  -26.371  -97.153  -47.001 0.0000000000
2317  -9.978  -94.680  -48.383 0.0000000000
2318  -10.392  -94.429  -48.479 0.0000000000
2319  -13.884  -94.950  -49.670 0.0000000000
2320  -15.141  -95.373  -49.861 0.0000000000
2321  -16.044  -95.643  -50.240 0.0000000000
2322  -16.876  -95.898  -50.777 0.0000000000
2323  -17.520  -97.311  -51.792 0.0000000000
2324  -17.788  -98.069  -52.329 0.0000000000
2325  -24.941  -94.445  -46.229 0.0000000000
2326  -25.696  -95.207  -46.521 0.0000000000
2327  -26.697  -96.227  -47.251 0.0000000000
2328  -27.291  -96.696  -47.784 0.0000000000
2332  -9.554  -95.644  -48.789 0.0000000000
2333  -17.169  -94.800  -50.629 0.0000000000
2334  -17.492  -95.510  -51.230 0.0000000000
2335  -18.169  -96.980  -52.291 0.0000000000
2336  -19.278  -96.860  -52.798 0.0000000000
2337  -27.171  -95.075  -47.339 0.0000000000
2338  -27.979  -95.687  -48.027 0.0000000000
2339  -29.344  -95.205  -49.439 0.0000000000
2340  -29.984  -94.369  -49.796 0.0000000000
2341  -9.699  -96.203  -49.888 0.0000000000
2342  -10.075  -95.066  -50.437 0.0000000000
2343  -20.160  -96.509  -53.234 0.0000000000
2344  -21.101  -96.805  -53.581 0.0000000000
2345  -22.386  -96.980  -53.044 0.0000000000
2346  -23.428  -97.131  -52.552 0.0000000000
2347  -26.920  -95.724  -51.529 0.0000000000
2348  -27.777  -95.553  -51.436 0.0000000000
2349  -29.041  -95.376  -50.807 0.0000000000
2350  -30.105  -94.572  -50.560 0.0000000000
2351  -9.451  -97.406  -50.899 0.0000000000
2352  -10.448  -96.320  -51.207 0.0000000000
2353  -21.436  -95.813  -53.726 0.0000000000
2354  -22.182  -96.046  -53.807 0.0000000000
2355  -23.812  -96.286  -53.329 0.0000000000
2356  -25.282  -96.172  -53.805 0.0000000000
2357  -26.521  -95.539  -52.768 0.0000000000
2358  -28.230  -94.909  -52.965 0.0000000000
2359  -29.591  -94.573  -51.907 0.0000000000
2360  -30.281  -94.082  -51.485 0.0000000000
2361  -11.584  -97.745  -52.846 0.0000000000
2362  -12.539  -97.953  -53.259 0.0000000000
2363  -14.348  -97.805  -53.993 0.0000000000
2364  -14.473  -97.866  -55.255 0.0000000000
2365  -26.121  -95.772  -54.474 0.0000000000
2366  -27.075  -95.212  -54.455 0.0000000000
2367  -27.859  -94.741  -54.456 0.0000000000
2368  -2.786  -95.152  -57.887 0.0000000000
2369  -3.978  -94.268  -59.061 0.0000000000
2370  -12.272  -98.416  -53.707 0.0000000000
2371  -14.740  -97.606  -56.641 0.0000000000
2372  -14.568  -96.783  -56.659 0.0000000000
2373  -3.602  -96.108  -59.098 0.0000000000
2374  -4.068  -94.885  -59.436 0.0000000000
2375  -14.584  -97.045  -57.461 0.0000000000
2376  -3.908  -97.330  -58.356 0.0000000000
2377  -5.516  -95.804  -59.123 0.0000000000
2378  -7.856  -95.039  -59.184 0.0000000000
2379  -2.830  -98.005  -57.787 0.0000000000
2948  -6.289  -92.742  -44.204 0.0000000000
2959  -6.198  -92.686  -44.885 0.0000000000
2986  -11.132  -94.132  -48.819 0.0000000000
2987  -11.727  -93.855  -49.138 0.0000000000
2988  -12.540  -93.871  -49.258 0.0000000000
2989  -13.120  -94.151  -49.481 0.0000000000
3000  -10.323  -94.286  -49.025 0.0000000000
3001  -10.762  -94.076  -48.977 0.0000000000
3002  -11.684  -93.270  -49.462 0.0000000000
3003  -12.492  -92.948  -49.373 0.0000000000
3004  -13.460  -93.138  -49.174 0.0000000000
3005  -14.680  -93.542  -49.463 0.0000000000
3006  -15.710  -94.004  -49.475 0.0000000000
3007  -16.445  -94.171  -49.859 0.0000000000
3011  -25.344  -93.763  -46.671 0.0000000000
3012  -26.418  -94.501  -46.972 0.0000000000
3019  -9.896  -94.658  -49.256 0.0000000000
3020  -10.453  -94.022  -49.605 0.0000000000
3021  -11.253  -93.265  -49.936 0.0000000000
3022  -16.935  -94.193  -50.282 0.0000000000
3023  -17.475  -93.924  -50.455 0.0000000000
3024  -18.130  -94.351  -51.371 0.0000000000
3025  -18.801  -95.391  -52.098 0.0000000000
3027  -25.948  -92.969  -47.206 0.0000000000
3028  -27.427  -93.779  -47.286 0.0000000000
3029  -28.825  -94.118  -48.169 0.0000000000
3030  -29.687  -93.803  -49.195 0.0000000000
3031  -30.448  -93.719  -49.977 0.0000000000
3032  -30.735  -93.364  -50.267 0.0000000000
3037  -10.030  -94.600  -49.986 0.0000000000
3038  -10.661  -94.254  -50.494 0.0000000000
3039  -11.623  -93.438  -50.946 0.0000000000
3040  -18.833  -93.950  -51.810 0.0000000000
3041  -19.627  -94.838  -52.488 0.0000000000
3042  -20.788  -95.097  -53.269 0.0000000000
3044  -26.256  -92.316  -47.736 0.0000000000
3045  -26.982  -92.753  -47.464 0.0000000000
3046  -30.561  -93.723  -50.735 0.0000000000
3047  -30.563  -93.153  -50.763 0.0000000000
3048  -11.178  -94.634  -51.176 0.0000000000
3049  -11.972  -94.791  -51.617 0.0000000000
3050  -21.872  -94.420  -53.627 0.0000000000
3051  -23.117  -94.968  -54.265 0.0000000000
3052  -24.664  -95.091  -54.739 0.0000000000
3053  -25.636  -95.662  -54.705 0.0000000000
3054  -29.248  -94.201  -53.090 0.0000000000
3055  -29.957  -93.859  -52.450 0.0000000000
3056  -30.365  -93.186  -51.677 0.0000000000
3057  -30.483  -92.978  -51.123 0.0000000000
3058  -5.464  -91.985  -56.894 0.0000000000
3059  -6.421  -92.136  -56.424 0.0000000000
3060  -11.557  -95.889  -51.766 0.0000000000
3061  -15.127  -97.149  -54.301 0.0000000000
3062  -15.873  -96.528  -54.040 0.0000000000
3063  -25.100  -94.554  -55.903 0.0000000000
3064  -26.033  -94.996  -55.555 0.0000000000
3065  -27.295  -94.401  -55.407 0.0000000000
3066  -28.470  -93.974  -54.385 0.0000000000
3067  -29.436  -93.435  -53.325 0.0000000000
3068  -30.022  -93.313  -52.678 0.0000000000
3069  -3.406  -92.618  -57.458 0.0000000000
3070  -4.245  -93.120  -58.740 0.0000000000
3071  -5.835  -92.180  -58.228 0.0000000000
3072  -15.242  -97.679  -55.494 0.0000000000
3073  -15.560  -96.852  -55.588 0.0000000000
3074  -4.424  -93.854  -59.592 0.0000000000
3075  -5.482  -93.249  -59.375 0.0000000000
3076  -14.871  -95.939  -57.789 0.0000000000
3077  -5.142  -94.276  -59.646 0.0000000000
3078  -6.768  -94.004  -59.704 0.0000000000
3079  -8.377  -94.088  -59.603 0.0000000000
3781  -11.834  -92.741  -49.854 0.0000000000
3782  -12.413  -92.497  -49.807 0.0000000000
3783  -13.339  -92.238  -49.687 0.0000000000
3784  -14.510  -91.948  -49.524 0.0000000000
3785  -15.469  -92.517  -49.542 0.0000000000
3786  -16.163  -93.059  -49.542 0.0000000000
3796  -12.089  -92.557  -50.293 0.0000000000
3797  -13.204  -91.976  -50.289 0.0000000000
3798  -14.105  -91.719  -50.000 0.0000000000
3799  -14.669  -91.505  -49.952 0.0000000000
3800  -16.140  -92.244  -49.625 0.0000000000
3801  -16.963  -92.779  -49.832 0.0000000000
3802  -17.966  -92.646  -50.443 0.0000000000
3803  -18.687  -92.540  -51.045 0.0000000000
3807  -27.547  -92.879  -47.334 0.0000000000
3808  -28.354  -93.065  -47.541 0.0000000000
3809  -29.271  -92.688  -48.133 0.0000000000
3810  -30.203  -92.714  -49.590 0.0000000000
3811  -30.549  -93.223  -50.040 0.0000000000
3814  -6.359  -90.586  -53.854 0.0000000000
3815  -6.847  -90.843  -52.965 0.0000000000
3816  -12.667  -92.754  -51.052 0.0000000000
3817  -13.853  -92.522  -50.912 0.0000000000
3818  -14.556  -92.600  -51.155 0.0000000000
3819  -19.267  -92.965  -51.976 0.0000000000
3820  -20.268  -93.194  -52.880 0.0000000000
3821  -21.122  -93.781  -53.196 0.0000000000
3825  -27.838  -92.437  -47.287 0.0000000000
3826  -28.623  -92.459  -47.415 0.0000000000
3827  -30.237  -92.361  -50.541 0.0000000000
3828  -30.577  -92.943  -50.274 0.0000000000
3830  -5.516  -90.811  -55.442 0.0000000000
3831  -6.797  -91.212  -53.856 0.0000000000
3832  -7.366  -91.441  -53.976 0.0000000000
3833  -12.648  -94.244  -51.624 0.0000000000
3834  -13.762  -94.023  -51.724 0.0000000000
3835  -14.608  -93.524  -51.469 0.0000000000
3836  -20.919  -92.199  -53.081 0.0000000000
3837  -21.444  -92.911  -53.470 0.0000000000
3838  -22.642  -93.780  -54.684 0.0000000000
3839  -23.626  -94.366  -54.789 0.0000000000
3840  -29.638  -91.884  -52.969 0.0000000000
3841  -30.100  -92.155  -51.673 0.0000000000
3842  -30.370  -92.756  -50.970 0.0000000000
3843  -5.109  -91.203  -56.071 0.0000000000
3844  -5.891  -91.555  -55.534 0.0000000000
3845  -6.814  -91.749  -55.191 0.0000000000
3846  -12.728  -95.397  -52.103 0.0000000000
3847  -13.901  -96.496  -52.919 0.0000000000
3848  -15.323  -95.280  -52.657 0.0000000000
3849  -16.296  -95.487  -53.893 0.0000000000
3850  -16.647  -94.695  -54.585 0.0000000000
3851  -23.025  -93.945  -55.730 0.0000000000
3852  -23.982  -94.119  -56.051 0.0000000000
3853  -25.458  -94.369  -57.019 0.0000000000
3854  -26.612  -94.002  -56.845 0.0000000000
3855  -27.520  -93.107  -56.147 0.0000000000
3856  -28.701  -92.377  -54.233 0.0000000000
3857  -29.812  -92.723  -52.840 0.0000000000
3858  -7.179  -92.033  -56.718 0.0000000000
3859  -7.803  -91.620  -58.164 0.0000000000
3860  -15.961  -94.976  -55.804 0.0000000000
3861  -16.600  -93.997  -55.989 0.0000000000
3862  -17.475  -93.772  -56.971 0.0000000000
3863  -17.513  -93.457  -57.058 0.0000000000
3864  -24.672  -94.202  -57.912 0.0000000000
3865  -25.855  -93.429  -57.863 0.0000000000
3866  -26.900  -92.972  -57.549 0.0000000000
3867  -27.123  -92.232  -57.359 0.0000000000
3868  -7.082  -92.575  -58.828 0.0000000000
3869  -8.400  -92.211  -59.129 0.0000000000
3870  -14.049  -94.008  -59.642 0.0000000000
3871  -15.662  -93.491  -57.877 0.0000000000
3872  -16.333  -92.697  -57.350 0.0000000000
3873  -17.238  -92.831  -57.608 0.0000000000
3874  -17.492  -92.921  -57.498 0.0000000000
3875  -26.643  -92.466  -57.894 0.0000000000
3876  -26.934  -92.319  -57.823 0.0000000000
3877  -26.941  -92.092  -57.726 0.0000000000
3878  -8.189  -93.496  -58.859 0.0000000000
3879  -9.630  -93.471  -59.767 0.0000000000
3880  -10.822  -93.901  -59.768 0.0000000000
3881  -26.603  -92.048  -57.839 0.0000000000
3882  -26.775  -92.063  -57.949 0.0000000000
3883  -26.649  -91.903  -57.970 0.0000000000
3884  -26.507  -91.941  -58.025 0.0000000000
3885  -26.739  -91.854  -58.158 0.0000000000
3886  -26.603  -91.670  -58.062 0.0000000000
4652  -8.127  -88.852  -50.312 0.0000000000
4653  -8.620  -88.670  -50.107 0.0000000000
4654  -15.460  -91.701  -49.713 0.0000000000
4655  -15.830  -91.851  -49.626 0.0000000000
4661  -6.661  -89.367  -52.178 0.0000000000
4662  -7.477  -89.430  -51.203 0.0000000000
4663  -8.504  -89.185  -50.874 0.0000000000
4664  -8.862  -89.323  -51.358 0.0000000000
4665  -14.124  -91.720  -50.347 0.0000000000
4666  -14.827  -91.461  -50.331 0.0000000000
4667  -15.371  -91.422  -50.054 0.0000000000
4668  -16.325  -91.618  -49.973 0.0000000000
4669  -17.669  -91.458  -50.521 0.0000000000
4670  -18.518  -91.675  -50.732 0.0000000000
4671  -18.807  -91.798  -50.893 0.0000000000
4677  -29.180  -91.637  -47.705 0.0000000000
4678  -29.707  -91.535  -48.745 0.0000000000
4683  -6.884  -90.304  -52.425 0.0000000000
4684  -7.743  -90.155  -51.928 0.0000000000
4685  -8.379  -89.985  -52.048 0.0000000000
4686  -13.913  -91.885  -50.577 0.0000000000
4687  -14.704  -91.876  -50.946 0.0000000000
4688  -18.186  -90.914  -51.077 0.0000000000
4689  -18.593  -90.959  -51.048 0.0000000000
4690  -19.110  -91.582  -51.336 0.0000000000
4691  -19.643  -92.163  -52.263 0.0000000000
4695  -28.868  -92.104  -47.452 0.0000000000
4696  -29.890  -91.326  -50.398 0.0000000000
4701  -7.223  -90.744  -52.682 0.0000000000
4702  -7.708  -90.854  -53.069 0.0000000000
4703  -8.331  -90.577  -53.459 0.0000000000
4704  -15.448  -92.847  -51.545 0.0000000000
4705  -15.348  -93.152  -51.451 0.0000000000
4706  -20.492  -91.839  -52.791 0.0000000000
4707  -21.163  -91.994  -53.664 0.0000000000
4708  -21.796  -92.788  -54.422 0.0000000000
4709  -29.114  -91.148  -53.442 0.0000000000
4710  -29.543  -91.190  -52.047 0.0000000000
4711  -7.779  -91.479  -54.639 0.0000000000
4712  -8.423  -90.993  -55.290 0.0000000000
4713  -15.721  -93.164  -51.585 0.0000000000
4714  -16.121  -94.122  -52.289 0.0000000000
4715  -16.822  -94.437  -53.287 0.0000000000
4716  -17.424  -94.409  -54.591 0.0000000000
4717  -18.153  -94.400  -55.770 0.0000000000
4718  -21.451  -92.618  -54.979 0.0000000000
4719  -22.365  -93.970  -56.707 0.0000000000
4720  -23.590  -94.211  -57.909 0.0000000000
4721  -26.805  -90.906  -56.906 0.0000000000
4722  -27.357  -91.477  -56.195 0.0000000000
4723  -28.243  -91.114  -54.452 0.0000000000
4724  -8.029  -91.498  -56.450 0.0000000000
4725  -8.661  -91.058  -57.889 0.0000000000
4726  -9.680  -91.278  -58.529 0.0000000000
4727  -17.753  -94.354  -56.113 0.0000000000
4728  -18.161  -94.159  -56.712 0.0000000000
4729  -17.734  -93.121  -56.996 0.0000000000
4730  -22.949  -93.931  -58.526 0.0000000000
4731  -24.267  -93.194  -58.449 0.0000000000
4732  -25.840  -92.048  -57.961 0.0000000000
4733  -26.788  -91.308  -57.481 0.0000000000
4734  -27.007  -91.757  -57.362 0.0000000000
4735  -9.416  -92.027  -59.375 0.0000000000
4736  -10.954  -92.651  -59.771 0.0000000000
4737  -12.861  -92.180  -59.971 0.0000000000
4738  -14.367  -91.708  -59.879 0.0000000000
4739  -15.515  -91.192  -59.110 0.0000000000
4740  -16.098  -91.098  -57.585 0.0000000000
4741  -17.299  -91.796  -57.715 0.0000000000
4742  -17.770  -92.665  -57.845 0.0000000000
4743  -26.692  -91.854  -57.766 0.0000000000
4744  -26.867  -91.760  -57.687 0.0000000000
4745  -27.010  -91.908  -57.578 0.0000000000
4746  -26.318  -91.777  -58.080 0.0000000000
4747  -26.556  -91.796  -57.960 0.0000000000
4748  -26.820  -91.933  -57.859 0.0000000000
4749  -26.543  -91.711  -58.108 0.0000000000
4750  -26.467  -91.483  -58.000 0.0000000000
4751  -26.741  -91.703  -57.954 0.0000000000
5619  -9.126  -87.825  -48.929 0.0000000000
5620  -9.356  -87.763  -48.934 0.0000000000
5636  -7.203  -88.593  -50.454 0.0000000000
5637  -8.680  -88.172  -49.436 0.0000000000
5638  -9.363  -87.966  -49.463 0.0000000000
5645  -29.541  -89.879  -47.902 0.0000000000
5652  -6.933  -89.091  -51.244 0.0000000000
5653  -8.963  -88.505  -50.026 0.0000000000
5654  -9.379  -88.446  -50.546 0.0000000000
5655  -9.774  -87.983  -50.809 0.0000000000
5656  -15.308  -91.433  -50.863 0.0000000000
5657  -15.734  -91.326  -50.693 0.0000000000
5658  -16.429  -91.303  -50.629 0.0000000000
5659  -16.983  -91.331  -50.607 0.0000000000
5666  -29.416  -90.751  -47.913 0.0000000000
5667  -29.635  -90.116  -49.157 0.0000000000
5671  -8.860  -89.441  -52.330 0.0000000000
5672  -9.370  -88.293  -51.783 0.0000000000
5673  -15.552  -91.775  -51.234 0.0000000000
5674  -16.108  -91.630  -51.273 0.0000000000
5675  -16.847  -91.394  -51.339 0.0000000000
5676  -17.695  -90.942  -51.263 0.0000000000
5677  -18.589  -90.698  -51.494 0.0000000000
5678  -19.268  -90.873  -52.018 0.0000000000
5679  -19.736  -91.544  -52.353 0.0000000000
5682  -28.934  -89.813  -51.197 0.0000000000
5683  -29.531  -90.236  -50.421 0.0000000000
5684  -8.653  -90.030  -54.329 0.0000000000
5685  -8.786  -88.751  -53.725 0.0000000000
5686  -15.528  -92.583  -51.518 0.0000000000
5687  -15.693  -92.407  -51.508 0.0000000000
5688  -16.403  -92.486  -51.758 0.0000000000
5689  -17.362  -92.584  -52.206 0.0000000000
5690  -18.155  -92.073  -52.645 0.0000000000
5691  -18.958  -91.281  -52.728 0.0000000000
5692  -19.769  -91.491  -53.499 0.0000000000
5693  -20.479  -91.625  -53.826 0.0000000000
5694  -21.134  -92.034  -54.551 0.0000000000
5695  -27.996  -89.560  -53.291 0.0000000000
5696  -28.901  -90.226  -52.476 0.0000000000
5697  -29.454  -90.511  -51.302 0.0000000000
5698  -8.934  -90.507  -55.939 0.0000000000
5699  -8.936  -89.550  -55.668 0.0000000000
5700  -15.660  -92.795  -51.525 0.0000000000
5701  -15.950  -93.083  -51.670 0.0000000000
5702  -16.572  -93.552  -52.036 0.0000000000
5703  -17.336  -93.756  -52.965 0.0000000000
5704  -18.214  -93.823  -54.628 0.0000000000
5705  -18.996  -93.175  -55.161 0.0000000000
5706  -19.536  -92.746  -55.696 0.0000000000
5707  -20.243  -92.559  -56.399 0.0000000000
5708  -21.067  -93.139  -56.944 0.0000000000
5709  -22.032  -93.742  -58.389 0.0000000000
5710  -25.502  -89.996  -56.382 0.0000000000
5711  -26.466  -90.243  -56.188 0.0000000000
5712  -27.560  -90.128  -54.650 0.0000000000
5713  -28.415  -90.416  -53.697 0.0000000000
5714  -9.504  -90.611  -56.851 0.0000000000
5715  -10.178  -90.181  -57.249 0.0000000000
5716  -18.377  -94.277  -56.130 0.0000000000
5717  -18.677  -93.782  -56.738 0.0000000000
5718  -19.173  -93.000  -57.813 0.0000000000
5719  -19.766  -92.947  -57.738 0.0000000000
5720  -21.547  -93.310  -59.265 0.0000000000
5721  -22.784  -92.699  -59.149 0.0000000000
5722  -24.226  -91.112  -58.925 0.0000000000
5723  -25.725  -90.533  -57.364 0.0000000000
5724  -26.568  -90.697  -57.128 0.0000000000
5725  -11.611  -90.436  -58.662 0.0000000000
5726  -13.077  -90.183  -59.095 0.0000000000
5727  -14.140  -89.480  -59.338 0.0000000000
5728  -14.819  -89.244  -58.262 0.0000000000
5729  -16.268  -89.599  -58.169 0.0000000000
5730  -17.055  -89.836  -57.235 0.0000000000
5731  -18.216  -91.819  -57.636 0.0000000000
5732  -18.919  -91.534  -58.217 0.0000000000
5733  -21.904  -92.108  -59.762 0.0000000000
5734  -22.696  -91.193  -59.716 0.0000000000
5735  -23.221  -90.477  -59.515 0.0000000000
5736  -14.390  -88.383  -59.242 0.0000000000
5737  -14.766  -87.922  -59.378 0.0000000000
5738  -21.245  -88.886  -60.665 0.0000000000
6551  -7.815  -87.859  -49.418 0.0000000000
6552  -8.571  -87.763  -48.976 0.0000000000
6553  -9.711  -87.722  -49.540 0.0000000000
6561  -28.113  -87.765  -48.436 0.0000000000
6562  -29.178  -88.980  -48.478 0.0000000000
6571  -9.645  -87.895  -49.994 0.0000000000
6572  -9.884  -87.573  -50.046 0.0000000000
6578  -26.902  -87.576  -50.417 0.0000000000
6579  -27.938  -88.001  -49.725 0.0000000000
6580  -29.038  -89.070  -49.638 0.0000000000
6583  -9.902  -87.279  -51.113 0.0000000000
6584  -10.075  -86.770  -52.037 0.0000000000
6585  -18.728  -90.611  -51.487 0.0000000000
6586  -18.909  -90.570  -51.574 0.0000000000
6587  -27.163  -87.962  -51.085 0.0000000000
6588  -28.154  -88.957  -50.883 0.0000000000
6589  -29.253  -89.574  -50.216 0.0000000000
6590  -9.331  -87.545  -52.861 0.0000000000
6591  -9.569  -86.577  -53.549 0.0000000000
6592  -18.867  -90.602  -51.761 0.0000000000
6593  -19.106  -90.763  -52.155 0.0000000000
6594  -23.652  -88.379  -54.768 0.0000000000
6595  -23.933  -88.512  -54.335 0.0000000000
6596  -25.050  -88.442  -53.671 0.0000000000
6597  -27.011  -88.476  -52.659 0.0000000000
6598  -28.184  -89.391  -52.068 0.0000000000
6599  -9.300  -88.023  -55.288 0.0000000000
6600  -9.598  -86.463  -55.501 0.0000000000
6601  -10.694  -84.684  -55.218 0.0000000000
6602  -10.855  -84.875  -55.205 0.0000000000
6603  -20.508  -93.020  -57.965 0.0000000000
6604  -20.798  -93.083  -58.814 0.0000000000
6605  -23.996  -88.708  -55.270 0.0000000000
6606  -24.908  -89.339  -55.382 0.0000000000
6607  -26.359  -89.301  -54.375 0.0000000000
6608  -27.283  -89.315  -53.759 0.0000000000
6609  -10.556  -88.186  -57.064 0.0000000000
6610  -10.566  -86.261  -56.548 0.0000000000
6611  -10.760  -84.619  -55.393 0.0000000000
6612  -10.912  -84.676  -55.531 0.0000000000
6613  -19.663  -92.500  -58.610 0.0000000000
6614  -20.262  -92.340  -59.090 0.0000000000
6615  -21.199  -92.437  -59.675 0.0000000000
6616  -24.282  -89.364  -56.885 0.0000000000
6617  -24.988  -89.840  -56.476 0.0000000000
6618  -12.063  -89.177  -57.739 0.0000000000
6619  -12.515  -87.779  -57.585 0.0000000000
6620  -13.840  -88.244  -58.770 0.0000000000
6621  -15.449  -87.933  -59.095 0.0000000000
6622  -16.255  -87.783  -58.628 0.0000000000
6623  -17.460  -88.636  -57.419 0.0000000000
6624  -18.497  -89.403  -57.479 0.0000000000
6625  -19.647  -90.837  -58.691 0.0000000000
6626  -20.572  -90.049  -59.972 0.0000000000
6627  -21.546  -90.973  -60.369 0.0000000000
6628  -22.683  -90.242  -60.042 0.0000000000
6629  -23.313  -89.507  -59.001 0.0000000000
6630  -12.885  -86.712  -57.632 0.0000000000
6631  -13.915  -87.315  -58.143 0.0000000000
6632  -14.823  -86.943  -58.790 0.0000000000
6633  -15.496  -86.874  -59.374 0.0000000000
6634  -20.851  -89.104  -60.409 0.0000000000
6635  -21.072  -89.411  -60.431 0.0000000000
6636  -21.644  -89.111  -59.605 0.0000000000
7447  -26.262  -86.497  -49.282 0.0000000000
7448  -26.836  -86.723  -48.676 0.0000000000
7455  -10.723  -86.010  -50.643 0.0000000000
7456  -10.856  -85.542  -50.811 0.0000000000
7459  -25.707  -86.246  -50.728 0.0000000000
7460  -26.400  -86.886  -49.968 0.0000000000
7461  -27.306  -87.346  -49.157 0.0000000000
7466  -10.428  -86.483  -51.036 0.0000000000
7467  -10.609  -85.855  -51.895 0.0000000000
7468  -10.915  -85.258  -51.217 0.0000000000
7469  -25.710  -86.588  -51.253 0.0000000000
7470  -26.395  -87.251  -51.143 0.0000000000
7474  -10.262  -85.721  -53.601 0.0000000000
7475  -23.483  -87.995  -54.388 0.0000000000
7476  -23.978  -87.726  -53.391 0.0000000000
7477  -25.366  -87.403  -52.215 0.0000000000
7478  -26.506  -87.693  -51.784 0.0000000000
7479  -10.363  -85.454  -54.910 0.0000000000
7480  -10.731  -84.987  -55.033 0.0000000000
7481  -11.092  -84.588  -55.018 0.0000000000
7482  -23.664  -88.356  -55.510 0.0000000000
7483  -10.504  -85.205  -56.195 0.0000000000
7484  -10.836  -84.748  -56.108 0.0000000000
7485  -11.470  -84.568  -55.984 0.0000000000
7486  -23.573  -88.307  -57.111 0.0000000000
7487  -11.317  -85.508  -57.099 0.0000000000
7488  -11.401  -84.748  -56.896 0.0000000000
7489  -12.068  -84.614  -56.755 0.0000000000
7490  -15.331  -86.498  -58.360 0.0000000000
7491  -16.528  -86.275  -58.747 0.0000000000
7492  -17.692  -86.906  -57.489 0.0000000000
7493  -19.106  -87.113  -58.098 0.0000000000
7494  -20.108  -89.102  -59.102 0.0000000000
7495  -12.093  -86.078  -57.628 0.0000000000
7496  -13.083  -86.241  -57.845 0.0000000000
7497  -14.163  -86.048  -58.567 0.0000000000
7498  -14.967  -85.803  -59.088 0.0000000000
7499  -15.415  -85.553  -58.809 0.0000000000
7500  -20.269  -87.476  -58.474 0.0000000000
7501  -20.676  -88.229  -59.723 0.0000000000
7502  -21.054  -88.808  -60.552 0.0000000000
7503  -20.745  -87.685  -59.544 0.0000000000
8322  -26.610  -85.736  -47.523 0.0000000000
8338  -25.892  -85.458  -49.161 0.0000000000
8339  -26.186  -85.744  -48.314 0.0000000000
8340  -26.796  -86.242  -47.835 0.0000000000
8350  -25.668  -85.479  -49.798 0.0000000000
8351  -25.999  -86.061  -49.106 0.0000000000
8352  -26.343  -86.190  -48.417 0.0000000000
8360  -25.639  -85.852  -50.281 0.0000000000
8361  -26.041  -86.317  -49.608 0.0000000000
8367  -10.663  -85.237  -52.646 0.0000000000
8368  -11.138  -84.802  -51.747 0.0000000000
8369  -24.155  -85.617  -51.950 0.0000000000
8370  -24.997  -85.863  -51.405 0.0000000000
8374  -10.670  -84.948  -53.308 0.0000000000
8375  -11.309  -84.754  -52.525 0.0000000000
8376  -11.976  -84.852  -52.619 0.0000000000
8377  -12.869  -84.758  -52.991 0.0000000000
8378  -16.230  -83.850  -54.495 0.0000000000
8379  -16.374  -83.626  -54.954 0.0000000000
8380  -16.683  -83.467  -55.592 0.0000000000
8381  -23.440  -87.233  -53.788 0.0000000000
8382  -24.027  -86.503  -52.511 0.0000000000
8383  -24.949  -86.556  -51.785 0.0000000000
8384  -10.754  -84.966  -53.941 0.0000000000
8385  -11.203  -85.006  -53.869 0.0000000000
8386  -12.131  -85.241  -54.395 0.0000000000
8387  -13.701  -84.571  -54.676 0.0000000000
8388  -15.748  -84.433  -54.989 0.0000000000
8389  -16.415  -83.690  -56.401 0.0000000000
8390  -16.740  -83.277  -56.800 0.0000000000
8391  -17.059  -83.508  -57.060 0.0000000000
8392  -17.242  -83.713  -57.059 0.0000000000
8393  -23.410  -87.549  -55.219 0.0000000000
8394  -12.790  -84.625  -56.330 0.0000000000
8395  -14.248  -84.475  -56.969 0.0000000000
8396  -15.656  -84.064  -57.488 0.0000000000
8397  -16.665  -83.947  -57.678 0.0000000000
8398  -17.504  -84.223  -57.740 0.0000000000
8399  -17.373  -83.595  -57.829 0.0000000000
8400  -23.566  -87.515  -56.754 0.0000000000
8401  -11.590  -85.425  -57.171 0.0000000000
8402  -12.233  -85.347  -56.995 0.0000000000
8403  -13.303  -85.355  -56.896 0.0000000000
8404  -14.714  -84.400  -58.067 0.0000000000
8405  -15.603  -84.995  -58.252 0.0000000000
8406  -16.591  -84.995  -58.152 0.0000000000
8407  -17.444  -85.105  -58.190 0.0000000000
8408  -11.645  -85.601  -57.428 0.0000000000
8409  -12.284  -85.906  -57.238 0.0000000000
8410  -13.531  -85.876  -57.393 0.0000000000
8411  -14.516  -85.377  -58.130 0.0000000000
8412  -15.006  -84.997  -58.819 0.0000000000
8413  -20.473  -87.573  -58.930 0.0000000000
8414  -20.869  -87.356  -59.418 0.0000000000
9278  -26.395  -85.243  -47.960 0.0000000000
9296  -25.855  -85.107  -49.330 0.0000000000
9297  -26.074  -85.265  -48.793 0.0000000000
9307  -16.575  -82.995  -52.582 0.0000000000
9308  -16.770  -83.173  -52.547 0.0000000000
9311  -25.615  -85.074  -49.868 0.0000000000
9319  -16.399  -83.242  -52.534 0.0000000000
9320  -16.983  -83.191  -52.544 0.0000000000
9321  -17.060  -83.105  -52.885 0.0000000000
9322  -24.619  -84.757  -51.143 0.0000000000
9323  -25.089  -85.029  -50.658 0.0000000000
9329  -11.593  -83.463  -51.334 0.0000000000
9330  -12.131  -82.574  -51.116 0.0000000000
9331  -16.713  -83.359  -52.616 0.0000000000
9332  -16.872  -83.333  -53.176 0.0000000000
9333  -16.881  -83.091  -53.977 0.0000000000
9334  -16.911  -82.920  -54.588 0.0000000000
9335  -24.347  -85.034  -51.483 0.0000000000
9336  -24.994  -85.364  -50.950 0.0000000000
9341  -11.743  -83.557  -51.685 0.0000000000
9342  -12.792  -83.438  -51.693 0.0000000000
9343  -13.907  -84.529  -52.372 0.0000000000
9344  -16.382  -83.867  -53.523 0.0000000000
9345  -16.625  -83.254  -54.497 0.0000000000
9346  -16.960  -83.282  -55.450 0.0000000000
9347  -17.282  -83.042  -55.512 0.0000000000
9348  -17.382  -83.023  -56.670 0.0000000000
9349  -23.507  -86.395  -54.711 0.0000000000
9350  -23.507  -86.331  -53.898 0.0000000000
9351  -23.761  -85.436  -52.516 0.0000000000
9354  -14.745  -84.174  -53.348 0.0000000000
9355  -15.443  -83.953  -53.339 0.0000000000
9356  -17.025  -83.457  -56.396 0.0000000000
9357  -17.119  -83.116  -56.592 0.0000000000
9358  -23.538  -87.050  -55.713 0.0000000000
9359  -13.770  -84.520  -57.171 0.0000000000
9360  -14.120  -84.184  -57.653 0.0000000000
9361  -14.000  -85.352  -57.167 0.0000000000
9362  -14.518  -85.121  -57.296 0.0000000000
9363  -13.728  -85.630  -57.357 0.0000000000
9364  -14.109  -85.531  -57.404 0.0000000000
9365  -28.559  -85.410  -57.050 0.0000000000
9366  -26.647  -84.237  -58.141 0.0000000000
9367  -20.868  -86.673  -59.364 0.0000000000
10247  -26.469  -84.937  -48.300 0.0000000000
10262  -25.975  -84.984  -49.169 0.0000000000
10263  -26.201  -84.960  -49.078 0.0000000000
10275  -16.530  -83.123  -52.449 0.0000000000
10276  -16.736  -82.962  -52.541 0.0000000000
10277  -25.760  -84.710  -49.794 0.0000000000
10278  -25.958  -84.592  -49.641 0.0000000000
10286  -16.685  -83.036  -52.219 0.0000000000
10287  -16.878  -82.897  -52.285 0.0000000000
10288  -17.157  -82.895  -52.879 0.0000000000
10289  -17.111  -82.732  -53.045 0.0000000000
10290  -24.587  -84.409  -51.214 0.0000000000
10291  -25.310  -84.642  -50.477 0.0000000000
10296  -13.236  -82.547  -50.359 0.0000000000
10297  -16.457  -83.106  -51.968 0.0000000000
10298  -16.558  -82.818  -51.903 0.0000000000
10299  -17.044  -83.000  -53.828 0.0000000000
10300  -17.121  -83.116  -53.996 0.0000000000
10301  -23.890  -84.691  -52.205 0.0000000000
10307  -13.698  -82.564  -50.888 0.0000000000
10308  -14.261  -83.073  -51.862 0.0000000000
10309  -15.479  -83.391  -52.327 0.0000000000
10310  -17.214  -82.859  -55.160 0.0000000000
10311  -17.520  -82.964  -56.079 0.0000000000
10312  -23.758  -85.692  -54.040 0.0000000000
10313  -23.631  -85.302  -53.116 0.0000000000
10317  -14.406  -83.651  -52.558 0.0000000000
10318  -14.805  -83.602  -52.642 0.0000000000
10319  -17.443  -82.904  -55.845 0.0000000000
10320  -27.214  -85.968  -55.250 0.0000000000
10321  -28.090  -85.821  -55.570 0.0000000000
10322  -29.090  -85.498  -55.313 0.0000000000
10323  -26.696  -84.202  -59.254 0.0000000000
10324  -26.901  -84.132  -59.095 0.0000000000
10325  -27.370  -84.180  -59.024 0.0000000000
10326  -29.682  -84.978  -57.818 0.0000000000
10327  -22.397  -86.489  -59.629 0.0000000000
10328  -19.794  -85.253  -58.942 0.0000000000
10329  -21.378  -85.887  -59.993 0.0000000000
11194  -26.457  -84.780  -49.165 0.0000000000
11203  -25.816  -84.273  -50.161 0.0000000000
11204  -26.057  -84.522  -49.628 0.0000000000
11211  -16.929  -82.736  -52.133 0.0000000000
11212  -16.912  -82.501  -52.795 0.0000000000
11213  -17.272  -82.395  -52.747 0.0000000000
11214  -24.794  -83.779  -51.268 0.0000000000
11215  -25.302  -84.074  -50.687 0.0000000000
11221  -15.893  -82.416  -52.025 0.0000000000
11222  -16.247  -82.521  -51.785 0.0000000000
11223  -17.131  -82.601  -53.254 0.0000000000
11224  -17.259  -82.503  -52.980 0.0000000000
11225  -24.314  -84.008  -51.915 0.0000000000
11230  -13.674  -81.924  -50.791 0.0000000000
11231  -14.386  -82.011  -51.249 0.0000000000
11232  -15.481  -82.520  -51.414 0.0000000000
11233  -15.550  -82.073  -51.465 0.0000000000
11234  -17.402  -82.874  -54.068 0.0000000000
11235  -23.784  -85.211  -53.917 0.0000000000
11236  -24.318  -84.855  -53.318 0.0000000000
11240  -17.281  -82.924  -55.356 0.0000000000
11241  -17.748  -83.125  -56.234 0.0000000000
11242  -25.310  -85.287  -54.059 0.0000000000
11243  -26.257  -85.637  -54.605 0.0000000000
11244  -27.099  -85.782  -54.525 0.0000000000
11245  -26.914  -85.942  -55.001 0.0000000000
11246  -27.870  -85.903  -54.761 0.0000000000
11247  -28.895  -85.016  -54.833 0.0000000000
11248  -29.443  -84.772  -55.069 0.0000000000
11249  -28.735  -85.304  -54.980 0.0000000000
11250  -29.528  -84.574  -55.536 0.0000000000
11251  -27.863  -83.406  -58.844 0.0000000000
11252  -28.971  -83.181  -58.933 0.0000000000
11253  -30.178  -83.031  -59.360 0.0000000000
11254  -30.157  -84.477  -57.203 0.0000000000
11255  -21.404  -84.466  -60.564 0.0000000000
11256  -25.604  -83.877  -59.179 0.0000000000
11257  -26.443  -84.056  -59.047 0.0000000000
11258  -27.320  -83.952  -58.907 0.0000000000
11259  -28.339  -83.892  -58.818 0.0000000000
11260  -29.875  -83.893  -59.089 0.0000000000
11261  -29.453  -84.782  -58.342 0.0000000000
11262  -30.090  -84.795  -58.116 0.0000000000
11263  -23.373  -85.442  -59.363 0.0000000000
11264  -27.991  -84.370  -58.778 0.0000000000
11265  -28.933  -84.203  -58.703 0.0000000000
11266  -20.088  -84.859  -59.168 0.0000000000
11267  -20.636  -84.817  -59.688 0.0000000000
12165  -26.237  -84.440  -49.773 0.0000000000
12166  -26.412  -84.415  -49.828 0.0000000000
12175  -25.595  -83.805  -50.601 0.0000000000
12176  -25.941  -83.910  -50.328 0.0000000000
12177  -26.380  -83.836  -50.542 0.0000000000
12186  -24.841  -83.564  -51.589 0.0000000000
12187  -25.358  -83.368  -51.138 0.0000000000
12188  -26.092  -83.278  -51.169 0.0000000000
12194  -17.231  -82.662  -53.477 0.0000000000
12195  -17.125  -82.610  -53.219 0.0000000000
12196  -24.712  -83.688  -52.230 0.0000000000
12197  -25.232  -83.231  -51.778 0.0000000000
12202  -14.948  -81.779  -51.466 0.0000000000
12203  -15.314  -81.858  -51.362 0.0000000000
12204  -15.412  -81.780  -51.546 0.0000000000
12205  -17.213  -82.770  -54.381 0.0000000000
12206  -17.367  -82.621  -53.307 0.0000000000
12207  -24.931  -83.835  -52.862 0.0000000000
12208  -25.400  -83.258  -52.446 0.0000000000
12211  -12.184  -84.705  -55.496 0.0000000000
12212  -12.681  -84.689  -55.197 0.0000000000
12213  -12.899  -84.774  -54.760 0.0000000000
12214  -17.625  -83.051  -55.962 0.0000000000
12215  -18.099  -82.925  -56.526 0.0000000000
12216  -25.262  -84.396  -53.521 0.0000000000
12217  -25.773  -83.576  -53.253 0.0000000000
12220  -13.338  -84.538  -56.546 0.0000000000
12221  -13.257  -84.499  -55.349 0.0000000000
12222  -17.734  -83.050  -56.427 0.0000000000
12223  -18.510  -83.597  -57.714 0.0000000000
12224  -25.749  -85.056  -53.980 0.0000000000
12225  -26.717  -84.615  -54.131 0.0000000000
12226  -28.163  -84.000  -54.640 0.0000000000
12227  -29.362  -83.313  -55.348 0.0000000000
12228  -30.112  -82.882  -55.845 0.0000000000
12231  -14.810  -84.308  -56.542 0.0000000000
12232  -14.039  -84.504  -55.891 0.0000000000
12233  -19.325  -83.349  -58.401 0.0000000000
12234  -27.475  -85.606  -54.441 0.0000000000
12235  -28.135  -85.158  -54.560 0.0000000000
12236  -29.494  -84.525  -55.097 0.0000000000
12237  -30.668  -83.523  -56.255 0.0000000000
12238  -31.412  -83.517  -56.953 0.0000000000
12241  -19.747  -84.167  -59.639 0.0000000000
12242  -25.363  -82.206  -57.337 0.0000000000
12243  -26.142  -82.111  -57.578 0.0000000000
12244  -29.638  -84.390  -55.311 0.0000000000
12245  -31.282  -84.261  -57.248 0.0000000000
12246  -24.713  -82.855  -58.696 0.0000000000
12247  -25.359  -82.798  -57.985 0.0000000000
12248  -27.597  -82.584  -58.505 0.0000000000
12249  -29.631  -82.422  -59.089 0.0000000000
12250  -30.593  -82.677  -59.286 0.0000000000
12251  -31.548  -84.282  -58.343 0.0000000000
12252  -31.161  -84.697  -58.068 0.0000000000
12253  -22.663  -83.853  -60.215 0.0000000000
12254  -24.695  -83.585  -59.780 0.0000000000
12255  -26.031  -83.624  -58.678 0.0000000000
12256  -27.046  -83.585  -58.762 0.0000000000
12257  -30.941  -83.417  -59.281 0.0000000000
12258  -31.073  -84.348  -58.724 0.0000000000
12259  -30.597  -85.019  -58.253 0.0000000000
12260  -23.507  -84.362  -60.060 0.0000000000
12261  -25.253  -83.901  -59.023 0.0000000000
13236  -25.565  -83.131  -51.666 0.0000000000
13237  -26.001  -82.951  -51.723 0.0000000000
13238  -26.821  -82.703  -51.924 0.0000000000
13243  -25.965  -82.804  -52.216 0.0000000000
13244  -26.897  -82.570  -52.407 0.0000000000
13245  -28.072  -82.351  -52.911 0.0000000000
13251  -17.349  -82.624  -53.556 0.0000000000
13252  -17.285  -82.570  -52.867 0.0000000000
13253  -26.409  -82.929  -53.011 0.0000000000
13254  -27.216  -82.608  -53.011 0.0000000000
13255  -27.956  -82.467  -53.187 0.0000000000
13261  -11.745  -84.942  -54.864 0.0000000000
13262  -12.151  -84.933  -54.708 0.0000000000
13263  -12.745  -84.942  -54.671 0.0000000000
13264  -13.094  -84.726  -54.829 0.0000000000
13265  -17.232  -82.836  -54.871 0.0000000000
13266  -17.281  -82.869  -55.124 0.0000000000
13267  -26.975  -83.335  -53.781 0.0000000000
13268  -27.970  -82.799  -53.835 0.0000000000
13269  -28.574  -82.386  -54.074 0.0000000000
13276  -11.636  -84.780  -54.257 0.0000000000
13277  -12.403  -84.853  -54.028 0.0000000000
13278  -13.504  -84.190  -54.695 0.0000000000
13279  -17.545  -82.939  -55.771 0.0000000000
13280  -17.665  -82.957  -56.051 0.0000000000
13281  -27.432  -83.657  -54.212 0.0000000000
13282  -28.242  -83.175  -54.499 0.0000000000
13283  -29.559  -82.273  -55.417 0.0000000000
13284  -30.424  -82.734  -56.079 0.0000000000
13291  -15.410  -84.149  -56.168 0.0000000000
13292  -14.740  -84.039  -55.568 0.0000000000
13293  -18.763  -82.826  -58.046 0.0000000000
13294  -18.743  -82.900  -57.334 0.0000000000
13295  -28.552  -80.872  -57.059 0.0000000000
13296  -29.646  -81.274  -56.894 0.0000000000
13297  -30.748  -82.521  -56.743 0.0000000000
13298  -31.338  -83.145  -56.854 0.0000000000
13302  -15.621  -83.941  -56.507 0.0000000000
13303  -18.044  -82.499  -59.252 0.0000000000
13304  -18.864  -83.052  -60.083 0.0000000000
13305  -19.033  -83.626  -59.341 0.0000000000
13306  -24.872  -81.506  -56.803 0.0000000000
13307  -25.453  -81.746  -56.929 0.0000000000
13308  -27.560  -81.262  -57.505 0.0000000000
13309  -29.471  -81.348  -57.943 0.0000000000
13310  -30.658  -82.076  -57.907 0.0000000000
13311  -31.445  -83.162  -57.560 0.0000000000
13315  -17.941  -81.869  -59.773 0.0000000000
13316  -24.703  -82.037  -57.766 0.0000000000
13317  -25.067  -82.245  -57.322 0.0000000000
13318  -29.079  -81.784  -58.521 0.0000000000
13319  -30.266  -82.077  -58.785 0.0000000000
13320  -31.207  -82.946  -58.747 0.0000000000
13321  -31.706  -83.828  -58.377 0.0000000000
13322  -12.218  -84.294  -56.953 0.0000000000
13323  -23.134  -83.277  -59.808 0.0000000000
13324  -24.306  -82.723  -59.714 0.0000000000
13325  -31.509  -83.785  -58.835 0.0000000000
13326  -31.769  -84.146  -58.746 0.0000000000
13327  -21.049  -83.915  -60.758 0.0000000000
14343  -28.587  -82.211  -53.409 0.0000000000
14344  -28.834  -82.120  -53.623 0.0000000000
14349  -17.022  -82.414  -52.298 0.0000000000
14350  -17.264  -82.449  -52.450 0.0000000000
14351  -17.348  -82.556  -53.310 0.0000000000
14352  -17.168  -82.671  -53.771 0.0000000000
14353  -28.751  -82.172  -53.881 0.0000000000
14354  -29.450  -81.944  -54.988 0.0000000000
14360  -17.149  -82.709  -53.968 0.0000000000
14361  -17.090  -82.777  -54.480 0.0000000000
14362  -29.304  -81.888  -55.212 0.0000000000
14363  -29.694  -81.148  -55.946 0.0000000000
14369  -11.814  -84.118  -53.120 0.0000000000
14370  -13.218  -84.301  -53.229 0.0000000000
14371  -14.922  -84.096  -54.137 0.0000000000
14372  -16.008  -84.135  -54.548 0.0000000000
14373  -16.791  -82.958  -54.759 0.0000000000
14374  -17.114  -83.013  -55.265 0.0000000000
14375  -17.286  -82.813  -55.338 0.0000000000
14376  -28.794  -80.922  -55.768 0.0000000000
14377  -29.603  -80.386  -56.218 0.0000000000
14378  -29.866  -80.312  -56.410 0.0000000000
14385  -15.936  -84.023  -56.242 0.0000000000
14386  -15.900  -84.157  -55.794 0.0000000000
14387  -16.438  -83.435  -55.718 0.0000000000
14388  -17.142  -83.100  -56.109 0.0000000000
14389  -17.709  -82.875  -56.616 0.0000000000
14390  -17.699  -83.029  -56.376 0.0000000000
14391  -27.057  -80.415  -56.277 0.0000000000
14392  -28.349  -80.537  -56.359 0.0000000000
14395  -16.378  -83.370  -56.605 0.0000000000
14396  -16.693  -82.605  -56.575 0.0000000000
14397  -17.421  -82.359  -58.030 0.0000000000
14398  -18.133  -82.591  -57.683 0.0000000000
14399  -24.655  -81.137  -56.855 0.0000000000
14400  -25.146  -81.090  -56.253 0.0000000000
14401  -26.012  -81.112  -56.308 0.0000000000
14405  -16.090  -83.223  -56.782 0.0000000000
14406  -17.378  -81.037  -59.236 0.0000000000
14407  -17.084  -80.424  -59.324 0.0000000000
14408  -24.351  -81.523  -57.681 0.0000000000
14409  -11.142  -83.982  -55.356 0.0000000000
14410  -10.909  -83.441  -57.703 0.0000000000
14411  -11.659  -84.042  -58.119 0.0000000000
14412  -15.659  -83.494  -56.871 0.0000000000
14413  -17.318  -81.155  -60.422 0.0000000000
14414  -17.147  -80.480  -59.889 0.0000000000
14415  -22.352  -83.484  -60.422 0.0000000000
14416  -22.888  -82.841  -59.886 0.0000000000
14417  -23.969  -81.956  -58.961 0.0000000000
14418  -10.522  -82.591  -59.439 0.0000000000
14419  -11.351  -83.477  -59.017 0.0000000000
14420  -12.365  -84.057  -58.473 0.0000000000
14421  -17.601  -80.816  -60.931 0.0000000000
14422  -17.292  -80.478  -60.548 0.0000000000
14423  -20.387  -83.668  -60.957 0.0000000000
14424  -21.544  -83.752  -61.048 0.0000000000
14425  -22.113  -83.362  -61.220 0.0000000000
14426  -22.864  -82.394  -60.295 0.0000000000
14427  -10.591  -81.866  -60.259 0.0000000000
14428  -11.198  -82.402  -60.121 0.0000000000
14429  -12.075  -82.732  -59.477 0.0000000000
14430  -18.106  -81.686  -61.745 0.0000000000
14431  -17.462  -80.178  -61.232 0.0000000000
14432  -20.545  -83.293  -62.103 0.0000000000
14433  -21.908  -82.846  -61.680 0.0000000000
14434  -18.993  -82.102  -63.377 0.0000000000
14435  -19.899  -81.725  -64.472 0.0000000000
15442  -15.595  -81.586  -51.470 0.0000000000
15446  -15.195  -81.701  -51.644 0.0000000000
15447  -16.019  -82.137  -52.124 0.0000000000
15448  -16.890  -82.200  -52.653 0.0000000000
15449  -17.428  -82.389  -53.107 0.0000000000
15450  -17.222  -82.474  -53.643 0.0000000000
15451  -17.137  -82.661  -54.004 0.0000000000
15458  -14.234  -82.464  -51.605 0.0000000000
15459  -15.445  -82.955  -52.085 0.0000000000
15460  -16.533  -82.952  -52.604 0.0000000000
15461  -17.337  -82.276  -53.308 0.0000000000
15462  -17.151  -82.696  -53.746 0.0000000000
15463  -17.078  -82.726  -54.236 0.0000000000
15464  -27.838  -79.362  -54.449 0.0000000000
15465  -28.786  -79.413  -54.628 0.0000000000
15473  -12.001  -83.541  -52.555 0.0000000000
15474  -12.754  -83.202  -52.147 0.0000000000
15475  -14.444  -83.616  -52.561 0.0000000000
15476  -16.081  -83.664  -53.168 0.0000000000
15477  -16.841  -83.209  -53.725 0.0000000000
15478  -16.979  -82.784  -54.160 0.0000000000
15479  -17.054  -82.784  -54.544 0.0000000000
15480  -26.249  -79.687  -54.837 0.0000000000
15481  -27.111  -79.623  -54.900 0.0000000000
15482  -28.647  -79.975  -55.343 0.0000000000
15483  -29.600  -80.104  -55.982 0.0000000000
15490  -11.660  -82.710  -52.866 0.0000000000
15491  -12.555  -81.757  -52.135 0.0000000000
15492  -16.302  -83.696  -54.300 0.0000000000
15493  -16.510  -83.297  -54.837 0.0000000000
15494  -25.312  -80.133  -55.466 0.0000000000
15495  -25.856  -79.961  -55.178 0.0000000000
15496  -27.303  -80.131  -55.506 0.0000000000
15500  -10.353  -82.380  -54.454 0.0000000000
15501  -16.268  -82.279  -57.233 0.0000000000
15502  -16.412  -82.310  -57.031 0.0000000000
15503  -16.710  -81.800  -57.221 0.0000000000
15504  -16.850  -81.552  -58.064 0.0000000000
15505  -24.641  -80.666  -56.653 0.0000000000
15506  -24.991  -80.344  -55.910 0.0000000000
15507  -25.619  -80.595  -55.743 0.0000000000
15512  -15.436  -82.241  -57.144 0.0000000000
15513  -15.833  -82.339  -57.070 0.0000000000
15514  -16.354  -83.489  -57.140 0.0000000000
15515  -17.145  -80.921  -58.293 0.0000000000
15516  -17.335  -80.258  -58.657 0.0000000000
15517  -18.029  -79.775  -58.703 0.0000000000
15518  -24.294  -81.009  -57.551 0.0000000000
15519  -24.239  -80.665  -58.071 0.0000000000
15522  -10.235  -83.066  -55.244 0.0000000000
15523  -10.182  -82.536  -56.215 0.0000000000
15524  -13.540  -83.861  -57.763 0.0000000000
15525  -15.038  -83.080  -57.571 0.0000000000
15526  -15.611  -83.139  -57.119 0.0000000000
15527  -17.208  -79.998  -59.392 0.0000000000
15528  -17.657  -79.471  -59.559 0.0000000000
15529  -17.629  -79.132  -60.171 0.0000000000
15530  -23.879  -81.413  -59.246 0.0000000000
15531  -23.924  -80.684  -59.075 0.0000000000
15532  -9.805  -81.957  -58.598 0.0000000000
15533  -13.039  -82.725  -59.516 0.0000000000
15534  -17.114  -79.947  -60.190 0.0000000000
15535  -17.472  -79.525  -60.406 0.0000000000
15536  -22.719  -81.521  -60.681 0.0000000000
15537  -23.962  -80.823  -60.275 0.0000000000
15538  -9.856  -81.357  -60.384 0.0000000000
15539  -10.976  -80.873  -61.215 0.0000000000
15540  -12.329  -81.580  -60.658 0.0000000000
15541  -17.908  -80.634  -62.377 0.0000000000
15542  -21.420  -82.407  -63.215 0.0000000000
15543  -10.039  -80.533  -61.648 0.0000000000
15544  -10.330  -80.346  -62.518 0.0000000000
16523  -15.116  -80.263  -50.535 0.0000000000
16528  -14.603  -79.613  -51.482 0.0000000000
16529  -14.904  -80.374  -51.283 0.0000000000
16530  -15.328  -81.041  -51.101 0.0000000000
16537  -14.348  -79.304  -51.984 0.0000000000
16538  -14.478  -80.545  -51.835 0.0000000000
16539  -16.654  -83.351  -52.780 0.0000000000
16540  -16.882  -82.728  -53.087 0.0000000000
16541  -27.342  -79.108  -54.405 0.0000000000
16542  -27.909  -78.732  -54.110 0.0000000000
16543  -29.070  -78.838  -53.814 0.0000000000
16548  -13.872  -79.674  -52.503 0.0000000000
16549  -13.164  -81.312  -51.749 0.0000000000
16550  -16.609  -82.987  -53.086 0.0000000000
16551  -17.375  -82.327  -53.213 0.0000000000
16552  -26.263  -79.483  -54.975 0.0000000000
16553  -26.939  -78.887  -54.847 0.0000000000
16554  -27.555  -78.412  -54.354 0.0000000000
16560  -12.508  -79.418  -53.887 0.0000000000
16561  -12.683  -80.366  -53.033 0.0000000000
16562  -12.799  -81.092  -52.084 0.0000000000
16563  -25.239  -79.933  -55.595 0.0000000000
16564  -25.742  -79.502  -55.476 0.0000000000
16565  -26.161  -78.822  -55.670 0.0000000000
16569  -11.385  -79.379  -55.016 0.0000000000
16570  -10.986  -80.099  -53.949 0.0000000000
16571  -11.115  -81.441  -53.312 0.0000000000
16572  -16.313  -81.757  -57.272 0.0000000000
16573  -16.747  -81.344  -57.918 0.0000000000
16574  -17.296  -80.171  -57.770 0.0000000000
16575  -18.066  -79.608  -57.428 0.0000000000
16576  -18.803  -78.686  -57.150 0.0000000000
16577  -19.335  -78.410  -57.254 0.0000000000
16578  -24.660  -80.404  -56.612 0.0000000000
16579  -24.867  -79.944  -56.233 0.0000000000
16580  -25.383  -79.352  -56.582 0.0000000000
16581  -25.925  -78.818  -56.215 0.0000000000
16586  -9.801  -81.238  -56.007 0.0000000000
16587  -10.244  -80.328  -55.141 0.0000000000
16588  -10.287  -80.989  -54.421 0.0000000000
16589  -15.527  -81.882  -57.470 0.0000000000
16590  -16.213  -81.033  -58.099 0.0000000000
16591  -16.815  -79.839  -57.582 0.0000000000
16592  -17.231  -79.108  -57.186 0.0000000000
16593  -18.048  -79.917  -57.665 0.0000000000
16594  -18.616  -79.455  -57.766 0.0000000000
16595  -19.254  -79.081  -58.259 0.0000000000
16596  -19.345  -78.558  -58.943 0.0000000000
16597  -24.526  -80.381  -57.149 0.0000000000
16598  -24.569  -80.077  -57.627 0.0000000000
16599  -24.924  -79.677  -57.889 0.0000000000
16604  -9.294  -80.940  -57.738 0.0000000000
16605  -14.061  -82.377  -59.008 0.0000000000
16606  -15.184  -81.162  -59.231 0.0000000000
16607  -15.628  -79.423  -58.229 0.0000000000
16608  -18.401  -79.036  -59.579 0.0000000000
16609  -18.108  -78.588  -61.164 0.0000000000
16610  -24.351  -79.960  -59.015 0.0000000000
16611  -24.943  -79.532  -58.659 0.0000000000
16612  -8.643  -79.648  -61.007 0.0000000000
16613  -8.792  -80.282  -60.077 0.0000000000
16614  -12.972  -80.661  -61.856 0.0000000000
16615  -13.437  -80.977  -60.942 0.0000000000
16616  -14.332  -79.166  -59.888 0.0000000000
16617  -22.864  -80.859  -61.683 0.0000000000
16618  -24.130  -80.028  -60.619 0.0000000000
16619  -8.855  -79.734  -61.840 0.0000000000
16620  -9.348  -80.447  -61.382 0.0000000000
16621  -12.459  -80.642  -62.002 0.0000000000
16622  -12.813  -81.085  -61.373 0.0000000000
16623  -22.628  -80.921  -63.558 0.0000000000
16624  -9.630  -80.045  -62.810 0.0000000000
16625  -10.835  -79.384  -63.258 0.0000000000
16626  -22.819  -80.431  -64.981 0.0000000000
16627  -9.902  -79.695  -63.323 0.0000000000
16628  -22.735  -79.632  -65.557 0.0000000000
16629  -21.001  -79.725  -65.415 0.0000000000
16630  -18.877  -78.771  -67.098 0.0000000000
16631  -19.342  -79.210  -66.658 0.0000000000
17575  -28.526  -78.242  -53.588 0.0000000000
17576  -29.367  -78.095  -53.214 0.0000000000
17577  -30.503  -77.970  -52.816 0.0000000000
17583  -13.453  -78.824  -53.183 0.0000000000
17584  -27.427  -78.240  -54.586 0.0000000000
17585  -28.074  -78.021  -54.036 0.0000000000
17586  -28.728  -77.915  -53.519 0.0000000000
17594  -12.962  -79.000  -53.739 0.0000000000
17595  -18.931  -76.394  -56.032 0.0000000000
17596  -19.078  -76.208  -55.878 0.0000000000
17597  -26.969  -78.294  -55.230 0.0000000000
17598  -27.736  -77.790  -54.728 0.0000000000
17601  -11.366  -78.831  -55.477 0.0000000000
17602  -11.857  -78.920  -54.936 0.0000000000
17603  -18.293  -78.216  -56.970 0.0000000000
17604  -18.830  -77.459  -56.793 0.0000000000
17605  -19.287  -77.016  -56.510 0.0000000000
17606  -20.042  -77.433  -57.178 0.0000000000
17607  -20.459  -76.499  -57.406 0.0000000000
17608  -20.439  -76.000  -57.508 0.0000000000
17609  -25.968  -78.976  -56.783 0.0000000000
17610  -26.572  -78.573  -56.261 0.0000000000
17611  -27.497  -78.046  -55.871 0.0000000000
17613  -9.540  -79.560  -56.804 0.0000000000
17614  -10.167  -79.347  -55.767 0.0000000000
17615  -16.208  -78.917  -57.669 0.0000000000
17616  -17.330  -78.072  -57.459 0.0000000000
17617  -17.614  -78.634  -57.040 0.0000000000
17618  -20.043  -78.372  -58.157 0.0000000000
17619  -20.167  -77.592  -58.686 0.0000000000
17620  -20.660  -76.297  -58.054 0.0000000000
17621  -20.621  -75.998  -58.212 0.0000000000
17622  -25.734  -79.454  -57.957 0.0000000000
17623  -26.707  -79.178  -57.661 0.0000000000
17624  -27.533  -78.775  -57.215 0.0000000000
17628  -8.593  -79.484  -58.881 0.0000000000
17629  -15.091  -78.694  -58.915 0.0000000000
17630  -15.820  -78.094  -58.286 0.0000000000
17631  -16.862  -77.587  -58.473 0.0000000000
17632  -20.001  -77.296  -60.134 0.0000000000
17633  -20.887  -76.491  -59.199 0.0000000000
17634  -20.710  -76.194  -58.442 0.0000000000
17635  -24.601  -79.332  -59.601 0.0000000000
17636  -25.520  -79.295  -59.103 0.0000000000
17637  -26.614  -79.262  -58.861 0.0000000000
17638  -27.791  -79.160  -58.765 0.0000000000
17639  -28.443  -79.298  -59.505 0.0000000000
17641  -7.996  -79.386  -59.899 0.0000000000
17642  -12.832  -80.005  -62.142 0.0000000000
17643  -13.586  -78.232  -61.148 0.0000000000
17647  -19.167  -76.989  -61.539 0.0000000000
17648  -20.519  -76.523  -60.655 0.0000000000
17649  -23.947  -80.155  -62.446 0.0000000000
17650  -24.258  -78.913  -60.908 0.0000000000
17651  -24.928  -78.492  -59.850 0.0000000000
17652  -26.212  -78.825  -59.658 0.0000000000
17653  -27.604  -78.971  -59.877 0.0000000000
17654  -28.213  -79.278  -59.668 0.0000000000
17656  -12.202  -79.791  -62.797 0.0000000000
17657  -12.493  -78.496  -62.906 0.0000000000
17658  -20.080  -76.499  -61.545 0.0000000000
17659  -23.645  -80.050  -64.035 0.0000000000
17660  -24.089  -78.509  -62.814 0.0000000000
17661  -24.552  -77.811  -60.995 0.0000000000
17662  -25.624  -77.847  -60.286 0.0000000000
17663  -26.760  -78.332  -60.163 0.0000000000
17664  -11.816  -77.860  -63.586 0.0000000000
17665  -19.421  -76.496  -62.482 0.0000000000
17666  -23.611  -79.150  -65.229 0.0000000000
17667  -24.126  -78.258  -64.458 0.0000000000
17668  -18.244  -77.519  -63.741 0.0000000000
17669  -22.517  -79.040  -66.144 0.0000000000
17670  -18.158  -78.289  -66.406 0.0000000000
17671  -20.321  -78.853  -66.869 0.0000000000
17672  -21.374  -78.484  -66.890 0.0000000000
17673  -18.621  -78.324  -67.085 0.0000000000
17674  -19.679  -78.344  -67.079 0.0000000000
17675  -20.747  -78.085  -66.733 0.0000000000
18664  -29.222  -77.847  -53.425 0.0000000000
18665  -30.204  -77.636  -53.159 0.0000000000
18675  -18.203  -75.085  -55.353 0.0000000000
18676  -18.282  -74.883  -55.233 0.0000000000
18677  -28.217  -77.681  -54.199 0.0000000000
18678  -28.891  -77.575  -53.828 0.0000000000
18679  -29.912  -77.104  -53.840 0.0000000000
18680  -30.724  -76.740  -53.939 0.0000000000
18690  -17.956  -75.651  -55.823 0.0000000000
18691  -18.178  -75.720  -55.891 0.0000000000
18692  -18.461  -75.760  -55.813 0.0000000000
18693  -18.601  -75.308  -55.589 0.0000000000
18694  -18.823  -75.084  -55.497 0.0000000000
18695  -28.409  -77.518  -54.516 0.0000000000
18696  -29.043  -77.150  -54.682 0.0000000000
18697  -30.084  -76.800  -55.065 0.0000000000
18698  -30.935  -76.570  -54.825 0.0000000000
18704  -18.143  -75.986  -56.425 0.0000000000
18705  -18.568  -76.738  -56.758 0.0000000000
18706  -18.743  -77.024  -56.680 0.0000000000
18707  -19.139  -75.933  -55.762 0.0000000000
18708  -19.434  -75.670  -55.929 0.0000000000
18709  -19.949  -75.424  -56.619 0.0000000000
18710  -20.251  -75.647  -57.198 0.0000000000
18711  -28.351  -77.593  -55.409 0.0000000000
18712  -29.247  -77.278  -56.047 0.0000000000
18713  -30.356  -77.077  -56.756 0.0000000000
18718  -18.153  -76.735  -57.537 0.0000000000
18719  -18.169  -77.643  -57.122 0.0000000000
18720  -19.906  -74.694  -57.207 0.0000000000
18721  -20.319  -75.462  -57.639 0.0000000000
18722  -20.492  -75.655  -58.068 0.0000000000
18723  -28.477  -78.218  -56.978 0.0000000000
18724  -29.649  -77.837  -57.717 0.0000000000
18725  -30.523  -77.735  -58.136 0.0000000000
18731  -20.783  -75.199  -59.187 0.0000000000
18732  -20.680  -75.813  -58.526 0.0000000000
18733  -28.181  -78.856  -58.001 0.0000000000
18734  -28.986  -78.944  -58.996 0.0000000000
18735  -30.627  -78.780  -59.497 0.0000000000
18736  -31.521  -79.172  -60.345 0.0000000000
18746  -21.071  -75.597  -60.332 0.0000000000
18747  -28.267  -78.857  -60.647 0.0000000000
18748  -28.818  -79.146  -60.337 0.0000000000
18749  -30.116  -79.178  -60.602 0.0000000000
18750  -31.272  -79.284  -60.946 0.0000000000
18758  -20.524  -75.791  -61.816 0.0000000000
18759  -24.379  -77.280  -61.993 0.0000000000
18760  -25.266  -76.815  -61.376 0.0000000000
18761  -26.469  -77.244  -60.557 0.0000000000
18762  -27.677  -78.208  -60.724 0.0000000000
18763  -28.908  -78.276  -61.261 0.0000000000
18764  -29.928  -78.854  -61.439 0.0000000000
18765  -30.877  -78.847  -61.727 0.0000000000
18771  -19.599  -76.040  -63.660 0.0000000000
18772  -23.920  -77.974  -65.159 0.0000000000
18773  -24.135  -77.125  -63.415 0.0000000000
18774  -24.590  -76.727  -62.253 0.0000000000
18775  -29.466  -77.479  -61.732 0.0000000000
18776  -30.063  -78.049  -61.993 0.0000000000
18777  -30.561  -78.435  -62.017 0.0000000000
18779  -18.222  -77.659  -65.793 0.0000000000
18780  -18.978  -76.599  -65.116 0.0000000000
18781  -22.854  -78.018  -66.002 0.0000000000
18782  -23.654  -76.897  -65.071 0.0000000000
18783  -18.433  -77.800  -66.814 0.0000000000
18784  -18.998  -77.419  -66.309 0.0000000000
18785  -21.819  -77.620  -66.235 0.0000000000
18786  -22.699  -76.522  -65.578 0.0000000000
18787  -19.002  -77.817  -67.036 0.0000000000
18788  -19.926  -77.599  -66.507 0.0000000000
18789  -21.141  -77.604  -65.377 0.0000000000
19795  -18.623  -73.011  -53.006 0.0000000000
19796  -18.854  -72.995  -52.992 0.0000000000
19797  -24.026  -72.780  -51.293 0.0000000000
19798  -24.361  -72.954  -51.352 0.0000000000
19799  -24.988  -73.361  -51.586 0.0000000000
19813  -17.167  -73.675  -54.036 0.0000000000
19814  -17.400  -73.700  -54.023 0.0000000000
19815  -17.747  -73.695  -53.943 0.0000000000
19816  -18.265  -73.312  -53.518 0.0000000000
19817  -18.668  -73.085  -53.577 0.0000000000
19818  -23.873  -72.709  -51.679 0.0000000000
19819  -24.537  -72.827  -51.938 0.0000000000
19820  -25.232  -73.119  -52.236 0.0000000000
19836  -17.040  -74.123  -54.806 0.0000000000
19837  -17.279  -74.002  -54.479 0.0000000000
19838  -17.634  -74.311  -54.703 0.0000000000
19839  -18.020  -74.553  -54.917 0.0000000000
19840  -18.107  -74.021  -54.731 0.0000000000
19841  -18.420  -73.407  -54.429 0.0000000000
19842  -24.039  -72.487  -52.298 0.0000000000
19843  -24.595  -72.603  -52.785 0.0000000000
19862  -17.203  -74.623  -55.480 0.0000000000
19863  -17.727  -75.159  -55.442 0.0000000000
19864  -17.953  -75.163  -55.271 0.0000000000
19865  -18.151  -75.134  -55.358 0.0000000000
19866  -18.283  -74.311  -55.221 0.0000000000
19867  -18.621  -73.952  -55.286 0.0000000000
19868  -25.015  -72.623  -53.520 0.0000000000
19872  -30.831  -76.558  -55.752 0.0000000000
19873  -31.719  -76.473  -55.481 0.0000000000
19884  -17.641  -75.390  -56.209 0.0000000000
19885  -19.006  -74.088  -55.948 0.0000000000
19886  -19.272  -73.676  -56.667 0.0000000000
19887  -31.357  -76.711  -56.829 0.0000000000
19888  -32.343  -76.576  -56.962 0.0000000000
19901  -18.010  -75.826  -57.321 0.0000000000
19902  -19.514  -73.268  -57.660 0.0000000000
19903  -20.070  -74.568  -57.882 0.0000000000
19904  -20.298  -75.212  -57.947 0.0000000000
19905  -31.156  -77.443  -58.027 0.0000000000
19906  -32.069  -77.140  -58.161 0.0000000000
19916  -19.580  -72.668  -58.293 0.0000000000
19917  -20.068  -73.611  -58.749 0.0000000000
19918  -20.380  -75.041  -58.357 0.0000000000
19919  -31.021  -78.101  -58.780 0.0000000000
19920  -31.838  -78.617  -59.544 0.0000000000
19921  -32.931  -78.312  -59.374 0.0000000000
19928  -20.912  -74.099  -60.174 0.0000000000
19929  -32.187  -79.276  -60.999 0.0000000000
19930  -32.991  -78.974  -60.670 0.0000000000
19938  -21.148  -74.669  -61.354 0.0000000000
19939  -25.530  -75.971  -61.749 0.0000000000
19940  -26.214  -76.105  -61.260 0.0000000000
19941  -27.314  -76.676  -61.030 0.0000000000
19942  -28.136  -77.604  -61.205 0.0000000000
19943  -31.971  -78.584  -61.938 0.0000000000
19944  -33.072  -78.533  -61.932 0.0000000000
19945  -34.047  -78.723  -61.497 0.0000000000
19954  -20.895  -74.555  -63.146 0.0000000000
19955  -21.003  -74.209  -64.162 0.0000000000
19956  -23.993  -76.257  -63.878 0.0000000000
19957  -24.804  -75.991  -62.797 0.0000000000
19958  -25.861  -75.486  -62.369 0.0000000000
19959  -26.995  -75.549  -61.976 0.0000000000
19960  -28.572  -76.331  -61.703 0.0000000000
19961  -30.037  -76.440  -62.127 0.0000000000
19962  -31.331  -77.115  -62.575 0.0000000000
19963  -32.911  -77.110  -63.021 0.0000000000
19964  -34.085  -77.350  -62.761 0.0000000000
19969  -20.181  -75.458  -64.516 0.0000000000
19970  -21.049  -74.926  -64.937 0.0000000000
19971  -23.920  -75.497  -64.681 0.0000000000
19972  -25.199  -74.804  -63.893 0.0000000000
19973  -26.441  -74.607  -63.473 0.0000000000
19974  -27.884  -74.715  -63.225 0.0000000000
19975  -29.415  -74.860  -63.083 0.0000000000
19976  -30.748  -74.943  -63.237 0.0000000000
19977  -31.638  -74.794  -63.714 0.0000000000
19980  -20.285  -76.784  -65.011 0.0000000000
19981  -21.587  -75.965  -65.789 0.0000000000
19982  -23.095  -74.700  -65.563 0.0000000000
19983  -20.890  -77.265  -65.255 0.0000000000
19984  -20.998  -76.900  -66.164 0.0000000000
21037  -19.059  -72.846  -52.014 0.0000000000
21038  -20.005  -73.025  -51.397 0.0000000000
21056  -17.683  -73.048  -52.972 0.0000000000
21057  -18.007  -73.011  -52.727 0.0000000000
21058  -18.441  -72.926  -52.559 0.0000000000
21059  -18.911  -72.931  -52.585 0.0000000000
21060  -19.861  -73.018  -52.403 0.0000000000
21061  -21.427  -73.166  -51.711 0.0000000000
21062  -22.607  -73.118  -51.291 0.0000000000
21063  -23.768  -72.906  -51.105 0.0000000000
21064  -24.688  -73.325  -51.054 0.0000000000
21079  -17.333  -73.430  -53.670 0.0000000000
21080  -17.635  -73.335  -53.389 0.0000000000
21081  -18.000  -73.270  -53.100 0.0000000000
21082  -18.353  -73.096  -52.901 0.0000000000
21083  -19.269  -72.870  -53.480 0.0000000000
21084  -20.667  -72.965  -52.677 0.0000000000
21085  -22.055  -72.925  -52.094 0.0000000000
21086  -23.100  -72.815  -51.667 0.0000000000
21100  -17.176  -73.578  -53.984 0.0000000000
21101  -18.871  -72.886  -54.433 0.0000000000
21102  -19.921  -72.541  -53.743 0.0000000000
21103  -21.370  -72.482  -53.059 0.0000000000
21104  -23.091  -72.297  -52.543 0.0000000000
21105  -23.949  -72.195  -52.782 0.0000000000
21118  -18.803  -73.003  -55.153 0.0000000000
21119  -19.371  -72.147  -54.910 0.0000000000
21120  -20.542  -71.863  -54.169 0.0000000000
21121  -22.098  -71.703  -53.706 0.0000000000
21122  -23.979  -71.687  -53.755 0.0000000000
21123  -25.289  -72.472  -54.214 0.0000000000
21134  -18.715  -73.431  -55.546 0.0000000000
21135  -18.930  -72.812  -55.844 0.0000000000
21136  -24.216  -71.203  -54.733 0.0000000000
21137  -24.875  -71.752  -54.790 0.0000000000
21153  -19.208  -72.285  -56.877 0.0000000000
21154  -24.441  -71.002  -55.435 0.0000000000
21155  -25.241  -71.624  -55.730 0.0000000000
21170  -19.484  -71.882  -58.063 0.0000000000
21171  -19.658  -72.240  -58.775 0.0000000000
21172  -24.668  -70.903  -56.305 0.0000000000
21173  -25.464  -71.379  -56.891 0.0000000000
21185  -19.727  -71.521  -58.981 0.0000000000
21186  -20.236  -72.119  -59.819 0.0000000000
21187  -26.018  -71.404  -57.785 0.0000000000
21188  -26.749  -71.817  -58.254 0.0000000000
21197  -21.245  -72.912  -61.688 0.0000000000
21198  -27.303  -71.536  -59.123 0.0000000000
21199  -27.968  -71.502  -59.071 0.0000000000
21200  -34.631  -73.105  -64.193 0.0000000000
21206  -21.155  -72.805  -63.688 0.0000000000
21207  -21.271  -73.226  -64.673 0.0000000000
21208  -32.536  -74.861  -63.775 0.0000000000
21209  -34.131  -74.857  -64.074 0.0000000000
21215  -21.688  -73.775  -65.384 0.0000000000
21216  -24.484  -73.994  -65.664 0.0000000000
21217  -25.834  -73.779  -65.316 0.0000000000
21218  -27.215  -73.745  -64.715 0.0000000000
21219  -28.764  -73.625  -64.793 0.0000000000
21220  -30.242  -74.099  -64.702 0.0000000000
21221  -31.265  -74.033  -65.193 0.0000000000
21222  -31.954  -74.008  -65.090 0.0000000000
21223  -22.529  -73.893  -65.714 0.0000000000
21224  -23.832  -72.697  -66.082 0.0000000000
21225  -25.239  -72.477  -66.576 0.0000000000
21226  -26.820  -72.906  -66.018 0.0000000000
21227  -27.767  -73.201  -65.398 0.0000000000
21228  -31.498  -73.635  -65.951 0.0000000000
21229  -31.679  -73.847  -65.754 0.0000000000
21230  -24.512  -72.164  -66.604 0.0000000000
22333  -19.617  -71.793  -55.297 0.0000000000
22334  -19.984  -71.515  -55.144 0.0000000000
22335  -21.219  -71.345  -54.872 0.0000000000
22336  -22.521  -71.167  -54.571 0.0000000000
22354  -19.591  -71.739  -55.871 0.0000000000
22355  -20.460  -70.938  -55.977 0.0000000000
22356  -21.896  -70.800  -55.695 0.0000000000
22357  -23.395  -70.855  -55.217 0.0000000000
22381  -19.908  -71.069  -57.241 0.0000000000
22382  -20.523  -70.699  -56.797 0.0000000000
22383  -22.621  -70.467  -56.485 0.0000000000
22384  -23.788  -70.593  -56.302 0.0000000000
22404  -19.847  -70.984  -58.627 0.0000000000
22405  -23.253  -70.333  -57.156 0.0000000000
22406  -24.216  -70.492  -57.510 0.0000000000
22407  -25.299  -70.715  -57.974 0.0000000000
22419  -20.020  -70.927  -59.679 0.0000000000
22420  -20.687  -70.869  -61.049 0.0000000000
22421  -24.548  -70.137  -59.263 0.0000000000
22422  -25.970  -70.811  -58.882 0.0000000000
22423  -26.701  -71.442  -59.046 0.0000000000
22430  -21.496  -71.176  -63.011 0.0000000000
22431  -24.415  -69.443  -60.337 0.0000000000
22432  -25.321  -69.659  -60.436 0.0000000000
22433  -26.710  -70.876  -59.976 0.0000000000
22434  -28.262  -70.743  -60.205 0.0000000000
22441  -21.662  -71.520  -64.832 0.0000000000
22442  -21.636  -72.626  -65.114 0.0000000000
22443  -25.624  -68.902  -61.333 0.0000000000
22444  -26.430  -70.007  -61.207 0.0000000000
22445  -27.260  -70.553  -60.854 0.0000000000
22446  -33.313  -73.691  -64.811 0.0000000000
22447  -33.860  -72.439  -64.481 0.0000000000
22449  -22.393  -72.334  -65.626 0.0000000000
22450  -29.183  -73.001  -65.846 0.0000000000
22451  -29.989  -73.403  -65.783 0.0000000000
22452  -30.682  -73.744  -65.637 0.0000000000
22453  -32.576  -73.590  -65.412 0.0000000000
22454  -32.952  -72.387  -65.456 0.0000000000
22455  -25.703  -70.715  -66.768 0.0000000000
22456  -26.913  -71.735  -66.930 0.0000000000
22457  -28.240  -72.569  -66.227 0.0000000000
22458  -29.614  -72.455  -66.618 0.0000000000
22459  -30.946  -73.088  -66.372 0.0000000000
22460  -31.860  -73.228  -66.179 0.0000000000
22461  -32.266  -72.572  -66.045 0.0000000000
22462  -28.576  -71.065  -67.317 0.0000000000
22463  -30.330  -71.393  -67.123 0.0000000000
22464  -31.439  -71.834  -66.730 0.0000000000
22465  -32.033  -72.036  -66.622 0.0000000000
23639  -21.197  -70.610  -56.544 0.0000000000
23640  -21.873  -70.555  -56.406 0.0000000000
23655  -20.339  -70.602  -58.338 0.0000000000
23656  -20.947  -70.516  -57.521 0.0000000000
23657  -21.761  -70.452  -56.956 0.0000000000
23666  -20.338  -70.520  -59.384 0.0000000000
23667  -21.052  -70.185  -58.922 0.0000000000
23668  -22.266  -70.301  -57.947 0.0000000000
23669  -23.275  -70.283  -57.824 0.0000000000
23672  -20.388  -70.539  -60.144 0.0000000000
23673  -21.113  -70.107  -60.499 0.0000000000
23674  -22.109  -69.669  -59.803 0.0000000000
23675  -23.294  -70.071  -58.866 0.0000000000
23679  -21.484  -69.773  -62.442 0.0000000000
23680  -22.237  -69.120  -61.711 0.0000000000
23681  -23.559  -68.973  -60.706 0.0000000000
23682  -24.467  -68.824  -60.782 0.0000000000
23683  -28.771  -70.190  -61.499 0.0000000000
23684  -29.663  -70.303  -61.383 0.0000000000
23688  -22.399  -68.825  -63.493 0.0000000000
23689  -23.471  -68.152  -63.058 0.0000000000
23690  -24.851  -68.276  -61.888 0.0000000000
23691  -26.215  -68.655  -62.212 0.0000000000
23692  -27.758  -69.706  -61.947 0.0000000000
23693  -29.437  -69.304  -62.392 0.0000000000
23694  -30.728  -69.574  -62.674 0.0000000000
23695  -32.231  -69.868  -62.931 0.0000000000
23697  -24.090  -67.508  -63.957 0.0000000000
23698  -24.762  -67.427  -63.488 0.0000000000
23699  -25.937  -67.540  -63.231 0.0000000000
23700  -27.298  -67.852  -63.305 0.0000000000
23701  -28.850  -68.097  -63.432 0.0000000000
23702  -30.315  -68.285  -63.663 0.0000000000
23703  -31.473  -69.092  -64.129 0.0000000000
23704  -32.584  -70.651  -64.641 0.0000000000
23705  -25.852  -67.429  -64.202 0.0000000000
23706  -26.960  -67.226  -64.288 0.0000000000
23707  -28.222  -67.188  -64.290 0.0000000000
23708  -29.618  -67.372  -64.560 0.0000000000
23709  -30.703  -68.093  -65.055 0.0000000000
23710  -31.342  -69.326  -65.711 0.0000000000
23711  -32.084  -71.135  -66.163 0.0000000000
23712  -28.762  -69.890  -67.508 0.0000000000
23713  -29.730  -69.951  -67.402 0.0000000000
23714  -31.031  -69.899  -66.838 0.0000000000
23715  -31.671  -71.258  -66.665 0.0000000000
23716  -30.744  -68.838  -66.991 0.0000000000
24865  -22.833  -68.246  -64.016 0.0000000000
24866  -24.985  -67.681  -64.309 0.0000000000
24867  -27.695  -67.257  -64.907 0.0000000000
24868  -28.682  -67.363  -65.268 0.0000000000
24869  -30.069  -67.444  -65.733 0.0000000000
24870  -30.843  -68.180  -66.169 0.0000000000
24871  -31.071  -68.811  -66.488 0.0000000000
24873  -26.876  -68.287  -65.596 0.0000000000
24874  -29.227  -67.741  -66.222 0.0000000000
24875  -30.343  -67.865  -66.556 0.0000000000
24876  -30.805  -68.476  -66.764 0.0000000000
24878  -30.488  -68.586  -66.923 0.0000000000
26084  -29.943  -68.145  -66.944 0.0000000000
26085  -30.298  -68.225  -66.785 0.0000000000
26086  -30.440  -68.410  -66.795 0.0000000000
145603  -4.826  -95.592  -47.965 0.0000000000
145604  -4.565  -95.196  -47.325 0.0000000000
145605  -4.646  -96.375  -49.418 0.0000000000
145606  -6.383  -97.825  -48.005 0.0000000000
145607  -6.977  -98.278  -48.791 0.0000000000
145608  -4.600  -95.392  -46.310 0.0000000000
145609  -4.680  -95.468  -47.041 0.0000000000
145610  -4.868  -94.734  -47.607 0.0000000000
145611  -6.335  -98.310  -50.001 0.0000000000
145612  -7.321  -98.316  -48.623 0.0000000000
145616  -7.481  -99.409  -51.861 0.0000000000
145622  -5.397  -100.055  -53.669 0.0000000000
145624  -1.454  -96.386  -55.872 0.0000000000
145630  -4.564  -91.305  -56.939 0.0000000000
145631  -4.628  -90.683  -56.722 0.0000000000
145632  -1.696  -95.398  -56.327 0.0000000000
145636  -2.842  -96.914  -58.314 0.0000000000
145638  -3.434  -98.068  -52.805 0.0000000000
145639  -2.053  -97.499  -56.914 0.0000000000
145640  -12.357  -96.487  -58.933 0.0000000000
145641  -12.442  -97.535  -57.343 0.0000000000
145642  -12.556  -96.671  -58.866 0.0000000000
145643  -13.602  -95.357  -59.569 0.0000000000
145644  -13.629  -96.958  -58.363 0.0000000000
145645  -13.519  -94.591  -59.970 0.0000000000
145646  -13.235  -98.186  -54.190 0.0000000000
145647  -12.872  -94.138  -60.202 0.0000000000
145648  -9.393  -94.378  -59.004 0.0000000000
145649  -13.009  -97.812  -56.746 0.0000000000
145650  -11.105  -94.012  -59.719 0.0000000000
145651  -13.980  -97.660  -53.744 0.0000000000
145652  -12.576  -96.699  -52.567 0.0000000000
145653  -21.341  -88.375  -60.407 0.0000000000
145654  -21.705  -88.161  -59.597 0.0000000000
145655  -21.255  -87.692  -60.004 0.0000000000
145656  -22.943  -87.464  -58.650 0.0000000000
145657  -20.921  -87.537  -59.713 0.0000000000
145658  -21.663  -87.797  -59.790 0.0000000000
145659  -20.638  -87.511  -59.161 0.0000000000
145660  -20.313  -87.048  -58.542 0.0000000000
145661  -20.747  -87.171  -59.071 0.0000000000
145662  -20.110  -85.877  -58.832 0.0000000000
145663  -23.854  -86.516  -55.598 0.0000000000
145664  -21.799  -87.332  -59.838 0.0000000000
145665  -25.674  -85.847  -55.998 0.0000000000
145666  -27.005  -83.795  -58.746 0.0000000000
145667  -18.189  -84.361  -58.313 0.0000000000
145668  -17.615  -83.827  -57.290 0.0000000000
145669  -24.075  -85.619  -54.431 0.0000000000
145670  -17.913  -83.593  -57.250 0.0000000000
145671  -18.552  -84.201  -58.137 0.0000000000
145672  -20.636  -84.452  -59.902 0.0000000000
145673  -21.962  -86.828  -59.846 0.0000000000
145674  -26.348  -83.918  -58.815 0.0000000000
145675  -26.677  -84.068  -59.021 0.0000000000
145676  -19.614  -85.674  -58.527 0.0000000000
145677  -17.608  -82.978  -56.725 0.0000000000
145678  -20.514  -83.866  -60.573 0.0000000000
145679  -20.162  -83.837  -60.033 0.0000000000
145680  -26.189  -84.051  -59.053 0.0000000000
145681  -19.414  -83.734  -60.408 0.0000000000
145682  -21.023  -84.038  -60.544 0.0000000000
145683  -19.579  -83.734  -60.695 0.0000000000
145684  -19.120  -82.766  -61.741 0.0000000000
145685  -29.244  -85.425  -55.990 0.0000000000
145686  -19.247  -83.496  -60.561 0.0000000000
145687  -19.257  -82.686  -62.604 0.0000000000
145688  -20.059  -82.774  -63.309 0.0000000000
145689  -18.938  -81.081  -64.917 0.0000000000
145690  -20.736  -82.792  -62.859 0.0000000000
145691  -18.229  -79.818  -65.371 0.0000000000
145692  -20.999  -82.300  -64.383 0.0000000000
145693  -17.671  -79.304  -63.258 0.0000000000
145694  -17.576  -78.442  -63.570 0.0000000000
145695  -17.612  -79.904  -62.441 0.0000000000
145696  -30.534  -84.060  -56.701 0.0000000000
145697  -30.794  -84.167  -57.060 0.0000000000
145698  -18.282  -80.674  -64.015 0.0000000000
145699  -21.484  -81.508  -64.446 0.0000000000
145700  -17.546  -78.264  -64.155 0.0000000000
145701  -18.842  -80.507  -65.632 0.0000000000
145702  -17.640  -78.789  -64.933 0.0000000000
145703  -30.394  -84.443  -55.955 0.0000000000
145704  -18.390  -79.134  -66.377 0.0000000000
145782  -17.100  -82.592  -52.113 0.0000000000
145789  -16.999  -82.661  -52.572 0.0000000000
145790  -16.507  -82.340  -52.290 0.0000000000
145791  -16.789  -82.448  -52.594 0.0000000000
145792  -17.283  -82.467  -52.680 0.0000000000
145795  -16.776  -82.352  -52.261 0.0000000000
145799  -17.148  -82.572  -52.647 0.0000000000
145800  -15.067  -81.601  -51.522 0.0000000000
145801  -16.531  -82.303  -52.031 0.0000000000
145804  -11.055  -83.965  -53.974 0.0000000000
145805  -14.069  -84.227  -57.038 0.0000000000
145806  -15.915  -83.689  -56.493 0.0000000000
145807  -11.058  -83.482  -53.470 0.0000000000
145808  -12.908  -84.539  -56.970 0.0000000000
145809  -16.022  -83.585  -56.737 0.0000000000
145810  -13.707  -84.506  -57.126 0.0000000000
145811  -12.870  -84.557  -57.354 0.0000000000
145812  -10.160  -82.817  -55.234 0.0000000000
146082  -9.069  -79.429  -62.985 0.0000000000
146084  -9.512  -79.258  -63.312 0.0000000000
146109  -33.502  -78.751  -60.324 0.0000000000
146113  -32.992  -76.932  -58.269 0.0000000000
146157  -22.558  -69.678  -65.367 0.0000000000
146158  -23.152  -71.208  -66.348 0.0000000000
146159  -24.344  -71.678  -66.766 0.0000000000
146160  -22.381  -71.172  -65.665 0.0000000000
146161  -24.150  -70.931  -66.534 0.0000000000
146162  -22.362  -70.364  -65.653 0.0000000000
146163  -27.208  -70.858  -67.213 0.0000000000
146164  -23.799  -69.899  -65.689 0.0000000000
146165  -22.033  -69.698  -64.451 0.0000000000
146166  -22.765  -69.145  -64.986 0.0000000000
146167  -27.721  -69.945  -67.047 0.0000000000
146168  -22.537  -68.600  -64.461 0.0000000000
146169  -23.806  -68.381  -64.463 0.0000000000
146170  -28.952  -68.922  -67.058 0.0000000000
146171  -30.261  -68.904  -67.201 0.0000000000
146172  -28.833  -68.138  -66.583 0.0000000000
