#!ascii label  , from subject subject001 vox2ras=TkReg
1285
21480  -6.548  -72.051  14.095 0.0000000000
21491  -5.649  -71.805  13.365 0.0000000000
21492  -6.611  -71.605  13.405 0.0000000000
21504  -3.993  -71.326  12.420 0.0000000000
22736  -8.079  -72.073  15.750 0.0000000000
22737  -8.578  -71.603  15.864 0.0000000000
22748  -7.721  -71.845  14.900 0.0000000000
22749  -8.609  -71.064  14.775 0.0000000000
22766  -7.340  -71.486  13.749 0.0000000000
22767  -8.107  -71.070  13.976 0.0000000000
22785  -5.039  -71.393  12.562 0.0000000000
22786  -6.233  -71.387  12.781 0.0000000000
22787  -7.055  -71.207  13.048 0.0000000000
22788  -7.631  -70.822  13.234 0.0000000000
22803  -4.102  -70.734  11.714 0.0000000000
22804  -5.810  -70.921  12.110 0.0000000000
22805  -6.847  -70.895  12.459 0.0000000000
22806  -7.330  -70.778  12.783 0.0000000000
22819  -3.006  -70.530  11.205 0.0000000000
23950  -9.396  -70.178  16.507 0.0000000000
23968  -9.174  -70.925  16.079 0.0000000000
23969  -9.582  -70.275  16.066 0.0000000000
23986  -9.170  -70.767  15.256 0.0000000000
23987  -9.672  -70.249  15.400 0.0000000000
23998  -9.138  -70.546  14.553 0.0000000000
23999  -9.623  -70.197  14.679 0.0000000000
24012  -8.753  -70.549  13.993 0.0000000000
24013  -9.371  -70.133  13.984 0.0000000000
24028  -8.258  -70.433  13.302 0.0000000000
24029  -8.852  -69.994  13.342 0.0000000000
24047  -4.582  -70.079  11.112 0.0000000000
24048  -5.606  -70.315  11.395 0.0000000000
24049  -6.636  -70.580  11.797 0.0000000000
24050  -7.694  -70.237  12.316 0.0000000000
24051  -8.418  -70.022  12.861 0.0000000000
24069  -3.310  -69.965  10.601 0.0000000000
24070  -5.190  -69.446  10.516 0.0000000000
24071  -6.776  -69.889  11.179 0.0000000000
24072  -7.584  -69.658  11.557 0.0000000000
24084  -3.843  -69.008  9.718 0.0000000000
24085  -4.870  -68.643  9.728 0.0000000000
25133  -9.690  -69.605  16.299 0.0000000000
25134  -10.147  -69.302  16.025 0.0000000000
25149  -9.929  -69.700  16.033 0.0000000000
25150  -10.420  -69.243  15.691 0.0000000000
25171  -10.191  -69.625  15.430 0.0000000000
25172  -10.794  -69.081  15.242 0.0000000000
25185  -10.178  -69.715  14.758 0.0000000000
25186  -10.759  -69.228  14.793 0.0000000000
25198  -10.000  -69.709  14.046 0.0000000000
25199  -10.644  -69.246  14.141 0.0000000000
25215  -9.517  -69.544  13.320 0.0000000000
25216  -10.309  -69.137  13.384 0.0000000000
25235  -8.056  -69.391  11.770 0.0000000000
25236  -8.780  -69.450  12.448 0.0000000000
25237  -9.739  -68.961  12.572 0.0000000000
25257  -5.691  -68.679  9.907 0.0000000000
25258  -6.501  -68.948  10.439 0.0000000000
25259  -7.506  -68.978  11.115 0.0000000000
25260  -8.562  -68.666  11.350 0.0000000000
25261  -9.274  -68.876  11.961 0.0000000000
25277  -4.286  -68.334  9.098 0.0000000000
25278  -5.312  -68.002  9.256 0.0000000000
25279  -6.334  -68.232  9.731 0.0000000000
25280  -7.220  -68.327  10.309 0.0000000000
25281  -7.858  -68.427  10.756 0.0000000000
25291  -4.621  -67.795  8.686 0.0000000000
25292  -5.099  -67.615  8.803 0.0000000000
26333  -9.464  -69.432  16.368 0.0000000000
26344  -10.046  -69.091  16.109 0.0000000000
26345  -10.495  -68.921  15.755 0.0000000000
26353  -10.805  -68.877  15.469 0.0000000000
26373  -11.142  -68.682  15.155 0.0000000000
26374  -11.369  -68.426  14.812 0.0000000000
26393  -11.195  -68.783  14.806 0.0000000000
26394  -11.498  -68.285  14.340 0.0000000000
26410  -11.175  -68.753  14.242 0.0000000000
26411  -11.634  -68.185  13.640 0.0000000000
26426  -11.032  -68.684  13.499 0.0000000000
26427  -11.547  -68.170  12.842 0.0000000000
26444  -10.648  -68.571  12.648 0.0000000000
26445  -11.140  -68.034  12.074 0.0000000000
26464  -8.981  -68.191  10.878 0.0000000000
26465  -9.842  -68.310  11.592 0.0000000000
26466  -10.686  -67.701  11.515 0.0000000000
26486  -5.469  -67.553  8.810 0.0000000000
26487  -6.072  -67.641  9.094 0.0000000000
26488  -6.904  -67.658  9.570 0.0000000000
26489  -8.083  -67.818  10.157 0.0000000000
26490  -9.176  -67.813  10.636 0.0000000000
26491  -9.868  -67.670  11.067 0.0000000000
26505  -5.006  -67.457  8.301 0.0000000000
26506  -5.731  -67.246  8.489 0.0000000000
26507  -6.450  -67.174  8.766 0.0000000000
26508  -7.205  -67.186  9.129 0.0000000000
27568  -9.842  -68.849  16.046 0.0000000000
27569  -10.429  -68.600  15.665 0.0000000000
27577  -10.987  -68.437  15.332 0.0000000000
27578  -11.336  -68.096  14.995 0.0000000000
27586  -11.319  -68.338  15.033 0.0000000000
27587  -11.566  -67.948  14.516 0.0000000000
27602  -12.033  -67.606  13.768 0.0000000000
27603  -12.597  -67.188  13.325 0.0000000000
27621  -12.277  -67.585  13.009 0.0000000000
27622  -12.914  -67.007  12.872 0.0000000000
27640  -12.012  -67.633  12.300 0.0000000000
27641  -12.686  -67.177  12.350 0.0000000000
27661  -11.597  -67.512  11.811 0.0000000000
27662  -12.350  -67.185  11.904 0.0000000000
27678  -11.142  -67.309  11.547 0.0000000000
27679  -11.850  -67.124  11.640 0.0000000000
27696  -8.628  -67.323  9.970 0.0000000000
27697  -9.330  -67.337  10.448 0.0000000000
27698  -10.252  -67.213  11.122 0.0000000000
27699  -11.212  -67.066  11.464 0.0000000000
27718  -5.965  -66.813  8.083 0.0000000000
27719  -6.693  -66.687  8.225 0.0000000000
27720  -7.798  -66.818  8.917 0.0000000000
27721  -8.660  -66.926  9.651 0.0000000000
27722  -9.332  -66.976  10.323 0.0000000000
27733  -7.058  -66.413  7.149 0.0000000000
27734  -7.803  -66.469  8.061 0.0000000000
28813  -9.546  -68.683  15.841 0.0000000000
28824  -9.499  -68.317  15.180 0.0000000000
28825  -10.207  -68.237  15.476 0.0000000000
28826  -10.947  -67.986  15.211 0.0000000000
28827  -11.185  -67.666  14.844 0.0000000000
28839  -11.173  -68.023  15.163 0.0000000000
28840  -11.412  -67.670  14.617 0.0000000000
28849  -12.178  -67.040  13.864 0.0000000000
28850  -12.718  -66.445  13.635 0.0000000000
28860  -12.480  -67.100  13.587 0.0000000000
28861  -12.988  -66.544  13.356 0.0000000000
28862  -13.406  -66.092  13.241 0.0000000000
28871  -13.253  -66.541  12.822 0.0000000000
28872  -13.467  -66.148  12.977 0.0000000000
28886  -13.136  -66.682  12.377 0.0000000000
28887  -13.420  -66.128  12.486 0.0000000000
28901  -12.913  -66.781  11.941 0.0000000000
28902  -13.248  -66.176  12.065 0.0000000000
28919  -12.509  -66.790  11.722 0.0000000000
28920  -12.986  -66.291  11.807 0.0000000000
28932  -10.801  -66.891  11.355 0.0000000000
28933  -11.814  -66.722  11.593 0.0000000000
28934  -12.621  -66.385  11.703 0.0000000000
28950  -8.197  -66.567  8.736 0.0000000000
28951  -8.718  -66.519  9.551 0.0000000000
28952  -9.828  -66.753  10.829 0.0000000000
28968  -7.391  -66.404  6.523 0.0000000000
28969  -8.001  -66.327  7.526 0.0000000000
28970  -8.467  -66.248  8.644 0.0000000000
28977  -7.501  -66.428  6.102 0.0000000000
28978  -7.817  -66.318  5.899 0.0000000000
28979  -8.147  -66.177  5.680 0.0000000000
28987  -7.884  -66.429  4.895 0.0000000000
28988  -8.263  -66.288  4.754 0.0000000000
28999  -8.747  -66.520  4.138 0.0000000000
29015  -9.142  -66.903  3.704 0.0000000000
29036  -9.281  -67.313  3.325 0.0000000000
29058  -9.238  -67.576  3.012 0.0000000000
30092  -9.483  -67.799  14.283 0.0000000000
30093  -10.216  -67.739  14.814 0.0000000000
30094  -10.794  -67.718  14.980 0.0000000000
30095  -11.033  -67.695  15.001 0.0000000000
30106  -9.361  -67.228  13.383 0.0000000000
30107  -10.247  -67.288  13.928 0.0000000000
30108  -10.815  -67.318  14.384 0.0000000000
30109  -11.245  -67.330  14.435 0.0000000000
30122  -11.896  -66.749  14.027 0.0000000000
30123  -12.557  -66.269  13.751 0.0000000000
30134  -13.066  -66.026  13.601 0.0000000000
30135  -13.378  -65.872  13.355 0.0000000000
30143  -13.547  -65.710  13.056 0.0000000000
30155  -13.631  -65.618  12.631 0.0000000000
30170  -13.622  -65.461  12.159 0.0000000000
30171  -13.815  -65.074  11.996 0.0000000000
30192  -13.385  -65.592  11.896 0.0000000000
30193  -13.650  -65.254  11.948 0.0000000000
30210  -10.848  -66.345  11.557 0.0000000000
30211  -12.312  -65.991  11.796 0.0000000000
30212  -13.027  -65.791  11.741 0.0000000000
30226  -8.773  -66.192  9.557 0.0000000000
30227  -9.480  -66.329  10.626 0.0000000000
30245  -8.105  -66.116  6.949 0.0000000000
30246  -8.435  -66.038  7.954 0.0000000000
30263  -8.220  -66.077  6.550 0.0000000000
30264  -8.457  -65.856  6.417 0.0000000000
30280  -8.728  -65.724  5.372 0.0000000000
30298  -8.842  -65.827  4.621 0.0000000000
30299  -8.955  -65.825  4.438 0.0000000000
30318  -9.129  -66.140  4.068 0.0000000000
30319  -9.039  -65.637  4.290 0.0000000000
30340  -7.660  -66.980  4.540 0.0000000000
30341  -9.081  -66.770  3.769 0.0000000000
30342  -9.225  -66.547  3.759 0.0000000000
30358  -7.981  -67.364  3.998 0.0000000000
30359  -8.924  -67.249  3.680 0.0000000000
30360  -9.215  -67.098  3.497 0.0000000000
31474  -9.421  -66.450  12.998 0.0000000000
31475  -10.142  -66.541  13.437 0.0000000000
31476  -10.842  -66.700  13.891 0.0000000000
31477  -11.163  -66.932  14.145 0.0000000000
31487  -8.643  -65.852  12.826 0.0000000000
31488  -9.827  -65.729  13.160 0.0000000000
31489  -10.708  -65.791  13.559 0.0000000000
31490  -11.497  -66.182  13.811 0.0000000000
31491  -12.307  -65.768  13.742 0.0000000000
31502  -12.899  -65.509  13.590 0.0000000000
31503  -13.296  -65.337  13.330 0.0000000000
31514  -13.533  -65.310  13.119 0.0000000000
31522  -13.771  -65.071  12.769 0.0000000000
31523  -14.039  -64.727  12.434 0.0000000000
31533  -13.837  -65.128  12.384 0.0000000000
31534  -13.989  -64.774  12.108 0.0000000000
31551  -13.346  -65.296  11.809 0.0000000000
31552  -13.739  -64.814  11.824 0.0000000000
31574  -9.384  -65.316  11.337 0.0000000000
31575  -10.016  -65.664  11.562 0.0000000000
31576  -11.866  -65.232  12.110 0.0000000000
31577  -13.094  -64.896  11.757 0.0000000000
31578  -13.611  -64.354  11.650 0.0000000000
31590  -8.780  -65.776  10.047 0.0000000000
31591  -9.184  -66.058  10.461 0.0000000000
31601  -8.470  -65.737  8.100 0.0000000000
31617  -8.742  -65.478  6.805 0.0000000000
31635  -9.143  -65.226  5.854 0.0000000000
31649  -9.166  -65.321  4.878 0.0000000000
31650  -9.002  -65.605  4.505 0.0000000000
31666  -8.994  -65.470  4.344 0.0000000000
31667  -9.049  -65.307  4.518 0.0000000000
31668  -9.042  -65.547  4.567 0.0000000000
31688  -7.077  -66.497  4.713 0.0000000000
31689  -8.201  -66.556  4.449 0.0000000000
31690  -8.888  -66.075  4.145 0.0000000000
31691  -9.171  -65.896  4.152 0.0000000000
31708  -8.552  -67.005  4.014 0.0000000000
31709  -8.761  -66.747  3.936 0.0000000000
32845  -7.617  -63.688  13.249 0.0000000000
32846  -8.267  -64.009  13.546 0.0000000000
32858  -8.001  -64.580  13.131 0.0000000000
32859  -9.285  -64.949  13.304 0.0000000000
32860  -10.313  -64.821  13.414 0.0000000000
32861  -11.192  -64.854  13.478 0.0000000000
32862  -11.972  -64.938  13.528 0.0000000000
32873  -12.611  -64.820  13.456 0.0000000000
32874  -13.181  -64.637  13.341 0.0000000000
32884  -13.717  -64.506  13.049 0.0000000000
32885  -14.087  -63.999  12.737 0.0000000000
32893  -14.018  -64.480  12.677 0.0000000000
32894  -14.185  -64.108  12.344 0.0000000000
32905  -14.089  -64.016  11.924 0.0000000000
32921  -13.861  -63.855  11.666 0.0000000000
32943  -8.634  -64.307  11.514 0.0000000000
32944  -8.958  -64.842  11.359 0.0000000000
32945  -10.130  -64.589  12.075 0.0000000000
32946  -11.601  -64.152  12.277 0.0000000000
32947  -12.803  -63.682  11.650 0.0000000000
32948  -13.456  -63.760  11.536 0.0000000000
32968  -8.242  -64.937  10.394 0.0000000000
32969  -8.385  -65.510  9.430 0.0000000000
32970  -12.546  -63.186  11.689 0.0000000000
32971  -12.839  -62.983  11.324 0.0000000000
32979  -8.228  -65.455  8.450 0.0000000000
32980  -8.377  -65.527  7.964 0.0000000000
32988  -8.474  -65.450  7.503 0.0000000000
32989  -8.758  -65.220  7.072 0.0000000000
32997  -9.174  -64.879  6.366 0.0000000000
33015  -9.142  -64.682  5.375 0.0000000000
33016  -9.242  -64.797  5.677 0.0000000000
33036  -7.615  -65.129  5.147 0.0000000000
33037  -8.459  -64.949  4.971 0.0000000000
33038  -8.983  -64.884  4.891 0.0000000000
33039  -9.160  -64.930  5.054 0.0000000000
33059  -7.393  -65.817  4.915 0.0000000000
33060  -8.387  -65.680  4.831 0.0000000000
33061  -8.856  -65.334  4.589 0.0000000000
34207  -6.654  -62.643  12.877 0.0000000000
34208  -8.466  -63.414  13.896 0.0000000000
34209  -9.816  -63.266  14.263 0.0000000000
34210  -10.430  -63.075  14.181 0.0000000000
34221  -8.768  -64.260  13.611 0.0000000000
34222  -9.636  -64.103  13.765 0.0000000000
34223  -10.660  -63.664  13.810 0.0000000000
34224  -11.617  -63.863  13.613 0.0000000000
34225  -12.282  -64.096  13.513 0.0000000000
34235  -12.818  -63.858  13.384 0.0000000000
34236  -13.414  -63.690  13.182 0.0000000000
34246  -13.855  -63.503  12.893 0.0000000000
34247  -14.059  -63.366  12.493 0.0000000000
34254  -14.116  -63.272  12.085 0.0000000000
34268  -13.967  -63.121  11.760 0.0000000000
34286  -13.687  -62.926  11.491 0.0000000000
34305  -7.961  -62.877  11.812 0.0000000000
34306  -8.392  -63.568  11.690 0.0000000000
34307  -9.262  -63.555  12.046 0.0000000000
34308  -10.136  -63.448  12.294 0.0000000000
34309  -11.061  -63.537  12.417 0.0000000000
34310  -12.990  -62.561  11.179 0.0000000000
34311  -13.302  -62.734  11.278 0.0000000000
34334  -7.474  -63.614  11.261 0.0000000000
34335  -7.770  -64.546  10.565 0.0000000000
34336  -11.157  -62.663  12.336 0.0000000000
34337  -11.978  -62.749  11.905 0.0000000000
34338  -12.698  -62.496  11.279 0.0000000000
34348  -7.096  -64.680  9.814 0.0000000000
34349  -7.838  -65.213  9.136 0.0000000000
34364  -7.724  -65.172  7.855 0.0000000000
34365  -8.290  -65.342  7.621 0.0000000000
34366  -8.614  -65.220  7.255 0.0000000000
34381  -7.748  -64.488  6.460 0.0000000000
34382  -8.313  -64.613  6.619 0.0000000000
34383  -8.709  -64.815  6.812 0.0000000000
34384  -8.920  -64.978  6.862 0.0000000000
34404  -6.888  -64.632  5.982 0.0000000000
34405  -7.841  -64.435  5.837 0.0000000000
34406  -8.500  -64.446  5.897 0.0000000000
34407  -8.987  -64.541  5.983 0.0000000000
34408  -9.112  -64.668  6.297 0.0000000000
34422  -6.757  -64.879  5.658 0.0000000000
34423  -7.759  -64.677  5.425 0.0000000000
34424  -8.518  -64.627  5.380 0.0000000000
34425  -8.929  -64.543  5.452 0.0000000000
35544  -6.054  -62.221  12.581 0.0000000000
35545  -7.814  -62.394  13.774 0.0000000000
35546  -9.082  -62.573  14.610 0.0000000000
35547  -10.379  -62.493  14.423 0.0000000000
35548  -10.949  -62.112  14.328 0.0000000000
35555  -10.709  -62.965  14.132 0.0000000000
35556  -11.247  -62.729  14.035 0.0000000000
35557  -12.165  -63.047  13.549 0.0000000000
35563  -12.911  -62.857  13.289 0.0000000000
35564  -13.447  -62.734  12.994 0.0000000000
35571  -13.752  -62.614  12.616 0.0000000000
35572  -13.903  -62.486  12.220 0.0000000000
35577  -13.891  -62.316  11.888 0.0000000000
35591  -13.659  -62.079  11.633 0.0000000000
35609  -13.466  -61.800  11.354 0.0000000000
35628  -6.215  -61.944  11.807 0.0000000000
35629  -7.358  -62.282  11.921 0.0000000000
35630  -8.404  -62.173  12.340 0.0000000000
35631  -9.521  -62.223  12.482 0.0000000000
35632  -9.907  -62.802  12.343 0.0000000000
35633  -12.939  -61.860  11.045 0.0000000000
35634  -13.203  -61.520  11.053 0.0000000000
35660  -3.770  -61.080  10.195 0.0000000000
35661  -4.392  -61.569  10.672 0.0000000000
35662  -5.302  -62.239  11.186 0.0000000000
35663  -6.420  -63.289  10.963 0.0000000000
35664  -10.112  -61.723  12.568 0.0000000000
35665  -10.548  -61.996  12.446 0.0000000000
35666  -11.673  -61.616  11.986 0.0000000000
35667  -12.544  -61.512  11.251 0.0000000000
35668  -13.007  -61.072  10.908 0.0000000000
35687  -3.573  -61.804  10.004 0.0000000000
35688  -4.404  -62.618  10.195 0.0000000000
35689  -5.363  -63.549  10.214 0.0000000000
35690  -6.261  -64.298  9.752 0.0000000000
35702  -3.417  -62.755  9.448 0.0000000000
35703  -4.512  -63.722  9.354 0.0000000000
35704  -5.683  -64.569  9.005 0.0000000000
35705  -6.806  -64.871  8.482 0.0000000000
35712  -3.522  -63.822  8.620 0.0000000000
35713  -5.078  -64.489  8.104 0.0000000000
35714  -6.625  -64.704  7.392 0.0000000000
35715  -7.511  -64.732  7.243 0.0000000000
35724  -5.975  -64.756  6.864 0.0000000000
35725  -7.112  -64.509  6.372 0.0000000000
36874  -5.330  -62.234  12.565 0.0000000000
36875  -7.222  -61.798  13.557 0.0000000000
36876  -8.595  -61.761  14.576 0.0000000000
36877  -9.738  -61.742  14.961 0.0000000000
36878  -10.721  -61.631  14.642 0.0000000000
36886  -11.346  -61.733  14.265 0.0000000000
36887  -11.839  -62.096  13.891 0.0000000000
36893  -12.405  -61.980  13.562 0.0000000000
36894  -12.948  -61.866  13.147 0.0000000000
36900  -13.371  -61.767  12.745 0.0000000000
36901  -13.672  -61.651  12.353 0.0000000000
36905  -13.800  -61.496  11.964 0.0000000000
36916  -13.749  -61.265  11.633 0.0000000000
36932  -13.695  -60.959  11.304 0.0000000000
36947  -5.794  -60.809  11.466 0.0000000000
36948  -6.089  -61.018  11.626 0.0000000000
36949  -6.944  -61.080  12.105 0.0000000000
36950  -8.045  -61.076  12.321 0.0000000000
36951  -9.096  -61.063  12.588 0.0000000000
36952  -13.560  -60.554  11.020 0.0000000000
36966  -4.308  -60.632  10.557 0.0000000000
36967  -5.275  -60.848  11.328 0.0000000000
36968  -5.629  -61.560  11.713 0.0000000000
36969  -10.125  -60.991  12.576 0.0000000000
36970  -11.148  -60.581  12.126 0.0000000000
36971  -12.138  -60.264  11.413 0.0000000000
36972  -12.821  -60.311  10.890 0.0000000000
36973  -13.294  -59.943  10.791 0.0000000000
36985  -12.585  -59.571  10.816 0.0000000000
36986  -12.964  -59.390  10.505 0.0000000000
36987  -13.258  -59.023  10.287 0.0000000000
36998  -6.721  -57.924  6.434 0.0000000000
36999  -6.988  -57.922  6.388 0.0000000000
37000  -7.567  -57.959  6.422 0.0000000000
37001  -8.052  -57.982  6.566 0.0000000000
37007  -6.578  -58.143  5.902 0.0000000000
37008  -7.301  -58.900  5.334 0.0000000000
37009  -7.974  -58.557  5.632 0.0000000000
37010  -8.404  -58.294  6.094 0.0000000000
37011  -8.654  -58.312  6.146 0.0000000000
37016  -6.100  -58.539  4.162 0.0000000000
37017  -6.721  -58.862  4.621 0.0000000000
37018  -7.457  -59.585  4.306 0.0000000000
37019  -7.858  -59.535  4.543 0.0000000000
37020  -8.379  -59.214  4.763 0.0000000000
37021  -8.579  -58.601  5.642 0.0000000000
37026  -5.900  -58.324  3.658 0.0000000000
37027  -6.581  -58.869  3.416 0.0000000000
37028  -7.297  -59.626  3.684 0.0000000000
37029  -7.864  -59.845  3.598 0.0000000000
37030  -8.097  -59.722  4.055 0.0000000000
37036  -6.872  -58.811  2.796 0.0000000000
37037  -7.313  -59.256  3.005 0.0000000000
37038  -7.643  -59.671  3.213 0.0000000000
38154  -4.720  -61.905  12.475 0.0000000000
38155  -6.526  -61.433  13.209 0.0000000000
38156  -8.103  -61.085  14.383 0.0000000000
38157  -9.301  -60.972  15.083 0.0000000000
38158  -10.358  -60.913  15.166 0.0000000000
38174  -11.223  -60.910  14.645 0.0000000000
38175  -11.926  -61.131  14.043 0.0000000000
38182  -12.536  -61.021  13.500 0.0000000000
38183  -13.034  -60.905  13.036 0.0000000000
38190  -13.438  -60.803  12.572 0.0000000000
38191  -13.706  -60.684  12.118 0.0000000000
38197  -13.826  -60.498  11.683 0.0000000000
38210  -13.813  -60.210  11.303 0.0000000000
38225  -13.783  -59.809  10.979 0.0000000000
38240  -5.975  -60.516  11.387 0.0000000000
38241  -6.657  -60.244  11.529 0.0000000000
38242  -7.689  -60.069  11.817 0.0000000000
38243  -8.744  -60.041  12.159 0.0000000000
38244  -9.598  -60.126  12.360 0.0000000000
38245  -13.737  -59.255  10.627 0.0000000000
38246  -13.927  -58.666  10.157 0.0000000000
38262  -3.979  -59.917  10.265 0.0000000000
38263  -4.808  -59.733  10.542 0.0000000000
38264  -5.983  -59.637  10.907 0.0000000000
38265  -7.229  -59.236  10.969 0.0000000000
38266  -8.502  -59.046  11.154 0.0000000000
38267  -9.451  -59.307  11.712 0.0000000000
38268  -10.389  -59.562  11.937 0.0000000000
38269  -11.364  -59.386  11.361 0.0000000000
38270  -12.057  -59.120  10.823 0.0000000000
38271  -13.645  -58.745  10.138 0.0000000000
38272  -13.999  -58.446  9.934 0.0000000000
38285  -4.119  -58.957  9.609 0.0000000000
38286  -5.483  -58.680  9.793 0.0000000000
38287  -6.708  -58.483  9.889 0.0000000000
38288  -7.876  -58.283  9.940 0.0000000000
38289  -9.088  -58.052  10.035 0.0000000000
38290  -9.805  -57.618  9.590 0.0000000000
38291  -10.171  -57.460  9.442 0.0000000000
38292  -12.512  -58.843  10.361 0.0000000000
38293  -12.899  -58.649  10.010 0.0000000000
38294  -13.262  -58.533  9.851 0.0000000000
38301  -5.144  -57.891  8.461 0.0000000000
38302  -6.366  -57.913  8.509 0.0000000000
38303  -7.405  -57.772  8.568 0.0000000000
38304  -8.341  -57.568  8.642 0.0000000000
38305  -9.172  -57.464  8.689 0.0000000000
38306  -9.826  -57.285  8.879 0.0000000000
38314  -4.962  -57.359  7.007 0.0000000000
38315  -6.277  -57.648  6.883 0.0000000000
38316  -7.122  -57.567  7.262 0.0000000000
38317  -7.865  -57.599  7.362 0.0000000000
38318  -8.636  -57.766  7.295 0.0000000000
38319  -9.336  -57.217  7.817 0.0000000000
38325  -4.961  -57.432  5.674 0.0000000000
38326  -5.945  -57.750  5.772 0.0000000000
38327  -8.667  -58.072  6.592 0.0000000000
38328  -8.954  -58.001  6.770 0.0000000000
38333  -5.266  -57.743  4.424 0.0000000000
38334  -5.857  -58.131  4.845 0.0000000000
38335  -8.439  -58.971  4.356 0.0000000000
38336  -8.786  -58.641  5.522 0.0000000000
38341  -5.250  -57.557  3.336 0.0000000000
38342  -6.026  -58.309  3.200 0.0000000000
38343  -8.061  -59.681  3.045 0.0000000000
38344  -8.220  -59.541  3.501 0.0000000000
38349  -4.783  -56.644  2.365 0.0000000000
38350  -6.234  -57.931  2.611 0.0000000000
38351  -7.199  -58.692  2.378 0.0000000000
38352  -7.831  -59.395  2.687 0.0000000000
38353  -8.084  -59.309  2.574 0.0000000000
38358  -4.875  -56.269  1.768 0.0000000000
38359  -5.673  -56.587  1.687 0.0000000000
38360  -6.860  -57.402  1.660 0.0000000000
38361  -7.696  -58.562  1.929 0.0000000000
38362  -7.993  -59.082  2.174 0.0000000000
38367  -5.915  -56.249  1.244 0.0000000000
38368  -6.287  -56.580  1.396 0.0000000000
39412  -2.702  -61.144  12.763 0.0000000000
39413  -4.034  -61.296  12.450 0.0000000000
39414  -5.904  -60.815  12.956 0.0000000000
39415  -7.562  -60.385  14.085 0.0000000000
39416  -8.860  -60.234  14.910 0.0000000000
39417  -9.954  -60.160  15.284 0.0000000000
39418  -10.960  -60.118  15.007 0.0000000000
39436  -11.756  -60.154  14.469 0.0000000000
39437  -12.281  -60.324  13.951 0.0000000000
39448  -12.696  -60.118  13.444 0.0000000000
39449  -13.153  -59.994  12.876 0.0000000000
39457  -13.564  -59.894  12.357 0.0000000000
39458  -13.806  -59.770  11.838 0.0000000000
39465  -13.915  -59.546  11.353 0.0000000000
39477  -14.028  -59.220  10.954 0.0000000000
39490  -14.019  -58.812  10.551 0.0000000000
39491  -14.145  -58.372  10.200 0.0000000000
39505  -14.053  -58.650  10.360 0.0000000000
39506  -14.163  -58.309  9.990 0.0000000000
39522  -9.346  -58.653  10.994 0.0000000000
39523  -9.933  -58.675  11.211 0.0000000000
39524  -10.634  -58.627  10.942 0.0000000000
39525  -11.337  -58.495  10.507 0.0000000000
39526  -11.923  -58.413  10.242 0.0000000000
39527  -13.880  -58.229  9.747 0.0000000000
39528  -14.113  -58.177  9.815 0.0000000000
39544  -9.615  -58.383  10.654 0.0000000000
39545  -9.964  -58.155  10.418 0.0000000000
39546  -10.540  -57.867  9.987 0.0000000000
39547  -11.285  -57.716  9.785 0.0000000000
39548  -12.221  -58.006  9.845 0.0000000000
39549  -12.857  -57.982  9.642 0.0000000000
39550  -13.445  -58.044  9.608 0.0000000000
39558  -10.448  -57.328  9.286 0.0000000000
39559  -10.803  -57.107  9.079 0.0000000000
39567  -10.029  -57.155  8.437 0.0000000000
39568  -10.319  -57.059  8.277 0.0000000000
39576  -9.473  -57.566  7.406 0.0000000000
39577  -9.693  -57.239  7.772 0.0000000000
39585  -8.502  -58.835  4.952 0.0000000000
39586  -8.889  -58.253  6.200 0.0000000000
39592  -8.357  -59.096  3.630 0.0000000000
39598  -8.249  -58.908  2.511 0.0000000000
39604  -4.950  -56.067  1.496 0.0000000000
39605  -7.137  -56.839  1.198 0.0000000000
39606  -7.671  -57.425  1.282 0.0000000000
39607  -8.040  -58.441  1.879 0.0000000000
39612  -5.153  -55.729  1.032 0.0000000000
39613  -6.404  -56.246  0.910 0.0000000000
39614  -7.226  -56.523  0.721 0.0000000000
39626  -7.193  -56.615  -3.951 0.0000000000
39627  -7.820  -56.697  -3.911 0.0000000000
39628  -8.126  -56.721  -3.936 0.0000000000
39636  -7.597  -57.134  -4.584 0.0000000000
39637  -8.076  -57.046  -4.400 0.0000000000
39646  -7.348  -57.454  -5.424 0.0000000000
39647  -7.880  -57.387  -5.196 0.0000000000
39656  -7.614  -57.582  -6.157 0.0000000000
40620  -2.026  -60.109  13.194 0.0000000000
40621  -3.579  -60.071  12.661 0.0000000000
40622  -5.324  -59.896  12.818 0.0000000000
40623  -7.046  -59.586  13.700 0.0000000000
40624  -8.367  -59.477  14.616 0.0000000000
40625  -9.494  -59.463  15.012 0.0000000000
40626  -10.516  -59.397  14.929 0.0000000000
40640  -11.444  -59.372  14.567 0.0000000000
40641  -12.275  -59.425  14.004 0.0000000000
40653  -12.875  -59.221  13.263 0.0000000000
40654  -13.298  -59.127  12.585 0.0000000000
40668  -13.651  -59.062  12.014 0.0000000000
40669  -13.864  -58.930  11.512 0.0000000000
40677  -14.080  -58.639  11.033 0.0000000000
40687  -14.158  -58.371  10.583 0.0000000000
40699  -14.217  -58.135  10.243 0.0000000000
40700  -14.287  -57.995  10.013 0.0000000000
40716  -14.175  -57.882  9.845 0.0000000000
40734  -13.770  -57.848  9.592 0.0000000000
40735  -14.002  -57.858  9.687 0.0000000000
40752  -11.563  -57.360  9.446 0.0000000000
40753  -12.152  -57.339  9.404 0.0000000000
40754  -12.887  -57.224  9.288 0.0000000000
40755  -13.543  -57.436  9.439 0.0000000000
40756  -13.855  -57.539  9.554 0.0000000000
40770  -11.259  -56.948  9.026 0.0000000000
40771  -11.971  -56.782  8.975 0.0000000000
40772  -12.637  -56.780  9.027 0.0000000000
40782  -10.858  -56.820  8.645 0.0000000000
40783  -11.424  -56.655  8.784 0.0000000000
40792  -8.840  -57.988  6.681 0.0000000000
40793  -9.269  -57.721  7.156 0.0000000000
40794  -10.027  -57.191  7.952 0.0000000000
40807  -8.271  -58.704  5.466 0.0000000000
40808  -8.556  -58.463  5.847 0.0000000000
40809  -8.990  -57.984  6.676 0.0000000000
40818  -8.261  -58.753  5.030 0.0000000000
40819  -8.268  -58.868  4.154 0.0000000000
40824  -8.337  -58.498  2.650 0.0000000000
40830  -8.048  -57.554  1.182 0.0000000000
40831  -8.249  -57.640  1.328 0.0000000000
40837  -5.507  -55.386  0.010 0.0000000000
40838  -6.689  -55.735  -0.020 0.0000000000
40839  -7.741  -56.486  0.287 0.0000000000
40840  -8.298  -56.324  0.002 0.0000000000
40847  -6.940  -55.465  -1.104 0.0000000000
40848  -7.947  -55.536  -1.103 0.0000000000
40849  -8.335  -55.734  -0.906 0.0000000000
40856  -7.201  -55.617  -2.261 0.0000000000
40857  -7.903  -55.882  -2.337 0.0000000000
40863  -7.506  -56.237  -3.175 0.0000000000
40864  -8.104  -56.419  -3.302 0.0000000000
40865  -8.313  -56.442  -3.581 0.0000000000
40871  -8.338  -56.722  -4.070 0.0000000000
40872  -8.426  -56.661  -3.842 0.0000000000
40880  -8.226  -57.072  -4.739 0.0000000000
40881  -8.328  -56.870  -4.318 0.0000000000
40888  -7.854  -57.426  -5.820 0.0000000000
40897  -7.480  -57.449  -6.800 0.0000000000
40913  -7.366  -57.438  -7.895 0.0000000000
41890  -1.071  -58.993  13.615 0.0000000000
41891  -2.569  -59.201  12.709 0.0000000000
41892  -4.465  -59.059  12.632 0.0000000000
41893  -6.432  -58.703  13.461 0.0000000000
41894  -7.878  -58.768  14.245 0.0000000000
41895  -9.018  -58.830  14.650 0.0000000000
41896  -9.955  -58.896  14.739 0.0000000000
41904  -7.537  -58.255  13.829 0.0000000000
41905  -8.524  -58.280  14.088 0.0000000000
41906  -9.631  -58.387  14.233 0.0000000000
41907  -10.817  -58.626  14.222 0.0000000000
41908  -11.746  -58.851  13.997 0.0000000000
41916  -11.514  -58.409  13.523 0.0000000000
41917  -12.307  -58.459  13.260 0.0000000000
41918  -12.921  -58.584  12.739 0.0000000000
41929  -12.713  -57.966  12.459 0.0000000000
41930  -13.329  -58.173  11.963 0.0000000000
41931  -13.685  -58.543  11.677 0.0000000000
41942  -13.560  -57.648  11.464 0.0000000000
41943  -13.864  -58.000  11.277 0.0000000000
41957  -14.149  -57.790  10.638 0.0000000000
41974  -14.254  -57.699  10.254 0.0000000000
41975  -14.304  -57.625  10.042 0.0000000000
41992  -14.214  -57.510  9.890 0.0000000000
42012  -13.737  -56.789  9.397 0.0000000000
42013  -14.002  -57.319  9.656 0.0000000000
42023  -12.963  -56.729  9.010 0.0000000000
42024  -13.377  -56.760  9.144 0.0000000000
42025  -13.734  -57.156  9.468 0.0000000000
42034  -11.836  -56.466  8.626 0.0000000000
42035  -12.647  -56.499  8.739 0.0000000000
42036  -13.099  -56.526  8.844 0.0000000000
42046  -10.327  -57.019  8.323 0.0000000000
42047  -11.075  -56.722  8.729 0.0000000000
42057  -8.128  -58.153  5.946 0.0000000000
42058  -8.506  -58.029  6.509 0.0000000000
42059  -8.996  -57.654  7.199 0.0000000000
42060  -9.656  -57.315  7.625 0.0000000000
42074  -8.027  -58.718  5.411 0.0000000000
42075  -8.323  -58.330  5.871 0.0000000000
42090  -8.007  -58.675  4.189 0.0000000000
42091  -8.205  -58.268  2.922 0.0000000000
42095  -8.379  -57.586  1.766 0.0000000000
42097  -8.471  -56.705  0.722 0.0000000000
42100  -8.538  -56.037  -0.312 0.0000000000
42106  -8.213  -55.688  -1.596 0.0000000000
42107  -8.329  -55.824  -1.414 0.0000000000
42113  -8.235  -56.034  -2.375 0.0000000000
42114  -8.388  -56.041  -2.517 0.0000000000
42118  -8.311  -56.309  -3.020 0.0000000000
42119  -8.364  -56.350  -3.338 0.0000000000
42122  -8.317  -56.703  -4.253 0.0000000000
42123  -8.430  -56.673  -4.060 0.0000000000
42127  -8.300  -56.868  -4.598 0.0000000000
42128  -8.324  -56.641  -4.338 0.0000000000
42132  -8.042  -57.168  -5.510 0.0000000000
42137  -7.677  -57.401  -6.501 0.0000000000
42153  -7.288  -57.418  -7.532 0.0000000000
42161  -7.320  -57.219  -8.610 0.0000000000
43133  -1.293  -57.563  14.489 0.0000000000
43134  -1.430  -58.248  12.750 0.0000000000
43135  -3.212  -58.425  12.337 0.0000000000
43136  -5.378  -58.238  12.782 0.0000000000
43137  -6.751  -58.041  13.388 0.0000000000
43147  -1.380  -57.210  13.236 0.0000000000
43148  -2.263  -57.656  12.140 0.0000000000
43149  -4.368  -57.831  12.245 0.0000000000
43150  -6.212  -57.723  12.822 0.0000000000
43151  -7.736  -57.683  13.395 0.0000000000
43152  -9.045  -57.830  13.579 0.0000000000
43153  -10.119  -57.991  13.516 0.0000000000
43154  -10.933  -58.125  13.324 0.0000000000
43161  -8.539  -57.440  12.934 0.0000000000
43162  -9.442  -57.501  12.738 0.0000000000
43163  -10.494  -57.626  12.692 0.0000000000
43164  -11.500  -57.802  12.724 0.0000000000
43165  -12.195  -57.784  12.572 0.0000000000
43173  -11.875  -57.363  12.239 0.0000000000
43174  -12.358  -57.305  12.045 0.0000000000
43175  -12.888  -57.525  11.932 0.0000000000
43180  -12.688  -57.026  11.706 0.0000000000
43181  -13.222  -57.117  11.464 0.0000000000
43182  -13.695  -57.303  11.195 0.0000000000
43188  -13.571  -56.772  10.990 0.0000000000
43189  -13.897  -57.058  10.684 0.0000000000
43198  -14.156  -57.009  10.140 0.0000000000
43199  -14.254  -57.271  10.025 0.0000000000
43212  -14.000  -56.771  9.795 0.0000000000
43213  -14.219  -57.112  9.940 0.0000000000
43235  -13.885  -56.663  9.547 0.0000000000
43236  -14.110  -57.139  9.776 0.0000000000
43252  -13.590  -56.219  8.977 0.0000000000
43258  -11.897  -56.177  8.452 0.0000000000
43259  -12.529  -56.122  8.441 0.0000000000
43260  -13.178  -56.213  8.648 0.0000000000
43265  -6.838  -58.054  6.113 0.0000000000
43266  -7.491  -57.733  6.670 0.0000000000
43267  -8.269  -57.646  7.421 0.0000000000
43268  -9.094  -57.208  7.904 0.0000000000
43269  -10.096  -56.935  8.367 0.0000000000
43270  -11.108  -56.503  8.632 0.0000000000
43276  -6.858  -58.129  5.271 0.0000000000
43277  -7.538  -58.273  5.846 0.0000000000
43278  -8.082  -57.947  6.639 0.0000000000
43279  -8.654  -57.464  7.207 0.0000000000
43280  -9.401  -57.101  7.736 0.0000000000
43290  -6.975  -57.903  4.614 0.0000000000
43291  -7.487  -58.209  4.467 0.0000000000
43306  -7.968  -57.954  3.118 0.0000000000
43307  -8.321  -57.431  2.067 0.0000000000
43317  -8.527  -56.725  1.157 0.0000000000
43319  -8.706  -56.173  0.285 0.0000000000
43321  -8.479  -55.940  -0.717 0.0000000000
43323  -8.335  -55.870  -1.729 0.0000000000
43326  -8.478  -56.021  -2.705 0.0000000000
43329  -8.438  -56.142  -3.825 0.0000000000
43330  -8.537  -56.195  -3.420 0.0000000000
43333  -8.201  -56.522  -4.431 0.0000000000
43334  -8.422  -56.492  -3.986 0.0000000000
43337  -8.135  -56.827  -5.276 0.0000000000
43341  -7.190  -56.820  -6.978 0.0000000000
43342  -7.748  -56.960  -6.212 0.0000000000
43347  -7.074  -56.844  -7.882 0.0000000000
43348  -7.327  -57.177  -7.212 0.0000000000
43367  -6.971  -56.809  -8.881 0.0000000000
43368  -7.218  -57.075  -8.249 0.0000000000
44374  -1.600  -56.083  16.175 0.0000000000
44375  -1.712  -54.819  17.470 0.0000000000
44376  -1.967  -53.482  18.446 0.0000000000
44377  -2.609  -52.827  19.116 0.0000000000
44388  -1.418  -55.891  14.831 0.0000000000
44389  -1.630  -54.803  16.450 0.0000000000
44390  -1.735  -53.747  17.518 0.0000000000
44401  -1.346  -56.342  12.494 0.0000000000
44402  -3.310  -57.336  11.465 0.0000000000
44403  -5.445  -57.370  11.905 0.0000000000
44404  -7.068  -57.256  12.484 0.0000000000
44405  -7.950  -57.296  12.769 0.0000000000
44415  -1.293  -55.910  11.524 0.0000000000
44416  -2.689  -56.336  10.802 0.0000000000
44417  -4.725  -56.748  10.922 0.0000000000
44418  -6.545  -56.803  11.373 0.0000000000
44419  -8.311  -56.981  11.965 0.0000000000
44420  -9.820  -57.060  11.891 0.0000000000
44421  -10.916  -57.191  12.029 0.0000000000
44422  -11.515  -57.268  12.149 0.0000000000
44429  -3.375  -55.770  10.195 0.0000000000
44430  -4.330  -56.025  10.120 0.0000000000
44431  -5.939  -56.126  10.477 0.0000000000
44432  -7.588  -56.232  10.897 0.0000000000
44433  -9.101  -56.371  11.183 0.0000000000
44434  -10.371  -56.531  11.319 0.0000000000
44435  -11.658  -56.611  11.640 0.0000000000
44436  -12.328  -56.808  11.718 0.0000000000
44442  -11.997  -55.962  11.298 0.0000000000
44443  -12.517  -56.333  11.369 0.0000000000
44444  -13.150  -56.235  10.975 0.0000000000
44449  -13.563  -56.241  10.548 0.0000000000
44450  -13.833  -56.323  10.106 0.0000000000
44457  -13.839  -56.266  9.691 0.0000000000
44465  -13.801  -56.229  9.447 0.0000000000
44475  -13.707  -55.916  9.067 0.0000000000
44483  -13.269  -55.419  8.527 0.0000000000
44484  -13.463  -55.644  8.693 0.0000000000
44490  -4.671  -56.174  7.527 0.0000000000
44491  -5.208  -56.290  7.559 0.0000000000
44492  -6.141  -56.561  7.690 0.0000000000
44493  -7.266  -56.818  7.984 0.0000000000
44494  -8.128  -56.837  8.119 0.0000000000
44495  -11.630  -55.675  8.436 0.0000000000
44496  -12.138  -55.815  8.380 0.0000000000
44497  -13.046  -55.658  8.440 0.0000000000
44498  -13.402  -55.908  8.600 0.0000000000
44503  -4.549  -56.542  7.177 0.0000000000
44504  -5.169  -56.981  6.829 0.0000000000
44505  -6.423  -57.602  6.881 0.0000000000
44506  -7.697  -57.408  7.544 0.0000000000
44507  -8.682  -57.017  7.989 0.0000000000
44508  -9.713  -56.781  8.384 0.0000000000
44509  -10.966  -56.193  8.513 0.0000000000
44510  -11.587  -56.160  8.433 0.0000000000
44520  -5.343  -57.528  6.151 0.0000000000
44521  -6.068  -57.719  5.591 0.0000000000
44534  -6.417  -57.749  4.632 0.0000000000
44535  -6.964  -57.572  3.978 0.0000000000
44546  -7.547  -57.413  3.082 0.0000000000
44547  -8.049  -57.283  2.275 0.0000000000
44557  -7.865  -56.753  2.078 0.0000000000
44558  -8.431  -56.541  1.481 0.0000000000
44560  -8.786  -56.064  0.762 0.0000000000
44563  -8.715  -55.761  -0.015 0.0000000000
44566  -8.307  -55.705  -1.004 0.0000000000
44569  -8.266  -55.497  -2.394 0.0000000000
44570  -8.234  -55.738  -2.106 0.0000000000
44572  -8.404  -55.689  -3.086 0.0000000000
44573  -8.537  -55.905  -2.901 0.0000000000
44576  -7.683  -55.626  -4.481 0.0000000000
44577  -8.015  -55.747  -4.174 0.0000000000
44580  -7.478  -55.840  -4.892 0.0000000000
44581  -7.785  -56.372  -5.078 0.0000000000
44585  -6.453  -55.955  -6.576 0.0000000000
44586  -7.003  -56.236  -6.139 0.0000000000
44587  -7.789  -56.663  -5.689 0.0000000000
44592  -6.655  -56.561  -7.481 0.0000000000
45594  -2.711  -52.638  18.739 0.0000000000
45595  -4.186  -52.494  18.987 0.0000000000
45596  -6.162  -52.865  18.582 0.0000000000
45607  -1.441  -54.678  15.796 0.0000000000
45608  -1.672  -53.731  16.684 0.0000000000
45609  -2.629  -52.383  18.145 0.0000000000
45610  -5.387  -52.485  18.334 0.0000000000
45611  -6.502  -52.883  18.152 0.0000000000
45618  -1.218  -54.327  14.995 0.0000000000
45619  -1.811  -52.814  16.860 0.0000000000
45620  -2.322  -52.158  17.627 0.0000000000
45631  -1.178  -54.068  12.242 0.0000000000
45632  -1.139  -54.771  12.417 0.0000000000
45633  -1.589  -55.565  11.069 0.0000000000
45645  -1.224  -54.323  11.544 0.0000000000
45646  -1.515  -54.924  10.983 0.0000000000
45647  -2.586  -55.371  10.307 0.0000000000
45648  -3.866  -55.207  9.739 0.0000000000
45649  -5.378  -55.331  9.907 0.0000000000
45650  -6.996  -55.470  10.287 0.0000000000
45651  -8.491  -55.625  10.628 0.0000000000
45652  -9.784  -55.776  10.818 0.0000000000
45653  -10.840  -55.813  10.958 0.0000000000
45661  -1.689  -54.420  10.880 0.0000000000
45662  -2.236  -54.656  10.348 0.0000000000
45663  -3.066  -54.702  9.742 0.0000000000
45664  -3.768  -54.541  9.543 0.0000000000
45665  -11.572  -55.602  11.040 0.0000000000
45666  -12.097  -55.425  10.907 0.0000000000
45667  -12.669  -55.689  10.877 0.0000000000
45673  -12.381  -55.137  10.569 0.0000000000
45674  -12.959  -55.441  10.395 0.0000000000
45675  -13.521  -55.751  10.104 0.0000000000
45683  -13.203  -55.244  9.839 0.0000000000
45684  -13.626  -55.635  9.639 0.0000000000
45695  -13.414  -54.982  8.906 0.0000000000
45696  -13.629  -55.541  9.217 0.0000000000
45704  -13.291  -54.953  8.680 0.0000000000
45705  -13.505  -55.376  8.844 0.0000000000
45711  -12.579  -54.973  8.475 0.0000000000
45712  -13.050  -55.063  8.498 0.0000000000
45713  -13.393  -55.247  8.643 0.0000000000
45718  -3.586  -55.877  6.959 0.0000000000
45719  -4.091  -56.058  7.448 0.0000000000
45720  -4.866  -55.741  7.947 0.0000000000
45721  -5.781  -55.757  8.284 0.0000000000
45722  -6.919  -55.920  8.599 0.0000000000
45723  -8.328  -56.094  8.749 0.0000000000
45724  -9.725  -55.575  8.761 0.0000000000
45725  -11.000  -55.429  8.636 0.0000000000
45726  -12.090  -55.240  8.448 0.0000000000
45727  -12.677  -55.322  8.367 0.0000000000
45732  -3.509  -55.881  6.607 0.0000000000
45733  -3.966  -56.645  6.396 0.0000000000
45734  -4.738  -57.248  6.157 0.0000000000
45735  -8.606  -56.635  8.322 0.0000000000
45736  -9.220  -56.432  8.475 0.0000000000
45737  -10.155  -56.108  8.542 0.0000000000
45748  -3.939  -56.734  5.511 0.0000000000
45749  -4.867  -57.127  5.202 0.0000000000
45750  -5.773  -57.554  4.762 0.0000000000
45763  -5.235  -56.602  4.312 0.0000000000
45764  -6.195  -56.801  3.803 0.0000000000
45765  -7.065  -57.094  3.385 0.0000000000
45776  -6.957  -55.770  2.351 0.0000000000
45777  -7.299  -56.617  2.638 0.0000000000
45786  -7.378  -55.243  1.714 0.0000000000
45787  -8.077  -55.628  1.402 0.0000000000
45788  -8.689  -55.915  1.034 0.0000000000
45791  -8.461  -54.904  0.325 0.0000000000
45792  -8.774  -55.541  0.568 0.0000000000
45795  -8.266  -54.834  -0.686 0.0000000000
45796  -8.558  -55.318  -0.298 0.0000000000
45798  -8.092  -54.966  -1.587 0.0000000000
45799  -8.155  -55.363  -1.245 0.0000000000
45801  -7.645  -54.692  -2.704 0.0000000000
45802  -8.107  -55.158  -2.445 0.0000000000
45803  -8.172  -55.348  -1.966 0.0000000000
45806  -7.465  -54.837  -3.530 0.0000000000
45807  -7.973  -55.227  -3.310 0.0000000000
45810  -6.305  -55.084  -4.709 0.0000000000
45811  -7.357  -55.285  -4.374 0.0000000000
45812  -7.760  -55.278  -3.853 0.0000000000
45816  -6.840  -55.568  -5.270 0.0000000000
45821  -6.518  -55.672  -5.873 0.0000000000
46846  -7.155  -52.827  18.088 0.0000000000
46847  -7.503  -52.628  17.730 0.0000000000
46859  -3.173  -52.059  17.790 0.0000000000
46860  -4.999  -52.138  17.960 0.0000000000
46861  -6.529  -52.652  17.830 0.0000000000
46862  -7.249  -52.660  17.651 0.0000000000
46873  -1.218  -53.379  14.500 0.0000000000
46874  -1.396  -52.765  16.053 0.0000000000
46875  -2.420  -51.914  17.323 0.0000000000
46876  -4.098  -51.826  17.709 0.0000000000
46884  -1.077  -53.557  12.018 0.0000000000
46885  -0.976  -53.471  13.135 0.0000000000
46896  -1.601  -53.860  11.141 0.0000000000
46897  -4.033  -53.694  9.629 0.0000000000
46898  -4.607  -54.291  9.699 0.0000000000
46899  -6.468  -54.518  10.037 0.0000000000
46900  -8.012  -54.687  10.379 0.0000000000
46901  -9.339  -54.804  10.702 0.0000000000
46902  -10.395  -54.939  10.773 0.0000000000
46903  -11.084  -55.048  10.827 0.0000000000
46915  -2.032  -54.166  10.508 0.0000000000
46916  -2.579  -54.156  9.926 0.0000000000
46917  -3.477  -54.045  9.582 0.0000000000
46918  -3.923  -54.332  9.506 0.0000000000
46919  -11.489  -54.733  10.713 0.0000000000
46920  -11.863  -54.532  10.519 0.0000000000
46929  -12.258  -54.564  10.294 0.0000000000
46930  -12.627  -54.705  9.995 0.0000000000
46939  -12.895  -54.799  9.617 0.0000000000
46940  -13.353  -55.140  9.481 0.0000000000
46951  -13.168  -54.845  9.245 0.0000000000
46952  -13.526  -55.264  9.338 0.0000000000
46956  -12.173  -54.383  9.281 0.0000000000
46957  -12.824  -54.622  8.996 0.0000000000
46962  -10.685  -53.741  9.239 0.0000000000
46963  -11.237  -54.102  9.205 0.0000000000
46964  -12.256  -54.542  8.966 0.0000000000
46965  -12.975  -54.769  8.706 0.0000000000
46969  -3.458  -55.269  7.497 0.0000000000
46970  -4.160  -55.210  8.204 0.0000000000
46971  -5.107  -55.087  8.827 0.0000000000
46972  -6.307  -55.019  9.088 0.0000000000
46973  -7.652  -55.025  9.205 0.0000000000
46974  -8.992  -54.879  9.181 0.0000000000
46975  -10.387  -54.433  9.020 0.0000000000
46976  -11.616  -54.733  8.770 0.0000000000
46977  -12.254  -54.854  8.595 0.0000000000
46981  -2.977  -55.391  6.796 0.0000000000
46982  -3.335  -55.815  6.288 0.0000000000
46995  -2.688  -55.452  6.094 0.0000000000
46996  -3.471  -55.851  5.554 0.0000000000
46997  -3.968  -56.540  5.038 0.0000000000
47012  -3.725  -55.879  4.760 0.0000000000
47013  -4.527  -56.105  4.351 0.0000000000
47014  -5.458  -56.055  3.856 0.0000000000
47026  -5.236  -55.354  3.677 0.0000000000
47027  -6.065  -55.260  3.094 0.0000000000
47035  -6.836  -54.773  2.057 0.0000000000
47036  -7.527  -54.821  1.405 0.0000000000
47038  -7.107  -54.236  1.324 0.0000000000
47039  -7.868  -54.502  0.843 0.0000000000
47041  -7.185  -53.876  0.462 0.0000000000
47042  -7.823  -54.300  -0.137 0.0000000000
47044  -6.288  -53.422  -1.311 0.0000000000
47045  -6.819  -53.658  -0.826 0.0000000000
47046  -7.683  -54.486  -1.180 0.0000000000
47048  -6.158  -53.686  -1.938 0.0000000000
47049  -7.227  -54.143  -1.940 0.0000000000
47050  -7.767  -54.724  -1.971 0.0000000000
47055  -6.865  -54.318  -2.865 0.0000000000
47061  -6.612  -54.659  -3.826 0.0000000000
48038  -7.704  -52.486  17.824 0.0000000000
48046  -6.239  -52.368  17.605 0.0000000000
48047  -6.981  -52.301  17.405 0.0000000000
48048  -7.538  -52.383  17.504 0.0000000000
48062  -1.110  -52.552  15.600 0.0000000000
48063  -1.908  -51.776  16.607 0.0000000000
48064  -4.010  -51.532  17.477 0.0000000000
48065  -5.825  -51.968  17.510 0.0000000000
48066  -6.784  -52.020  17.258 0.0000000000
48078  -1.308  -52.501  13.056 0.0000000000
48079  -1.097  -52.256  14.898 0.0000000000
48080  -1.529  -51.657  15.967 0.0000000000
48090  -1.459  -52.824  11.440 0.0000000000
48091  -2.386  -52.815  10.375 0.0000000000
48092  -3.452  -53.141  9.830 0.0000000000
48093  -4.674  -53.168  9.934 0.0000000000
48094  -6.070  -53.392  10.216 0.0000000000
48095  -7.589  -53.557  10.557 0.0000000000
48096  -8.960  -53.626  10.943 0.0000000000
48097  -10.159  -53.707  11.164 0.0000000000
48098  -10.927  -54.224  10.861 0.0000000000
48111  -2.114  -53.596  10.468 0.0000000000
48112  -2.862  -53.599  9.888 0.0000000000
48113  -3.239  -53.630  9.684 0.0000000000
48114  -10.874  -53.308  11.161 0.0000000000
48115  -11.327  -53.650  10.715 0.0000000000
48116  -11.687  -53.767  10.355 0.0000000000
48129  -11.964  -53.920  10.100 0.0000000000
48130  -12.345  -54.344  9.823 0.0000000000
48142  -11.927  -53.714  9.966 0.0000000000
48143  -12.495  -54.485  9.622 0.0000000000
48153  -11.790  -53.708  9.778 0.0000000000
48154  -12.308  -54.357  9.531 0.0000000000
48158  -11.235  -53.142  9.441 0.0000000000
48159  -11.672  -53.723  9.564 0.0000000000
48160  -12.089  -54.244  9.480 0.0000000000
48164  -7.914  -53.224  9.152 0.0000000000
48165  -8.834  -53.160  9.285 0.0000000000
48166  -10.004  -53.261  9.235 0.0000000000
48167  -10.884  -53.230  9.253 0.0000000000
48168  -11.416  -53.831  9.492 0.0000000000
48172  -2.567  -54.616  7.443 0.0000000000
48173  -3.381  -54.491  8.088 0.0000000000
48174  -4.303  -54.302  8.760 0.0000000000
48175  -5.515  -54.092  9.111 0.0000000000
48176  -7.012  -53.883  9.194 0.0000000000
48177  -8.322  -54.041  9.343 0.0000000000
48178  -9.361  -53.950  9.317 0.0000000000
48186  -1.262  -54.311  5.796 0.0000000000
48187  -1.956  -54.724  6.501 0.0000000000
48206  -2.250  -55.077  5.175 0.0000000000
48207  -3.225  -55.501  4.897 0.0000000000
48223  -3.460  -55.359  3.933 0.0000000000
48224  -4.665  -55.310  3.737 0.0000000000
48235  -3.170  -54.591  2.458 0.0000000000
48236  -5.140  -54.839  2.908 0.0000000000
48237  -6.185  -54.574  2.596 0.0000000000
48243  -5.161  -54.280  1.754 0.0000000000
48244  -6.247  -54.271  2.010 0.0000000000
48247  -5.340  -53.992  0.692 0.0000000000
48248  -6.362  -53.897  1.121 0.0000000000
48251  -5.493  -53.726  -0.196 0.0000000000
48252  -6.326  -53.606  0.155 0.0000000000
48257  -5.712  -53.662  -1.071 0.0000000000
48258  -6.154  -53.453  -0.484 0.0000000000
49260  -7.648  -51.944  17.554 0.0000000000
49266  -7.157  -51.766  17.159 0.0000000000
49267  -7.471  -51.991  17.324 0.0000000000
49279  -1.196  -50.527  16.015 0.0000000000
49280  -2.184  -50.984  16.570 0.0000000000
49281  -3.918  -51.099  17.282 0.0000000000
49282  -5.589  -51.416  17.363 0.0000000000
49283  -6.583  -51.743  17.263 0.0000000000
49301  -1.131  -51.561  12.591 0.0000000000
49302  -1.128  -51.231  14.461 0.0000000000
49303  -1.211  -51.342  15.653 0.0000000000
49318  -1.906  -51.777  11.165 0.0000000000
49319  -2.900  -51.907  10.205 0.0000000000
49320  -4.237  -52.100  10.230 0.0000000000
49321  -5.700  -52.227  10.736 0.0000000000
49322  -7.158  -52.357  11.059 0.0000000000
49323  -8.550  -52.468  11.254 0.0000000000
49324  -9.692  -52.590  11.416 0.0000000000
49325  -10.474  -52.567  11.386 0.0000000000
49336  -11.076  -52.577  11.164 0.0000000000
49337  -11.451  -52.771  10.740 0.0000000000
49338  -11.676  -53.341  10.352 0.0000000000
49349  -11.446  -52.400  10.643 0.0000000000
49350  -11.675  -53.093  10.344 0.0000000000
49361  -11.419  -52.323  10.430 0.0000000000
49362  -11.612  -52.839  10.290 0.0000000000
49368  -11.373  -52.377  10.124 0.0000000000
49369  -11.663  -52.930  10.055 0.0000000000
49374  -10.539  -52.193  9.650 0.0000000000
49375  -11.127  -52.538  9.741 0.0000000000
49376  -11.594  -52.988  9.824 0.0000000000
49381  -6.925  -52.154  9.169 0.0000000000
49382  -7.963  -52.324  9.226 0.0000000000
49383  -9.142  -52.297  9.329 0.0000000000
49384  -10.160  -52.402  9.429 0.0000000000
49385  -10.845  -52.679  9.445 0.0000000000
49391  -2.640  -53.907  7.890 0.0000000000
49392  -3.393  -53.554  8.434 0.0000000000
49393  -4.513  -53.158  8.896 0.0000000000
49394  -6.050  -52.762  9.010 0.0000000000
49395  -7.218  -52.850  9.081 0.0000000000
49412  -1.210  -53.835  6.425 0.0000000000
49413  -1.845  -53.625  7.213 0.0000000000
50385  -7.485  -51.071  17.611 0.0000000000
50390  -7.177  -51.370  17.168 0.0000000000
50391  -7.370  -51.295  17.291 0.0000000000
50396  -1.620  -49.576  16.269 0.0000000000
50397  -2.668  -49.996  16.722 0.0000000000
50398  -4.022  -50.329  17.201 0.0000000000
50399  -5.531  -50.649  17.304 0.0000000000
50400  -6.767  -51.110  17.258 0.0000000000
50401  -7.204  -51.107  17.231 0.0000000000
50417  -1.096  -50.354  13.642 0.0000000000
50418  -1.128  -50.007  15.181 0.0000000000
50434  -1.597  -50.661  12.049 0.0000000000
50435  -2.349  -50.860  10.825 0.0000000000
50436  -3.654  -51.031  10.516 0.0000000000
50437  -5.217  -51.170  10.809 0.0000000000
50438  -6.708  -51.307  11.325 0.0000000000
50439  -8.071  -51.407  11.510 0.0000000000
50440  -9.416  -51.453  11.568 0.0000000000
50441  -10.100  -51.987  11.550 0.0000000000
50449  -9.840  -50.966  11.481 0.0000000000
50450  -10.485  -51.532  11.362 0.0000000000
50451  -11.187  -52.109  11.155 0.0000000000
50455  -10.651  -51.238  11.063 0.0000000000
50456  -11.182  -51.899  11.028 0.0000000000
50458  -10.660  -51.222  10.821 0.0000000000
50459  -11.165  -51.771  10.818 0.0000000000
50463  -10.566  -51.360  10.534 0.0000000000
50464  -11.080  -51.812  10.528 0.0000000000
50472  -9.659  -51.244  9.883 0.0000000000
50473  -10.336  -51.551  10.034 0.0000000000
50474  -10.936  -51.921  10.202 0.0000000000
50484  -7.158  -51.377  9.388 0.0000000000
50485  -8.232  -51.372  9.523 0.0000000000
50486  -9.284  -51.473  9.616 0.0000000000
50487  -10.032  -51.770  9.682 0.0000000000
50497  -2.621  -53.102  7.825 0.0000000000
50498  -3.262  -52.215  8.366 0.0000000000
50499  -4.828  -51.760  8.742 0.0000000000
50500  -6.133  -51.514  9.107 0.0000000000
50516  -1.211  -52.840  6.520 0.0000000000
50517  -1.971  -52.151  7.418 0.0000000000
50518  -2.438  -51.130  7.998 0.0000000000
51504  -7.491  -50.227  17.315 0.0000000000
51510  -1.919  -48.768  16.391 0.0000000000
51511  -2.759  -49.050  16.936 0.0000000000
51512  -4.052  -49.327  17.449 0.0000000000
51513  -5.476  -49.642  17.388 0.0000000000
51514  -6.610  -50.034  17.181 0.0000000000
51515  -7.241  -50.532  17.148 0.0000000000
51523  -1.288  -49.165  14.599 0.0000000000
51524  -1.411  -49.176  15.686 0.0000000000
51539  -1.454  -49.543  12.908 0.0000000000
51540  -1.862  -49.835  11.434 0.0000000000
51541  -2.923  -50.045  10.608 0.0000000000
51542  -4.561  -50.194  10.679 0.0000000000
51543  -6.241  -50.383  11.161 0.0000000000
51544  -7.568  -50.557  11.571 0.0000000000
51545  -8.594  -50.570  11.620 0.0000000000
51556  -9.350  -50.519  11.542 0.0000000000
51557  -9.833  -50.603  11.385 0.0000000000
51562  -10.111  -50.614  11.205 0.0000000000
51567  -9.843  -50.122  10.907 0.0000000000
51568  -10.147  -50.468  11.006 0.0000000000
51572  -9.726  -50.282  10.683 0.0000000000
51573  -10.209  -50.696  10.816 0.0000000000
51577  -8.714  -50.272  10.150 0.0000000000
51578  -9.427  -50.585  10.281 0.0000000000
51579  -10.051  -50.918  10.536 0.0000000000
51584  -6.301  -49.896  9.091 0.0000000000
51585  -7.235  -50.280  9.546 0.0000000000
51586  -8.337  -50.486  9.879 0.0000000000
51587  -9.122  -50.796  9.887 0.0000000000
51591  -3.579  -50.571  8.375 0.0000000000
51592  -5.358  -50.389  8.776 0.0000000000
51593  -6.453  -50.682  9.231 0.0000000000
51606  -1.216  -51.427  6.528 0.0000000000
51607  -1.695  -50.603  7.313 0.0000000000
51608  -2.364  -50.121  7.921 0.0000000000
52582  -1.975  -48.200  16.456 0.0000000000
52583  -2.660  -48.260  16.934 0.0000000000
52584  -3.827  -48.321  17.563 0.0000000000
52585  -5.368  -48.500  17.588 0.0000000000
52586  -6.538  -48.894  17.008 0.0000000000
52587  -7.251  -49.344  17.034 0.0000000000
52596  -1.582  -48.276  14.970 0.0000000000
52597  -1.648  -48.429  15.767 0.0000000000
52611  -1.559  -48.445  13.756 0.0000000000
52612  -1.620  -48.841  12.114 0.0000000000
52613  -2.198  -49.133  10.857 0.0000000000
52614  -3.683  -49.315  10.635 0.0000000000
52615  -5.646  -49.358  10.787 0.0000000000
52616  -7.290  -49.851  11.345 0.0000000000
52617  -8.091  -50.134  11.538 0.0000000000
52631  -6.306  -48.864  10.658 0.0000000000
52632  -7.146  -49.139  11.089 0.0000000000
52633  -8.553  -49.713  11.406 0.0000000000
52634  -9.385  -50.185  11.444 0.0000000000
52637  -9.113  -49.567  11.125 0.0000000000
52638  -9.549  -50.053  11.310 0.0000000000
52642  -9.439  -49.743  11.004 0.0000000000
52643  -9.740  -50.039  11.140 0.0000000000
52648  -8.661  -49.294  10.537 0.0000000000
52649  -9.310  -49.746  10.798 0.0000000000
52655  -8.082  -48.826  9.785 0.0000000000
52656  -8.584  -49.655  10.327 0.0000000000
52657  -9.150  -49.907  10.576 0.0000000000
52663  -6.568  -48.955  9.219 0.0000000000
52664  -7.638  -49.342  9.662 0.0000000000
52665  -8.236  -49.726  10.049 0.0000000000
52670  -4.296  -49.086  8.558 0.0000000000
52671  -5.668  -49.272  8.765 0.0000000000
52685  -1.774  -48.970  7.318 0.0000000000
52686  -2.886  -49.347  8.144 0.0000000000
53636  -1.889  -47.959  16.216 0.0000000000
53637  -2.320  -47.707  16.687 0.0000000000
53638  -3.267  -47.503  17.454 0.0000000000
53656  -1.698  -47.843  14.683 0.0000000000
53657  -1.852  -47.544  15.813 0.0000000000
53658  -2.609  -46.864  17.013 0.0000000000
53673  -1.738  -47.757  13.993 0.0000000000
53674  -1.716  -47.864  12.944 0.0000000000
53675  -1.825  -48.274  11.423 0.0000000000
53676  -2.834  -48.546  10.631 0.0000000000
53677  -4.254  -48.725  10.563 0.0000000000
53692  -1.670  -47.534  11.960 0.0000000000
53693  -2.297  -47.793  10.880 0.0000000000
53694  -3.675  -48.081  10.417 0.0000000000
53695  -5.375  -48.406  10.473 0.0000000000
53696  -6.833  -48.510  10.605 0.0000000000
53697  -7.794  -48.852  11.075 0.0000000000
53703  -7.623  -48.390  10.701 0.0000000000
53704  -8.342  -48.954  10.982 0.0000000000
53707  -8.000  -48.323  10.550 0.0000000000
53708  -8.584  -49.091  10.788 0.0000000000
53712  -7.893  -47.817  9.899 0.0000000000
53713  -8.126  -48.270  10.200 0.0000000000
53714  -8.765  -49.288  10.756 0.0000000000
53719  -7.791  -47.999  9.758 0.0000000000
53720  -8.324  -48.727  10.095 0.0000000000
53725  -6.470  -48.030  8.795 0.0000000000
53726  -7.138  -48.070  9.219 0.0000000000
53732  -4.351  -48.071  8.432 0.0000000000
53733  -5.532  -48.114  8.533 0.0000000000
53746  -2.085  -47.561  7.167 0.0000000000
53747  -3.197  -48.101  7.922 0.0000000000
54731  -1.737  -47.254  14.646 0.0000000000
54732  -1.954  -46.211  15.847 0.0000000000
54757  -1.724  -47.426  13.801 0.0000000000
54758  -1.575  -46.826  13.509 0.0000000000
54775  -1.714  -46.951  11.488 0.0000000000
54776  -2.914  -47.376  10.232 0.0000000000
54777  -4.592  -47.645  10.229 0.0000000000
54778  -6.085  -47.720  10.364 0.0000000000
54779  -7.010  -48.106  10.488 0.0000000000
54790  -6.603  -47.297  10.227 0.0000000000
54791  -7.217  -47.895  10.400 0.0000000000
54795  -6.956  -47.226  10.012 0.0000000000
54796  -7.524  -47.696  10.231 0.0000000000
54801  -7.331  -47.466  9.805 0.0000000000
54802  -7.595  -47.589  10.022 0.0000000000
54807  -6.401  -46.983  8.962 0.0000000000
54808  -6.857  -47.355  9.347 0.0000000000
54812  -5.154  -46.791  8.223 0.0000000000
54813  -6.062  -47.234  8.678 0.0000000000
54814  -6.690  -47.389  9.001 0.0000000000
54818  -4.509  -47.253  8.054 0.0000000000
54819  -5.411  -47.325  8.333 0.0000000000
54833  -3.003  -46.608  7.334 0.0000000000
55888  -1.164  -45.827  12.567 0.0000000000
55889  -2.400  -46.242  10.532 0.0000000000
55890  -4.114  -47.061  9.863 0.0000000000
55891  -5.135  -47.307  10.181 0.0000000000
55900  -2.970  -45.887  10.128 0.0000000000
55901  -4.134  -46.347  9.673 0.0000000000
55902  -5.416  -47.033  10.052 0.0000000000
55911  -5.243  -46.155  9.480 0.0000000000
55912  -5.867  -46.769  9.884 0.0000000000
55920  -5.828  -46.268  9.265 0.0000000000
55921  -6.358  -46.755  9.694 0.0000000000
55926  -5.314  -45.889  8.695 0.0000000000
55927  -6.100  -46.531  9.066 0.0000000000
55928  -6.527  -46.889  9.444 0.0000000000
55933  -5.078  -46.123  8.355 0.0000000000
55934  -5.865  -46.541  8.784 0.0000000000
55941  -4.323  -46.079  7.626 0.0000000000
57001  -1.334  -44.750  12.733 0.0000000000
57002  -1.607  -45.371  11.631 0.0000000000
57009  -1.266  -44.765  11.646 0.0000000000
57010  -2.203  -45.259  10.622 0.0000000000
57011  -3.145  -45.700  9.847 0.0000000000
57016  -2.692  -45.258  9.741 0.0000000000
57017  -3.896  -45.482  9.403 0.0000000000
57024  -4.583  -45.170  8.704 0.0000000000
57025  -4.889  -45.469  9.038 0.0000000000
57031  -4.704  -45.269  8.529 0.0000000000
57032  -5.427  -45.879  8.961 0.0000000000
58287  -2.026  -44.735  10.097 0.0000000000
58290  -2.659  -44.629  9.154 0.0000000000
58291  -4.059  -45.030  8.968 0.0000000000
58295  -4.419  -45.057  8.832 0.0000000000
