#!ascii label  , from subject subject001 vox2ras=TkReg
209
21679  -45.563  -73.893  1.449 0.0000000000
21690  -45.678  -74.129  0.982 0.0000000000
21699  -46.110  -74.918  0.267 0.0000000000
22987  -45.582  -73.197  1.665 0.0000000000
22988  -45.503  -72.984  2.070 0.0000000000
22997  -45.689  -73.518  1.254 0.0000000000
23003  -45.872  -73.906  0.814 0.0000000000
23004  -46.501  -74.538  0.448 0.0000000000
23005  -47.600  -74.821  0.273 0.0000000000
23006  -48.434  -74.844  0.074 0.0000000000
23007  -49.216  -74.388  -0.791 0.0000000000
23008  -49.417  -73.966  -1.047 0.0000000000
23013  -46.792  -75.036  -0.003 0.0000000000
23014  -47.259  -75.100  -0.007 0.0000000000
24201  -46.109  -71.919  2.772 0.0000000000
24202  -50.396  -73.939  3.338 0.0000000000
24227  -45.586  -72.391  1.855 0.0000000000
24228  -45.625  -72.451  2.157 0.0000000000
24229  -49.049  -74.318  2.039 0.0000000000
24230  -49.905  -74.598  2.307 0.0000000000
24235  -45.754  -72.814  1.479 0.0000000000
24236  -45.846  -72.573  1.445 0.0000000000
24237  -46.846  -73.408  1.439 0.0000000000
24238  -47.628  -73.894  1.357 0.0000000000
24239  -48.358  -74.368  1.072 0.0000000000
24240  -48.942  -74.611  0.927 0.0000000000
24241  -49.609  -74.772  0.757 0.0000000000
24247  -45.793  -73.346  1.173 0.0000000000
24248  -46.014  -73.293  1.082 0.0000000000
24249  -46.679  -73.895  0.916 0.0000000000
24250  -47.572  -74.321  0.785 0.0000000000
24251  -48.521  -74.609  0.447 0.0000000000
24252  -49.339  -74.168  -0.498 0.0000000000
24253  -49.392  -74.391  0.168 0.0000000000
24261  -49.585  -73.564  -1.672 0.0000000000
25350  -47.558  -70.159  6.438 0.0000000000
25357  -47.270  -70.322  4.975 0.0000000000
25366  -46.878  -70.395  4.000 0.0000000000
25380  -46.587  -71.032  3.204 0.0000000000
25381  -50.149  -72.959  3.543 0.0000000000
25407  -45.731  -72.190  1.890 0.0000000000
25408  -46.075  -71.827  2.361 0.0000000000
25409  -48.081  -73.003  2.427 0.0000000000
25410  -48.587  -73.219  2.732 0.0000000000
25411  -49.484  -73.431  3.088 0.0000000000
25417  -45.702  -72.322  1.662 0.0000000000
25418  -45.956  -72.221  1.785 0.0000000000
25419  -46.513  -72.338  1.744 0.0000000000
25420  -47.165  -72.784  1.884 0.0000000000
25421  -47.778  -73.266  1.984 0.0000000000
25422  -48.396  -73.871  1.884 0.0000000000
25423  -49.958  -74.031  -0.133 0.0000000000
25429  -45.949  -72.765  1.324 0.0000000000
25430  -46.207  -72.978  1.421 0.0000000000
25431  -49.705  -73.199  -1.193 0.0000000000
25432  -49.869  -73.485  -0.732 0.0000000000
25433  -50.282  -73.335  -0.767 0.0000000000
25445  -49.591  -72.809  -2.253 0.0000000000
25446  -49.795  -72.699  -1.551 0.0000000000
26527  -45.943  -70.106  8.406 0.0000000000
26528  -46.327  -70.452  8.238 0.0000000000
26539  -46.265  -69.561  7.826 0.0000000000
26540  -46.724  -69.892  7.450 0.0000000000
26552  -47.054  -69.387  5.910 0.0000000000
26559  -46.965  -69.616  4.623 0.0000000000
26569  -46.911  -70.011  3.743 0.0000000000
26570  -47.082  -69.698  3.657 0.0000000000
26586  -46.638  -70.903  3.006 0.0000000000
26587  -47.011  -70.338  3.242 0.0000000000
26588  -49.586  -71.306  3.580 0.0000000000
26589  -50.130  -72.087  3.924 0.0000000000
26613  -46.553  -71.393  2.657 0.0000000000
26614  -47.088  -70.928  2.741 0.0000000000
26615  -47.662  -71.256  2.603 0.0000000000
26616  -48.264  -71.932  2.653 0.0000000000
26617  -49.142  -71.964  3.265 0.0000000000
26618  -49.732  -72.534  3.455 0.0000000000
26626  -46.538  -71.743  2.305 0.0000000000
26627  -47.027  -71.876  2.349 0.0000000000
26628  -47.620  -72.214  2.311 0.0000000000
26629  -47.910  -72.529  2.336 0.0000000000
26634  -49.919  -72.490  -1.477 0.0000000000
26635  -50.156  -72.422  -1.458 0.0000000000
26649  -48.663  -71.981  -3.620 0.0000000000
26650  -49.490  -72.226  -2.508 0.0000000000
26651  -50.030  -71.999  -2.219 0.0000000000
26665  -47.758  -71.198  -4.465 0.0000000000
26666  -48.188  -71.490  -3.994 0.0000000000
26667  -48.732  -71.789  -3.377 0.0000000000
26684  -48.002  -71.492  -4.322 0.0000000000
26685  -48.140  -71.875  -4.400 0.0000000000
27740  -45.622  -69.703  8.639 0.0000000000
27741  -46.094  -69.330  8.064 0.0000000000
27751  -46.423  -69.087  7.373 0.0000000000
27752  -46.677  -69.138  6.730 0.0000000000
27764  -46.611  -68.729  6.769 0.0000000000
27765  -46.723  -68.763  6.119 0.0000000000
27775  -46.829  -68.869  5.163 0.0000000000
27776  -46.918  -68.763  4.585 0.0000000000
27777  -50.462  -70.775  6.274 0.0000000000
27789  -46.923  -69.204  4.375 0.0000000000
27790  -47.052  -69.155  4.050 0.0000000000
27791  -50.198  -70.877  5.571 0.0000000000
27808  -47.283  -69.481  3.607 0.0000000000
27809  -47.726  -69.565  3.305 0.0000000000
27810  -48.353  -69.906  3.144 0.0000000000
27811  -49.062  -70.646  3.313 0.0000000000
27812  -49.765  -71.119  4.357 0.0000000000
27813  -50.398  -71.918  4.734 0.0000000000
27835  -47.368  -70.052  3.147 0.0000000000
27836  -47.753  -70.307  2.933 0.0000000000
27837  -48.340  -70.743  2.848 0.0000000000
27838  -48.734  -71.173  2.940 0.0000000000
27876  -47.261  -70.332  -4.670 0.0000000000
27877  -47.714  -71.058  -4.458 0.0000000000
27896  -47.246  -69.848  -4.902 0.0000000000
27897  -47.457  -70.542  -4.903 0.0000000000
27898  -47.648  -71.111  -4.934 0.0000000000
27913  -47.476  -70.125  -5.320 0.0000000000
27914  -47.664  -70.834  -5.466 0.0000000000
28938  -45.347  -69.658  9.221 0.0000000000
28939  -45.504  -69.558  9.237 0.0000000000
28940  -45.859  -69.256  9.118 0.0000000000
28941  -46.498  -68.847  8.599 0.0000000000
28956  -45.352  -69.606  9.005 0.0000000000
28957  -45.782  -69.347  8.841 0.0000000000
28958  -46.083  -69.155  8.711 0.0000000000
28959  -46.292  -68.798  8.461 0.0000000000
28960  -46.512  -68.571  8.288 0.0000000000
28975  -45.591  -69.515  8.832 0.0000000000
28976  -46.108  -69.124  8.368 0.0000000000
28986  -46.333  -68.727  7.706 0.0000000000
28993  -46.569  -68.479  7.107 0.0000000000
28994  -46.698  -68.342  6.466 0.0000000000
28995  -50.195  -69.996  6.773 0.0000000000
29006  -46.826  -68.358  5.778 0.0000000000
29007  -46.963  -68.412  5.114 0.0000000000
29008  -49.020  -69.366  5.478 0.0000000000
29009  -49.720  -70.136  6.050 0.0000000000
29023  -47.118  -68.530  4.548 0.0000000000
29024  -47.509  -68.596  4.386 0.0000000000
29025  -48.016  -68.771  4.278 0.0000000000
29026  -48.690  -69.353  4.709 0.0000000000
29027  -49.389  -70.218  4.606 0.0000000000
29043  -47.246  -68.894  4.047 0.0000000000
29044  -47.600  -69.041  3.847 0.0000000000
29045  -48.199  -69.282  3.716 0.0000000000
29046  -48.843  -69.849  3.757 0.0000000000
29047  -49.265  -70.346  3.868 0.0000000000
29132  -47.229  -69.644  -5.044 0.0000000000
29152  -47.215  -69.538  -5.354 0.0000000000
29153  -47.443  -69.983  -5.562 0.0000000000
30218  -46.893  -68.523  8.428 0.0000000000
30219  -47.362  -68.446  8.345 0.0000000000
30220  -48.003  -68.483  8.233 0.0000000000
30232  -46.203  -69.005  8.535 0.0000000000
30233  -46.460  -68.662  8.315 0.0000000000
30234  -46.521  -68.401  8.137 0.0000000000
30235  -46.836  -68.307  8.148 0.0000000000
30236  -47.561  -68.164  7.887 0.0000000000
30237  -48.533  -68.420  8.048 0.0000000000
30251  -46.291  -68.843  8.311 0.0000000000
30252  -46.577  -68.297  7.878 0.0000000000
30253  -46.755  -68.142  7.851 0.0000000000
30254  -47.032  -67.952  7.721 0.0000000000
30255  -47.310  -67.931  7.567 0.0000000000
30269  -46.416  -68.491  7.857 0.0000000000
30270  -46.732  -68.091  7.332 0.0000000000
30271  -46.868  -67.765  6.892 0.0000000000
30272  -49.065  -68.726  6.928 0.0000000000
30273  -49.544  -69.085  7.039 0.0000000000
30286  -46.592  -68.315  7.388 0.0000000000
30287  -46.717  -68.019  6.826 0.0000000000
30288  -46.976  -67.794  6.394 0.0000000000
30289  -47.135  -67.784  5.982 0.0000000000
30290  -48.240  -68.023  6.088 0.0000000000
30291  -48.673  -68.569  6.370 0.0000000000
30292  -49.547  -69.470  6.565 0.0000000000
30304  -46.826  -68.033  6.222 0.0000000000
30305  -47.038  -68.020  5.726 0.0000000000
30306  -47.384  -67.867  5.561 0.0000000000
30307  -48.024  -68.009  5.606 0.0000000000
30308  -48.588  -68.852  5.481 0.0000000000
30309  -49.166  -69.425  5.876 0.0000000000
30326  -47.185  -68.198  5.157 0.0000000000
30327  -47.487  -68.173  4.951 0.0000000000
30328  -47.981  -68.361  4.816 0.0000000000
30329  -48.265  -68.739  4.756 0.0000000000
31596  -48.054  -68.198  7.765 0.0000000000
31597  -48.567  -68.335  7.748 0.0000000000
31598  -49.231  -68.532  7.799 0.0000000000
31607  -46.700  -68.137  7.634 0.0000000000
31608  -46.893  -67.939  7.511 0.0000000000
31609  -47.153  -67.792  7.369 0.0000000000
31610  -47.731  -68.011  7.419 0.0000000000
31611  -48.553  -68.324  7.400 0.0000000000
31612  -49.594  -68.730  7.625 0.0000000000
31623  -46.677  -67.929  7.488 0.0000000000
31624  -46.921  -67.747  7.171 0.0000000000
31625  -47.295  -67.673  6.971 0.0000000000
31626  -47.896  -67.912  6.855 0.0000000000
31627  -48.646  -68.392  6.904 0.0000000000
31628  -49.561  -68.896  7.339 0.0000000000
31641  -47.041  -67.633  6.757 0.0000000000
31642  -47.394  -67.707  6.366 0.0000000000
31643  -48.026  -67.885  6.240 0.0000000000
31644  -48.327  -68.152  6.364 0.0000000000
31656  -47.376  -67.745  5.926 0.0000000000
31657  -47.646  -67.748  5.901 0.0000000000
