#!ascii label  , from subject subject001 vox2ras=TkReg
931
38909  -46.520  -57.454  -46.945 0.0000000000
38910  -47.412  -57.723  -46.826 0.0000000000
38928  -46.413  -57.468  -47.187 0.0000000000
38929  -47.085  -57.602  -47.375 0.0000000000
38952  -47.709  -57.837  -47.967 0.0000000000
40089  -46.529  -57.220  -41.392 0.0000000000
40105  -46.476  -57.809  -41.406 0.0000000000
40106  -46.928  -57.290  -42.103 0.0000000000
40107  -47.487  -57.109  -43.225 0.0000000000
40120  -44.853  -56.226  -45.435 0.0000000000
40121  -45.915  -56.024  -45.349 0.0000000000
40122  -46.544  -56.170  -45.187 0.0000000000
40137  -44.104  -56.899  -45.739 0.0000000000
40138  -45.260  -56.650  -45.916 0.0000000000
40139  -46.574  -56.500  -45.652 0.0000000000
40140  -47.533  -57.021  -45.381 0.0000000000
40154  -43.819  -56.970  -45.954 0.0000000000
40155  -44.604  -57.007  -46.360 0.0000000000
40156  -45.898  -57.014  -46.485 0.0000000000
40157  -47.007  -57.245  -46.335 0.0000000000
40168  -44.746  -57.082  -46.814 0.0000000000
40169  -45.819  -57.195  -47.152 0.0000000000
40170  -46.573  -57.420  -47.388 0.0000000000
40189  -46.293  -57.087  -47.672 0.0000000000
40190  -47.178  -57.383  -48.112 0.0000000000
40211  -47.757  -57.403  -49.021 0.0000000000
41318  -45.702  -57.140  -40.282 0.0000000000
41319  -46.165  -56.303  -40.977 0.0000000000
41341  -46.293  -56.946  -41.006 0.0000000000
41342  -46.420  -56.274  -41.840 0.0000000000
41359  -42.103  -56.134  -44.594 0.0000000000
41360  -42.828  -55.950  -44.534 0.0000000000
41361  -44.472  -55.547  -44.213 0.0000000000
41362  -46.454  -55.697  -43.415 0.0000000000
41363  -47.210  -56.421  -44.105 0.0000000000
41377  -41.248  -56.643  -44.909 0.0000000000
41378  -41.800  -56.472  -44.875 0.0000000000
41379  -43.503  -56.499  -45.109 0.0000000000
41380  -45.348  -55.855  -44.773 0.0000000000
41381  -46.570  -56.025  -44.707 0.0000000000
41382  -47.226  -56.540  -44.795 0.0000000000
41394  -41.314  -56.627  -45.143 0.0000000000
41395  -42.013  -56.620  -45.458 0.0000000000
41396  -43.180  -56.809  -45.733 0.0000000000
41397  -46.865  -56.287  -45.096 0.0000000000
41398  -47.090  -56.520  -45.208 0.0000000000
41412  -42.448  -56.572  -46.002 0.0000000000
41413  -43.657  -56.819  -46.237 0.0000000000
41414  -44.304  -56.897  -46.533 0.0000000000
41430  -42.409  -56.339  -46.233 0.0000000000
41431  -43.265  -56.314  -46.606 0.0000000000
41432  -44.366  -56.756  -46.880 0.0000000000
41433  -45.053  -57.059  -47.101 0.0000000000
41450  -43.598  -56.009  -47.157 0.0000000000
41451  -44.231  -56.244  -47.328 0.0000000000
41452  -45.671  -56.620  -47.676 0.0000000000
41453  -46.599  -56.944  -48.071 0.0000000000
41466  -46.278  -56.250  -48.509 0.0000000000
41467  -47.259  -56.694  -49.047 0.0000000000
42532  -45.442  -55.418  -40.152 0.0000000000
42556  -41.519  -55.230  -42.335 0.0000000000
42557  -42.840  -54.809  -42.171 0.0000000000
42558  -43.651  -54.671  -42.017 0.0000000000
42559  -45.475  -56.688  -39.922 0.0000000000
42560  -45.717  -55.893  -40.464 0.0000000000
42579  -40.509  -55.501  -43.126 0.0000000000
42580  -41.176  -55.641  -43.130 0.0000000000
42581  -42.399  -55.283  -42.998 0.0000000000
42582  -43.949  -54.848  -42.494 0.0000000000
42583  -45.233  -54.912  -42.149 0.0000000000
42584  -45.888  -55.564  -41.545 0.0000000000
42595  -40.533  -55.564  -43.685 0.0000000000
42596  -40.904  -55.831  -43.905 0.0000000000
42597  -41.865  -55.786  -44.249 0.0000000000
42598  -43.442  -55.281  -43.673 0.0000000000
42599  -44.992  -55.160  -43.096 0.0000000000
42600  -45.892  -55.413  -42.440 0.0000000000
42608  -40.721  -55.880  -44.420 0.0000000000
42609  -41.084  -56.462  -44.774 0.0000000000
42610  -41.428  -56.415  -44.688 0.0000000000
42617  -40.765  -56.293  -45.049 0.0000000000
42618  -41.073  -56.498  -45.449 0.0000000000
42619  -41.526  -56.520  -45.833 0.0000000000
42628  -41.150  -56.463  -45.947 0.0000000000
42629  -41.754  -56.325  -46.145 0.0000000000
42641  -42.486  -55.966  -46.450 0.0000000000
42642  -43.203  -55.650  -46.865 0.0000000000
42651  -43.944  -55.554  -47.651 0.0000000000
42652  -45.037  -55.746  -47.866 0.0000000000
42653  -45.783  -55.930  -48.285 0.0000000000
42662  -44.759  -55.273  -48.289 0.0000000000
42663  -45.473  -55.503  -48.589 0.0000000000
42664  -46.309  -55.824  -49.232 0.0000000000
42665  -47.215  -56.094  -50.068 0.0000000000
42678  -46.835  -55.570  -50.478 0.0000000000
42690  -47.298  -55.532  -51.279 0.0000000000
43768  -40.747  -54.358  -40.307 0.0000000000
43769  -41.356  -54.252  -40.327 0.0000000000
43771  -45.094  -55.468  -38.988 0.0000000000
43790  -40.406  -54.677  -41.471 0.0000000000
43791  -40.943  -54.462  -40.970 0.0000000000
43792  -42.501  -54.239  -40.713 0.0000000000
43793  -44.054  -54.159  -40.627 0.0000000000
43794  -45.183  -54.822  -40.074 0.0000000000
43795  -45.333  -55.022  -40.342 0.0000000000
43813  -40.227  -54.871  -41.924 0.0000000000
43814  -40.838  -54.914  -41.804 0.0000000000
43815  -41.974  -54.696  -41.595 0.0000000000
43816  -43.614  -54.437  -41.500 0.0000000000
43817  -44.832  -54.451  -41.020 0.0000000000
43818  -45.359  -55.009  -40.612 0.0000000000
43826  -40.233  -55.102  -42.549 0.0000000000
43827  -40.596  -55.345  -42.448 0.0000000000
43828  -44.019  -54.609  -41.938 0.0000000000
43829  -44.590  -54.587  -41.759 0.0000000000
43830  -45.391  -54.912  -41.307 0.0000000000
43837  -40.294  -55.295  -43.183 0.0000000000
43846  -40.427  -55.472  -43.963 0.0000000000
43852  -40.575  -55.834  -44.951 0.0000000000
43853  -40.716  -56.274  -45.354 0.0000000000
43861  -40.672  -55.603  -45.388 0.0000000000
43862  -40.949  -55.907  -45.791 0.0000000000
43863  -41.308  -56.183  -46.035 0.0000000000
43871  -41.368  -55.239  -46.164 0.0000000000
43872  -41.918  -55.387  -46.381 0.0000000000
43873  -42.716  -55.412  -46.595 0.0000000000
43880  -42.481  -54.595  -46.860 0.0000000000
43881  -43.106  -54.839  -47.161 0.0000000000
43888  -44.150  -54.664  -48.518 0.0000000000
43889  -45.140  -55.122  -49.088 0.0000000000
43890  -45.703  -55.416  -49.176 0.0000000000
43900  -44.300  -54.175  -49.302 0.0000000000
43901  -45.165  -54.435  -49.914 0.0000000000
43902  -45.929  -55.220  -49.893 0.0000000000
43913  -45.649  -54.169  -50.846 0.0000000000
43914  -46.693  -54.797  -51.432 0.0000000000
44980  -40.817  -54.077  -39.893 0.0000000000
44981  -42.294  -53.844  -40.048 0.0000000000
44982  -43.519  -53.680  -39.826 0.0000000000
44983  -44.339  -54.287  -39.118 0.0000000000
44998  -40.021  -54.523  -41.022 0.0000000000
44999  -40.383  -54.363  -40.370 0.0000000000
45000  -42.704  -54.008  -40.351 0.0000000000
45001  -43.286  -53.860  -40.319 0.0000000000
45002  -44.361  -54.158  -39.877 0.0000000000
45016  -39.900  -54.679  -41.955 0.0000000000
45024  -40.015  -54.857  -42.670 0.0000000000
45033  -40.166  -54.993  -43.445 0.0000000000
45042  -40.360  -55.103  -44.306 0.0000000000
45050  -40.655  -55.117  -45.007 0.0000000000
45059  -40.874  -55.082  -45.564 0.0000000000
45060  -41.229  -54.868  -46.011 0.0000000000
45066  -41.677  -54.495  -46.513 0.0000000000
45067  -42.153  -54.439  -46.785 0.0000000000
45076  -42.052  -53.962  -47.104 0.0000000000
45077  -42.580  -54.050  -47.582 0.0000000000
45078  -43.236  -54.248  -48.114 0.0000000000
45089  -43.085  -53.734  -48.330 0.0000000000
45090  -43.653  -53.907  -48.898 0.0000000000
45100  -44.384  -53.780  -49.968 0.0000000000
45101  -45.084  -53.956  -50.615 0.0000000000
46216  -40.585  -53.305  -38.771 0.0000000000
46217  -40.945  -53.277  -38.694 0.0000000000
46218  -42.100  -52.931  -39.022 0.0000000000
46219  -43.675  -53.416  -38.874 0.0000000000
46235  -40.041  -53.849  -39.876 0.0000000000
46236  -40.417  -53.556  -39.272 0.0000000000
46237  -41.448  -53.502  -39.367 0.0000000000
46238  -42.807  -53.347  -39.509 0.0000000000
46239  -43.641  -53.579  -39.413 0.0000000000
46252  -39.818  -53.994  -40.481 0.0000000000
46253  -40.130  -54.127  -40.064 0.0000000000
46263  -39.637  -54.172  -41.379 0.0000000000
46272  -39.600  -54.322  -42.208 0.0000000000
46283  -39.950  -54.343  -42.997 0.0000000000
46295  -40.258  -54.359  -43.838 0.0000000000
46307  -40.476  -54.375  -44.660 0.0000000000
46317  -40.722  -54.357  -45.324 0.0000000000
46318  -41.062  -54.222  -45.827 0.0000000000
46327  -41.399  -53.935  -46.379 0.0000000000
46338  -41.748  -53.579  -47.069 0.0000000000
46339  -42.206  -53.385  -47.754 0.0000000000
46351  -42.847  -53.285  -48.523 0.0000000000
46352  -43.222  -53.533  -48.761 0.0000000000
46359  -43.449  -53.452  -49.499 0.0000000000
47441  -41.060  -52.908  -38.356 0.0000000000
47442  -41.832  -52.860  -38.682 0.0000000000
47443  -42.989  -52.835  -38.531 0.0000000000
47461  -40.695  -53.084  -38.591 0.0000000000
47462  -41.370  -53.015  -38.418 0.0000000000
47463  -42.598  -52.882  -38.690 0.0000000000
47464  -43.689  -53.207  -38.426 0.0000000000
47479  -39.900  -53.360  -39.999 0.0000000000
47480  -40.167  -53.016  -39.170 0.0000000000
47490  -39.502  -53.486  -40.941 0.0000000000
47500  -39.442  -53.595  -41.840 0.0000000000
47511  -39.658  -53.621  -42.668 0.0000000000
47523  -40.094  -53.587  -43.488 0.0000000000
47534  -40.350  -53.580  -44.342 0.0000000000
47545  -40.520  -53.593  -45.137 0.0000000000
47553  -40.814  -53.585  -45.708 0.0000000000
47554  -41.082  -53.399  -46.215 0.0000000000
47563  -41.377  -53.052  -46.926 0.0000000000
47574  -41.928  -52.701  -47.853 0.0000000000
47575  -42.422  -52.830  -48.487 0.0000000000
47584  -42.251  -52.463  -48.792 0.0000000000
48604  -41.964  -52.451  -38.401 0.0000000000
48605  -42.553  -52.793  -38.501 0.0000000000
48625  -40.818  -52.915  -38.367 0.0000000000
48626  -41.340  -52.768  -38.468 0.0000000000
48627  -42.162  -52.756  -38.689 0.0000000000
48644  -40.590  -52.764  -38.827 0.0000000000
48645  -40.845  -52.589  -38.689 0.0000000000
48660  -39.923  -52.597  -40.010 0.0000000000
48661  -40.167  -52.593  -39.500 0.0000000000
48671  -39.573  -52.655  -40.727 0.0000000000
48681  -39.446  -52.723  -41.593 0.0000000000
48691  -39.522  -52.786  -42.454 0.0000000000
48703  -39.830  -52.815  -43.246 0.0000000000
48714  -40.277  -52.793  -44.029 0.0000000000
48726  -40.354  -52.788  -44.934 0.0000000000
48738  -40.605  -52.814  -45.720 0.0000000000
48739  -40.852  -53.075  -46.036 0.0000000000
48753  -40.569  -52.238  -46.057 0.0000000000
48754  -41.030  -52.482  -46.446 0.0000000000
48766  -41.419  -52.168  -47.526 0.0000000000
48774  -41.934  -51.972  -48.793 0.0000000000
48775  -42.265  -52.335  -49.219 0.0000000000
48784  -42.214  -52.284  -49.686 0.0000000000
49756  -42.191  -52.351  -38.429 0.0000000000
49757  -42.707  -52.782  -38.680 0.0000000000
49777  -41.931  -52.935  -39.057 0.0000000000
49778  -42.283  -52.874  -39.093 0.0000000000
49792  -40.678  -52.458  -39.218 0.0000000000
49793  -41.055  -52.460  -38.897 0.0000000000
49809  -39.972  -52.029  -40.177 0.0000000000
49810  -40.340  -52.306  -39.736 0.0000000000
49822  -39.723  -51.883  -40.743 0.0000000000
49832  -39.552  -51.839  -41.447 0.0000000000
49841  -39.561  -51.878  -42.280 0.0000000000
49854  -39.728  -51.972  -43.138 0.0000000000
49867  -40.077  -52.138  -43.798 0.0000000000
49879  -40.268  -51.998  -44.601 0.0000000000
49892  -40.348  -51.997  -45.616 0.0000000000
49901  -40.701  -51.776  -46.330 0.0000000000
49902  -41.185  -51.627  -47.051 0.0000000000
49909  -41.212  -51.469  -48.198 0.0000000000
49917  -41.570  -51.374  -49.383 0.0000000000
50859  -42.977  -52.659  -38.624 0.0000000000
50860  -43.201  -52.389  -38.475 0.0000000000
50861  -43.313  -51.559  -37.754 0.0000000000
50862  -43.504  -50.971  -37.352 0.0000000000
50880  -42.058  -52.752  -39.210 0.0000000000
50881  -42.413  -52.661  -39.231 0.0000000000
50882  -42.628  -52.489  -39.283 0.0000000000
50883  -43.038  -52.178  -38.828 0.0000000000
50901  -40.850  -52.295  -39.445 0.0000000000
50902  -41.301  -52.171  -39.761 0.0000000000
50903  -41.685  -52.089  -40.057 0.0000000000
50904  -41.753  -51.983  -40.414 0.0000000000
50922  -40.113  -51.590  -40.526 0.0000000000
50923  -40.552  -51.834  -40.152 0.0000000000
50924  -40.773  -51.506  -40.502 0.0000000000
50925  -41.383  -51.691  -40.689 0.0000000000
50926  -41.362  -51.563  -40.898 0.0000000000
50938  -39.937  -51.257  -40.976 0.0000000000
50947  -39.766  -51.024  -41.438 0.0000000000
50955  -39.660  -50.947  -42.111 0.0000000000
50964  -39.839  -51.014  -43.006 0.0000000000
50977  -40.087  -51.206  -44.070 0.0000000000
50992  -40.265  -51.150  -45.287 0.0000000000
51008  -40.455  -51.272  -46.069 0.0000000000
51022  -40.902  -51.094  -46.678 0.0000000000
51023  -41.153  -50.943  -47.459 0.0000000000
51030  -41.167  -50.744  -48.636 0.0000000000
51955  -43.238  -51.466  -38.097 0.0000000000
51956  -43.440  -51.189  -37.789 0.0000000000
51957  -43.953  -51.125  -37.959 0.0000000000
51973  -42.812  -52.435  -39.438 0.0000000000
51974  -42.886  -52.264  -39.312 0.0000000000
51975  -43.119  -52.230  -39.225 0.0000000000
51976  -44.068  -51.979  -39.035 0.0000000000
51989  -41.236  -51.748  -40.369 0.0000000000
51990  -41.180  -51.549  -40.680 0.0000000000
51991  -42.214  -52.115  -40.048 0.0000000000
51992  -41.802  -52.056  -40.673 0.0000000000
51993  -42.765  -52.651  -40.201 0.0000000000
52006  -40.312  -51.271  -40.928 0.0000000000
52007  -40.458  -51.033  -41.171 0.0000000000
52008  -40.850  -51.214  -40.954 0.0000000000
52009  -41.019  -51.155  -41.209 0.0000000000
52010  -41.329  -51.410  -41.165 0.0000000000
52011  -41.349  -51.553  -41.509 0.0000000000
52012  -42.208  -52.903  -41.362 0.0000000000
52022  -40.162  -50.624  -41.339 0.0000000000
52023  -40.233  -50.189  -41.234 0.0000000000
52024  -41.610  -51.656  -43.179 0.0000000000
52032  -39.963  -50.229  -41.489 0.0000000000
52038  -39.817  -50.028  -41.914 0.0000000000
52046  -39.982  -50.002  -42.743 0.0000000000
52059  -40.207  -50.044  -43.767 0.0000000000
52072  -40.404  -50.144  -44.897 0.0000000000
52086  -40.645  -50.228  -46.220 0.0000000000
52087  -40.724  -49.502  -46.800 0.0000000000
52100  -41.038  -50.592  -46.934 0.0000000000
52101  -41.101  -50.018  -47.497 0.0000000000
52106  -41.461  -49.916  -48.991 0.0000000000
53045  -42.311  -52.360  -40.338 0.0000000000
53046  -42.504  -52.507  -40.277 0.0000000000
53058  -41.643  -52.106  -41.170 0.0000000000
53059  -41.799  -52.567  -41.087 0.0000000000
53068  -40.473  -50.118  -41.262 0.0000000000
53069  -40.821  -50.012  -41.152 0.0000000000
53070  -41.242  -49.981  -41.405 0.0000000000
53071  -41.466  -50.137  -42.029 0.0000000000
53072  -41.488  -51.396  -41.997 0.0000000000
53073  -41.606  -52.143  -42.223 0.0000000000
53083  -40.123  -49.724  -41.147 0.0000000000
53084  -40.172  -49.161  -40.761 0.0000000000
53085  -41.972  -49.720  -42.710 0.0000000000
53086  -41.963  -50.285  -43.159 0.0000000000
53087  -41.577  -51.883  -42.848 0.0000000000
53088  -44.621  -45.254  -45.084 0.0000000000
53089  -44.637  -45.283  -44.840 0.0000000000
53097  -40.005  -49.322  -41.021 0.0000000000
53098  -40.083  -48.518  -40.837 0.0000000000
53099  -41.916  -48.737  -44.600 0.0000000000
53100  -43.315  -45.851  -45.547 0.0000000000
53101  -44.106  -45.520  -45.280 0.0000000000
53106  -39.805  -49.125  -41.549 0.0000000000
53107  -42.322  -47.735  -45.403 0.0000000000
53108  -43.029  -46.593  -45.684 0.0000000000
53109  -44.365  -46.030  -46.234 0.0000000000
53110  -46.469  -46.525  -43.784 0.0000000000
53119  -40.028  -49.011  -42.402 0.0000000000
53133  -40.187  -48.990  -43.406 0.0000000000
53146  -40.524  -48.872  -44.533 0.0000000000
53147  -40.545  -48.521  -45.459 0.0000000000
53163  -40.552  -49.332  -45.495 0.0000000000
53164  -40.553  -48.891  -46.297 0.0000000000
53176  -40.827  -48.989  -47.133 0.0000000000
53182  -41.379  -49.186  -48.020 0.0000000000
54160  -46.805  -46.907  -41.155 0.0000000000
54161  -47.101  -46.947  -41.034 0.0000000000
54170  -40.650  -48.808  -40.769 0.0000000000
54171  -41.204  -48.338  -41.059 0.0000000000
54172  -41.696  -48.301  -41.923 0.0000000000
54173  -41.898  -47.913  -43.364 0.0000000000
54174  -42.099  -46.730  -44.249 0.0000000000
54175  -45.850  -45.910  -43.206 0.0000000000
54176  -46.158  -46.740  -42.124 0.0000000000
54177  -46.985  -47.009  -42.030 0.0000000000
54178  -48.056  -46.830  -41.981 0.0000000000
54182  -40.569  -48.044  -40.882 0.0000000000
54183  -40.982  -47.822  -40.822 0.0000000000
54184  -41.936  -48.723  -43.438 0.0000000000
54185  -42.399  -46.993  -44.468 0.0000000000
54186  -43.557  -45.344  -44.953 0.0000000000
54187  -44.636  -45.346  -44.570 0.0000000000
54188  -45.300  -45.817  -44.126 0.0000000000
54189  -48.544  -46.448  -41.855 0.0000000000
54193  -39.972  -48.401  -41.305 0.0000000000
54194  -40.378  -47.863  -41.365 0.0000000000
54195  -42.364  -46.969  -45.265 0.0000000000
54196  -43.052  -45.909  -45.407 0.0000000000
54197  -43.753  -45.235  -45.226 0.0000000000
54198  -48.590  -46.433  -42.657 0.0000000000
54204  -40.132  -48.075  -42.120 0.0000000000
54205  -40.318  -47.774  -41.807 0.0000000000
54206  -42.567  -46.843  -45.471 0.0000000000
54207  -42.704  -46.504  -45.480 0.0000000000
54208  -47.058  -46.909  -43.220 0.0000000000
54209  -47.600  -46.755  -43.593 0.0000000000
54217  -40.410  -47.972  -43.121 0.0000000000
54218  -40.398  -47.453  -43.772 0.0000000000
54229  -40.337  -48.118  -43.933 0.0000000000
54230  -40.358  -47.475  -44.316 0.0000000000
54243  -40.409  -48.036  -44.443 0.0000000000
54244  -40.442  -47.772  -44.979 0.0000000000
54258  -40.598  -47.839  -45.843 0.0000000000
54266  -40.938  -48.022  -46.641 0.0000000000
54267  -41.417  -47.718  -47.073 0.0000000000
54273  -41.364  -48.391  -47.435 0.0000000000
54274  -41.862  -47.767  -47.851 0.0000000000
54276  -41.816  -48.530  -48.249 0.0000000000
55299  -47.114  -45.783  -39.486 0.0000000000
55300  -47.610  -45.546  -39.003 0.0000000000
55301  -47.918  -45.434  -38.678 0.0000000000
55315  -46.281  -46.014  -41.259 0.0000000000
55316  -46.627  -46.346  -40.813 0.0000000000
55317  -47.317  -46.230  -40.347 0.0000000000
55318  -48.051  -45.721  -39.360 0.0000000000
55319  -48.471  -45.199  -39.620 0.0000000000
55324  -41.329  -47.011  -41.530 0.0000000000
55325  -41.548  -47.060  -42.312 0.0000000000
55326  -42.076  -46.536  -43.617 0.0000000000
55327  -42.038  -46.646  -44.044 0.0000000000
55328  -45.133  -45.160  -43.848 0.0000000000
55329  -45.689  -45.503  -43.172 0.0000000000
55330  -45.984  -46.402  -41.899 0.0000000000
55331  -47.335  -46.884  -40.963 0.0000000000
55332  -47.934  -46.405  -40.889 0.0000000000
55333  -48.582  -45.568  -40.216 0.0000000000
55338  -40.822  -47.026  -41.860 0.0000000000
55339  -41.080  -47.273  -41.266 0.0000000000
55340  -42.514  -45.657  -44.391 0.0000000000
55341  -42.739  -45.875  -44.380 0.0000000000
55342  -43.660  -45.197  -44.534 0.0000000000
55343  -44.508  -45.092  -44.369 0.0000000000
55344  -48.312  -46.396  -41.505 0.0000000000
55345  -48.881  -45.844  -41.357 0.0000000000
55346  -49.394  -45.246  -41.844 0.0000000000
55352  -40.660  -47.125  -42.195 0.0000000000
55353  -48.724  -46.122  -42.074 0.0000000000
55363  -40.539  -47.135  -42.893 0.0000000000
55364  -40.524  -47.316  -42.374 0.0000000000
55372  -40.437  -47.013  -43.436 0.0000000000
55373  -40.307  -46.793  -44.019 0.0000000000
55383  -40.356  -46.832  -44.724 0.0000000000
55396  -40.520  -47.067  -45.396 0.0000000000
55410  -40.918  -46.916  -46.161 0.0000000000
55411  -41.290  -46.323  -46.424 0.0000000000
55418  -41.212  -47.388  -46.696 0.0000000000
55419  -41.820  -46.911  -46.949 0.0000000000
56441  -46.873  -45.206  -39.307 0.0000000000
56442  -47.012  -45.291  -39.110 0.0000000000
56443  -47.396  -45.159  -38.538 0.0000000000
56444  -47.887  -45.058  -38.254 0.0000000000
56445  -48.281  -44.748  -38.284 0.0000000000
56453  -46.885  -45.454  -40.146 0.0000000000
56454  -46.925  -45.795  -40.115 0.0000000000
56455  -48.096  -45.262  -38.566 0.0000000000
56456  -48.518  -44.838  -39.059 0.0000000000
56460  -41.457  -46.449  -42.471 0.0000000000
56461  -41.665  -46.293  -42.714 0.0000000000
56462  -41.979  -46.190  -43.163 0.0000000000
56463  -45.499  -45.228  -43.517 0.0000000000
56464  -46.158  -45.510  -42.322 0.0000000000
56465  -48.932  -44.829  -39.888 0.0000000000
56466  -49.506  -44.765  -40.324 0.0000000000
56471  -40.959  -46.303  -42.490 0.0000000000
56472  -41.215  -46.393  -42.452 0.0000000000
56473  -42.058  -45.713  -43.453 0.0000000000
56474  -42.398  -45.469  -44.193 0.0000000000
56475  -43.397  -45.252  -44.198 0.0000000000
56476  -44.896  -45.030  -43.914 0.0000000000
56477  -46.499  -44.915  -42.906 0.0000000000
56478  -49.239  -45.260  -40.510 0.0000000000
56479  -49.614  -44.861  -41.142 0.0000000000
56485  -40.859  -46.136  -42.722 0.0000000000
56495  -40.488  -46.512  -43.134 0.0000000000
56496  -40.576  -46.337  -42.944 0.0000000000
56502  -40.450  -46.698  -43.256 0.0000000000
56503  -40.371  -46.171  -43.556 0.0000000000
56514  -40.342  -45.979  -44.342 0.0000000000
56530  -40.575  -46.110  -45.239 0.0000000000
56542  -41.071  -45.831  -45.969 0.0000000000
56543  -41.858  -45.791  -46.488 0.0000000000
57536  -47.584  -43.929  -37.785 0.0000000000
57537  -47.896  -43.811  -37.685 0.0000000000
57538  -48.112  -43.651  -37.649 0.0000000000
57547  -47.019  -44.806  -39.146 0.0000000000
57548  -47.310  -44.461  -38.278 0.0000000000
57549  -47.700  -44.462  -37.963 0.0000000000
57550  -48.236  -44.129  -37.851 0.0000000000
57551  -48.753  -44.107  -38.463 0.0000000000
57558  -47.198  -44.994  -40.489 0.0000000000
57559  -49.345  -44.089  -39.472 0.0000000000
57560  -49.609  -43.666  -40.168 0.0000000000
57565  -41.681  -45.885  -43.017 0.0000000000
57566  -41.886  -45.750  -43.240 0.0000000000
57567  -47.364  -44.908  -41.940 0.0000000000
57568  -49.413  -44.456  -39.999 0.0000000000
57569  -49.710  -44.152  -40.459 0.0000000000
57573  -41.113  -45.644  -42.977 0.0000000000
57574  -41.595  -45.256  -43.443 0.0000000000
57575  -42.215  -45.023  -44.059 0.0000000000
57576  -43.462  -44.807  -43.903 0.0000000000
57577  -45.037  -44.778  -43.680 0.0000000000
57578  -46.543  -44.611  -43.468 0.0000000000
57579  -47.649  -44.619  -42.945 0.0000000000
57587  -41.041  -45.148  -43.284 0.0000000000
57599  -40.829  -45.262  -43.313 0.0000000000
57611  -40.674  -45.256  -43.534 0.0000000000
57624  -40.531  -45.158  -43.963 0.0000000000
57641  -40.679  -45.118  -44.621 0.0000000000
57642  -41.193  -44.735  -45.015 0.0000000000
57650  -40.973  -45.312  -45.327 0.0000000000
57651  -41.641  -44.760  -45.806 0.0000000000
57653  -42.461  -44.814  -46.622 0.0000000000
58750  -47.446  -43.411  -37.962 0.0000000000
58751  -47.730  -43.221  -37.768 0.0000000000
58752  -48.030  -43.221  -37.694 0.0000000000
58762  -47.279  -44.017  -39.455 0.0000000000
58763  -47.343  -43.743  -38.507 0.0000000000
58764  -48.327  -43.258  -37.820 0.0000000000
58765  -48.752  -43.332  -38.140 0.0000000000
58773  -47.684  -44.228  -40.831 0.0000000000
58774  -49.119  -43.260  -38.851 0.0000000000
58775  -49.349  -43.029  -39.988 0.0000000000
58780  -47.966  -44.263  -42.193 0.0000000000
58785  -41.430  -44.658  -43.638 0.0000000000
58786  -42.184  -44.220  -43.640 0.0000000000
58787  -43.386  -44.144  -43.738 0.0000000000
58788  -45.043  -44.223  -43.387 0.0000000000
58789  -46.752  -44.335  -43.695 0.0000000000
58790  -47.801  -44.293  -43.427 0.0000000000
58791  -48.232  -44.241  -43.015 0.0000000000
58800  -41.298  -44.195  -43.552 0.0000000000
58801  -41.715  -43.886  -43.472 0.0000000000
58811  -41.065  -44.334  -43.553 0.0000000000
58824  -40.899  -44.363  -43.737 0.0000000000
58836  -40.859  -44.304  -44.074 0.0000000000
58837  -41.263  -43.923  -44.225 0.0000000000
58851  -41.080  -44.418  -44.523 0.0000000000
58852  -41.804  -44.000  -44.837 0.0000000000
58858  -42.212  -43.737  -45.623 0.0000000000
58859  -42.408  -43.406  -46.102 0.0000000000
58861  -42.294  -44.078  -46.167 0.0000000000
58862  -42.992  -43.672  -46.617 0.0000000000
59954  -46.883  -42.278  -38.426 0.0000000000
59955  -47.103  -42.570  -38.032 0.0000000000
59956  -47.370  -42.422  -37.786 0.0000000000
59957  -47.904  -42.319  -37.792 0.0000000000
59958  -48.175  -41.774  -38.028 0.0000000000
59966  -47.379  -43.099  -39.654 0.0000000000
59967  -47.319  -43.149  -38.757 0.0000000000
59968  -48.219  -42.780  -37.815 0.0000000000
59969  -48.595  -42.234  -38.242 0.0000000000
59970  -48.875  -41.583  -38.943 0.0000000000
59978  -47.784  -43.588  -41.215 0.0000000000
59979  -48.957  -42.765  -38.527 0.0000000000
59980  -49.190  -42.097  -39.349 0.0000000000
59986  -48.218  -43.899  -42.541 0.0000000000
59993  -42.169  -43.458  -43.021 0.0000000000
59994  -43.132  -43.323  -43.216 0.0000000000
59995  -44.906  -43.653  -43.403 0.0000000000
59996  -46.804  -43.830  -43.869 0.0000000000
59997  -47.895  -43.964  -43.659 0.0000000000
59998  -48.347  -44.074  -43.271 0.0000000000
60007  -41.483  -43.527  -43.423 0.0000000000
60008  -41.815  -43.094  -42.940 0.0000000000
60009  -42.359  -43.088  -42.825 0.0000000000
60018  -41.301  -43.611  -43.458 0.0000000000
60019  -41.528  -43.054  -42.968 0.0000000000
60031  -41.232  -43.674  -43.676 0.0000000000
60032  -41.540  -42.937  -43.186 0.0000000000
60041  -41.224  -43.768  -43.950 0.0000000000
60042  -41.772  -43.072  -44.027 0.0000000000
60053  -42.432  -42.802  -45.074 0.0000000000
60054  -42.545  -42.180  -45.556 0.0000000000
60059  -42.397  -43.122  -45.788 0.0000000000
60060  -42.687  -42.561  -46.179 0.0000000000
61131  -46.587  -41.627  -38.214 0.0000000000
61132  -46.648  -41.609  -37.964 0.0000000000
61133  -46.903  -41.552  -37.783 0.0000000000
61134  -47.318  -41.443  -37.782 0.0000000000
61135  -47.809  -41.272  -38.022 0.0000000000
61144  -47.123  -41.257  -39.347 0.0000000000
61145  -46.894  -41.649  -38.963 0.0000000000
61146  -48.252  -41.175  -38.372 0.0000000000
61147  -48.582  -41.049  -38.917 0.0000000000
61156  -47.492  -41.872  -40.294 0.0000000000
61157  -47.402  -42.627  -40.275 0.0000000000
61158  -49.116  -40.840  -39.542 0.0000000000
61164  -47.960  -42.494  -42.093 0.0000000000
61165  -47.717  -43.005  -41.579 0.0000000000
61166  -49.643  -41.015  -40.430 0.0000000000
61172  -43.426  -42.935  -43.123 0.0000000000
61173  -44.512  -43.121  -43.586 0.0000000000
61174  -46.654  -43.316  -44.139 0.0000000000
61175  -47.846  -43.165  -43.610 0.0000000000
61176  -48.159  -43.581  -42.982 0.0000000000
61183  -42.085  -42.596  -42.754 0.0000000000
61184  -42.759  -42.694  -42.998 0.0000000000
61185  -43.640  -42.840  -43.246 0.0000000000
61186  -47.289  -43.101  -43.671 0.0000000000
61187  -47.739  -43.157  -44.104 0.0000000000
61197  -41.974  -42.417  -42.900 0.0000000000
61198  -42.278  -42.422  -42.851 0.0000000000
61212  -42.270  -41.945  -43.649 0.0000000000
61213  -42.039  -40.884  -43.710 0.0000000000
61223  -42.133  -41.282  -44.178 0.0000000000
61224  -41.952  -40.928  -43.883 0.0000000000
61233  -42.588  -41.710  -44.961 0.0000000000
61234  -42.782  -41.593  -45.857 0.0000000000
61238  -43.384  -41.476  -46.846 0.0000000000
62262  -46.518  -40.930  -38.174 0.0000000000
62263  -46.661  -40.631  -38.074 0.0000000000
62264  -46.902  -40.487  -37.989 0.0000000000
62265  -47.315  -40.384  -38.183 0.0000000000
62266  -47.820  -40.286  -38.550 0.0000000000
62274  -46.808  -40.759  -38.981 0.0000000000
62275  -46.574  -40.356  -38.582 0.0000000000
62276  -48.276  -40.176  -38.955 0.0000000000
62277  -48.711  -40.014  -39.407 0.0000000000
62284  -47.178  -40.823  -39.611 0.0000000000
62285  -49.054  -39.793  -40.016 0.0000000000
62286  -49.526  -39.568  -40.550 0.0000000000
62292  -47.777  -41.263  -40.869 0.0000000000
62293  -49.513  -40.252  -40.260 0.0000000000
62301  -44.781  -42.974  -43.601 0.0000000000
62302  -45.482  -43.131  -44.030 0.0000000000
62303  -48.084  -41.895  -42.444 0.0000000000
62310  -43.196  -42.421  -43.107 0.0000000000
62311  -44.206  -42.715  -43.588 0.0000000000
62312  -46.430  -42.983  -43.973 0.0000000000
62313  -47.837  -42.539  -43.683 0.0000000000
62323  -42.334  -42.140  -43.270 0.0000000000
62324  -42.919  -42.068  -43.224 0.0000000000
62325  -45.062  -42.466  -43.921 0.0000000000
62326  -47.253  -42.874  -44.278 0.0000000000
62327  -48.265  -42.300  -43.979 0.0000000000
62337  -42.322  -41.871  -43.269 0.0000000000
62338  -42.558  -41.149  -43.600 0.0000000000
62345  -41.972  -40.849  -44.238 0.0000000000
62346  -42.266  -40.940  -44.142 0.0000000000
62347  -43.062  -40.734  -44.880 0.0000000000
62354  -42.171  -40.979  -44.367 0.0000000000
62355  -42.815  -41.033  -45.118 0.0000000000
62356  -43.641  -40.640  -45.844 0.0000000000
62359  -43.404  -40.898  -46.315 0.0000000000
63430  -46.336  -38.873  -38.394 0.0000000000
63431  -46.602  -39.461  -38.339 0.0000000000
63432  -46.715  -39.270  -38.255 0.0000000000
63433  -46.954  -39.201  -38.263 0.0000000000
63434  -47.419  -39.208  -38.548 0.0000000000
63435  -47.860  -39.188  -39.042 0.0000000000
63441  -46.275  -39.103  -39.217 0.0000000000
63442  -46.418  -39.803  -38.919 0.0000000000
63443  -46.499  -39.596  -38.564 0.0000000000
63444  -48.309  -39.120  -39.409 0.0000000000
63445  -48.629  -39.017  -39.904 0.0000000000
63449  -46.805  -39.385  -40.068 0.0000000000
63450  -47.052  -40.101  -39.896 0.0000000000
63451  -49.066  -38.876  -40.505 0.0000000000
63457  -47.244  -39.507  -40.587 0.0000000000
63458  -47.782  -40.329  -41.080 0.0000000000
63469  -48.000  -41.144  -42.475 0.0000000000
63476  -47.892  -41.018  -43.073 0.0000000000
63487  -43.963  -41.699  -44.009 0.0000000000
63488  -46.266  -42.707  -44.644 0.0000000000
63489  -48.156  -42.660  -44.578 0.0000000000
63490  -48.489  -41.160  -43.802 0.0000000000
63502  -43.284  -40.943  -44.273 0.0000000000
63503  -45.139  -42.298  -45.113 0.0000000000
63504  -47.270  -42.548  -45.318 0.0000000000
63515  -43.016  -40.624  -44.490 0.0000000000
63516  -43.993  -40.794  -45.271 0.0000000000
64628  -46.190  -37.611  -37.532 0.0000000000
64629  -46.438  -37.305  -37.364 0.0000000000
64630  -46.610  -37.190  -37.231 0.0000000000
64635  -45.855  -37.981  -37.967 0.0000000000
64636  -46.126  -38.194  -37.944 0.0000000000
64637  -46.372  -38.227  -37.906 0.0000000000
64638  -46.637  -37.817  -37.774 0.0000000000
64639  -47.081  -37.985  -38.253 0.0000000000
64640  -47.637  -38.063  -38.716 0.0000000000
64644  -45.798  -38.224  -38.769 0.0000000000
64645  -45.985  -38.567  -38.542 0.0000000000
64646  -48.092  -38.090  -39.146 0.0000000000
64647  -48.389  -38.054  -39.619 0.0000000000
64652  -46.195  -38.544  -39.420 0.0000000000
64653  -48.753  -37.954  -40.223 0.0000000000
64660  -46.833  -38.849  -40.437 0.0000000000
64661  -47.518  -39.595  -40.903 0.0000000000
64672  -47.207  -38.554  -41.105 0.0000000000
64673  -47.795  -39.794  -41.580 0.0000000000
64679  -47.185  -38.174  -41.328 0.0000000000
64680  -47.858  -39.099  -42.335 0.0000000000
64690  -48.694  -39.228  -43.832 0.0000000000
65873  -46.280  -37.026  -37.291 0.0000000000
65874  -46.501  -36.618  -37.092 0.0000000000
65875  -46.686  -36.641  -36.949 0.0000000000
65876  -46.913  -36.506  -36.873 0.0000000000
65881  -45.863  -37.339  -37.778 0.0000000000
65882  -46.029  -37.237  -37.503 0.0000000000
65883  -46.750  -36.999  -37.152 0.0000000000
65884  -47.056  -36.915  -37.347 0.0000000000
65885  -47.463  -36.970  -38.156 0.0000000000
65890  -45.628  -37.881  -38.582 0.0000000000
65891  -45.804  -37.453  -38.271 0.0000000000
65892  -47.887  -37.047  -38.736 0.0000000000
65893  -48.222  -37.064  -39.207 0.0000000000
65899  -45.742  -37.876  -38.841 0.0000000000
65900  -45.949  -37.099  -38.851 0.0000000000
65901  -48.467  -36.985  -39.847 0.0000000000
65910  -46.178  -37.841  -39.554 0.0000000000
65911  -46.330  -36.875  -39.594 0.0000000000
65922  -46.511  -37.729  -40.530 0.0000000000
65923  -46.928  -36.608  -40.267 0.0000000000
65930  -46.737  -37.951  -41.112 0.0000000000
65931  -47.135  -37.234  -41.389 0.0000000000
65943  -48.385  -37.219  -42.609 0.0000000000
67074  -46.333  -35.743  -37.285 0.0000000000
67075  -46.420  -36.188  -37.203 0.0000000000
67076  -46.641  -35.860  -36.825 0.0000000000
67077  -46.860  -35.845  -36.701 0.0000000000
67078  -47.198  -35.977  -36.800 0.0000000000
67083  -46.120  -36.420  -37.616 0.0000000000
67084  -46.231  -36.659  -37.429 0.0000000000
67085  -47.588  -36.106  -37.377 0.0000000000
67086  -48.109  -36.123  -38.005 0.0000000000
67087  -48.576  -35.781  -38.300 0.0000000000
67092  -45.996  -36.411  -37.950 0.0000000000
67093  -48.293  -36.377  -38.631 0.0000000000
67094  -48.621  -35.972  -39.161 0.0000000000
67095  -49.384  -35.655  -39.570 0.0000000000
67102  -46.194  -36.234  -38.213 0.0000000000
67103  -48.940  -36.276  -39.917 0.0000000000
67113  -46.720  -35.999  -38.757 0.0000000000
67124  -47.048  -35.741  -39.590 0.0000000000
67129  -47.400  -35.486  -40.608 0.0000000000
67140  -47.959  -35.308  -41.935 0.0000000000
67141  -48.542  -35.771  -43.043 0.0000000000
67152  -47.681  -34.003  -43.651 0.0000000000
67153  -48.069  -34.369  -43.271 0.0000000000
67158  -47.294  -34.220  -44.458 0.0000000000
68183  -46.289  -34.737  -36.413 0.0000000000
68184  -46.488  -34.834  -36.375 0.0000000000
68189  -46.273  -35.240  -36.954 0.0000000000
68190  -46.410  -34.946  -36.539 0.0000000000
68191  -46.661  -35.068  -36.443 0.0000000000
68192  -47.080  -35.131  -36.442 0.0000000000
68193  -47.705  -35.188  -36.852 0.0000000000
68194  -48.254  -34.898  -37.268 0.0000000000
68197  -46.144  -35.164  -37.272 0.0000000000
68198  -48.084  -35.510  -37.386 0.0000000000
68199  -48.572  -35.214  -37.790 0.0000000000
68200  -48.987  -35.161  -38.386 0.0000000000
68204  -46.092  -35.304  -37.770 0.0000000000
68205  -49.499  -35.103  -38.959 0.0000000000
68213  -46.208  -33.841  -38.674 0.0000000000
68214  -46.184  -34.582  -38.385 0.0000000000
68226  -46.609  -33.837  -39.154 0.0000000000
68227  -46.771  -34.916  -39.103 0.0000000000
68237  -46.983  -33.488  -40.217 0.0000000000
68238  -47.218  -34.508  -39.872 0.0000000000
68243  -46.535  -33.166  -41.930 0.0000000000
68244  -47.109  -33.269  -41.305 0.0000000000
68245  -47.508  -34.197  -40.951 0.0000000000
68259  -46.014  -33.637  -42.903 0.0000000000
68260  -47.223  -33.474  -42.295 0.0000000000
68261  -47.715  -33.925  -42.016 0.0000000000
68272  -45.754  -33.956  -44.231 0.0000000000
68273  -47.169  -33.937  -43.443 0.0000000000
68274  -47.686  -33.810  -42.657 0.0000000000
68279  -45.948  -34.089  -45.697 0.0000000000
68280  -46.224  -34.262  -45.095 0.0000000000
69223  -46.438  -34.579  -36.329 0.0000000000
69224  -46.658  -34.693  -36.308 0.0000000000
69229  -45.854  -34.171  -36.671 0.0000000000
69230  -46.269  -34.130  -36.238 0.0000000000
69231  -46.749  -34.352  -36.161 0.0000000000
69232  -47.449  -34.344  -36.447 0.0000000000
69233  -48.124  -34.347  -36.978 0.0000000000
69234  -48.737  -34.328  -37.675 0.0000000000
69235  -49.112  -33.944  -37.898 0.0000000000
69240  -45.116  -33.326  -37.554 0.0000000000
69241  -45.710  -34.168  -37.282 0.0000000000
69242  -48.914  -34.679  -38.066 0.0000000000
69243  -49.575  -34.185  -38.386 0.0000000000
69250  -45.106  -33.199  -38.166 0.0000000000
69251  -45.686  -34.014  -37.804 0.0000000000
69269  -45.633  -33.314  -38.753 0.0000000000
69270  -45.656  -33.732  -38.195 0.0000000000
69284  -44.963  -32.682  -40.390 0.0000000000
69285  -46.031  -33.040  -39.713 0.0000000000
69291  -45.089  -32.725  -41.348 0.0000000000
69292  -46.234  -32.928  -40.680 0.0000000000
69307  -44.474  -32.855  -42.763 0.0000000000
69308  -45.182  -33.210  -42.263 0.0000000000
69309  -46.225  -32.911  -41.421 0.0000000000
69323  -44.716  -32.970  -43.701 0.0000000000
69324  -45.034  -33.458  -43.430 0.0000000000
69326  -44.892  -33.025  -44.237 0.0000000000
69327  -45.458  -33.484  -44.742 0.0000000000
70386  -45.360  -33.089  -36.616 0.0000000000
70387  -45.881  -33.332  -36.252 0.0000000000
70388  -46.447  -33.440  -36.107 0.0000000000
70389  -47.139  -33.554  -36.253 0.0000000000
70390  -47.827  -33.720  -36.802 0.0000000000
70391  -48.564  -33.749  -37.536 0.0000000000
70392  -48.895  -33.857  -37.770 0.0000000000
70398  -44.806  -32.793  -37.422 0.0000000000
70399  -45.198  -33.334  -37.023 0.0000000000
70400  -48.873  -33.545  -37.835 0.0000000000
70401  -49.221  -33.561  -37.945 0.0000000000
70402  -50.117  -33.269  -38.163 0.0000000000
70413  -44.703  -32.588  -38.056 0.0000000000
70429  -44.253  -32.168  -39.532 0.0000000000
70430  -44.520  -32.345  -38.998 0.0000000000
70436  -44.409  -32.203  -39.978 0.0000000000
70437  -44.985  -32.657  -39.521 0.0000000000
70443  -44.032  -31.821  -41.843 0.0000000000
70444  -44.225  -32.112  -41.310 0.0000000000
70458  -44.090  -32.009  -42.241 0.0000000000
70459  -44.525  -32.619  -41.977 0.0000000000
70462  -44.419  -32.081  -43.178 0.0000000000
70465  -44.831  -32.299  -44.146 0.0000000000
70466  -45.285  -32.901  -44.707 0.0000000000
71558  -45.196  -32.507  -36.766 0.0000000000
71559  -45.549  -32.682  -36.466 0.0000000000
71560  -46.036  -32.740  -36.260 0.0000000000
71561  -46.668  -32.879  -36.396 0.0000000000
71562  -47.502  -33.032  -36.987 0.0000000000
71563  -48.135  -33.459  -37.405 0.0000000000
71568  -44.670  -32.100  -37.840 0.0000000000
71569  -44.936  -32.602  -37.057 0.0000000000
71570  -48.176  -33.139  -37.724 0.0000000000
71571  -48.908  -33.276  -37.899 0.0000000000
71572  -49.893  -32.933  -38.052 0.0000000000
71586  -44.307  -31.885  -38.577 0.0000000000
71599  -44.321  -31.757  -39.697 0.0000000000
71600  -44.118  -31.795  -39.063 0.0000000000
71609  -44.386  -31.599  -40.764 0.0000000000
71622  -44.101  -31.119  -42.006 0.0000000000
71623  -44.206  -31.416  -41.424 0.0000000000
71638  -44.224  -30.921  -42.849 0.0000000000
71644  -44.710  -30.987  -43.737 0.0000000000
72726  -45.339  -32.321  -36.754 0.0000000000
72727  -45.599  -32.310  -36.741 0.0000000000
72728  -46.131  -32.347  -36.771 0.0000000000
72729  -46.771  -32.535  -37.093 0.0000000000
72730  -47.218  -32.709  -37.489 0.0000000000
72735  -44.659  -31.557  -38.021 0.0000000000
72736  -45.056  -31.927  -37.403 0.0000000000
72737  -45.593  -31.860  -37.432 0.0000000000
72738  -46.207  -32.015  -37.682 0.0000000000
72739  -46.802  -32.506  -38.212 0.0000000000
72740  -47.636  -32.791  -38.222 0.0000000000
72741  -48.719  -32.789  -38.251 0.0000000000
72742  -49.718  -32.628  -38.132 0.0000000000
72756  -44.359  -31.336  -38.483 0.0000000000
72769  -44.562  -31.197  -39.941 0.0000000000
72770  -44.229  -31.180  -39.233 0.0000000000
72779  -44.612  -31.001  -40.598 0.0000000000
72790  -44.110  -30.084  -42.112 0.0000000000
72791  -44.269  -30.493  -41.557 0.0000000000
72801  -44.233  -28.623  -43.028 0.0000000000
72802  -44.213  -29.332  -42.705 0.0000000000
72810  -44.411  -28.449  -43.315 0.0000000000
72811  -44.664  -29.530  -43.429 0.0000000000
73993  -44.666  -30.897  -38.474 0.0000000000
73994  -45.100  -31.153  -38.231 0.0000000000
73995  -45.677  -31.399  -38.440 0.0000000000
73996  -46.306  -31.743  -38.911 0.0000000000
73997  -46.986  -32.203  -39.708 0.0000000000
73998  -48.253  -32.458  -39.290 0.0000000000
74013  -44.496  -30.638  -39.145 0.0000000000
74014  -46.955  -31.952  -40.728 0.0000000000
74032  -44.760  -30.520  -40.301 0.0000000000
74033  -44.645  -30.570  -39.646 0.0000000000
74043  -44.681  -29.937  -41.234 0.0000000000
74055  -44.198  -29.152  -42.159 0.0000000000
74056  -44.321  -29.054  -41.812 0.0000000000
74066  -44.153  -28.079  -43.071 0.0000000000
74067  -44.075  -28.063  -42.634 0.0000000000
75218  -44.658  -30.412  -38.803 0.0000000000
75219  -44.844  -30.370  -38.998 0.0000000000
75220  -45.318  -30.603  -39.122 0.0000000000
75221  -45.763  -31.044  -39.644 0.0000000000
75222  -46.292  -31.521  -40.016 0.0000000000
75232  -44.836  -30.245  -39.330 0.0000000000
75233  -45.019  -29.939  -39.947 0.0000000000
75234  -46.037  -30.724  -40.479 0.0000000000
75235  -46.521  -31.497  -41.099 0.0000000000
75255  -44.930  -29.569  -41.038 0.0000000000
75256  -45.052  -29.788  -40.460 0.0000000000
75257  -45.176  -29.610  -40.337 0.0000000000
75272  -44.534  -28.556  -41.631 0.0000000000
75273  -44.872  -28.815  -41.248 0.0000000000
75283  -42.860  -27.088  -42.560 0.0000000000
75284  -43.912  -27.876  -42.171 0.0000000000
75285  -44.278  -28.232  -41.909 0.0000000000
75297  -43.584  -27.529  -42.656 0.0000000000
76340  -45.230  -29.932  -39.937 0.0000000000
76341  -45.541  -30.158  -40.020 0.0000000000
76342  -45.792  -30.415  -40.214 0.0000000000
76350  -45.396  -29.165  -40.944 0.0000000000
76351  -45.447  -29.437  -40.806 0.0000000000
76352  -45.576  -29.914  -40.828 0.0000000000
76353  -45.864  -30.271  -41.173 0.0000000000
76371  -44.964  -28.237  -41.385 0.0000000000
76372  -45.221  -28.983  -41.000 0.0000000000
76373  -46.233  -30.436  -41.700 0.0000000000
76391  -41.890  -26.653  -41.643 0.0000000000
76392  -42.798  -26.944  -41.581 0.0000000000
76393  -43.803  -27.386  -41.498 0.0000000000
76394  -44.574  -27.933  -41.565 0.0000000000
76405  -42.779  -27.137  -41.982 0.0000000000
76406  -43.754  -27.635  -41.810 0.0000000000
77512  -45.535  -28.468  -41.194 0.0000000000
77513  -45.699  -28.305  -41.118 0.0000000000
77514  -45.645  -28.826  -41.119 0.0000000000
77515  -45.649  -29.215  -41.176 0.0000000000
77526  -44.641  -27.411  -41.281 0.0000000000
77527  -45.196  -27.908  -41.297 0.0000000000
77528  -45.362  -27.523  -41.284 0.0000000000
77529  -45.898  -29.359  -41.400 0.0000000000
77546  -41.903  -26.438  -41.244 0.0000000000
77547  -42.869  -26.588  -41.209 0.0000000000
77548  -43.927  -27.001  -41.045 0.0000000000
78698  -45.569  -27.848  -41.281 0.0000000000
78699  -45.470  -28.303  -41.272 0.0000000000
78700  -45.521  -28.722  -41.296 0.0000000000
78713  -42.017  -25.584  -40.531 0.0000000000
78714  -42.904  -25.769  -40.610 0.0000000000
78715  -44.004  -26.446  -40.682 0.0000000000
78716  -44.772  -26.698  -41.074 0.0000000000
78717  -45.149  -26.928  -41.217 0.0000000000
78718  -45.369  -27.362  -41.310 0.0000000000
78719  -45.799  -28.097  -41.426 0.0000000000
78732  -41.922  -26.054  -40.880 0.0000000000
78733  -42.834  -26.202  -40.804 0.0000000000
78734  -43.419  -26.332  -40.709 0.0000000000
79880  -42.156  -24.960  -40.339 0.0000000000
79881  -43.047  -25.225  -40.474 0.0000000000
79882  -43.939  -25.533  -40.543 0.0000000000
79883  -44.625  -25.847  -40.777 0.0000000000
79884  -45.140  -26.297  -41.148 0.0000000000
79885  -45.679  -26.769  -41.271 0.0000000000
80934  -41.531  -24.069  -40.284 0.0000000000
80935  -42.293  -24.148  -40.387 0.0000000000
80936  -43.018  -24.386  -40.688 0.0000000000
146320  -44.847  -45.506  -45.199 0.0000000000
146321  -46.105  -46.775  -42.895 0.0000000000
146322  -45.991  -46.135  -43.618 0.0000000000
146323  -45.464  -45.791  -44.650 0.0000000000
146324  -46.987  -46.968  -42.875 0.0000000000
146325  -46.809  -47.013  -42.705 0.0000000000
