#!ascii label  , from subject subject001 vox2ras=TkReg
1916
68934  -33.562  -33.214  -5.883 0.0000000000
70027  -33.327  -32.948  -5.722 0.0000000000
70041  -33.530  -32.532  -6.498 0.0000000000
70042  -33.838  -33.038  -6.374 0.0000000000
70052  -33.545  -32.137  -7.031 0.0000000000
70053  -33.848  -32.306  -7.152 0.0000000000
70054  -34.269  -32.712  -6.785 0.0000000000
70055  -34.850  -32.624  -6.466 0.0000000000
70059  -34.082  -31.995  -7.583 0.0000000000
70060  -34.347  -32.205  -7.393 0.0000000000
70061  -34.609  -32.399  -7.089 0.0000000000
71153  -33.333  -32.384  -5.083 0.0000000000
71160  -33.314  -32.411  -5.328 0.0000000000
71161  -33.289  -32.494  -5.532 0.0000000000
71174  -33.315  -32.160  -6.238 0.0000000000
71185  -33.429  -31.839  -6.942 0.0000000000
71186  -33.663  -31.729  -7.360 0.0000000000
71187  -35.522  -32.264  -5.973 0.0000000000
71188  -35.868  -31.541  -6.242 0.0000000000
71195  -33.948  -31.655  -7.681 0.0000000000
71196  -34.410  -31.550  -7.875 0.0000000000
71197  -35.070  -31.755  -7.380 0.0000000000
71198  -35.761  -31.083  -7.137 0.0000000000
71207  -34.836  -31.201  -8.263 0.0000000000
71208  -35.152  -30.938  -8.354 0.0000000000
72288  -33.363  -32.166  -5.294 0.0000000000
72289  -33.664  -31.673  -5.127 0.0000000000
72293  -33.317  -32.218  -5.530 0.0000000000
72294  -33.398  -31.692  -5.815 0.0000000000
72304  -33.428  -31.312  -6.723 0.0000000000
72315  -33.654  -30.987  -7.565 0.0000000000
72316  -33.807  -31.312  -7.727 0.0000000000
72330  -33.884  -30.453  -8.075 0.0000000000
72331  -34.205  -30.750  -8.233 0.0000000000
72332  -34.600  -31.008  -8.358 0.0000000000
72333  -35.578  -30.781  -7.992 0.0000000000
72334  -36.082  -30.453  -7.423 0.0000000000
72346  -34.583  -30.183  -8.839 0.0000000000
72347  -34.926  -30.331  -8.921 0.0000000000
72348  -35.475  -30.206  -8.789 0.0000000000
72349  -36.079  -29.882  -8.444 0.0000000000
72350  -36.425  -29.307  -8.762 0.0000000000
72361  -35.196  -29.744  -9.505 0.0000000000
72362  -35.482  -29.653  -9.522 0.0000000000
72363  -35.873  -29.614  -9.363 0.0000000000
72364  -36.267  -29.284  -9.336 0.0000000000
72377  -35.628  -29.394  -9.821 0.0000000000
72378  -35.853  -29.335  -9.897 0.0000000000
72379  -36.107  -29.218  -9.890 0.0000000000
73492  -34.331  -30.856  -4.718 0.0000000000
73494  -33.998  -30.735  -5.542 0.0000000000
73502  -33.715  -30.622  -6.366 0.0000000000
73513  -33.691  -30.371  -7.178 0.0000000000
73522  -33.910  -29.874  -8.026 0.0000000000
73523  -34.103  -30.117  -8.386 0.0000000000
73537  -34.247  -29.590  -8.609 0.0000000000
73538  -34.450  -29.765  -8.952 0.0000000000
73539  -34.756  -29.853  -9.231 0.0000000000
73540  -36.410  -29.919  -7.558 0.0000000000
73541  -36.655  -29.245  -8.018 0.0000000000
73560  -34.743  -29.386  -9.506 0.0000000000
73561  -35.095  -29.403  -9.738 0.0000000000
73562  -35.346  -29.482  -9.705 0.0000000000
73563  -36.643  -28.644  -9.084 0.0000000000
73586  -35.368  -28.891  -10.202 0.0000000000
73587  -35.614  -29.140  -10.087 0.0000000000
73588  -36.034  -28.765  -10.407 0.0000000000
73589  -36.340  -28.625  -10.064 0.0000000000
73618  -36.163  -28.333  -10.789 0.0000000000
73619  -36.224  -28.437  -10.571 0.0000000000
74729  -34.667  -30.007  -3.221 0.0000000000
74732  -34.652  -29.968  -4.153 0.0000000000
74735  -34.474  -29.788  -5.061 0.0000000000
74736  -34.463  -29.214  -5.501 0.0000000000
74738  -34.236  -29.644  -5.952 0.0000000000
74739  -34.444  -29.133  -5.779 0.0000000000
74745  -33.944  -29.789  -6.725 0.0000000000
74754  -34.025  -29.383  -7.378 0.0000000000
74769  -34.178  -28.915  -8.033 0.0000000000
74792  -34.309  -28.880  -8.667 0.0000000000
74793  -34.410  -29.152  -9.035 0.0000000000
74818  -34.472  -28.555  -9.257 0.0000000000
74819  -34.605  -28.777  -9.602 0.0000000000
74820  -34.869  -28.942  -9.887 0.0000000000
74838  -34.817  -28.407  -10.126 0.0000000000
74839  -35.135  -28.539  -10.343 0.0000000000
74840  -35.594  -28.422  -10.638 0.0000000000
74841  -35.895  -28.553  -10.674 0.0000000000
74842  -36.697  -27.696  -9.929 0.0000000000
74843  -36.754  -27.160  -10.678 0.0000000000
74862  -35.865  -28.167  -11.071 0.0000000000
74863  -36.090  -28.073  -11.127 0.0000000000
74864  -36.415  -27.808  -10.901 0.0000000000
74865  -36.928  -27.051  -11.426 0.0000000000
74880  -36.403  -27.594  -11.605 0.0000000000
74881  -36.759  -27.247  -11.844 0.0000000000
74882  -37.211  -26.954  -12.055 0.0000000000
75893  -34.851  -29.554  -2.410 0.0000000000
75894  -35.168  -29.188  -2.062 0.0000000000
75896  -34.730  -29.409  -2.750 0.0000000000
75897  -34.835  -28.621  -2.953 0.0000000000
75900  -34.541  -29.106  -3.564 0.0000000000
75901  -34.613  -28.318  -3.595 0.0000000000
75904  -34.517  -29.124  -4.401 0.0000000000
75905  -34.521  -28.901  -5.013 0.0000000000
75907  -34.427  -29.048  -6.011 0.0000000000
75908  -34.458  -28.598  -5.695 0.0000000000
75911  -34.309  -28.798  -6.561 0.0000000000
75912  -34.486  -27.989  -6.213 0.0000000000
75921  -34.343  -28.331  -7.535 0.0000000000
75940  -34.430  -27.933  -8.448 0.0000000000
75964  -34.450  -27.909  -9.194 0.0000000000
75987  -34.498  -27.877  -9.728 0.0000000000
75988  -34.636  -27.834  -10.176 0.0000000000
76000  -34.908  -27.798  -10.599 0.0000000000
76001  -35.385  -27.713  -11.100 0.0000000000
76002  -35.714  -27.984  -11.137 0.0000000000
76004  -37.111  -26.549  -10.946 0.0000000000
76015  -35.502  -27.369  -11.682 0.0000000000
76016  -35.905  -27.590  -11.754 0.0000000000
76017  -36.199  -27.615  -11.747 0.0000000000
76018  -37.446  -26.394  -11.837 0.0000000000
76019  -37.733  -26.000  -12.165 0.0000000000
76031  -36.146  -27.191  -12.360 0.0000000000
76032  -36.594  -27.197  -12.395 0.0000000000
76033  -37.156  -26.950  -12.495 0.0000000000
76034  -37.489  -26.632  -12.469 0.0000000000
76035  -37.760  -26.238  -12.509 0.0000000000
76045  -36.945  -26.882  -13.025 0.0000000000
76046  -37.239  -26.839  -12.975 0.0000000000
76047  -37.604  -26.595  -12.910 0.0000000000
76048  -37.783  -26.455  -12.803 0.0000000000
77069  -35.825  -28.020  -1.415 0.0000000000
77070  -36.083  -27.874  -0.750 0.0000000000
77073  -35.359  -27.983  -2.477 0.0000000000
77075  -34.931  -27.785  -3.328 0.0000000000
77078  -34.474  -28.472  -4.150 0.0000000000
77079  -34.563  -27.713  -4.081 0.0000000000
77082  -34.471  -28.640  -4.595 0.0000000000
77083  -34.371  -28.089  -4.838 0.0000000000
77086  -34.363  -27.623  -5.648 0.0000000000
77090  -34.389  -27.598  -6.900 0.0000000000
77091  -34.344  -27.361  -6.254 0.0000000000
77099  -34.511  -27.311  -7.852 0.0000000000
77123  -34.457  -27.014  -8.595 0.0000000000
77144  -34.324  -27.090  -9.192 0.0000000000
77159  -34.283  -27.054  -9.813 0.0000000000
77160  -34.362  -27.074  -10.283 0.0000000000
77176  -34.544  -27.034  -10.772 0.0000000000
77177  -34.899  -27.242  -11.135 0.0000000000
77190  -34.589  -26.709  -11.406 0.0000000000
77191  -35.088  -26.935  -11.759 0.0000000000
77192  -35.516  -27.127  -12.030 0.0000000000
77193  -37.583  -26.016  -11.212 0.0000000000
77194  -37.849  -25.763  -11.837 0.0000000000
77195  -38.354  -25.426  -12.184 0.0000000000
77206  -35.310  -26.667  -12.270 0.0000000000
77207  -35.756  -26.824  -12.497 0.0000000000
77208  -36.240  -26.887  -12.678 0.0000000000
77209  -38.079  -25.839  -12.464 0.0000000000
77210  -38.721  -25.558  -12.881 0.0000000000
77220  -36.035  -26.510  -12.945 0.0000000000
77221  -36.551  -26.591  -13.155 0.0000000000
77222  -37.166  -26.465  -13.391 0.0000000000
77223  -37.738  -26.296  -13.344 0.0000000000
77224  -38.201  -26.081  -13.137 0.0000000000
77225  -39.082  -25.676  -13.575 0.0000000000
77237  -38.213  -25.954  -13.595 0.0000000000
77238  -38.768  -25.783  -13.769 0.0000000000
77239  -39.393  -25.646  -13.935 0.0000000000
78288  -36.291  -27.362  -1.568 0.0000000000
78289  -36.505  -27.238  -0.869 0.0000000000
78292  -36.126  -27.252  -2.236 0.0000000000
78293  -36.509  -26.918  -1.708 0.0000000000
78296  -35.591  -27.176  -3.060 0.0000000000
78299  -35.016  -26.985  -3.880 0.0000000000
78302  -34.531  -26.890  -4.957 0.0000000000
78305  -34.310  -26.830  -5.970 0.0000000000
78308  -34.400  -26.574  -7.349 0.0000000000
78309  -34.322  -26.900  -6.597 0.0000000000
78314  -34.413  -26.449  -8.301 0.0000000000
78337  -34.224  -26.361  -9.112 0.0000000000
78355  -33.964  -26.316  -9.850 0.0000000000
78368  -33.844  -26.259  -10.601 0.0000000000
78369  -34.146  -26.639  -10.729 0.0000000000
78384  -33.596  -25.928  -11.115 0.0000000000
78385  -33.975  -26.247  -11.268 0.0000000000
78399  -34.535  -26.083  -12.068 0.0000000000
78400  -34.996  -26.432  -12.244 0.0000000000
78401  -37.903  -25.718  -11.380 0.0000000000
78402  -38.308  -25.433  -11.535 0.0000000000
78403  -39.110  -24.823  -12.139 0.0000000000
78404  -40.088  -24.455  -12.656 0.0000000000
78405  -40.468  -24.254  -12.930 0.0000000000
78415  -34.562  -25.710  -12.615 0.0000000000
78416  -35.134  -25.967  -12.788 0.0000000000
78417  -35.696  -26.313  -12.933 0.0000000000
78418  -39.539  -25.326  -13.381 0.0000000000
78419  -40.030  -24.918  -13.279 0.0000000000
78420  -40.504  -24.619  -13.332 0.0000000000
78433  -35.209  -25.582  -13.516 0.0000000000
78434  -35.810  -25.949  -13.472 0.0000000000
78435  -36.734  -25.750  -13.949 0.0000000000
78436  -37.585  -25.920  -13.787 0.0000000000
78437  -37.977  -25.969  -13.698 0.0000000000
78438  -39.799  -25.533  -13.890 0.0000000000
78439  -40.383  -25.253  -13.883 0.0000000000
78440  -40.551  -24.998  -13.670 0.0000000000
78456  -36.943  -25.274  -14.493 0.0000000000
78457  -37.475  -25.443  -14.336 0.0000000000
78458  -38.297  -25.665  -14.101 0.0000000000
78459  -39.210  -25.556  -14.186 0.0000000000
78460  -39.884  -25.477  -14.154 0.0000000000
78461  -40.205  -25.400  -14.074 0.0000000000
79451  -36.860  -26.322  -1.413 0.0000000000
79456  -36.189  -26.721  -2.904 0.0000000000
79457  -36.594  -26.405  -2.420 0.0000000000
79460  -36.039  -26.379  -3.644 0.0000000000
79461  -36.424  -26.326  -3.110 0.0000000000
79463  -35.327  -26.194  -4.495 0.0000000000
79466  -34.933  -26.001  -5.274 0.0000000000
79470  -34.571  -26.140  -5.889 0.0000000000
79478  -34.424  -25.808  -7.277 0.0000000000
79479  -34.397  -26.285  -6.619 0.0000000000
79488  -34.384  -25.840  -8.019 0.0000000000
79507  -34.243  -25.743  -8.877 0.0000000000
79521  -33.860  -25.656  -9.693 0.0000000000
79533  -33.571  -25.583  -10.460 0.0000000000
79547  -33.432  -25.500  -11.138 0.0000000000
79548  -33.615  -25.678  -11.426 0.0000000000
79563  -33.479  -25.291  -11.641 0.0000000000
79564  -33.808  -25.494  -11.968 0.0000000000
79566  -39.958  -24.299  -11.789 0.0000000000
79567  -40.592  -23.873  -12.336 0.0000000000
79568  -41.116  -23.628  -12.904 0.0000000000
79581  -34.157  -25.407  -12.605 0.0000000000
79582  -34.501  -25.432  -12.975 0.0000000000
79583  -40.852  -24.183  -13.234 0.0000000000
79584  -41.481  -23.887  -13.543 0.0000000000
79595  -34.168  -25.079  -13.111 0.0000000000
79596  -34.706  -25.178  -13.590 0.0000000000
79597  -35.318  -25.319  -13.996 0.0000000000
79598  -35.915  -25.405  -14.205 0.0000000000
79599  -40.684  -25.083  -14.016 0.0000000000
79600  -40.984  -24.710  -13.941 0.0000000000
79601  -41.882  -23.995  -14.196 0.0000000000
79615  -35.058  -24.902  -14.183 0.0000000000
79616  -35.614  -24.945  -14.415 0.0000000000
79617  -36.435  -25.038  -14.607 0.0000000000
79618  -37.317  -24.859  -14.695 0.0000000000
79619  -38.067  -25.021  -14.589 0.0000000000
79620  -38.883  -25.090  -14.550 0.0000000000
79621  -39.745  -25.141  -14.545 0.0000000000
79622  -40.544  -24.963  -14.299 0.0000000000
79623  -41.491  -24.263  -14.616 0.0000000000
79624  -42.146  -23.843  -14.682 0.0000000000
79635  -37.943  -24.501  -14.808 0.0000000000
79636  -38.564  -24.457  -14.907 0.0000000000
79637  -39.355  -24.482  -14.968 0.0000000000
79638  -40.203  -24.510  -14.981 0.0000000000
79639  -41.023  -24.285  -15.021 0.0000000000
79640  -41.655  -23.974  -15.114 0.0000000000
80530  -37.210  -25.593  -2.168 0.0000000000
80533  -36.341  -25.925  -3.784 0.0000000000
80534  -36.708  -25.712  -3.404 0.0000000000
80537  -36.147  -25.602  -4.238 0.0000000000
80538  -36.594  -25.306  -4.038 0.0000000000
80542  -35.449  -25.404  -5.093 0.0000000000
80550  -34.992  -25.382  -5.906 0.0000000000
80557  -34.646  -25.373  -7.263 0.0000000000
80558  -34.683  -25.548  -6.687 0.0000000000
80566  -34.575  -25.350  -7.799 0.0000000000
80584  -34.369  -25.211  -8.554 0.0000000000
80596  -34.011  -25.068  -9.411 0.0000000000
80609  -33.615  -24.966  -10.248 0.0000000000
80623  -33.343  -24.899  -11.006 0.0000000000
80635  -33.339  -24.919  -11.618 0.0000000000
80636  -33.466  -25.012  -12.029 0.0000000000
80637  -41.234  -23.171  -12.216 0.0000000000
80638  -41.594  -23.109  -12.996 0.0000000000
80649  -33.468  -24.624  -12.081 0.0000000000
80650  -33.740  -24.785  -12.616 0.0000000000
80651  -42.257  -23.320  -13.693 0.0000000000
80652  -42.856  -23.071  -13.985 0.0000000000
80662  -34.249  -24.547  -13.346 0.0000000000
80663  -34.815  -24.470  -13.907 0.0000000000
80664  -42.598  -23.445  -14.410 0.0000000000
80665  -43.081  -22.998  -14.338 0.0000000000
80680  -35.383  -24.449  -14.294 0.0000000000
80681  -36.087  -24.440  -14.494 0.0000000000
80682  -37.023  -24.275  -14.659 0.0000000000
80683  -37.637  -24.290  -14.802 0.0000000000
80684  -42.041  -23.860  -14.973 0.0000000000
80685  -42.585  -23.457  -14.998 0.0000000000
80692  -37.738  -23.874  -14.829 0.0000000000
80693  -38.245  -23.901  -15.066 0.0000000000
80694  -39.009  -23.752  -15.381 0.0000000000
80695  -39.742  -23.833  -15.409 0.0000000000
80696  -40.482  -23.718  -15.431 0.0000000000
80697  -41.249  -23.439  -15.471 0.0000000000
80698  -42.066  -23.409  -15.354 0.0000000000
80699  -42.619  -22.986  -15.355 0.0000000000
80705  -39.496  -23.281  -15.618 0.0000000000
80706  -40.020  -23.124  -15.741 0.0000000000
80707  -40.647  -22.924  -15.787 0.0000000000
80708  -41.166  -22.725  -15.852 0.0000000000
81575  -36.465  -25.025  -4.399 0.0000000000
81576  -36.995  -24.876  -4.110 0.0000000000
81583  -36.035  -24.761  -4.957 0.0000000000
81584  -36.575  -24.638  -4.726 0.0000000000
81591  -35.524  -24.615  -5.786 0.0000000000
81594  -34.842  -25.165  -7.072 0.0000000000
81595  -35.154  -24.702  -6.835 0.0000000000
81608  -34.852  -24.983  -7.475 0.0000000000
81609  -35.028  -24.452  -7.667 0.0000000000
81627  -34.713  -24.777  -8.146 0.0000000000
81628  -34.995  -24.130  -8.322 0.0000000000
81639  -34.488  -24.508  -9.018 0.0000000000
81640  -34.980  -23.916  -9.033 0.0000000000
81653  -34.020  -24.409  -9.942 0.0000000000
81667  -33.660  -24.296  -10.794 0.0000000000
81679  -33.506  -24.256  -11.670 0.0000000000
81680  -33.749  -23.868  -12.172 0.0000000000
81681  -41.694  -22.473  -12.298 0.0000000000
81682  -42.198  -22.492  -12.957 0.0000000000
81683  -42.751  -22.165  -13.248 0.0000000000
81693  -33.608  -24.252  -12.312 0.0000000000
81694  -34.076  -23.932  -12.777 0.0000000000
81695  -42.680  -22.727  -13.597 0.0000000000
81696  -43.192  -22.457  -13.893 0.0000000000
81697  -43.571  -22.182  -14.155 0.0000000000
81707  -34.723  -23.917  -13.478 0.0000000000
81708  -35.362  -23.906  -13.928 0.0000000000
81709  -36.087  -23.643  -14.020 0.0000000000
81710  -43.018  -23.138  -14.741 0.0000000000
81711  -43.443  -22.583  -14.625 0.0000000000
81712  -43.697  -22.057  -14.475 0.0000000000
81726  -35.838  -24.044  -14.289 0.0000000000
81727  -36.656  -23.729  -14.350 0.0000000000
81728  -37.544  -23.468  -14.627 0.0000000000
81729  -43.077  -22.870  -15.133 0.0000000000
81730  -43.449  -22.275  -15.211 0.0000000000
81735  -38.206  -23.238  -14.987 0.0000000000
81736  -38.756  -23.097  -15.433 0.0000000000
81737  -39.196  -23.101  -15.615 0.0000000000
81738  -41.647  -22.876  -15.693 0.0000000000
81739  -42.172  -22.585  -15.679 0.0000000000
81740  -42.857  -22.193  -15.588 0.0000000000
81741  -43.328  -21.798  -15.531 0.0000000000
81748  -39.173  -22.688  -15.635 0.0000000000
81749  -39.645  -22.617  -15.832 0.0000000000
81750  -40.281  -22.379  -16.174 0.0000000000
81751  -40.849  -22.333  -16.216 0.0000000000
81752  -41.525  -22.117  -16.125 0.0000000000
81753  -42.203  -21.791  -15.985 0.0000000000
81754  -42.661  -21.503  -16.026 0.0000000000
81760  -40.624  -21.987  -16.444 0.0000000000
81761  -41.053  -21.797  -16.538 0.0000000000
81762  -41.475  -21.527  -16.590 0.0000000000
82763  -36.404  -24.371  -5.103 0.0000000000
82764  -36.915  -24.080  -5.043 0.0000000000
82769  -36.027  -23.889  -5.584 0.0000000000
82770  -36.367  -23.275  -5.774 0.0000000000
82777  -35.554  -23.634  -6.440 0.0000000000
82791  -35.327  -23.629  -7.524 0.0000000000
82805  -35.386  -23.421  -8.561 0.0000000000
82814  -34.565  -23.975  -9.607 0.0000000000
82815  -35.205  -23.389  -9.559 0.0000000000
82826  -34.357  -23.710  -10.418 0.0000000000
82827  -35.076  -23.109  -10.345 0.0000000000
82838  -33.919  -23.711  -11.327 0.0000000000
82839  -34.631  -23.166  -11.057 0.0000000000
82852  -33.766  -23.756  -11.837 0.0000000000
82853  -34.396  -23.393  -12.000 0.0000000000
82854  -42.066  -22.079  -12.329 0.0000000000
82855  -42.489  -21.686  -12.385 0.0000000000
82856  -43.274  -21.583  -13.152 0.0000000000
82857  -43.773  -21.196  -13.210 0.0000000000
82867  -35.280  -23.302  -12.821 0.0000000000
82868  -35.987  -23.045  -12.913 0.0000000000
82869  -43.465  -21.970  -13.818 0.0000000000
82870  -43.768  -21.589  -13.892 0.0000000000
82881  -35.286  -23.633  -13.464 0.0000000000
82882  -36.002  -23.269  -13.404 0.0000000000
82883  -36.784  -23.055  -13.852 0.0000000000
82884  -43.752  -22.066  -14.903 0.0000000000
82885  -43.839  -21.648  -14.636 0.0000000000
82897  -37.445  -22.844  -14.304 0.0000000000
82898  -38.087  -22.568  -14.758 0.0000000000
82899  -43.705  -21.653  -15.283 0.0000000000
82900  -43.842  -21.717  -14.987 0.0000000000
82906  -38.656  -22.288  -15.341 0.0000000000
82907  -38.959  -22.542  -15.561 0.0000000000
82908  -43.073  -21.469  -15.898 0.0000000000
82909  -43.438  -21.282  -15.772 0.0000000000
82916  -38.938  -21.740  -15.538 0.0000000000
82917  -39.303  -21.989  -15.718 0.0000000000
82918  -40.052  -21.723  -16.317 0.0000000000
82919  -40.381  -21.904  -16.443 0.0000000000
82920  -41.901  -21.467  -16.525 0.0000000000
82921  -42.393  -21.285  -16.468 0.0000000000
82922  -42.924  -21.017  -16.467 0.0000000000
82923  -43.250  -21.097  -16.142 0.0000000000
82930  -40.425  -21.236  -16.547 0.0000000000
82931  -40.709  -21.431  -16.587 0.0000000000
82932  -41.271  -21.206  -16.783 0.0000000000
82933  -41.736  -21.144  -16.948 0.0000000000
82934  -42.230  -21.034  -16.935 0.0000000000
82935  -42.578  -20.954  -16.787 0.0000000000
83918  -36.971  -23.005  -5.688 0.0000000000
83923  -35.894  -22.793  -6.274 0.0000000000
83924  -36.322  -22.611  -6.136 0.0000000000
83931  -35.609  -22.502  -6.971 0.0000000000
83944  -35.608  -22.589  -7.943 0.0000000000
83958  -35.775  -22.672  -8.881 0.0000000000
83968  -35.871  -22.537  -9.800 0.0000000000
83969  -36.206  -21.968  -9.933 0.0000000000
83979  -35.467  -22.691  -10.692 0.0000000000
83980  -36.138  -22.199  -10.398 0.0000000000
83993  -35.277  -22.804  -11.459 0.0000000000
83994  -36.033  -22.379  -11.047 0.0000000000
83998  -43.747  -20.175  -11.652 0.0000000000
84012  -35.451  -22.911  -12.171 0.0000000000
84013  -36.057  -22.504  -11.705 0.0000000000
84015  -42.983  -21.072  -12.046 0.0000000000
84016  -43.787  -20.690  -12.405 0.0000000000
84030  -35.671  -22.963  -12.489 0.0000000000
84031  -36.265  -22.626  -12.474 0.0000000000
84032  -37.021  -22.144  -12.582 0.0000000000
84033  -44.121  -20.854  -13.333 0.0000000000
84052  -36.272  -22.810  -13.017 0.0000000000
84053  -36.901  -22.409  -13.171 0.0000000000
84054  -44.043  -20.943  -14.233 0.0000000000
84070  -37.510  -22.182  -13.855 0.0000000000
84071  -38.010  -21.895  -14.411 0.0000000000
84072  -43.805  -21.364  -15.302 0.0000000000
84073  -43.960  -21.207  -15.070 0.0000000000
84082  -38.466  -21.526  -15.000 0.0000000000
84083  -38.744  -21.005  -15.336 0.0000000000
84084  -43.749  -21.126  -15.564 0.0000000000
84085  -44.104  -20.594  -15.651 0.0000000000
84092  -38.769  -21.527  -15.370 0.0000000000
84093  -39.101  -21.142  -15.661 0.0000000000
84094  -39.658  -21.077  -16.144 0.0000000000
84095  -43.087  -20.698  -16.698 0.0000000000
84096  -43.537  -20.606  -16.407 0.0000000000
84097  -44.140  -20.260  -16.164 0.0000000000
84107  -40.221  -20.910  -16.492 0.0000000000
84108  -40.678  -20.835  -16.706 0.0000000000
84109  -41.125  -20.765  -17.012 0.0000000000
84110  -41.552  -20.807  -17.191 0.0000000000
84111  -42.054  -20.735  -17.335 0.0000000000
84112  -42.861  -20.496  -17.194 0.0000000000
84113  -43.407  -20.241  -17.047 0.0000000000
84119  -41.419  -20.546  -17.319 0.0000000000
84120  -41.741  -20.406  -17.523 0.0000000000
84121  -42.310  -20.202  -17.704 0.0000000000
84122  -42.811  -19.980  -17.864 0.0000000000
85109  -36.599  -22.135  -6.400 0.0000000000
85110  -37.470  -22.202  -6.233 0.0000000000
85115  -35.835  -22.054  -6.737 0.0000000000
85116  -36.074  -21.956  -6.566 0.0000000000
85117  -37.522  -21.495  -6.521 0.0000000000
85124  -35.773  -21.526  -6.949 0.0000000000
85125  -35.886  -21.608  -6.754 0.0000000000
85137  -35.788  -21.717  -7.423 0.0000000000
85152  -36.085  -21.709  -8.360 0.0000000000
85153  -36.437  -21.149  -8.667 0.0000000000
85168  -36.098  -22.161  -9.096 0.0000000000
85169  -36.388  -21.601  -9.344 0.0000000000
85182  -36.470  -21.591  -10.131 0.0000000000
85195  -36.497  -21.776  -10.743 0.0000000000
85210  -36.527  -21.976  -11.313 0.0000000000
85211  -36.930  -21.638  -11.544 0.0000000000
85212  -44.197  -19.825  -11.733 0.0000000000
85213  -44.766  -19.607  -12.102 0.0000000000
85227  -36.627  -22.134  -11.808 0.0000000000
85228  -37.163  -21.787  -12.064 0.0000000000
85229  -44.484  -20.203  -12.654 0.0000000000
85230  -45.003  -19.638  -12.824 0.0000000000
85243  -37.569  -21.659  -12.648 0.0000000000
85244  -44.503  -20.224  -13.616 0.0000000000
85245  -45.000  -19.508  -13.859 0.0000000000
85257  -37.832  -21.574  -13.297 0.0000000000
85258  -38.137  -21.316  -13.905 0.0000000000
85259  -44.379  -20.200  -14.739 0.0000000000
85260  -44.985  -19.340  -14.955 0.0000000000
85270  -38.472  -20.958  -14.476 0.0000000000
85271  -38.706  -20.592  -15.028 0.0000000000
85272  -44.488  -19.894  -15.720 0.0000000000
85273  -45.251  -19.376  -16.052 0.0000000000
85281  -39.075  -20.393  -15.418 0.0000000000
85282  -39.505  -20.314  -15.913 0.0000000000
85283  -43.699  -20.097  -16.946 0.0000000000
85284  -44.342  -19.816  -16.732 0.0000000000
85285  -45.333  -19.128  -17.029 0.0000000000
85296  -39.995  -20.295  -16.372 0.0000000000
85297  -40.506  -20.232  -16.750 0.0000000000
85298  -40.855  -20.423  -17.076 0.0000000000
85299  -43.122  -19.985  -17.787 0.0000000000
85300  -43.647  -19.844  -17.578 0.0000000000
85301  -44.605  -19.165  -17.757 0.0000000000
85302  -45.302  -18.684  -17.658 0.0000000000
85309  -40.796  -19.995  -17.204 0.0000000000
85310  -41.262  -20.142  -17.431 0.0000000000
85311  -41.927  -19.781  -17.772 0.0000000000
85312  -42.582  -19.504  -18.011 0.0000000000
85313  -43.211  -19.466  -18.218 0.0000000000
85314  -43.956  -19.129  -18.348 0.0000000000
85315  -44.490  -18.712  -18.402 0.0000000000
86299  -36.491  -21.783  -6.524 0.0000000000
86300  -36.712  -21.683  -6.500 0.0000000000
86305  -36.367  -21.533  -6.562 0.0000000000
86306  -36.808  -20.859  -6.657 0.0000000000
86311  -35.823  -21.232  -6.874 0.0000000000
86312  -36.015  -21.073  -6.826 0.0000000000
86313  -36.337  -20.027  -6.959 0.0000000000
86323  -35.873  -21.098  -7.077 0.0000000000
86324  -36.129  -20.337  -7.218 0.0000000000
86325  -36.309  -19.783  -7.052 0.0000000000
86336  -35.975  -21.058  -7.559 0.0000000000
86337  -36.345  -20.636  -8.059 0.0000000000
86348  -36.772  -20.604  -8.930 0.0000000000
86349  -37.207  -20.314  -9.552 0.0000000000
86361  -36.829  -20.963  -9.795 0.0000000000
86362  -37.291  -20.551  -10.247 0.0000000000
86377  -36.880  -21.177  -10.476 0.0000000000
86378  -37.264  -20.854  -10.829 0.0000000000
86392  -36.912  -21.383  -11.067 0.0000000000
86393  -37.417  -21.014  -11.447 0.0000000000
86394  -44.618  -19.208  -11.457 0.0000000000
86395  -45.182  -18.936  -11.853 0.0000000000
86404  -37.799  -20.954  -12.118 0.0000000000
86405  -45.561  -18.983  -12.917 0.0000000000
86411  -38.220  -20.811  -12.784 0.0000000000
86412  -38.523  -20.313  -13.232 0.0000000000
86413  -45.620  -18.732  -14.052 0.0000000000
86414  -46.035  -18.264  -14.540 0.0000000000
86426  -38.360  -20.921  -13.385 0.0000000000
86427  -38.671  -20.399  -13.818 0.0000000000
86428  -45.666  -18.722  -15.238 0.0000000000
86429  -46.229  -18.069  -15.315 0.0000000000
86440  -38.894  -20.066  -14.498 0.0000000000
86441  -39.105  -19.786  -15.049 0.0000000000
86442  -46.017  -18.614  -16.368 0.0000000000
86443  -46.594  -17.802  -16.128 0.0000000000
86451  -39.453  -19.587  -15.550 0.0000000000
86452  -39.939  -19.417  -16.219 0.0000000000
86453  -40.238  -18.897  -16.478 0.0000000000
86454  -45.897  -18.495  -17.326 0.0000000000
86455  -46.499  -18.053  -17.058 0.0000000000
86465  -40.276  -19.810  -16.551 0.0000000000
86466  -40.603  -19.291  -16.952 0.0000000000
86467  -40.972  -18.778  -17.328 0.0000000000
86468  -44.983  -18.466  -18.148 0.0000000000
86469  -45.698  -18.202  -18.026 0.0000000000
86470  -46.209  -18.045  -17.689 0.0000000000
86479  -41.000  -19.702  -17.339 0.0000000000
86480  -41.404  -19.170  -17.569 0.0000000000
86481  -42.223  -18.925  -18.060 0.0000000000
86482  -42.807  -18.701  -18.685 0.0000000000
86483  -43.508  -18.734  -18.745 0.0000000000
86484  -44.149  -18.434  -18.881 0.0000000000
86485  -44.737  -18.207  -18.669 0.0000000000
86486  -45.251  -18.023  -18.488 0.0000000000
86493  -42.879  -18.264  -19.098 0.0000000000
86494  -43.192  -18.298  -19.107 0.0000000000
86495  -43.666  -18.230  -19.144 0.0000000000
87400  -36.730  -19.438  -6.942 0.0000000000
87408  -36.342  -19.744  -7.242 0.0000000000
87409  -36.535  -19.251  -7.261 0.0000000000
87418  -36.420  -19.780  -7.616 0.0000000000
87419  -36.608  -19.062  -7.989 0.0000000000
87429  -36.626  -19.895  -8.282 0.0000000000
87430  -37.161  -19.534  -8.931 0.0000000000
87441  -37.620  -19.774  -9.932 0.0000000000
87454  -37.751  -20.171  -10.865 0.0000000000
87456  -45.872  -17.609  -11.311 0.0000000000
87466  -37.945  -20.326  -11.619 0.0000000000
87467  -45.752  -18.255  -12.013 0.0000000000
87468  -46.272  -17.647  -12.089 0.0000000000
87479  -38.284  -20.107  -12.175 0.0000000000
87480  -46.148  -18.352  -12.968 0.0000000000
87481  -46.618  -17.718  -13.065 0.0000000000
87485  -38.556  -19.847  -12.796 0.0000000000
87486  -38.802  -19.628  -13.360 0.0000000000
87487  -46.219  -18.173  -13.788 0.0000000000
87488  -46.543  -17.669  -14.232 0.0000000000
87496  -39.165  -19.480  -13.923 0.0000000000
87497  -46.730  -17.407  -15.209 0.0000000000
87505  -39.356  -19.224  -14.525 0.0000000000
87506  -39.488  -18.956  -15.085 0.0000000000
87507  -47.113  -17.231  -15.905 0.0000000000
87508  -47.339  -16.915  -16.220 0.0000000000
87513  -39.740  -18.725  -15.622 0.0000000000
87514  -40.103  -18.491  -16.115 0.0000000000
87515  -40.431  -18.412  -16.596 0.0000000000
87516  -46.925  -17.295  -16.690 0.0000000000
87517  -47.283  -16.708  -16.571 0.0000000000
87529  -40.784  -18.339  -17.072 0.0000000000
87530  -41.252  -18.242  -17.511 0.0000000000
87531  -46.075  -17.818  -18.021 0.0000000000
87532  -46.417  -17.280  -17.718 0.0000000000
87547  -41.817  -18.232  -17.999 0.0000000000
87548  -42.269  -18.133  -18.658 0.0000000000
87549  -42.623  -18.019  -19.094 0.0000000000
87550  -44.504  -17.907  -19.086 0.0000000000
87551  -45.016  -17.605  -19.023 0.0000000000
87552  -45.708  -17.483  -18.458 0.0000000000
87553  -46.010  -16.978  -18.308 0.0000000000
87568  -42.930  -17.873  -19.288 0.0000000000
87569  -43.385  -17.738  -19.374 0.0000000000
87570  -44.024  -17.721  -19.389 0.0000000000
87571  -44.528  -17.422  -19.380 0.0000000000
88506  -36.871  -18.511  -7.276 0.0000000000
88516  -36.792  -18.279  -7.732 0.0000000000
88527  -37.092  -18.319  -8.520 0.0000000000
88539  -37.799  -18.720  -9.577 0.0000000000
88540  -38.309  -18.545  -10.259 0.0000000000
88554  -38.175  -19.260  -10.450 0.0000000000
88555  -38.461  -18.733  -10.813 0.0000000000
88557  -46.146  -16.860  -10.980 0.0000000000
88566  -38.387  -19.405  -11.423 0.0000000000
88567  -38.624  -18.514  -11.301 0.0000000000
88568  -46.717  -16.870  -12.139 0.0000000000
88569  -47.101  -16.397  -12.618 0.0000000000
88582  -38.600  -19.253  -12.283 0.0000000000
88583  -47.020  -17.072  -13.287 0.0000000000
88584  -47.283  -16.319  -13.465 0.0000000000
88592  -38.863  -19.053  -12.888 0.0000000000
88593  -39.243  -18.832  -13.419 0.0000000000
88594  -47.038  -16.960  -14.328 0.0000000000
88595  -47.419  -16.305  -14.468 0.0000000000
88601  -39.566  -18.589  -13.993 0.0000000000
88602  -47.214  -16.840  -15.193 0.0000000000
88603  -47.678  -16.331  -15.322 0.0000000000
88613  -39.614  -18.353  -14.624 0.0000000000
88614  -39.716  -18.118  -15.125 0.0000000000
88615  -47.478  -16.793  -15.782 0.0000000000
88616  -47.774  -16.404  -16.097 0.0000000000
88628  -40.055  -17.894  -15.583 0.0000000000
88629  -40.399  -17.659  -16.171 0.0000000000
88630  -40.644  -17.820  -16.727 0.0000000000
88631  -46.963  -16.725  -17.085 0.0000000000
88632  -47.414  -16.049  -16.812 0.0000000000
88643  -40.715  -17.233  -16.571 0.0000000000
88644  -40.994  -17.430  -17.161 0.0000000000
88645  -41.483  -17.438  -17.834 0.0000000000
88646  -46.767  -16.122  -17.616 0.0000000000
88647  -47.225  -15.493  -17.358 0.0000000000
88658  -41.860  -17.391  -18.475 0.0000000000
88659  -42.308  -17.245  -19.087 0.0000000000
88660  -42.685  -17.582  -19.257 0.0000000000
88661  -45.318  -17.049  -19.102 0.0000000000
88662  -45.640  -16.589  -18.765 0.0000000000
88663  -46.169  -16.395  -18.236 0.0000000000
88682  -42.449  -16.712  -19.313 0.0000000000
88683  -42.856  -17.067  -19.437 0.0000000000
88684  -43.577  -16.998  -19.602 0.0000000000
88685  -44.183  -16.886  -19.677 0.0000000000
88686  -44.808  -16.818  -19.549 0.0000000000
88687  -45.239  -16.484  -19.374 0.0000000000
89661  -37.209  -17.830  -7.788 0.0000000000
89672  -37.220  -17.471  -8.320 0.0000000000
89681  -37.632  -17.511  -9.178 0.0000000000
89682  -38.169  -18.026  -9.883 0.0000000000
89692  -38.221  -17.403  -9.863 0.0000000000
89693  -38.578  -17.878  -10.597 0.0000000000
89694  -46.597  -16.129  -11.011 0.0000000000
89695  -46.707  -15.369  -11.082 0.0000000000
89702  -38.690  -18.700  -11.851 0.0000000000
89703  -38.983  -17.873  -11.656 0.0000000000
89704  -46.926  -16.080  -11.853 0.0000000000
89705  -47.121  -15.406  -12.422 0.0000000000
89706  -47.389  -14.743  -13.168 0.0000000000
89717  -38.966  -18.509  -12.379 0.0000000000
89718  -39.485  -17.788  -12.514 0.0000000000
89719  -47.435  -15.547  -13.741 0.0000000000
89720  -47.674  -14.772  -14.087 0.0000000000
89730  -39.305  -18.430  -12.916 0.0000000000
89731  -39.753  -17.892  -13.357 0.0000000000
89732  -47.779  -15.644  -14.715 0.0000000000
89733  -48.264  -14.946  -14.965 0.0000000000
89739  -39.954  -17.632  -14.203 0.0000000000
89740  -39.937  -17.205  -14.734 0.0000000000
89741  -48.146  -15.735  -15.530 0.0000000000
89742  -48.546  -14.986  -15.731 0.0000000000
89747  -39.764  -17.674  -14.785 0.0000000000
89748  -39.905  -17.310  -15.101 0.0000000000
89749  -48.095  -15.580  -16.224 0.0000000000
89750  -48.404  -14.776  -16.325 0.0000000000
89756  -40.305  -17.059  -15.575 0.0000000000
89757  -40.546  -16.715  -16.138 0.0000000000
89758  -47.733  -15.059  -16.888 0.0000000000
89759  -48.188  -14.426  -16.805 0.0000000000
89766  -40.768  -16.510  -16.796 0.0000000000
89767  -41.283  -16.385  -17.628 0.0000000000
89768  -41.600  -16.872  -18.185 0.0000000000
89769  -46.893  -15.350  -17.823 0.0000000000
89770  -47.307  -14.771  -17.672 0.0000000000
89777  -41.448  -15.770  -17.986 0.0000000000
89778  -41.798  -16.214  -18.650 0.0000000000
89779  -42.232  -16.541  -19.166 0.0000000000
89780  -45.866  -15.887  -18.711 0.0000000000
89781  -46.429  -15.417  -18.412 0.0000000000
89782  -46.875  -14.895  -18.169 0.0000000000
89793  -42.027  -15.555  -19.029 0.0000000000
89794  -42.410  -15.952  -19.499 0.0000000000
89795  -43.112  -16.276  -19.863 0.0000000000
89796  -43.729  -16.266  -20.060 0.0000000000
89797  -44.316  -16.022  -20.111 0.0000000000
89798  -44.916  -15.977  -19.818 0.0000000000
89799  -45.457  -15.757  -19.361 0.0000000000
89800  -45.952  -15.303  -19.080 0.0000000000
89823  -42.581  -15.454  -19.896 0.0000000000
89824  -42.801  -15.605  -20.042 0.0000000000
89825  -43.298  -15.636  -20.274 0.0000000000
89826  -43.806  -15.605  -20.389 0.0000000000
90850  -37.679  -16.910  -8.462 0.0000000000
90851  -38.079  -16.052  -8.782 0.0000000000
90862  -37.701  -16.694  -8.873 0.0000000000
90874  -38.084  -16.642  -9.584 0.0000000000
90875  -38.430  -16.372  -10.164 0.0000000000
90886  -38.455  -17.007  -10.213 0.0000000000
90887  -38.971  -16.809  -10.843 0.0000000000
90888  -46.705  -14.360  -11.141 0.0000000000
90896  -39.476  -16.875  -11.941 0.0000000000
90897  -46.945  -14.093  -12.344 0.0000000000
90898  -47.498  -13.781  -13.289 0.0000000000
90907  -40.095  -17.006  -12.813 0.0000000000
90908  -48.056  -13.990  -14.304 0.0000000000
90918  -40.369  -16.934  -13.637 0.0000000000
90919  -48.777  -14.047  -15.244 0.0000000000
90920  -49.226  -13.541  -15.424 0.0000000000
90926  -40.398  -16.682  -14.493 0.0000000000
90927  -40.026  -16.936  -14.882 0.0000000000
90928  -48.927  -14.314  -15.980 0.0000000000
90929  -49.270  -13.705  -15.780 0.0000000000
90935  -40.654  -16.117  -15.036 0.0000000000
90936  -40.249  -16.679  -15.116 0.0000000000
90937  -48.694  -14.010  -16.498 0.0000000000
90938  -49.155  -13.775  -16.161 0.0000000000
90945  -40.663  -15.825  -15.299 0.0000000000
90946  -40.485  -16.102  -15.586 0.0000000000
90947  -40.556  -15.784  -16.300 0.0000000000
90948  -47.821  -14.317  -17.294 0.0000000000
90949  -48.298  -13.850  -17.102 0.0000000000
90958  -40.736  -15.534  -16.976 0.0000000000
90959  -41.155  -15.302  -17.563 0.0000000000
90960  -47.584  -13.980  -17.860 0.0000000000
90961  -47.963  -13.746  -17.534 0.0000000000
90967  -41.442  -15.176  -18.162 0.0000000000
90968  -41.759  -15.072  -18.724 0.0000000000
90969  -46.665  -14.655  -18.585 0.0000000000
90970  -47.069  -14.182  -18.347 0.0000000000
90979  -42.127  -14.980  -19.219 0.0000000000
90980  -42.495  -14.944  -19.821 0.0000000000
90981  -42.654  -14.554  -20.111 0.0000000000
90982  -44.608  -15.390  -20.252 0.0000000000
90983  -45.037  -15.162  -19.971 0.0000000000
90984  -45.550  -14.704  -19.631 0.0000000000
90985  -46.270  -14.574  -19.126 0.0000000000
90986  -46.650  -14.096  -18.854 0.0000000000
91010  -42.659  -15.264  -20.071 0.0000000000
91011  -42.907  -14.942  -20.295 0.0000000000
91012  -43.542  -14.929  -20.551 0.0000000000
91013  -44.156  -14.979  -20.591 0.0000000000
91014  -44.702  -14.670  -20.568 0.0000000000
91015  -45.131  -14.458  -20.308 0.0000000000
91955  -37.908  -16.182  -8.894 0.0000000000
91956  -38.364  -15.487  -9.239 0.0000000000
91967  -38.059  -15.964  -9.301 0.0000000000
91968  -38.426  -15.340  -9.789 0.0000000000
91978  -38.250  -15.938  -9.823 0.0000000000
91979  -38.680  -15.764  -10.383 0.0000000000
91989  -39.415  -15.772  -11.326 0.0000000000
91990  -40.078  -15.338  -11.895 0.0000000000
91991  -46.676  -13.195  -11.298 0.0000000000
92000  -40.088  -16.100  -12.293 0.0000000000
92001  -40.534  -15.367  -12.582 0.0000000000
92002  -47.043  -13.036  -12.414 0.0000000000
92003  -47.331  -12.747  -13.022 0.0000000000
92013  -40.649  -16.127  -13.142 0.0000000000
92014  -40.908  -15.388  -13.169 0.0000000000
92015  -47.940  -13.015  -13.581 0.0000000000
92027  -40.867  -16.150  -13.896 0.0000000000
92028  -48.502  -13.259  -14.415 0.0000000000
92029  -49.147  -13.222  -14.989 0.0000000000
92038  -40.965  -15.868  -14.524 0.0000000000
92039  -49.603  -13.040  -15.511 0.0000000000
92044  -40.906  -15.470  -15.140 0.0000000000
92045  -41.001  -15.016  -15.345 0.0000000000
92046  -49.155  -13.482  -16.488 0.0000000000
92047  -49.591  -13.143  -16.160 0.0000000000
92054  -40.647  -15.625  -15.446 0.0000000000
92055  -40.691  -15.181  -15.752 0.0000000000
92056  -40.651  -14.866  -16.526 0.0000000000
92057  -48.801  -13.375  -16.940 0.0000000000
92058  -49.357  -12.900  -16.775 0.0000000000
92066  -40.793  -14.589  -17.102 0.0000000000
92067  -41.214  -14.407  -17.665 0.0000000000
92068  -47.873  -13.439  -17.908 0.0000000000
92069  -48.405  -13.150  -17.626 0.0000000000
92070  -48.992  -12.856  -17.282 0.0000000000
92078  -41.532  -14.284  -18.270 0.0000000000
92079  -41.897  -14.203  -18.823 0.0000000000
92080  -47.502  -13.322  -18.409 0.0000000000
92081  -48.006  -12.982  -18.169 0.0000000000
92094  -42.279  -14.163  -19.347 0.0000000000
92095  -42.522  -14.113  -19.894 0.0000000000
92096  -42.805  -14.135  -20.316 0.0000000000
92097  -45.910  -14.001  -19.665 0.0000000000
92098  -46.399  -13.594  -19.406 0.0000000000
92099  -46.910  -13.433  -18.892 0.0000000000
92121  -43.239  -14.194  -20.683 0.0000000000
92122  -43.796  -14.133  -20.990 0.0000000000
92123  -44.391  -14.026  -21.060 0.0000000000
92124  -44.960  -13.924  -20.919 0.0000000000
92125  -45.476  -13.763  -20.322 0.0000000000
92126  -45.943  -13.345  -19.946 0.0000000000
93088  -38.912  -14.700  -9.786 0.0000000000
93089  -39.607  -13.956  -10.339 0.0000000000
93099  -39.122  -14.845  -10.536 0.0000000000
93100  -39.818  -14.027  -11.061 0.0000000000
93109  -39.730  -14.872  -11.359 0.0000000000
93110  -40.442  -14.512  -11.966 0.0000000000
93111  -47.004  -12.124  -11.641 0.0000000000
93112  -46.850  -11.604  -12.697 0.0000000000
93121  -41.022  -14.728  -12.872 0.0000000000
93122  -46.764  -12.187  -12.792 0.0000000000
93123  -47.204  -11.859  -13.216 0.0000000000
93134  -41.021  -15.657  -13.584 0.0000000000
93135  -41.196  -15.022  -13.573 0.0000000000
93136  -48.272  -12.277  -13.848 0.0000000000
93137  -48.995  -12.171  -14.210 0.0000000000
93148  -41.199  -15.467  -14.054 0.0000000000
93149  -41.389  -14.708  -14.160 0.0000000000
93150  -48.918  -12.721  -14.444 0.0000000000
93151  -49.597  -12.442  -14.792 0.0000000000
93152  -50.187  -12.097  -15.052 0.0000000000
93161  -41.226  -15.170  -14.620 0.0000000000
93162  -41.416  -14.511  -14.799 0.0000000000
93163  -50.027  -12.450  -15.369 0.0000000000
93164  -50.461  -12.018  -15.456 0.0000000000
93171  -41.205  -14.942  -15.071 0.0000000000
93172  -41.250  -14.499  -15.429 0.0000000000
93173  -50.152  -12.527  -15.853 0.0000000000
93174  -50.637  -11.919  -15.942 0.0000000000
93181  -40.998  -14.272  -16.136 0.0000000000
93182  -40.896  -13.955  -16.754 0.0000000000
93183  -50.103  -12.238  -16.517 0.0000000000
93184  -50.627  -11.725  -16.309 0.0000000000
93191  -40.984  -13.653  -17.248 0.0000000000
93192  -41.349  -13.478  -17.820 0.0000000000
93193  -48.964  -12.579  -17.776 0.0000000000
93194  -49.558  -12.296  -17.395 0.0000000000
93203  -41.652  -13.376  -18.438 0.0000000000
93204  -42.059  -13.351  -18.985 0.0000000000
93205  -47.847  -12.663  -18.601 0.0000000000
93206  -48.546  -12.380  -18.416 0.0000000000
93207  -49.244  -12.134  -18.087 0.0000000000
93221  -42.412  -13.383  -19.528 0.0000000000
93222  -42.673  -13.399  -20.114 0.0000000000
93223  -43.011  -13.457  -20.602 0.0000000000
93224  -46.710  -12.905  -19.377 0.0000000000
93225  -47.283  -12.512  -19.125 0.0000000000
93226  -47.977  -12.136  -18.964 0.0000000000
93244  -43.439  -13.392  -20.989 0.0000000000
93245  -44.037  -13.038  -21.296 0.0000000000
93246  -44.690  -13.188  -21.246 0.0000000000
93247  -45.216  -13.084  -21.000 0.0000000000
93248  -45.697  -12.667  -20.466 0.0000000000
93249  -46.267  -12.646  -19.874 0.0000000000
93250  -46.711  -12.287  -19.602 0.0000000000
93266  -44.207  -12.352  -21.377 0.0000000000
93267  -44.521  -12.387  -21.347 0.0000000000
93268  -44.991  -12.358  -21.270 0.0000000000
93269  -45.324  -12.245  -20.926 0.0000000000
94227  -40.560  -13.365  -11.587 0.0000000000
94229  -47.048  -10.838  -12.905 0.0000000000
94237  -41.181  -13.807  -12.506 0.0000000000
94238  -47.679  -11.072  -13.498 0.0000000000
94239  -48.527  -11.035  -13.729 0.0000000000
94250  -41.526  -14.121  -13.500 0.0000000000
94251  -48.577  -11.645  -13.905 0.0000000000
94252  -49.396  -11.518  -14.155 0.0000000000
94253  -50.129  -11.321  -14.408 0.0000000000
94264  -41.660  -13.924  -14.388 0.0000000000
94265  -50.026  -11.828  -14.666 0.0000000000
94266  -50.538  -11.515  -14.882 0.0000000000
94275  -41.656  -13.812  -15.100 0.0000000000
94276  -50.924  -11.409  -15.429 0.0000000000
94277  -51.219  -11.058  -15.481 0.0000000000
94283  -41.489  -13.685  -15.750 0.0000000000
94284  -51.041  -11.278  -15.953 0.0000000000
94285  -51.257  -10.877  -15.650 0.0000000000
94292  -41.266  -13.365  -16.365 0.0000000000
94293  -41.103  -12.959  -16.905 0.0000000000
94294  -50.443  -11.722  -16.631 0.0000000000
94295  -50.704  -11.307  -16.535 0.0000000000
94302  -41.210  -12.677  -17.444 0.0000000000
94303  -41.427  -12.513  -18.067 0.0000000000
94304  -50.252  -11.517  -17.158 0.0000000000
94305  -50.580  -11.069  -16.885 0.0000000000
94314  -41.785  -12.466  -18.677 0.0000000000
94315  -42.252  -12.531  -19.237 0.0000000000
94316  -49.047  -11.551  -18.495 0.0000000000
94317  -49.636  -11.572  -17.929 0.0000000000
94330  -42.550  -12.707  -19.781 0.0000000000
94331  -42.905  -12.500  -20.393 0.0000000000
94332  -43.181  -12.952  -20.792 0.0000000000
94333  -47.662  -11.585  -19.469 0.0000000000
94334  -48.401  -11.440  -19.087 0.0000000000
94351  -43.141  -11.909  -20.607 0.0000000000
94352  -43.441  -12.344  -20.982 0.0000000000
94353  -43.961  -12.075  -21.315 0.0000000000
94354  -46.002  -11.981  -20.285 0.0000000000
94355  -46.475  -11.723  -20.097 0.0000000000
94356  -46.991  -11.699  -19.722 0.0000000000
94371  -44.372  -11.792  -21.389 0.0000000000
94372  -44.914  -11.454  -21.424 0.0000000000
94373  -45.303  -11.602  -21.216 0.0000000000
94374  -45.754  -11.563  -20.807 0.0000000000
94375  -46.199  -11.446  -20.559 0.0000000000
94392  -45.169  -10.875  -21.504 0.0000000000
94393  -45.374  -10.989  -21.419 0.0000000000
94394  -45.664  -11.045  -21.258 0.0000000000
95270  -47.657  -9.948  -13.000 0.0000000000
95271  -48.368  -9.646  -12.952 0.0000000000
95281  -48.070  -10.548  -13.473 0.0000000000
95282  -49.154  -10.352  -13.478 0.0000000000
95283  -50.123  -10.108  -13.502 0.0000000000
95294  -41.770  -13.136  -13.101 0.0000000000
95295  -49.881  -11.010  -14.018 0.0000000000
95296  -50.607  -10.621  -14.115 0.0000000000
95297  -51.336  -10.137  -14.262 0.0000000000
95307  -41.923  -13.283  -13.970 0.0000000000
95308  -51.034  -11.058  -14.872 0.0000000000
95309  -51.346  -10.522  -14.726 0.0000000000
95318  -42.017  -13.076  -14.729 0.0000000000
95319  -42.145  -12.472  -15.192 0.0000000000
95320  -51.263  -10.933  -15.183 0.0000000000
95321  -51.388  -10.513  -15.247 0.0000000000
95326  -41.838  -13.075  -15.423 0.0000000000
95327  -41.850  -12.313  -15.727 0.0000000000
95328  -51.005  -10.990  -16.229 0.0000000000
95329  -51.208  -10.553  -15.844 0.0000000000
95336  -41.610  -12.960  -15.950 0.0000000000
95337  -41.452  -12.274  -16.411 0.0000000000
95338  -50.752  -10.606  -16.510 0.0000000000
95339  -50.980  -10.193  -16.114 0.0000000000
95346  -41.328  -11.908  -17.065 0.0000000000
95347  -41.432  -11.658  -17.664 0.0000000000
95348  -49.873  -10.793  -17.705 0.0000000000
95349  -50.350  -10.699  -17.149 0.0000000000
95361  -41.665  -11.542  -18.295 0.0000000000
95362  -42.064  -11.567  -18.927 0.0000000000
95363  -48.783  -10.776  -18.836 0.0000000000
95364  -49.312  -10.816  -18.282 0.0000000000
95380  -42.550  -11.704  -19.650 0.0000000000
95381  -42.923  -11.417  -20.285 0.0000000000
95382  -47.875  -10.799  -19.576 0.0000000000
95383  -48.349  -10.633  -19.267 0.0000000000
95397  -43.314  -11.324  -20.699 0.0000000000
95398  -43.758  -11.311  -21.113 0.0000000000
95399  -44.137  -11.423  -21.325 0.0000000000
95400  -46.832  -11.260  -20.178 0.0000000000
95401  -47.162  -10.817  -20.043 0.0000000000
95408  -44.118  -10.895  -21.257 0.0000000000
95409  -44.532  -10.916  -21.407 0.0000000000
95410  -45.033  -10.590  -21.496 0.0000000000
95411  -46.178  -11.093  -20.845 0.0000000000
95412  -46.486  -10.705  -20.571 0.0000000000
95413  -46.668  -10.292  -20.229 0.0000000000
95426  -45.386  -10.419  -21.442 0.0000000000
95427  -45.721  -10.430  -21.350 0.0000000000
95428  -46.079  -10.573  -21.105 0.0000000000
95429  -46.279  -10.179  -20.946 0.0000000000
96358  -48.358  -8.948  -12.472 0.0000000000
96359  -49.040  -8.471  -12.374 0.0000000000
96370  -48.829  -9.449  -13.032 0.0000000000
96371  -49.926  -9.252  -12.990 0.0000000000
96372  -50.951  -8.964  -12.987 0.0000000000
96386  -50.524  -9.936  -13.573 0.0000000000
96387  -51.182  -9.576  -13.676 0.0000000000
96397  -42.204  -12.531  -13.753 0.0000000000
96400  -51.705  -9.605  -14.499 0.0000000000
96401  -52.014  -8.944  -14.435 0.0000000000
96410  -42.165  -12.761  -14.282 0.0000000000
96411  -42.386  -12.047  -14.587 0.0000000000
96412  -51.535  -9.849  -15.213 0.0000000000
96413  -51.776  -9.154  -14.766 0.0000000000
96420  -42.262  -11.664  -15.378 0.0000000000
96421  -51.132  -9.646  -15.737 0.0000000000
96422  -51.515  -9.272  -15.208 0.0000000000
96429  -41.838  -11.371  -16.014 0.0000000000
96430  -50.243  -9.942  -16.850 0.0000000000
96431  -50.639  -9.774  -16.297 0.0000000000
96436  -41.617  -11.120  -16.662 0.0000000000
96437  -41.603  -10.855  -17.256 0.0000000000
96438  -49.315  -9.899  -17.911 0.0000000000
96439  -49.902  -10.106  -17.379 0.0000000000
96455  -41.758  -10.544  -17.860 0.0000000000
96456  -42.038  -10.610  -18.497 0.0000000000
96457  -48.348  -9.916  -19.028 0.0000000000
96458  -48.896  -10.161  -18.526 0.0000000000
96474  -42.474  -10.639  -19.103 0.0000000000
96475  -42.728  -10.573  -19.815 0.0000000000
96476  -47.317  -10.041  -19.698 0.0000000000
96477  -47.911  -10.143  -19.398 0.0000000000
96489  -43.090  -10.478  -20.339 0.0000000000
96490  -43.567  -10.392  -20.758 0.0000000000
96491  -43.951  -9.984  -20.915 0.0000000000
96492  -46.808  -9.908  -20.044 0.0000000000
96502  -43.920  -10.562  -21.080 0.0000000000
96503  -44.310  -10.135  -21.188 0.0000000000
96504  -44.836  -9.948  -21.400 0.0000000000
96505  -46.365  -9.732  -20.832 0.0000000000
96506  -46.530  -9.782  -20.434 0.0000000000
96518  -45.305  -9.789  -21.448 0.0000000000
96519  -45.702  -9.731  -21.392 0.0000000000
96520  -46.023  -9.724  -21.289 0.0000000000
96521  -46.222  -9.708  -21.106 0.0000000000
97442  -49.011  -8.196  -11.230 0.0000000000
97443  -49.832  -7.874  -11.456 0.0000000000
97451  -49.642  -8.241  -12.170 0.0000000000
97452  -50.667  -8.217  -12.241 0.0000000000
97465  -51.568  -8.446  -13.275 0.0000000000
97466  -52.123  -7.988  -13.512 0.0000000000
97477  -42.691  -10.996  -14.370 0.0000000000
97479  -51.874  -9.098  -13.887 0.0000000000
97480  -52.187  -8.502  -14.034 0.0000000000
97490  -42.674  -10.968  -15.003 0.0000000000
97491  -52.114  -8.483  -14.545 0.0000000000
97497  -42.321  -10.625  -15.611 0.0000000000
97498  -51.192  -8.823  -15.401 0.0000000000
97499  -51.736  -8.676  -15.004 0.0000000000
97504  -41.993  -10.296  -16.267 0.0000000000
97505  -50.227  -9.248  -16.584 0.0000000000
97506  -50.569  -8.852  -15.981 0.0000000000
97519  -41.849  -10.083  -16.865 0.0000000000
97520  -41.898  -9.866  -17.386 0.0000000000
97521  -48.888  -8.952  -17.730 0.0000000000
97522  -49.604  -9.106  -17.127 0.0000000000
97523  -49.966  -8.592  -16.469 0.0000000000
97541  -42.053  -9.644  -17.753 0.0000000000
97542  -42.129  -9.748  -18.130 0.0000000000
97543  -48.082  -9.000  -18.976 0.0000000000
97544  -48.577  -9.265  -18.414 0.0000000000
97557  -42.411  -9.696  -18.655 0.0000000000
97558  -42.652  -9.655  -19.326 0.0000000000
97559  -46.997  -9.380  -19.898 0.0000000000
97560  -47.546  -9.146  -19.505 0.0000000000
97571  -42.875  -9.596  -19.968 0.0000000000
97572  -43.284  -9.548  -20.387 0.0000000000
97573  -43.722  -9.424  -20.710 0.0000000000
97574  -46.715  -9.184  -20.319 0.0000000000
97575  -46.971  -8.643  -20.121 0.0000000000
97585  -44.148  -9.309  -20.990 0.0000000000
97586  -44.632  -9.196  -21.230 0.0000000000
97587  -46.339  -9.174  -21.020 0.0000000000
97588  -46.530  -8.911  -20.812 0.0000000000
97589  -46.765  -8.533  -20.594 0.0000000000
97600  -45.185  -8.958  -21.372 0.0000000000
97601  -45.651  -8.990  -21.380 0.0000000000
97602  -46.006  -8.943  -21.314 0.0000000000
97603  -46.258  -8.909  -21.173 0.0000000000
97604  -46.405  -8.739  -21.040 0.0000000000
98550  -49.518  -7.157  -10.035 0.0000000000
98555  -49.545  -7.647  -10.622 0.0000000000
98556  -50.276  -7.364  -10.966 0.0000000000
98557  -50.851  -7.069  -11.325 0.0000000000
98564  -50.982  -7.566  -11.768 0.0000000000
98565  -51.349  -7.155  -11.978 0.0000000000
98576  -51.370  -7.799  -12.439 0.0000000000
98577  -51.927  -7.463  -12.891 0.0000000000
98587  -43.000  -10.311  -14.661 0.0000000000
98588  -43.206  -10.296  -14.237 0.0000000000
98589  -52.406  -7.503  -13.617 0.0000000000
98596  -42.797  -9.909  -15.148 0.0000000000
98597  -52.362  -7.669  -14.203 0.0000000000
98603  -42.380  -9.476  -15.815 0.0000000000
98604  -51.475  -8.347  -15.198 0.0000000000
98605  -51.913  -7.814  -14.893 0.0000000000
98612  -42.178  -9.133  -16.522 0.0000000000
98613  -42.235  -8.601  -16.978 0.0000000000
98614  -50.977  -8.001  -15.463 0.0000000000
98615  -51.236  -7.306  -15.191 0.0000000000
98629  -42.042  -9.291  -17.057 0.0000000000
98630  -42.224  -8.822  -17.535 0.0000000000
98631  -42.373  -8.328  -17.829 0.0000000000
98632  -48.690  -8.158  -17.216 0.0000000000
98633  -49.351  -7.960  -16.557 0.0000000000
98634  -50.104  -7.785  -16.027 0.0000000000
98649  -42.184  -9.242  -17.895 0.0000000000
98650  -42.338  -8.777  -18.179 0.0000000000
98651  -48.166  -8.376  -18.647 0.0000000000
98652  -48.364  -8.343  -17.981 0.0000000000
98663  -42.568  -8.740  -18.883 0.0000000000
98664  -42.813  -8.719  -19.530 0.0000000000
98665  -47.791  -8.156  -19.243 0.0000000000
98675  -43.101  -8.720  -20.070 0.0000000000
98676  -43.526  -8.674  -20.423 0.0000000000
98677  -43.962  -8.602  -20.732 0.0000000000
98678  -47.306  -7.902  -19.912 0.0000000000
98688  -44.432  -8.493  -20.981 0.0000000000
98689  -44.945  -8.303  -21.207 0.0000000000
98690  -46.734  -8.170  -20.882 0.0000000000
98691  -47.118  -7.804  -20.695 0.0000000000
98703  -45.348  -8.161  -21.302 0.0000000000
98704  -45.619  -8.256  -21.348 0.0000000000
98705  -45.994  -8.162  -21.354 0.0000000000
98706  -46.327  -8.088  -21.274 0.0000000000
98707  -46.596  -8.068  -21.122 0.0000000000
98708  -46.996  -7.612  -21.123 0.0000000000
99639  -49.812  -6.519  -9.771 0.0000000000
99640  -50.333  -6.130  -10.269 0.0000000000
99646  -50.444  -6.698  -10.723 0.0000000000
99647  -50.889  -6.285  -11.216 0.0000000000
99648  -51.413  -5.890  -11.618 0.0000000000
99656  -51.693  -6.562  -12.200 0.0000000000
99657  -51.911  -5.919  -12.240 0.0000000000
99670  -43.619  -8.653  -13.743 0.0000000000
99671  -43.434  -9.611  -13.835 0.0000000000
99672  -52.293  -6.688  -12.981 0.0000000000
99673  -52.304  -6.040  -12.908 0.0000000000
99682  -43.350  -9.253  -14.447 0.0000000000
99683  -43.403  -9.901  -14.098 0.0000000000
99684  -52.473  -6.639  -13.670 0.0000000000
99685  -52.403  -6.038  -13.279 0.0000000000
99692  -42.882  -8.690  -15.318 0.0000000000
99693  -52.255  -6.940  -14.364 0.0000000000
99703  -42.508  -8.267  -16.004 0.0000000000
99704  -51.617  -6.898  -14.817 0.0000000000
99719  -42.431  -7.952  -16.611 0.0000000000
99720  -42.406  -7.836  -17.157 0.0000000000
99721  -49.756  -6.513  -15.644 0.0000000000
99722  -50.332  -6.984  -15.542 0.0000000000
99723  -51.004  -6.736  -15.127 0.0000000000
99739  -42.450  -7.851  -17.617 0.0000000000
99740  -42.478  -7.883  -17.999 0.0000000000
99741  -48.711  -7.106  -16.757 0.0000000000
99742  -49.453  -6.981  -15.967 0.0000000000
99743  -49.896  -7.250  -15.811 0.0000000000
99758  -42.592  -7.868  -18.471 0.0000000000
99759  -48.126  -7.888  -18.286 0.0000000000
99760  -48.297  -7.190  -17.917 0.0000000000
99770  -42.878  -7.826  -19.039 0.0000000000
99771  -43.255  -7.894  -19.600 0.0000000000
99772  -48.022  -7.518  -18.775 0.0000000000
99773  -47.852  -6.511  -18.782 0.0000000000
99782  -43.479  -8.029  -20.080 0.0000000000
99783  -43.899  -7.786  -20.382 0.0000000000
99784  -44.257  -7.966  -20.706 0.0000000000
99785  -47.614  -7.006  -19.521 0.0000000000
99786  -47.536  -6.082  -19.349 0.0000000000
99796  -44.363  -7.386  -20.498 0.0000000000
99797  -44.775  -7.567  -20.813 0.0000000000
99798  -45.458  -7.429  -21.106 0.0000000000
99799  -45.796  -6.950  -21.258 0.0000000000
99800  -47.430  -6.727  -20.497 0.0000000000
99813  -45.591  -7.817  -21.299 0.0000000000
99814  -45.899  -7.349  -21.347 0.0000000000
99815  -46.357  -7.243  -21.397 0.0000000000
99816  -46.718  -7.142  -21.372 0.0000000000
99817  -47.033  -6.978  -21.321 0.0000000000
99818  -47.263  -6.833  -21.108 0.0000000000
100720  -49.838  -5.831  -8.981 0.0000000000
100727  -50.162  -5.943  -9.698 0.0000000000
100728  -50.357  -5.261  -9.953 0.0000000000
100729  -50.680  -4.622  -10.304 0.0000000000
100736  -50.946  -5.597  -11.084 0.0000000000
100737  -51.259  -5.107  -11.205 0.0000000000
100746  -51.922  -5.282  -12.142 0.0000000000
100758  -43.878  -7.521  -13.470 0.0000000000
100759  -52.084  -5.524  -12.852 0.0000000000
100767  -43.689  -7.790  -14.187 0.0000000000
100768  -52.291  -6.285  -14.042 0.0000000000
100769  -52.227  -5.792  -13.581 0.0000000000
100775  -43.470  -7.803  -14.899 0.0000000000
100776  -51.716  -6.163  -14.379 0.0000000000
100777  -51.958  -5.762  -14.014 0.0000000000
100785  -42.961  -7.424  -15.592 0.0000000000
100786  -51.089  -6.335  -14.738 0.0000000000
100801  -42.616  -6.984  -16.162 0.0000000000
100802  -42.530  -6.885  -16.772 0.0000000000
100803  -49.476  -6.026  -15.807 0.0000000000
100804  -49.982  -6.108  -15.396 0.0000000000
100805  -50.557  -6.218  -15.081 0.0000000000
100819  -42.532  -6.917  -17.421 0.0000000000
100820  -42.545  -7.316  -17.792 0.0000000000
100821  -48.498  -6.088  -17.261 0.0000000000
100822  -48.938  -6.099  -16.396 0.0000000000
100834  -42.599  -6.724  -17.855 0.0000000000
100835  -42.634  -7.199  -18.122 0.0000000000
100836  -48.118  -5.861  -18.165 0.0000000000
100847  -42.652  -6.548  -18.158 0.0000000000
100848  -42.919  -6.860  -18.542 0.0000000000
100849  -43.410  -6.918  -19.140 0.0000000000
100850  -47.642  -5.521  -18.892 0.0000000000
100860  -43.794  -7.034  -19.813 0.0000000000
100861  -44.242  -6.828  -20.221 0.0000000000
100862  -47.506  -6.132  -19.950 0.0000000000
100863  -47.574  -5.337  -19.723 0.0000000000
100872  -44.681  -6.713  -20.466 0.0000000000
100873  -45.256  -6.580  -20.762 0.0000000000
100874  -45.745  -6.514  -21.092 0.0000000000
100875  -45.996  -6.456  -21.336 0.0000000000
100876  -47.610  -5.487  -20.539 0.0000000000
100877  -47.696  -4.994  -20.258 0.0000000000
100889  -46.343  -6.363  -21.414 0.0000000000
100890  -46.746  -6.228  -21.506 0.0000000000
100891  -47.066  -6.063  -21.492 0.0000000000
100892  -47.287  -5.895  -21.367 0.0000000000
100893  -47.488  -5.762  -21.094 0.0000000000
101740  -50.532  -4.202  -9.516 0.0000000000
101748  -50.913  -4.139  -10.410 0.0000000000
101757  -44.172  -6.312  -13.020 0.0000000000
101759  -51.522  -4.399  -11.333 0.0000000000
101767  -44.083  -6.664  -13.941 0.0000000000
101768  -51.773  -4.592  -12.127 0.0000000000
101773  -43.837  -6.956  -14.564 0.0000000000
101774  -51.715  -4.943  -13.067 0.0000000000
101778  -43.480  -6.618  -15.142 0.0000000000
101779  -51.509  -5.180  -14.351 0.0000000000
101780  -51.732  -5.098  -13.815 0.0000000000
101788  -42.891  -6.174  -15.795 0.0000000000
101789  -42.690  -5.517  -15.898 0.0000000000
101790  -50.613  -5.025  -15.486 0.0000000000
101791  -50.963  -5.435  -14.904 0.0000000000
101806  -42.703  -6.353  -16.089 0.0000000000
101807  -42.785  -5.915  -16.295 0.0000000000
101808  -49.359  -5.205  -16.278 0.0000000000
101809  -50.038  -5.262  -15.792 0.0000000000
101810  -50.404  -5.640  -15.303 0.0000000000
101819  -42.761  -5.751  -17.066 0.0000000000
101820  -43.040  -5.160  -17.232 0.0000000000
101821  -48.507  -5.078  -17.671 0.0000000000
101822  -48.890  -5.169  -16.952 0.0000000000
101831  -42.652  -6.108  -17.723 0.0000000000
101832  -42.990  -5.331  -17.592 0.0000000000
101833  -48.051  -4.823  -18.395 0.0000000000
101843  -42.609  -6.267  -17.999 0.0000000000
101844  -42.935  -5.814  -18.184 0.0000000000
101845  -43.362  -5.846  -18.830 0.0000000000
101846  -47.674  -4.643  -19.166 0.0000000000
101857  -43.802  -5.872  -19.449 0.0000000000
101858  -44.242  -5.766  -20.047 0.0000000000
101859  -44.518  -5.077  -20.260 0.0000000000
101860  -47.789  -4.521  -19.983 0.0000000000
101870  -44.482  -6.231  -20.301 0.0000000000
101871  -44.871  -5.618  -20.475 0.0000000000
101872  -45.737  -5.551  -20.919 0.0000000000
101873  -45.949  -6.015  -21.226 0.0000000000
101874  -47.780  -4.791  -21.151 0.0000000000
101875  -47.810  -4.622  -20.640 0.0000000000
101887  -46.125  -5.052  -21.085 0.0000000000
101888  -46.272  -5.488  -21.283 0.0000000000
101889  -46.733  -5.316  -21.550 0.0000000000
101890  -47.132  -5.099  -21.633 0.0000000000
101891  -47.405  -4.892  -21.597 0.0000000000
101892  -47.635  -4.804  -21.475 0.0000000000
102766  -50.779  -3.395  -9.211 0.0000000000
102777  -51.271  -3.563  -10.457 0.0000000000
102786  -44.204  -5.206  -13.043 0.0000000000
102788  -51.608  -3.817  -11.283 0.0000000000
102789  -51.522  -3.587  -11.402 0.0000000000
102795  -44.305  -5.585  -13.752 0.0000000000
102796  -51.607  -3.934  -11.812 0.0000000000
102797  -51.344  -3.567  -11.795 0.0000000000
102805  -43.950  -5.883  -14.515 0.0000000000
102806  -51.426  -3.997  -12.491 0.0000000000
102807  -51.212  -3.534  -12.149 0.0000000000
102814  -43.341  -5.409  -15.197 0.0000000000
102815  -43.059  -4.737  -15.512 0.0000000000
102816  -51.534  -4.349  -14.264 0.0000000000
102817  -51.537  -4.302  -13.470 0.0000000000
102832  -42.806  -5.306  -15.690 0.0000000000
102833  -42.786  -4.857  -15.925 0.0000000000
102834  -50.888  -4.693  -15.365 0.0000000000
102835  -51.233  -4.213  -15.102 0.0000000000
102853  -42.849  -4.763  -16.510 0.0000000000
102854  -43.079  -4.328  -16.904 0.0000000000
102855  -49.840  -4.655  -16.235 0.0000000000
102856  -50.526  -4.081  -15.952 0.0000000000
102857  -51.130  -3.598  -15.694 0.0000000000
102868  -43.072  -4.948  -16.993 0.0000000000
102869  -43.303  -4.567  -17.330 0.0000000000
102870  -48.858  -4.559  -17.340 0.0000000000
102871  -49.494  -4.077  -16.922 0.0000000000
102872  -50.310  -3.544  -16.665 0.0000000000
102882  -43.653  -4.689  -17.939 0.0000000000
102883  -44.058  -4.353  -18.459 0.0000000000
102884  -48.602  -3.971  -17.841 0.0000000000
102885  -49.169  -3.522  -17.586 0.0000000000
102894  -43.578  -5.076  -18.518 0.0000000000
102895  -44.000  -4.675  -19.128 0.0000000000
102896  -44.153  -4.202  -19.774 0.0000000000
102897  -48.068  -3.964  -18.725 0.0000000000
102909  -44.118  -5.004  -19.719 0.0000000000
102910  -44.320  -4.491  -20.118 0.0000000000
102911  -44.755  -4.470  -20.421 0.0000000000
102912  -47.942  -3.841  -19.524 0.0000000000
102925  -45.354  -4.551  -20.701 0.0000000000
102926  -45.953  -4.493  -20.974 0.0000000000
102927  -47.954  -4.238  -21.054 0.0000000000
102928  -48.015  -3.665  -20.531 0.0000000000
102944  -46.307  -4.615  -21.202 0.0000000000
102945  -46.647  -4.402  -21.462 0.0000000000
102946  -47.101  -4.194  -21.778 0.0000000000
102947  -47.615  -3.876  -22.040 0.0000000000
102948  -47.918  -3.818  -21.939 0.0000000000
102949  -48.132  -3.826  -21.532 0.0000000000
102950  -48.298  -2.976  -21.168 0.0000000000
102970  -47.842  -3.336  -22.342 0.0000000000
102971  -47.988  -3.352  -22.255 0.0000000000
103818  -51.183  -2.769  -9.439 0.0000000000
103819  -51.482  -1.986  -8.551 0.0000000000
103829  -51.387  -3.169  -10.608 0.0000000000
103830  -51.376  -2.387  -9.884 0.0000000000
103834  -43.995  -4.360  -12.814 0.0000000000
103836  -51.577  -3.426  -11.099 0.0000000000
103837  -51.390  -3.037  -11.047 0.0000000000
103845  -44.178  -4.557  -13.511 0.0000000000
103846  -43.818  -3.576  -13.053 0.0000000000
103847  -50.836  -3.140  -12.351 0.0000000000
103848  -51.017  -3.157  -11.846 0.0000000000
103856  -44.118  -4.845  -14.227 0.0000000000
103857  -44.016  -3.757  -13.912 0.0000000000
103858  -51.100  -3.289  -13.955 0.0000000000
103859  -51.045  -3.482  -13.055 0.0000000000
103860  -51.069  -3.465  -12.389 0.0000000000
103866  -43.820  -5.074  -14.708 0.0000000000
103867  -43.666  -4.185  -14.857 0.0000000000
103868  -51.356  -3.438  -14.804 0.0000000000
103869  -51.475  -3.814  -13.968 0.0000000000
103886  -43.255  -3.963  -15.596 0.0000000000
103887  -51.466  -3.123  -15.664 0.0000000000
103900  -43.041  -3.904  -16.075 0.0000000000
103901  -43.207  -3.758  -16.547 0.0000000000
103902  -51.003  -3.113  -16.693 0.0000000000
103903  -51.342  -3.158  -16.205 0.0000000000
103914  -43.461  -3.682  -17.054 0.0000000000
103915  -49.598  -3.245  -17.509 0.0000000000
103916  -50.383  -3.067  -17.279 0.0000000000
103928  -43.837  -3.770  -17.579 0.0000000000
103929  -44.183  -3.696  -18.099 0.0000000000
103930  -48.428  -3.337  -18.526 0.0000000000
103931  -49.272  -2.857  -18.192 0.0000000000
103932  -49.923  -2.827  -17.736 0.0000000000
103943  -44.186  -3.367  -18.834 0.0000000000
103944  -44.184  -3.425  -19.611 0.0000000000
103945  -48.116  -3.331  -19.054 0.0000000000
103946  -48.487  -2.725  -18.992 0.0000000000
103960  -44.270  -3.494  -20.068 0.0000000000
103961  -44.575  -3.548  -20.351 0.0000000000
103962  -48.062  -2.965  -19.648 0.0000000000
103963  -48.351  -2.152  -19.594 0.0000000000
103977  -45.047  -3.578  -20.663 0.0000000000
103978  -45.624  -3.580  -20.902 0.0000000000
103979  -48.240  -2.332  -20.335 0.0000000000
103980  -48.250  -1.827  -19.930 0.0000000000
103994  -46.240  -3.553  -21.286 0.0000000000
103995  -46.810  -3.176  -21.908 0.0000000000
103996  -47.335  -3.272  -22.189 0.0000000000
103997  -47.654  -3.172  -22.340 0.0000000000
103998  -48.230  -3.323  -21.995 0.0000000000
103999  -48.322  -2.645  -21.784 0.0000000000
104000  -48.362  -2.237  -21.166 0.0000000000
104013  -47.130  -2.562  -22.246 0.0000000000
104014  -47.474  -2.574  -22.337 0.0000000000
104015  -47.844  -2.738  -22.320 0.0000000000
104016  -48.144  -2.777  -22.183 0.0000000000
104017  -48.250  -2.271  -22.063 0.0000000000
104864  -51.830  -1.417  -9.024 0.0000000000
104872  -50.864  -1.854  -10.933 0.0000000000
104873  -51.171  -2.038  -10.388 0.0000000000
104884  -43.583  -2.614  -13.362 0.0000000000
104885  -50.545  -2.257  -12.450 0.0000000000
104886  -50.708  -2.477  -11.828 0.0000000000
104887  -51.119  -2.678  -11.294 0.0000000000
104894  -43.712  -2.824  -14.254 0.0000000000
104895  -50.651  -2.690  -13.167 0.0000000000
104896  -50.740  -2.976  -12.610 0.0000000000
104906  -43.537  -2.976  -15.090 0.0000000000
104907  -51.157  -2.668  -14.518 0.0000000000
104930  -43.408  -3.057  -15.722 0.0000000000
104931  -51.809  -2.461  -15.659 0.0000000000
104951  -43.411  -2.980  -16.154 0.0000000000
104952  -43.701  -2.812  -16.655 0.0000000000
104953  -51.705  -2.704  -16.785 0.0000000000
104954  -52.022  -2.529  -16.490 0.0000000000
104974  -44.068  -2.879  -17.267 0.0000000000
104975  -51.657  -2.369  -17.368 0.0000000000
104976  -52.130  -2.434  -17.033 0.0000000000
104995  -44.218  -3.047  -17.772 0.0000000000
104996  -44.410  -2.691  -18.220 0.0000000000
104997  -49.701  -2.079  -18.413 0.0000000000
104998  -50.430  -2.109  -17.949 0.0000000000
105016  -44.317  -2.243  -18.827 0.0000000000
105017  -44.291  -2.401  -19.422 0.0000000000
105018  -49.266  -1.879  -19.084 0.0000000000
105019  -49.998  -1.544  -18.512 0.0000000000
105035  -44.420  -2.406  -20.032 0.0000000000
105036  -44.471  -2.956  -20.257 0.0000000000
105037  -48.460  -1.147  -20.218 0.0000000000
105038  -48.603  -1.429  -19.800 0.0000000000
105049  -44.641  -1.768  -20.311 0.0000000000
105050  -44.899  -2.360  -20.587 0.0000000000
105051  -45.320  -2.962  -20.797 0.0000000000
105052  -48.391  -1.463  -20.743 0.0000000000
105053  -48.301  -1.603  -20.160 0.0000000000
105059  -45.220  -1.756  -20.993 0.0000000000
105060  -45.607  -2.348  -21.160 0.0000000000
105061  -46.327  -2.216  -21.676 0.0000000000
105062  -48.274  -1.751  -21.903 0.0000000000
105063  -48.344  -1.656  -21.473 0.0000000000
105069  -46.823  -1.937  -22.088 0.0000000000
105070  -47.226  -1.774  -22.269 0.0000000000
105071  -47.608  -1.811  -22.284 0.0000000000
105072  -47.934  -1.863  -22.250 0.0000000000
105073  -48.136  -1.791  -22.122 0.0000000000
105845  -51.918  -0.719  -9.230 0.0000000000
105852  -50.370  -1.608  -11.913 0.0000000000
105853  -50.590  -1.624  -11.250 0.0000000000
105854  -50.958  -1.264  -10.199 0.0000000000
105867  -50.372  -1.892  -12.729 0.0000000000
105868  -50.517  -1.964  -12.044 0.0000000000
105882  -50.669  -1.975  -13.962 0.0000000000
105903  -43.614  -1.854  -14.522 0.0000000000
105904  -51.482  -1.840  -15.123 0.0000000000
105926  -43.545  -1.938  -15.379 0.0000000000
105927  -43.723  -1.332  -15.566 0.0000000000
105928  -52.300  -1.686  -15.940 0.0000000000
105942  -43.478  -2.446  -15.853 0.0000000000
105943  -43.734  -1.774  -16.063 0.0000000000
105944  -52.395  -1.924  -16.454 0.0000000000
105960  -44.345  -1.653  -16.949 0.0000000000
105961  -44.615  -1.144  -17.604 0.0000000000
105962  -52.251  -1.816  -17.697 0.0000000000
105963  -52.502  -1.797  -17.239 0.0000000000
105978  -44.489  -2.174  -17.665 0.0000000000
105979  -44.610  -1.457  -18.306 0.0000000000
105980  -51.863  -1.612  -18.061 0.0000000000
105989  -44.502  -1.303  -19.213 0.0000000000
105990  -44.451  -1.638  -19.739 0.0000000000
105991  -50.044  -1.090  -19.033 0.0000000000
105992  -50.988  -1.052  -18.632 0.0000000000
105997  -44.506  -0.877  -19.753 0.0000000000
105998  -44.554  -1.159  -20.125 0.0000000000
105999  -48.837  -0.814  -20.072 0.0000000000
106000  -49.480  -0.779  -19.628 0.0000000000
106004  -44.756  -1.153  -20.536 0.0000000000
106005  -45.023  -1.177  -20.924 0.0000000000
106006  -48.690  -0.665  -20.553 0.0000000000
106012  -45.389  -1.174  -21.280 0.0000000000
106013  -45.899  -1.210  -21.635 0.0000000000
106014  -46.454  -1.067  -21.966 0.0000000000
106015  -48.254  -1.034  -21.698 0.0000000000
106016  -48.484  -0.671  -21.255 0.0000000000
106023  -46.931  -0.774  -22.246 0.0000000000
106024  -47.382  -0.881  -22.304 0.0000000000
106025  -47.751  -0.926  -22.264 0.0000000000
106026  -48.004  -0.946  -22.178 0.0000000000
106027  -48.157  -0.961  -21.976 0.0000000000
106802  -50.313  -1.239  -11.378 0.0000000000
106803  -50.602  -0.886  -10.491 0.0000000000
106804  -51.615  -0.188  -9.532 0.0000000000
106823  -50.054  -1.279  -12.141 0.0000000000
106840  -50.082  -1.310  -13.330 0.0000000000
106862  -43.605  -0.987  -14.718 0.0000000000
106864  -50.874  -1.152  -14.538 0.0000000000
106873  -43.683  -1.020  -15.237 0.0000000000
106874  -43.981  -0.521  -15.557 0.0000000000
106875  -52.182  -0.893  -15.660 0.0000000000
106876  -52.969  -0.333  -16.442 0.0000000000
106879  -44.374  -0.456  -16.327 0.0000000000
106880  -52.907  -1.115  -16.695 0.0000000000
106881  -53.363  -0.172  -17.223 0.0000000000
106888  -44.659  -0.107  -17.183 0.0000000000
106889  -44.681  -0.205  -17.998 0.0000000000
106890  -52.577  -1.324  -17.917 0.0000000000
106891  -53.184  -0.522  -17.839 0.0000000000
106892  -53.580  0.059  -17.732 0.0000000000
106901  -44.579  -0.256  -18.807 0.0000000000
106902  -52.443  -0.582  -18.503 0.0000000000
106903  -53.132  -0.151  -18.398 0.0000000000
106910  -44.419  -0.154  -19.554 0.0000000000
106911  -50.608  -0.285  -19.339 0.0000000000
106912  -51.571  -0.203  -18.974 0.0000000000
106918  -44.398  -0.110  -20.078 0.0000000000
106919  -44.570  -0.176  -20.484 0.0000000000
106920  -49.388  -0.127  -20.304 0.0000000000
106921  -50.067  0.000  -19.875 0.0000000000
106925  -44.863  -0.297  -20.829 0.0000000000
106926  -45.199  -0.306  -21.150 0.0000000000
106927  -48.969  0.021  -20.922 0.0000000000
106934  -45.673  -0.196  -21.499 0.0000000000
106935  -46.165  -0.185  -21.848 0.0000000000
106936  -46.572  -0.004  -22.125 0.0000000000
106937  -48.467  -0.154  -21.876 0.0000000000
106938  -48.749  0.161  -21.442 0.0000000000
106945  -46.888  0.311  -22.279 0.0000000000
106946  -47.241  0.086  -22.358 0.0000000000
106947  -47.640  0.040  -22.371 0.0000000000
106948  -47.960  -0.009  -22.340 0.0000000000
106949  -48.192  -0.067  -22.178 0.0000000000
107704  -50.048  -0.468  -13.861 0.0000000000
107723  -51.349  -0.168  -15.037 0.0000000000
107728  -44.381  0.661  -15.766 0.0000000000
107729  -52.560  0.146  -15.909 0.0000000000
107730  -53.314  0.395  -16.708 0.0000000000
107735  -44.697  0.771  -16.558 0.0000000000
107736  -53.702  0.511  -17.455 0.0000000000
107745  -44.923  1.062  -17.175 0.0000000000
107746  -44.953  0.909  -17.739 0.0000000000
107747  -53.359  0.058  -18.316 0.0000000000
107748  -53.639  0.465  -18.124 0.0000000000
107755  -44.796  0.847  -18.488 0.0000000000
107756  -52.174  0.127  -18.916 0.0000000000
107757  -52.961  0.533  -18.745 0.0000000000
107758  -53.511  0.857  -18.515 0.0000000000
107766  -44.611  0.830  -19.294 0.0000000000
107767  -50.578  0.364  -19.674 0.0000000000
107768  -51.509  0.753  -19.381 0.0000000000
107769  -52.426  1.116  -19.190 0.0000000000
107777  -44.359  0.845  -19.971 0.0000000000
107778  -44.444  0.835  -20.459 0.0000000000
107779  -49.393  0.561  -20.630 0.0000000000
107780  -50.177  0.930  -20.134 0.0000000000
107781  -50.925  1.351  -19.753 0.0000000000
107789  -44.728  0.790  -20.943 0.0000000000
107790  -45.023  0.244  -21.032 0.0000000000
107791  -49.092  0.954  -21.181 0.0000000000
107792  -49.515  1.014  -20.648 0.0000000000
107799  -45.005  1.350  -21.231 0.0000000000
107800  -45.314  0.796  -21.344 0.0000000000
107801  -46.019  0.958  -21.813 0.0000000000
107802  -46.359  0.505  -22.003 0.0000000000
107803  -48.457  0.905  -22.257 0.0000000000
107804  -48.711  0.694  -21.785 0.0000000000
107812  -46.238  1.718  -22.117 0.0000000000
107813  -46.609  1.324  -22.285 0.0000000000
107814  -47.118  1.019  -22.384 0.0000000000
107815  -47.518  0.898  -22.459 0.0000000000
107816  -47.893  1.132  -22.603 0.0000000000
107817  -48.159  0.738  -22.417 0.0000000000
107827  -46.756  2.042  -22.660 0.0000000000
107828  -46.971  1.830  -22.666 0.0000000000
107829  -47.364  1.622  -22.677 0.0000000000
107830  -47.642  1.445  -22.673 0.0000000000
108595  -50.333  0.622  -14.450 0.0000000000
108614  -51.831  0.799  -15.588 0.0000000000
108622  -52.969  1.028  -16.280 0.0000000000
108623  -53.652  1.172  -16.945 0.0000000000
108629  -44.460  1.714  -16.151 0.0000000000
108630  -53.843  1.215  -17.688 0.0000000000
108639  -44.830  1.832  -16.874 0.0000000000
108640  -45.060  1.899  -17.531 0.0000000000
108641  -53.693  1.245  -18.310 0.0000000000
108649  -45.022  1.908  -18.211 0.0000000000
108650  -52.818  1.587  -19.076 0.0000000000
108651  -53.372  1.207  -18.710 0.0000000000
108659  -44.724  1.905  -19.008 0.0000000000
108660  -51.412  1.850  -19.730 0.0000000000
108661  -52.107  1.550  -19.403 0.0000000000
108669  -44.446  1.886  -19.777 0.0000000000
108670  -44.418  1.864  -20.373 0.0000000000
108671  -50.221  1.998  -20.403 0.0000000000
108672  -50.718  1.726  -20.016 0.0000000000
108681  -44.581  1.830  -20.845 0.0000000000
108682  -49.225  2.010  -21.347 0.0000000000
108683  -49.606  1.574  -20.741 0.0000000000
108690  -44.823  1.771  -21.167 0.0000000000
108691  -45.341  2.064  -21.499 0.0000000000
108692  -45.677  1.513  -21.637 0.0000000000
108693  -48.482  1.849  -22.458 0.0000000000
108694  -48.797  1.634  -21.947 0.0000000000
108704  -45.736  2.730  -21.742 0.0000000000
108705  -45.981  2.255  -21.916 0.0000000000
108706  -46.351  2.384  -22.393 0.0000000000
108707  -47.955  2.093  -22.854 0.0000000000
108708  -48.209  1.687  -22.648 0.0000000000
108718  -46.620  2.480  -22.677 0.0000000000
108719  -46.864  2.561  -22.849 0.0000000000
108720  -47.202  2.426  -22.899 0.0000000000
108721  -47.636  2.119  -22.879 0.0000000000
109512  -50.953  1.615  -15.467 0.0000000000
109522  -52.431  1.713  -16.090 0.0000000000
109523  -53.311  1.783  -16.564 0.0000000000
109536  -53.287  2.530  -17.574 0.0000000000
109537  -53.555  1.984  -17.183 0.0000000000
109552  -44.372  2.785  -16.588 0.0000000000
109553  -44.803  2.816  -17.308 0.0000000000
109554  -53.059  2.577  -18.199 0.0000000000
109555  -53.600  1.896  -17.937 0.0000000000
109565  -44.942  2.889  -17.958 0.0000000000
109566  -52.673  2.467  -18.829 0.0000000000
109567  -53.296  1.821  -18.545 0.0000000000
109577  -44.821  2.996  -18.700 0.0000000000
109578  -51.379  2.654  -19.639 0.0000000000
109579  -52.068  2.378  -19.356 0.0000000000
109588  -44.549  2.994  -19.522 0.0000000000
109589  -44.509  2.971  -20.189 0.0000000000
109590  -50.088  2.756  -20.171 0.0000000000
109591  -50.748  2.474  -19.903 0.0000000000
109600  -44.653  2.963  -20.737 0.0000000000
109601  -49.136  2.810  -21.301 0.0000000000
109602  -49.594  2.565  -20.761 0.0000000000
109610  -44.961  2.885  -21.228 0.0000000000
109611  -45.521  3.234  -21.657 0.0000000000
109612  -48.560  2.520  -22.358 0.0000000000
109613  -48.833  2.606  -21.789 0.0000000000
109622  -45.942  3.332  -21.981 0.0000000000
109623  -46.213  3.293  -22.404 0.0000000000
109624  -46.454  3.281  -22.753 0.0000000000
109625  -48.058  2.519  -22.901 0.0000000000
109626  -48.280  2.523  -22.728 0.0000000000
109635  -46.676  3.298  -22.963 0.0000000000
109636  -46.968  3.286  -23.071 0.0000000000
109637  -47.337  3.132  -23.041 0.0000000000
109638  -47.717  2.965  -23.009 0.0000000000
110474  -50.382  2.618  -15.199 0.0000000000
110488  -51.839  2.682  -16.177 0.0000000000
110489  -52.924  2.290  -16.496 0.0000000000
110502  -53.003  2.967  -16.884 0.0000000000
110503  -53.308  2.265  -16.770 0.0000000000
110511  -44.198  3.930  -17.142 0.0000000000
110512  -44.681  3.642  -17.718 0.0000000000
110513  -52.776  3.305  -17.670 0.0000000000
110519  -44.467  4.485  -17.782 0.0000000000
110520  -44.669  4.114  -18.357 0.0000000000
110521  -51.796  3.740  -18.814 0.0000000000
110522  -52.288  3.509  -18.513 0.0000000000
110527  -44.589  4.137  -19.228 0.0000000000
110528  -50.844  3.719  -19.510 0.0000000000
110529  -51.446  3.498  -19.280 0.0000000000
110530  -52.164  2.962  -19.040 0.0000000000
110536  -44.502  4.141  -19.973 0.0000000000
110537  -44.687  4.137  -20.562 0.0000000000
110538  -50.481  3.405  -19.737 0.0000000000
110539  -51.029  3.013  -19.665 0.0000000000
110544  -44.922  4.319  -21.164 0.0000000000
110545  -49.181  3.455  -20.938 0.0000000000
110546  -49.680  3.431  -20.308 0.0000000000
110551  -45.346  4.168  -21.636 0.0000000000
110552  -45.695  4.171  -22.091 0.0000000000
110553  -48.445  3.294  -22.103 0.0000000000
110554  -48.753  3.447  -21.522 0.0000000000
110559  -45.902  4.189  -22.617 0.0000000000
110560  -46.163  4.216  -23.035 0.0000000000
110561  -46.445  3.915  -23.104 0.0000000000
110562  -47.892  3.321  -22.901 0.0000000000
110563  -48.189  3.268  -22.573 0.0000000000
110574  -46.284  4.543  -23.325 0.0000000000
110575  -46.609  4.178  -23.295 0.0000000000
110576  -46.983  4.029  -23.298 0.0000000000
110577  -47.309  3.838  -23.191 0.0000000000
110578  -47.531  3.709  -23.040 0.0000000000
111352  -51.085  3.739  -15.867 0.0000000000
111353  -51.685  4.217  -16.367 0.0000000000
111363  -52.069  3.932  -16.571 0.0000000000
111364  -51.930  4.249  -16.530 0.0000000000
111376  -52.419  4.052  -17.174 0.0000000000
111388  -43.931  5.222  -17.527 0.0000000000
111389  -52.354  4.213  -17.728 0.0000000000
111401  -44.192  5.296  -18.244 0.0000000000
111402  -44.199  5.199  -19.015 0.0000000000
111403  -51.635  4.212  -18.618 0.0000000000
111404  -52.084  4.388  -18.130 0.0000000000
111413  -44.259  5.252  -19.766 0.0000000000
111414  -50.603  4.247  -19.489 0.0000000000
111415  -51.069  4.425  -19.029 0.0000000000
111422  -44.411  5.364  -20.498 0.0000000000
111423  -44.645  5.056  -20.948 0.0000000000
111424  -49.866  4.307  -20.023 0.0000000000
111428  -44.393  5.831  -21.086 0.0000000000
111429  -44.662  5.602  -21.423 0.0000000000
111430  -48.645  4.228  -21.056 0.0000000000
111431  -49.196  4.248  -20.538 0.0000000000
111437  -45.094  5.374  -21.867 0.0000000000
111438  -45.463  4.904  -22.131 0.0000000000
111439  -48.099  3.752  -22.294 0.0000000000
111440  -48.105  4.247  -21.755 0.0000000000
111446  -45.274  5.604  -22.470 0.0000000000
111447  -45.589  5.112  -22.703 0.0000000000
111448  -45.816  5.070  -23.159 0.0000000000
111449  -47.537  4.024  -22.972 0.0000000000
111450  -47.640  4.326  -22.520 0.0000000000
111451  -47.717  4.774  -21.983 0.0000000000
111460  -45.974  5.178  -23.513 0.0000000000
111461  -46.242  5.144  -23.553 0.0000000000
111462  -46.577  4.974  -23.431 0.0000000000
111463  -46.938  4.745  -23.391 0.0000000000
111464  -47.263  4.463  -23.202 0.0000000000
111465  -47.430  4.465  -22.996 0.0000000000
112291  -50.208  4.455  -15.477 0.0000000000
112312  -51.410  4.683  -16.230 0.0000000000
112313  -51.781  4.432  -16.451 0.0000000000
112326  -52.037  4.824  -16.740 0.0000000000
112327  -51.982  4.492  -16.578 0.0000000000
112343  -52.185  4.889  -17.278 0.0000000000
112357  -52.083  4.892  -17.729 0.0000000000
112366  -43.445  6.259  -18.098 0.0000000000
112367  -43.596  6.179  -18.876 0.0000000000
112368  -51.051  5.049  -18.502 0.0000000000
112369  -51.700  4.953  -18.103 0.0000000000
112380  -43.732  6.199  -19.583 0.0000000000
112381  -49.917  5.187  -19.661 0.0000000000
112382  -50.519  5.131  -19.095 0.0000000000
112394  -48.553  5.518  -20.566 0.0000000000
112395  -49.276  5.272  -20.318 0.0000000000
112407  -48.004  5.152  -20.930 0.0000000000
112408  -48.647  4.855  -20.625 0.0000000000
112416  -44.569  6.425  -21.983 0.0000000000
112417  -47.635  5.218  -21.548 0.0000000000
112423  -44.832  6.379  -22.537 0.0000000000
112424  -45.203  6.200  -23.078 0.0000000000
112425  -45.531  5.600  -23.218 0.0000000000
112426  -47.252  5.389  -22.474 0.0000000000
112427  -47.377  5.264  -21.958 0.0000000000
112433  -45.225  6.595  -23.357 0.0000000000
112434  -45.521  6.036  -23.547 0.0000000000
112435  -45.876  5.994  -23.898 0.0000000000
112436  -46.173  5.767  -23.799 0.0000000000
112437  -46.492  5.717  -23.695 0.0000000000
112438  -46.898  5.426  -23.411 0.0000000000
112439  -47.220  5.171  -23.032 0.0000000000
112449  -45.793  6.377  -23.924 0.0000000000
112450  -45.940  6.262  -23.997 0.0000000000
112451  -46.157  6.152  -23.960 0.0000000000
113295  -50.362  5.388  -15.850 0.0000000000
113313  -50.286  6.380  -15.989 0.0000000000
113314  -51.279  5.591  -16.423 0.0000000000
113324  -50.926  6.436  -16.604 0.0000000000
113325  -51.684  5.570  -16.941 0.0000000000
113333  -51.163  6.243  -17.122 0.0000000000
113334  -51.786  5.447  -17.414 0.0000000000
113341  -51.181  5.837  -17.838 0.0000000000
113342  -51.730  5.253  -17.756 0.0000000000
113350  -49.753  5.814  -18.958 0.0000000000
113351  -50.388  6.018  -18.483 0.0000000000
113362  -48.823  6.164  -20.361 0.0000000000
113363  -49.207  6.322  -19.608 0.0000000000
113377  -48.253  6.290  -20.805 0.0000000000
113387  -44.263  7.392  -22.523 0.0000000000
113388  -47.160  6.569  -21.485 0.0000000000
113389  -47.433  6.125  -21.280 0.0000000000
113396  -44.568  7.314  -23.072 0.0000000000
113397  -44.953  6.959  -23.289 0.0000000000
113398  -46.968  6.168  -21.789 0.0000000000
113399  -47.244  5.683  -21.558 0.0000000000
113404  -44.702  7.574  -23.340 0.0000000000
113405  -45.101  7.184  -23.441 0.0000000000
113406  -45.557  6.706  -23.630 0.0000000000
113407  -45.785  6.574  -23.826 0.0000000000
113408  -46.534  6.367  -23.535 0.0000000000
113409  -46.837  6.129  -23.222 0.0000000000
113410  -46.970  6.090  -22.755 0.0000000000
113419  -45.261  7.472  -23.510 0.0000000000
113420  -45.579  7.179  -23.559 0.0000000000
113421  -45.824  6.796  -23.740 0.0000000000
113422  -45.995  6.617  -23.857 0.0000000000
113423  -46.216  6.503  -23.787 0.0000000000
114202  -50.097  7.403  -16.090 0.0000000000
114210  -50.176  8.008  -16.865 0.0000000000
114211  -50.432  7.425  -16.769 0.0000000000
114219  -50.161  7.968  -17.112 0.0000000000
114220  -50.571  6.959  -17.380 0.0000000000
114227  -49.983  7.758  -17.654 0.0000000000
114228  -50.319  6.692  -18.029 0.0000000000
114234  -49.621  7.134  -18.544 0.0000000000
114235  -50.088  6.580  -18.358 0.0000000000
114243  -48.515  7.355  -20.173 0.0000000000
114244  -48.973  7.670  -19.354 0.0000000000
114258  -47.625  8.090  -21.329 0.0000000000
114259  -47.890  7.469  -21.090 0.0000000000
114272  -47.337  7.438  -21.679 0.0000000000
114273  -47.402  6.837  -21.398 0.0000000000
114282  -43.913  8.257  -23.029 0.0000000000
114283  -46.544  7.750  -22.651 0.0000000000
114284  -46.696  7.200  -22.342 0.0000000000
114293  -44.179  8.546  -23.371 0.0000000000
114294  -44.666  7.893  -23.443 0.0000000000
114295  -46.148  7.315  -23.431 0.0000000000
114296  -46.468  7.210  -23.029 0.0000000000
114297  -46.742  6.617  -22.932 0.0000000000
114305  -44.265  9.010  -23.492 0.0000000000
114306  -44.718  8.335  -23.501 0.0000000000
114307  -45.200  8.080  -23.554 0.0000000000
114308  -45.559  7.705  -23.496 0.0000000000
114309  -45.808  7.329  -23.540 0.0000000000
114310  -46.004  7.058  -23.650 0.0000000000
115102  -49.803  8.983  -16.283 0.0000000000
115103  -49.896  8.403  -16.240 0.0000000000
115108  -49.902  8.809  -16.611 0.0000000000
115109  -50.096  8.122  -16.655 0.0000000000
115115  -49.842  9.033  -17.154 0.0000000000
115122  -49.404  8.916  -17.863 0.0000000000
115128  -48.925  8.832  -18.691 0.0000000000
115135  -47.969  8.889  -20.284 0.0000000000
115136  -48.459  8.774  -19.490 0.0000000000
115146  -47.392  8.815  -21.389 0.0000000000
115147  -47.688  8.599  -20.995 0.0000000000
115158  -47.084  8.442  -22.014 0.0000000000
115166  -46.452  8.455  -22.736 0.0000000000
115167  -46.744  8.201  -22.451 0.0000000000
115178  -45.778  8.888  -23.360 0.0000000000
115179  -45.983  8.467  -23.248 0.0000000000
115180  -46.151  8.078  -23.055 0.0000000000
115190  -43.927  9.742  -23.510 0.0000000000
115191  -44.354  9.531  -23.484 0.0000000000
115192  -44.830  9.160  -23.518 0.0000000000
115193  -45.261  8.785  -23.495 0.0000000000
115194  -45.616  8.326  -23.431 0.0000000000
115195  -45.848  7.841  -23.358 0.0000000000
115959  -49.376  9.833  -15.854 0.0000000000
115967  -49.534  10.296  -16.487 0.0000000000
115975  -49.514  10.472  -17.253 0.0000000000
115983  -49.155  10.612  -18.143 0.0000000000
115991  -48.651  10.176  -19.005 0.0000000000
116000  -47.935  10.360  -20.053 0.0000000000
116001  -48.206  9.880  -19.614 0.0000000000
116014  -47.298  9.576  -21.215 0.0000000000
116015  -47.509  9.736  -20.779 0.0000000000
116028  -47.042  9.763  -21.552 0.0000000000
116029  -47.265  9.948  -21.130 0.0000000000
116038  -46.345  9.718  -22.519 0.0000000000
116039  -46.695  9.154  -22.210 0.0000000000
116049  -45.713  9.478  -23.318 0.0000000000
116050  -45.884  9.670  -23.192 0.0000000000
116051  -46.195  9.118  -23.013 0.0000000000
116064  -43.956  10.576  -23.815 0.0000000000
116065  -44.524  10.319  -23.611 0.0000000000
116066  -45.011  10.008  -23.433 0.0000000000
116067  -45.483  9.573  -23.374 0.0000000000
116068  -45.665  9.793  -23.266 0.0000000000
116747  -36.472  12.938  -17.601 0.0000000000
116772  -49.178  11.980  -16.465 0.0000000000
116778  -49.346  12.085  -17.415 0.0000000000
116785  -49.322  12.262  -18.141 0.0000000000
116794  -49.097  11.764  -18.773 0.0000000000
116802  -48.312  11.369  -20.072 0.0000000000
116803  -48.610  11.276  -19.528 0.0000000000
116810  -47.834  10.996  -20.474 0.0000000000
116822  -47.143  11.032  -21.694 0.0000000000
116823  -47.459  10.756  -21.116 0.0000000000
116836  -46.495  10.866  -22.535 0.0000000000
116837  -46.649  10.390  -22.036 0.0000000000
116850  -46.041  10.872  -23.265 0.0000000000
116851  -46.151  10.320  -22.887 0.0000000000
116865  -44.258  11.360  -24.246 0.0000000000
116866  -44.846  11.150  -24.071 0.0000000000
116867  -45.353  10.870  -23.733 0.0000000000
116868  -45.676  10.439  -23.348 0.0000000000
117560  -49.584  13.444  -18.602 0.0000000000
117569  -49.572  13.004  -19.407 0.0000000000
117577  -48.395  11.835  -20.391 0.0000000000
117578  -49.316  12.536  -20.150 0.0000000000
117584  -48.059  11.894  -20.796 0.0000000000
117596  -47.307  11.563  -21.857 0.0000000000
117597  -47.680  12.012  -21.522 0.0000000000
117610  -46.708  11.388  -22.642 0.0000000000
117611  -47.131  11.707  -22.310 0.0000000000
117612  -47.952  12.630  -22.172 0.0000000000
117627  -46.144  11.416  -23.349 0.0000000000
117628  -46.499  11.631  -23.022 0.0000000000
117629  -47.270  12.533  -22.865 0.0000000000
117646  -44.647  12.216  -24.444 0.0000000000
117647  -45.174  12.346  -24.306 0.0000000000
117648  -45.865  11.852  -23.607 0.0000000000
117649  -46.361  12.514  -23.334 0.0000000000
117667  -44.564  13.179  -24.614 0.0000000000
117668  -44.892  12.850  -24.532 0.0000000000
118343  -49.737  14.531  -19.883 0.0000000000
118345  -48.963  12.577  -20.659 0.0000000000
118346  -49.387  14.007  -20.496 0.0000000000
118348  -48.920  13.026  -21.185 0.0000000000
118349  -49.259  14.168  -20.971 0.0000000000
118355  -48.521  13.163  -21.790 0.0000000000
118367  -47.876  12.946  -22.679 0.0000000000
118368  -48.432  13.430  -22.380 0.0000000000
118380  -46.903  12.990  -23.167 0.0000000000
118381  -47.809  13.391  -23.175 0.0000000000
118390  -45.201  13.127  -24.450 0.0000000000
118391  -45.535  13.315  -24.271 0.0000000000
118392  -46.360  13.441  -23.684 0.0000000000
118411  -44.472  14.003  -25.103 0.0000000000
118412  -45.042  13.627  -24.771 0.0000000000
118413  -45.525  14.161  -24.795 0.0000000000
119043  -49.181  15.339  -20.483 0.0000000000
119045  -49.042  13.959  -21.432 0.0000000000
119046  -48.948  14.852  -20.953 0.0000000000
119048  -48.783  14.257  -21.880 0.0000000000
119049  -48.915  14.567  -21.359 0.0000000000
119056  -48.508  13.895  -23.050 0.0000000000
119057  -48.741  13.996  -22.531 0.0000000000
119067  -47.605  13.935  -23.658 0.0000000000
119068  -48.199  13.915  -23.451 0.0000000000
119077  -46.099  14.247  -24.514 0.0000000000
119078  -46.910  14.457  -24.190 0.0000000000
119097  -45.269  14.633  -25.202 0.0000000000
119098  -45.788  14.739  -24.998 0.0000000000
119736  -49.013  16.263  -21.005 0.0000000000
119737  -49.037  15.876  -20.647 0.0000000000
119741  -48.787  15.404  -21.749 0.0000000000
119742  -48.868  15.195  -21.229 0.0000000000
119751  -48.625  14.897  -23.007 0.0000000000
119752  -48.830  14.596  -22.538 0.0000000000
119757  -47.705  14.847  -24.077 0.0000000000
119758  -48.394  14.366  -23.640 0.0000000000
119761  -46.522  15.046  -24.781 0.0000000000
119762  -47.119  14.893  -24.400 0.0000000000
121078  -33.903  19.410  -16.914 0.0000000000
121737  -35.803  21.308  -15.497 0.0000000000
121757  -34.909  20.331  -16.223 0.0000000000
