#!ascii label  , from subject subject001 vox2ras=TkReg
792
116697  -18.695  10.212  -13.267 0.0000000000
116698  -19.561  10.262  -13.380 0.0000000000
116699  -20.527  10.315  -13.405 0.0000000000
117473  -18.159  10.883  -12.877 0.0000000000
117474  -18.907  11.083  -13.253 0.0000000000
117475  -19.839  11.206  -13.479 0.0000000000
117476  -20.875  11.395  -13.437 0.0000000000
117477  -21.844  11.544  -13.629 0.0000000000
118259  -16.652  11.790  -12.645 0.0000000000
118260  -17.342  11.505  -12.732 0.0000000000
118261  -17.774  11.249  -12.776 0.0000000000
118265  -17.166  12.603  -12.793 0.0000000000
118266  -18.083  12.014  -13.166 0.0000000000
118267  -19.191  12.233  -13.546 0.0000000000
118268  -20.184  12.354  -13.775 0.0000000000
118269  -21.245  12.414  -13.963 0.0000000000
118270  -22.341  12.494  -14.187 0.0000000000
118271  -23.209  12.694  -14.690 0.0000000000
118272  -23.978  12.592  -15.079 0.0000000000
118273  -24.617  12.392  -15.260 0.0000000000
118971  -15.872  14.636  -12.921 0.0000000000
118977  -16.724  14.114  -12.804 0.0000000000
118978  -17.644  13.607  -13.401 0.0000000000
118979  -18.577  13.330  -13.963 0.0000000000
118980  -19.350  13.099  -14.882 0.0000000000
118981  -20.366  13.011  -15.183 0.0000000000
118982  -21.501  13.032  -15.375 0.0000000000
118983  -22.637  13.371  -15.206 0.0000000000
118984  -23.597  13.484  -15.211 0.0000000000
118985  -24.581  13.233  -15.358 0.0000000000
119653  -16.328  14.889  -14.529 0.0000000000
119660  -16.964  14.633  -14.286 0.0000000000
119661  -17.704  14.252  -14.965 0.0000000000
119662  -18.601  14.053  -15.521 0.0000000000
119663  -19.596  13.911  -15.971 0.0000000000
119664  -20.755  13.925  -16.113 0.0000000000
119665  -21.907  13.997  -16.194 0.0000000000
119666  -23.009  14.163  -16.175 0.0000000000
119667  -24.076  14.251  -15.714 0.0000000000
119677  -23.575  14.656  -16.438 0.0000000000
119678  -24.173  14.810  -16.345 0.0000000000
120349  -16.640  15.090  -14.682 0.0000000000
120354  -16.728  15.553  -14.466 0.0000000000
120355  -17.313  15.302  -14.544 0.0000000000
120356  -18.341  15.187  -14.863 0.0000000000
120357  -19.301  15.088  -15.401 0.0000000000
120358  -20.229  15.035  -16.062 0.0000000000
120359  -21.271  14.902  -16.503 0.0000000000
120360  -22.350  14.854  -16.552 0.0000000000
120361  -23.106  14.774  -16.643 0.0000000000
120370  -14.497  16.331  -15.074 0.0000000000
120371  -14.770  16.030  -15.076 0.0000000000
120373  -22.926  15.267  -16.517 0.0000000000
120374  -23.787  15.336  -16.727 0.0000000000
120386  -14.756  16.465  -15.036 0.0000000000
120387  -15.182  16.397  -14.970 0.0000000000
120391  -25.097  15.839  -16.689 0.0000000000
121059  -18.448  17.601  -14.758 0.0000000000
121060  -18.675  17.717  -14.927 0.0000000000
121064  -15.118  16.903  -14.029 0.0000000000
121068  -19.052  16.899  -14.404 0.0000000000
121069  -19.985  16.447  -15.047 0.0000000000
121070  -20.968  16.311  -15.717 0.0000000000
121071  -21.941  15.724  -16.308 0.0000000000
121072  -22.504  15.488  -16.409 0.0000000000
121083  -14.779  16.838  -15.201 0.0000000000
121084  -15.201  17.538  -15.342 0.0000000000
121087  -21.232  17.131  -15.638 0.0000000000
121088  -21.791  16.785  -15.995 0.0000000000
121089  -22.853  16.250  -16.376 0.0000000000
121090  -24.252  16.403  -16.650 0.0000000000
121091  -24.743  16.748  -16.746 0.0000000000
121100  -14.716  16.554  -15.052 0.0000000000
121101  -15.117  16.689  -15.011 0.0000000000
121104  -24.793  16.108  -16.862 0.0000000000
121105  -25.140  16.418  -16.834 0.0000000000
121734  -18.359  18.056  -15.162 0.0000000000
121735  -18.536  17.912  -15.056 0.0000000000
121745  -18.722  18.049  -15.178 0.0000000000
121746  -19.714  17.570  -15.045 0.0000000000
121747  -20.433  17.024  -15.000 0.0000000000
121748  -23.443  17.932  -16.274 0.0000000000
121749  -24.376  17.508  -16.414 0.0000000000
121750  -25.389  16.980  -16.144 0.0000000000
121751  -26.550  16.833  -16.104 0.0000000000
121752  -28.060  17.069  -16.259 0.0000000000
121759  -18.017  19.420  -15.733 0.0000000000
121760  -18.475  18.844  -15.523 0.0000000000
121761  -19.203  18.643  -15.207 0.0000000000
121762  -20.519  17.713  -15.292 0.0000000000
121763  -21.470  17.660  -15.707 0.0000000000
121764  -22.310  17.498  -16.202 0.0000000000
121765  -23.354  17.324  -16.463 0.0000000000
121766  -24.514  17.175  -16.669 0.0000000000
121767  -25.350  16.956  -16.512 0.0000000000
121768  -26.324  16.684  -16.191 0.0000000000
121769  -27.573  16.992  -16.083 0.0000000000
121773  -18.163  19.686  -15.816 0.0000000000
121774  -18.418  19.431  -15.629 0.0000000000
121775  -18.728  19.109  -15.545 0.0000000000
121776  -24.982  16.815  -16.765 0.0000000000
121777  -25.354  16.787  -16.709 0.0000000000
122471  -14.267  19.648  -13.417 0.0000000000
122472  -14.767  20.139  -13.901 0.0000000000
122481  -14.631  19.271  -13.933 0.0000000000
122482  -15.183  20.073  -14.629 0.0000000000
122483  -20.743  19.642  -14.015 0.0000000000
122484  -20.984  19.477  -13.982 0.0000000000
122485  -21.425  19.310  -14.299 0.0000000000
122491  -16.868  19.506  -15.665 0.0000000000
122492  -20.150  19.385  -14.438 0.0000000000
122493  -20.558  19.323  -14.220 0.0000000000
122494  -21.357  18.894  -14.618 0.0000000000
122495  -22.329  18.737  -15.410 0.0000000000
122496  -23.303  18.034  -15.943 0.0000000000
122497  -24.405  17.604  -16.169 0.0000000000
122498  -25.657  16.990  -16.193 0.0000000000
122504  -16.769  20.352  -16.083 0.0000000000
122505  -17.456  20.029  -16.148 0.0000000000
122506  -17.932  20.224  -16.116 0.0000000000
122507  -19.266  19.217  -15.245 0.0000000000
122508  -19.916  19.024  -14.811 0.0000000000
122509  -20.965  18.364  -14.935 0.0000000000
122510  -21.895  18.297  -15.639 0.0000000000
122511  -22.677  18.107  -16.181 0.0000000000
122517  -17.961  19.910  -16.088 0.0000000000
122518  -18.343  19.880  -15.788 0.0000000000
122519  -18.845  19.451  -15.482 0.0000000000
123194  -14.514  20.891  -12.513 0.0000000000
123195  -14.638  20.798  -12.737 0.0000000000
123196  -19.000  22.157  -12.539 0.0000000000
123197  -19.202  21.952  -12.762 0.0000000000
123207  -13.019  18.971  -12.403 0.0000000000
123208  -13.962  20.099  -12.931 0.0000000000
123209  -14.824  20.591  -13.162 0.0000000000
123210  -15.448  20.815  -13.916 0.0000000000
123211  -16.183  21.295  -14.197 0.0000000000
123212  -18.887  21.906  -13.015 0.0000000000
123213  -19.382  21.619  -13.242 0.0000000000
123214  -19.996  21.258  -13.540 0.0000000000
123215  -20.478  21.008  -13.653 0.0000000000
123216  -20.857  20.762  -13.668 0.0000000000
123223  -15.862  20.857  -15.075 0.0000000000
123224  -16.727  21.323  -14.927 0.0000000000
123225  -17.550  21.384  -14.742 0.0000000000
123226  -18.586  21.395  -13.993 0.0000000000
123227  -19.617  20.921  -14.058 0.0000000000
123228  -20.468  20.181  -13.997 0.0000000000
123229  -21.023  20.016  -13.834 0.0000000000
123230  -21.562  19.747  -14.284 0.0000000000
123231  -22.131  19.289  -14.895 0.0000000000
123234  -16.546  20.797  -15.842 0.0000000000
123235  -17.178  21.052  -15.761 0.0000000000
123236  -18.003  21.028  -15.323 0.0000000000
123237  -18.957  20.569  -14.757 0.0000000000
123238  -19.898  19.825  -14.435 0.0000000000
123239  -20.346  19.771  -14.170 0.0000000000
123240  -22.487  18.793  -15.197 0.0000000000
123248  -17.023  20.763  -16.368 0.0000000000
123249  -17.589  20.666  -16.079 0.0000000000
123250  -18.362  20.338  -15.593 0.0000000000
123251  -19.179  19.726  -15.143 0.0000000000
123252  -19.659  19.529  -14.774 0.0000000000
123261  -18.720  19.831  -15.468 0.0000000000
123262  -18.931  19.687  -15.385 0.0000000000
123886  -19.156  22.513  -11.799 0.0000000000
123887  -19.392  22.497  -11.924 0.0000000000
123888  -19.555  22.465  -12.069 0.0000000000
123896  -13.971  20.876  -12.251 0.0000000000
123897  -14.643  21.279  -12.115 0.0000000000
123898  -15.322  21.397  -12.382 0.0000000000
123899  -16.473  21.936  -12.199 0.0000000000
123900  -17.387  22.228  -12.066 0.0000000000
123901  -18.157  22.381  -11.940 0.0000000000
123902  -18.766  22.360  -12.044 0.0000000000
123903  -19.352  22.096  -12.494 0.0000000000
123904  -19.726  22.066  -12.456 0.0000000000
123905  -20.019  22.086  -12.500 0.0000000000
123906  -20.366  21.937  -12.794 0.0000000000
123914  -12.468  19.161  -12.369 0.0000000000
123915  -13.424  20.024  -12.631 0.0000000000
123916  -14.081  20.663  -12.476 0.0000000000
123917  -15.372  21.103  -13.132 0.0000000000
123918  -15.949  21.452  -13.201 0.0000000000
123919  -16.917  21.785  -13.467 0.0000000000
123920  -17.854  22.105  -12.812 0.0000000000
123921  -18.538  22.201  -12.560 0.0000000000
123922  -19.711  21.679  -13.043 0.0000000000
123923  -19.965  21.641  -13.048 0.0000000000
123924  -20.310  21.542  -13.200 0.0000000000
123925  -20.755  21.288  -13.512 0.0000000000
123931  -17.199  21.571  -14.233 0.0000000000
123932  -17.744  21.666  -13.700 0.0000000000
123933  -18.343  21.880  -13.178 0.0000000000
123934  -21.519  20.241  -14.279 0.0000000000
124567  -18.117  23.469  -10.307 0.0000000000
124568  -18.263  23.415  -10.503 0.0000000000
124569  -18.526  23.317  -10.788 0.0000000000
124576  -14.457  21.819  -11.643 0.0000000000
124577  -14.788  22.012  -11.501 0.0000000000
124578  -15.458  22.414  -11.194 0.0000000000
124579  -16.141  22.572  -10.757 0.0000000000
124580  -16.814  22.716  -10.506 0.0000000000
124581  -17.467  22.851  -10.397 0.0000000000
124582  -18.073  23.158  -10.457 0.0000000000
124583  -18.632  22.909  -11.081 0.0000000000
124584  -18.976  22.932  -11.272 0.0000000000
124585  -19.393  22.752  -11.649 0.0000000000
124591  -13.472  20.618  -12.539 0.0000000000
124592  -13.953  21.236  -12.085 0.0000000000
124593  -14.679  21.660  -11.737 0.0000000000
124594  -15.410  21.951  -11.543 0.0000000000
124595  -16.198  22.194  -11.329 0.0000000000
124596  -17.041  22.383  -11.148 0.0000000000
124597  -17.795  22.555  -11.115 0.0000000000
124598  -18.427  22.626  -11.314 0.0000000000
124599  -18.900  22.515  -11.701 0.0000000000
124600  -19.738  22.628  -12.031 0.0000000000
124601  -20.062  22.306  -12.397 0.0000000000
124607  -12.671  19.783  -12.624 0.0000000000
124608  -13.276  20.219  -12.594 0.0000000000
124609  -20.558  22.022  -12.907 0.0000000000
124614  -21.071  21.396  -13.686 0.0000000000
124615  -21.600  20.356  -14.479 0.0000000000
124622  -21.423  20.942  -14.374 0.0000000000
125258  -16.773  23.787  -9.909 0.0000000000
125259  -17.123  23.889  -9.658 0.0000000000
125260  -17.502  23.927  -9.628 0.0000000000
125261  -17.825  23.944  -9.739 0.0000000000
125262  -18.098  23.785  -10.048 0.0000000000
125263  -18.306  23.829  -10.343 0.0000000000
125264  -18.515  23.630  -10.805 0.0000000000
125270  -14.691  22.233  -11.530 0.0000000000
125271  -15.431  22.756  -10.909 0.0000000000
125272  -16.152  23.049  -10.434 0.0000000000
125273  -16.722  23.229  -10.149 0.0000000000
125274  -17.222  23.345  -9.982 0.0000000000
125275  -17.663  23.497  -10.014 0.0000000000
125276  -17.928  23.601  -10.022 0.0000000000
125277  -18.936  23.292  -11.353 0.0000000000
125278  -19.520  22.943  -11.695 0.0000000000
125283  -13.538  20.974  -12.391 0.0000000000
125284  -14.114  21.728  -11.827 0.0000000000
125285  -19.149  23.196  -11.437 0.0000000000
125286  -19.710  22.918  -11.922 0.0000000000
125287  -20.163  22.480  -12.532 0.0000000000
125293  -12.895  20.205  -12.664 0.0000000000
125294  -19.935  22.930  -12.126 0.0000000000
125295  -20.320  22.429  -12.740 0.0000000000
125301  -20.924  21.986  -13.603 0.0000000000
125912  -17.296  25.146  -9.203 0.0000000000
125913  -17.481  25.264  -9.296 0.0000000000
125921  -17.236  24.904  -9.253 0.0000000000
125922  -17.381  24.986  -9.099 0.0000000000
125923  -17.509  24.978  -9.220 0.0000000000
125924  -17.662  24.889  -9.379 0.0000000000
125925  -17.782  24.953  -9.582 0.0000000000
125930  -16.830  24.218  -9.743 0.0000000000
125931  -17.126  24.614  -9.443 0.0000000000
125932  -17.387  24.493  -9.410 0.0000000000
125933  -17.682  24.433  -9.436 0.0000000000
125934  -17.886  24.413  -9.626 0.0000000000
125935  -17.967  24.541  -9.894 0.0000000000
125936  -18.121  24.356  -10.294 0.0000000000
125941  -14.919  22.562  -11.474 0.0000000000
125942  -15.343  23.028  -11.012 0.0000000000
125943  -16.388  23.732  -10.290 0.0000000000
125944  -18.303  24.150  -10.731 0.0000000000
125948  -13.469  21.402  -12.530 0.0000000000
125949  -14.525  22.415  -11.702 0.0000000000
125950  -15.487  23.392  -11.174 0.0000000000
125951  -18.563  23.843  -11.167 0.0000000000
125952  -19.057  23.333  -11.591 0.0000000000
125959  -18.669  23.704  -11.462 0.0000000000
125960  -19.407  23.234  -11.899 0.0000000000
125961  -20.027  22.909  -12.336 0.0000000000
125967  -19.743  23.144  -12.317 0.0000000000
125968  -20.255  22.655  -12.911 0.0000000000
125974  -19.828  23.070  -12.984 0.0000000000
125975  -20.616  22.470  -13.728 0.0000000000
126612  -17.299  25.386  -9.253 0.0000000000
126613  -17.369  25.548  -9.354 0.0000000000
126614  -17.331  25.825  -9.489 0.0000000000
126623  -17.241  25.269  -9.248 0.0000000000
126624  -17.383  25.483  -9.099 0.0000000000
126625  -17.519  25.207  -9.332 0.0000000000
126626  -17.335  25.600  -9.579 0.0000000000
126627  -17.529  25.515  -9.750 0.0000000000
126633  -16.943  24.742  -9.637 0.0000000000
126634  -17.126  25.009  -9.308 0.0000000000
126635  -17.771  25.150  -9.925 0.0000000000
126636  -17.618  25.063  -10.280 0.0000000000
126640  -16.291  24.105  -10.651 0.0000000000
126641  -16.683  24.400  -10.097 0.0000000000
126642  -17.674  24.875  -10.625 0.0000000000
126645  -14.323  22.612  -12.306 0.0000000000
126646  -15.470  23.565  -11.741 0.0000000000
126647  -15.914  23.894  -11.145 0.0000000000
126648  -18.040  24.469  -11.050 0.0000000000
126656  -18.447  23.968  -11.604 0.0000000000
126657  -19.202  23.373  -11.960 0.0000000000
126667  -19.030  23.433  -12.277 0.0000000000
127307  -17.489  25.598  -9.433 0.0000000000
127308  -17.407  25.766  -9.322 0.0000000000
127309  -17.463  25.994  -9.391 0.0000000000
127321  -17.306  25.743  -9.384 0.0000000000
127322  -17.578  25.888  -9.062 0.0000000000
127323  -17.697  26.283  -9.273 0.0000000000
127324  -17.468  26.251  -9.333 0.0000000000
127325  -17.604  26.314  -9.527 0.0000000000
127332  -17.255  25.508  -9.620 0.0000000000
127333  -17.343  25.490  -9.384 0.0000000000
127334  -17.594  26.141  -9.737 0.0000000000
127335  -17.441  25.618  -10.016 0.0000000000
127339  -16.829  25.031  -10.563 0.0000000000
127340  -16.917  25.081  -10.019 0.0000000000
127341  -17.943  26.383  -9.696 0.0000000000
127342  -17.523  25.974  -10.088 0.0000000000
127346  -16.065  24.290  -11.823 0.0000000000
127347  -16.411  24.589  -11.230 0.0000000000
127348  -17.302  25.620  -10.576 0.0000000000
127354  -16.507  24.798  -11.892 0.0000000000
127356  -17.482  25.143  -11.005 0.0000000000
128018  -17.456  26.199  -9.267 0.0000000000
128019  -17.651  26.705  -9.114 0.0000000000
128020  -17.878  26.801  -8.990 0.0000000000
128021  -17.917  27.032  -8.910 0.0000000000
128022  -18.103  26.977  -8.973 0.0000000000
128028  -17.305  25.933  -9.827 0.0000000000
128029  -17.376  26.289  -9.470 0.0000000000
128030  -18.200  27.017  -9.195 0.0000000000
128031  -18.524  27.307  -9.238 0.0000000000
128038  -17.029  25.547  -10.853 0.0000000000
128039  -17.169  25.985  -10.268 0.0000000000
128040  -18.132  26.738  -9.456 0.0000000000
128041  -18.303  26.976  -9.636 0.0000000000
128048  -17.002  25.589  -11.477 0.0000000000
128049  -18.175  26.679  -10.228 0.0000000000
128058  -17.600  26.231  -10.919 0.0000000000
128711  -17.637  27.163  -9.112 0.0000000000
128712  -17.858  27.442  -8.770 0.0000000000
128713  -18.133  27.608  -8.674 0.0000000000
128714  -18.405  27.683  -8.690 0.0000000000
128715  -18.665  27.717  -8.766 0.0000000000
128724  -17.353  26.880  -9.765 0.0000000000
128725  -17.487  27.049  -9.373 0.0000000000
128726  -18.986  27.785  -8.906 0.0000000000
128727  -19.204  27.801  -9.242 0.0000000000
128737  -16.970  26.694  -10.722 0.0000000000
128738  -17.124  26.824  -10.190 0.0000000000
128739  -19.144  27.709  -9.814 0.0000000000
128749  -16.824  26.746  -11.631 0.0000000000
128750  -19.223  27.734  -10.616 0.0000000000
128751  -20.003  28.410  -10.935 0.0000000000
128763  -18.522  27.268  -11.541 0.0000000000
128764  -19.684  28.191  -11.478 0.0000000000
129462  -17.652  27.709  -9.028 0.0000000000
129463  -17.832  27.987  -8.847 0.0000000000
129464  -18.258  28.206  -8.663 0.0000000000
129465  -18.618  28.337  -8.634 0.0000000000
129466  -18.895  28.358  -8.610 0.0000000000
129479  -17.284  27.497  -9.709 0.0000000000
129480  -17.456  27.904  -9.346 0.0000000000
129481  -18.069  28.624  -9.130 0.0000000000
129482  -19.208  28.429  -8.713 0.0000000000
129483  -19.617  28.542  -8.976 0.0000000000
129499  -16.946  27.377  -10.573 0.0000000000
129500  -17.072  27.706  -10.160 0.0000000000
129501  -17.544  28.653  -10.001 0.0000000000
129502  -20.021  28.620  -9.555 0.0000000000
129503  -20.495  29.209  -9.954 0.0000000000
129515  -16.777  27.690  -10.925 0.0000000000
129516  -17.025  28.440  -10.724 0.0000000000
129517  -19.801  28.203  -10.034 0.0000000000
129518  -20.284  28.724  -10.456 0.0000000000
129532  -16.406  28.059  -11.837 0.0000000000
129533  -16.890  28.577  -11.294 0.0000000000
129534  -20.362  28.831  -11.381 0.0000000000
129550  -19.965  28.797  -12.207 0.0000000000
130186  -18.364  28.630  -8.885 0.0000000000
130187  -18.842  29.119  -8.845 0.0000000000
130188  -19.101  28.967  -8.666 0.0000000000
130189  -19.274  28.830  -8.693 0.0000000000
130200  -18.148  29.214  -9.764 0.0000000000
130201  -18.640  29.345  -9.258 0.0000000000
130202  -19.049  29.653  -9.254 0.0000000000
130203  -19.419  29.130  -8.762 0.0000000000
130204  -19.664  29.228  -8.863 0.0000000000
130205  -20.132  29.411  -9.167 0.0000000000
130220  -17.362  28.744  -10.472 0.0000000000
130221  -18.081  29.457  -10.685 0.0000000000
130222  -20.389  29.580  -9.642 0.0000000000
130223  -20.501  29.791  -10.070 0.0000000000
130237  -17.515  29.215  -11.179 0.0000000000
130238  -18.308  29.776  -11.429 0.0000000000
130239  -20.532  29.626  -10.510 0.0000000000
130255  -16.476  28.678  -12.381 0.0000000000
130256  -17.219  29.288  -12.179 0.0000000000
130257  -20.556  29.535  -11.227 0.0000000000
130274  -17.375  29.952  -13.065 0.0000000000
130275  -20.400  29.540  -12.083 0.0000000000
130883  -19.286  29.473  -8.969 0.0000000000
130884  -19.396  29.282  -8.871 0.0000000000
130899  -18.930  29.894  -9.977 0.0000000000
130900  -19.267  30.072  -9.761 0.0000000000
130901  -19.451  30.118  -9.568 0.0000000000
130902  -19.627  29.865  -9.290 0.0000000000
130903  -19.987  30.052  -9.462 0.0000000000
130904  -20.197  30.192  -9.689 0.0000000000
130925  -18.884  30.153  -10.661 0.0000000000
130926  -19.550  30.691  -10.592 0.0000000000
130927  -19.756  30.739  -10.280 0.0000000000
130928  -20.339  30.275  -10.077 0.0000000000
130929  -20.421  30.297  -10.539 0.0000000000
130945  -18.247  30.018  -11.977 0.0000000000
130946  -18.853  30.641  -11.633 0.0000000000
130947  -19.416  30.926  -11.224 0.0000000000
130948  -20.517  30.284  -11.134 0.0000000000
130964  -18.079  30.636  -12.749 0.0000000000
130965  -18.649  30.657  -12.278 0.0000000000
130966  -20.456  30.254  -11.973 0.0000000000
130980  -17.477  30.741  -13.540 0.0000000000
130981  -19.970  30.129  -12.698 0.0000000000
131546  -19.759  31.238  -10.556 0.0000000000
131547  -19.694  31.033  -10.332 0.0000000000
131548  -19.761  30.793  -10.285 0.0000000000
131549  -19.894  30.742  -10.284 0.0000000000
131574  -19.682  31.462  -11.151 0.0000000000
131575  -19.902  31.438  -10.759 0.0000000000
131576  -19.955  30.829  -10.465 0.0000000000
131577  -20.086  30.852  -10.698 0.0000000000
131592  -19.174  31.544  -11.964 0.0000000000
131593  -19.414  31.490  -11.624 0.0000000000
131594  -20.174  30.899  -11.047 0.0000000000
131611  -18.264  31.533  -12.905 0.0000000000
131612  -18.711  31.531  -12.394 0.0000000000
131613  -20.179  30.905  -11.734 0.0000000000
131628  -17.768  31.547  -13.316 0.0000000000
131629  -18.597  31.284  -12.984 0.0000000000
131630  -19.404  30.933  -12.598 0.0000000000
132235  -19.501  32.785  -10.484 0.0000000000
132236  -19.614  32.299  -10.539 0.0000000000
132237  -19.722  32.048  -10.520 0.0000000000
132238  -19.862  31.832  -10.562 0.0000000000
132239  -19.904  31.668  -10.749 0.0000000000
132258  -18.984  32.578  -10.913 0.0000000000
132259  -19.589  32.379  -10.767 0.0000000000
132260  -19.775  31.991  -10.751 0.0000000000
132261  -19.953  31.618  -10.940 0.0000000000
132262  -19.817  31.469  -11.092 0.0000000000
132277  -17.620  32.990  -11.681 0.0000000000
132278  -18.773  32.343  -11.589 0.0000000000
132279  -19.235  31.919  -11.160 0.0000000000
132280  -19.578  31.479  -11.328 0.0000000000
132293  -17.676  32.393  -12.646 0.0000000000
132294  -18.345  32.303  -12.157 0.0000000000
132295  -18.854  32.160  -12.234 0.0000000000
132296  -19.276  31.512  -11.873 0.0000000000
132310  -17.110  32.368  -13.562 0.0000000000
132311  -18.303  31.905  -13.047 0.0000000000
132312  -18.927  31.574  -12.374 0.0000000000
132919  -18.175  34.580  -9.453 0.0000000000
132920  -18.360  34.512  -9.650 0.0000000000
132921  -18.598  34.385  -9.802 0.0000000000
132940  -18.090  34.089  -9.929 0.0000000000
132941  -18.599  33.813  -10.017 0.0000000000
132942  -19.071  33.682  -10.121 0.0000000000
132943  -19.262  33.572  -10.214 0.0000000000
132944  -19.441  33.168  -10.479 0.0000000000
132945  -19.637  32.500  -10.733 0.0000000000
132955  -18.360  33.396  -10.512 0.0000000000
132956  -18.851  33.004  -10.523 0.0000000000
132957  -19.564  33.433  -10.640 0.0000000000
132958  -19.433  32.643  -10.889 0.0000000000
132959  -19.540  32.085  -11.040 0.0000000000
132969  -17.173  33.818  -11.366 0.0000000000
132970  -17.633  33.687  -10.896 0.0000000000
132971  -19.371  32.772  -11.161 0.0000000000
132972  -19.260  32.030  -11.220 0.0000000000
132983  -16.197  34.340  -12.240 0.0000000000
132984  -16.626  33.883  -11.975 0.0000000000
132985  -19.089  32.879  -11.783 0.0000000000
132986  -19.117  31.922  -11.559 0.0000000000
133002  -16.156  34.228  -12.736 0.0000000000
133003  -16.597  33.234  -13.056 0.0000000000
133005  -18.337  33.417  -13.020 0.0000000000
133652  -17.760  35.404  -8.726 0.0000000000
133653  -18.054  35.136  -8.873 0.0000000000
133654  -18.286  35.062  -9.064 0.0000000000
133655  -18.514  34.860  -9.544 0.0000000000
133670  -17.803  34.781  -9.359 0.0000000000
133671  -18.082  34.756  -9.218 0.0000000000
133672  -18.796  34.479  -9.933 0.0000000000
133673  -19.125  34.331  -10.293 0.0000000000
133682  -17.060  35.133  -10.105 0.0000000000
133683  -17.632  34.370  -10.039 0.0000000000
133684  -19.258  34.161  -10.874 0.0000000000
133685  -19.579  33.427  -11.103 0.0000000000
133698  -16.726  34.631  -10.939 0.0000000000
133699  -17.272  34.461  -10.469 0.0000000000
133700  -18.644  34.661  -11.637 0.0000000000
133701  -19.316  33.726  -11.414 0.0000000000
133716  -15.882  34.924  -12.184 0.0000000000
133717  -16.244  34.778  -11.554 0.0000000000
133718  -17.967  34.741  -12.539 0.0000000000
133719  -18.798  34.002  -12.180 0.0000000000
133739  -18.300  34.190  -12.802 0.0000000000
134346  -17.538  35.970  -8.400 0.0000000000
134347  -17.768  35.903  -8.306 0.0000000000
134348  -18.067  35.810  -8.369 0.0000000000
134349  -18.306  35.724  -8.674 0.0000000000
134364  -16.881  36.246  -8.934 0.0000000000
134365  -17.227  35.983  -8.759 0.0000000000
134366  -18.525  35.552  -9.114 0.0000000000
134367  -18.582  35.330  -9.588 0.0000000000
134378  -16.811  36.025  -9.407 0.0000000000
134379  -17.332  35.280  -9.507 0.0000000000
134380  -18.647  35.252  -10.188 0.0000000000
134396  -16.391  35.846  -10.315 0.0000000000
134397  -18.417  35.438  -11.038 0.0000000000
134415  -15.538  35.785  -12.041 0.0000000000
134416  -15.815  35.689  -11.294 0.0000000000
134417  -16.939  36.364  -12.742 0.0000000000
134418  -17.548  35.864  -12.238 0.0000000000
135035  -17.336  36.586  -8.061 0.0000000000
135036  -17.780  36.627  -7.940 0.0000000000
135037  -18.130  36.578  -8.045 0.0000000000
135038  -18.326  36.488  -8.438 0.0000000000
135049  -16.624  36.719  -8.806 0.0000000000
135050  -16.897  36.843  -8.244 0.0000000000
135051  -18.472  36.328  -8.912 0.0000000000
135052  -18.417  36.192  -9.520 0.0000000000
135064  -15.557  37.371  -10.243 0.0000000000
135065  -16.091  36.855  -9.649 0.0000000000
135066  -18.190  36.158  -10.321 0.0000000000
135080  -15.193  37.389  -11.110 0.0000000000
135081  -15.718  36.607  -10.591 0.0000000000
135082  -17.284  36.926  -11.544 0.0000000000
135083  -17.764  36.291  -11.238 0.0000000000
135098  -15.166  36.666  -12.061 0.0000000000
135099  -15.487  36.591  -11.234 0.0000000000
135100  -16.669  36.787  -12.694 0.0000000000
135101  -17.340  36.494  -11.905 0.0000000000
135664  -16.936  37.494  -7.869 0.0000000000
135665  -17.398  37.472  -7.671 0.0000000000
135666  -17.883  37.472  -7.645 0.0000000000
135667  -18.213  37.419  -7.874 0.0000000000
135678  -16.170  37.658  -8.950 0.0000000000
135679  -16.551  37.551  -8.279 0.0000000000
135680  -18.372  37.296  -8.380 0.0000000000
135681  -18.377  37.101  -8.995 0.0000000000
135695  -15.190  38.151  -10.397 0.0000000000
135696  -15.681  37.885  -9.641 0.0000000000
135697  -17.845  37.517  -9.889 0.0000000000
135698  -18.083  37.049  -9.792 0.0000000000
135714  -14.619  38.490  -11.307 0.0000000000
135715  -17.466  37.457  -10.727 0.0000000000
135716  -17.771  36.786  -10.669 0.0000000000
135729  -16.587  37.618  -12.218 0.0000000000
136186  -16.999  38.371  -7.652 0.0000000000
136187  -17.455  38.432  -7.522 0.0000000000
136188  -17.947  38.386  -7.590 0.0000000000
136189  -18.271  38.298  -7.942 0.0000000000
136202  -16.264  38.425  -8.466 0.0000000000
136203  -16.626  38.361  -7.952 0.0000000000
136204  -18.378  38.082  -8.725 0.0000000000
136205  -18.229  37.579  -9.296 0.0000000000
136217  -15.342  38.778  -9.724 0.0000000000
136218  -15.868  38.545  -9.079 0.0000000000
136219  -17.727  38.005  -9.820 0.0000000000
136220  -18.031  37.546  -9.599 0.0000000000
136229  -14.727  39.012  -10.470 0.0000000000
136230  -16.811  38.205  -11.492 0.0000000000
136661  -16.804  40.322  -7.239 0.0000000000
136662  -17.030  40.215  -7.274 0.0000000000
136663  -17.314  40.074  -7.448 0.0000000000
136668  -16.305  40.114  -7.652 0.0000000000
136669  -16.806  39.666  -7.492 0.0000000000
136670  -17.448  39.358  -7.476 0.0000000000
136671  -17.863  39.397  -7.663 0.0000000000
136672  -18.252  39.119  -8.205 0.0000000000
136677  -15.605  40.028  -8.509 0.0000000000
136678  -16.191  39.534  -8.128 0.0000000000
136679  -16.688  38.957  -7.736 0.0000000000
136680  -17.972  38.901  -9.175 0.0000000000
136685  -15.589  39.480  -9.035 0.0000000000
136686  -16.014  39.001  -8.676 0.0000000000
136687  -16.990  38.769  -10.643 0.0000000000
136693  -14.477  39.955  -10.631 0.0000000000
136694  -14.962  39.594  -9.792 0.0000000000
137168  -16.230  41.262  -6.891 0.0000000000
137169  -16.622  40.876  -6.966 0.0000000000
137170  -17.051  40.801  -7.039 0.0000000000
137171  -17.369  40.514  -7.423 0.0000000000
137176  -15.514  41.282  -7.495 0.0000000000
137177  -16.103  40.837  -7.305 0.0000000000
137178  -16.603  40.455  -7.243 0.0000000000
137179  -17.755  40.073  -7.870 0.0000000000
137180  -17.892  39.731  -8.695 0.0000000000
137183  -14.822  41.299  -8.394 0.0000000000
137184  -15.389  40.807  -8.059 0.0000000000
137185  -15.976  40.314  -7.730 0.0000000000
137186  -17.321  39.412  -9.834 0.0000000000
137191  -14.771  41.035  -8.885 0.0000000000
137192  -15.190  40.280  -8.902 0.0000000000
137200  -14.695  40.484  -9.715 0.0000000000
137201  -15.128  39.958  -9.356 0.0000000000
137675  -16.319  41.575  -6.786 0.0000000000
137676  -16.643  41.605  -6.808 0.0000000000
137677  -17.006  41.510  -6.995 0.0000000000
137678  -17.325  41.171  -7.457 0.0000000000
137682  -15.559  41.671  -7.215 0.0000000000
137683  -15.901  41.837  -6.872 0.0000000000
137684  -17.464  40.682  -8.410 0.0000000000
137685  -17.412  40.020  -9.324 0.0000000000
137689  -14.852  41.691  -8.171 0.0000000000
137690  -15.104  41.892  -7.637 0.0000000000
137691  -16.895  40.472  -9.633 0.0000000000
137698  -14.599  41.888  -8.818 0.0000000000
137706  -14.208  41.698  -9.836 0.0000000000
138239  -16.467  43.187  -6.671 0.0000000000
138240  -16.652  43.287  -6.793 0.0000000000
138244  -16.160  42.391  -6.676 0.0000000000
138245  -16.524  42.567  -6.697 0.0000000000
138246  -16.889  42.465  -7.001 0.0000000000
138247  -17.172  41.803  -7.749 0.0000000000
138252  -15.269  42.629  -7.113 0.0000000000
138253  -15.705  42.702  -6.750 0.0000000000
138254  -17.026  41.388  -8.758 0.0000000000
138259  -14.472  42.769  -8.247 0.0000000000
138260  -14.865  42.610  -7.575 0.0000000000
138270  -13.886  42.726  -9.330 0.0000000000
138877  -15.323  44.681  -5.725 0.0000000000
138878  -15.634  44.373  -5.903 0.0000000000
138879  -16.183  43.802  -6.261 0.0000000000
138880  -16.498  43.865  -6.461 0.0000000000
138884  -15.217  44.338  -5.996 0.0000000000
138885  -15.675  43.472  -6.443 0.0000000000
138886  -16.169  43.073  -6.549 0.0000000000
138887  -16.703  43.516  -6.869 0.0000000000
138888  -16.892  42.694  -7.374 0.0000000000
138893  -14.164  44.714  -7.066 0.0000000000
138894  -14.787  43.907  -6.702 0.0000000000
138895  -15.377  43.185  -6.767 0.0000000000
138896  -16.705  43.328  -7.505 0.0000000000
138897  -16.941  42.367  -8.116 0.0000000000
138903  -12.855  45.215  -8.696 0.0000000000
138904  -13.720  44.321  -7.944 0.0000000000
138905  -14.662  43.250  -7.507 0.0000000000
138907  -16.666  41.898  -9.077 0.0000000000
138915  -12.629  44.811  -9.376 0.0000000000
138916  -13.492  43.616  -8.905 0.0000000000
139456  -15.430  44.976  -5.634 0.0000000000
139457  -15.803  44.893  -5.708 0.0000000000
139458  -16.201  44.747  -6.004 0.0000000000
139459  -16.443  44.523  -6.436 0.0000000000
139464  -14.663  45.461  -5.904 0.0000000000
139465  -14.986  45.184  -5.732 0.0000000000
139466  -16.615  44.284  -6.880 0.0000000000
139473  -14.479  45.189  -6.404 0.0000000000
139474  -14.874  44.598  -6.088 0.0000000000
139475  -16.328  44.132  -7.578 0.0000000000
139482  -12.962  45.538  -8.188 0.0000000000
139483  -13.597  45.475  -7.272 0.0000000000
139492  -11.763  46.097  -9.142 0.0000000000
139988  -15.358  46.275  -5.424 0.0000000000
139989  -15.576  46.229  -5.550 0.0000000000
139990  -15.654  46.390  -5.711 0.0000000000
139996  -14.709  46.349  -5.404 0.0000000000
139997  -15.226  45.875  -5.445 0.0000000000
139998  -15.745  45.635  -5.660 0.0000000000
139999  -16.036  45.704  -6.063 0.0000000000
140000  -16.443  44.908  -6.489 0.0000000000
140008  -13.614  46.523  -5.986 0.0000000000
140009  -14.371  46.040  -5.769 0.0000000000
140010  -14.873  45.836  -5.506 0.0000000000
140011  -15.724  45.791  -6.810 0.0000000000
140012  -16.332  45.009  -6.804 0.0000000000
140019  -13.184  46.623  -6.632 0.0000000000
140020  -13.770  45.973  -6.488 0.0000000000
140027  -11.481  47.270  -8.363 0.0000000000
140028  -12.568  46.557  -7.806 0.0000000000
140029  -13.297  46.128  -7.031 0.0000000000
140039  -11.570  46.754  -8.625 0.0000000000
140483  -14.899  46.846  -5.271 0.0000000000
140484  -15.094  46.771  -5.394 0.0000000000
140485  -15.284  46.795  -5.555 0.0000000000
140493  -13.507  47.429  -5.193 0.0000000000
140494  -14.134  47.039  -5.236 0.0000000000
140495  -14.622  46.939  -5.227 0.0000000000
140496  -15.423  46.775  -5.819 0.0000000000
140502  -12.485  48.020  -6.404 0.0000000000
140503  -13.038  47.317  -5.767 0.0000000000
140504  -13.726  46.851  -5.545 0.0000000000
140505  -15.316  46.683  -6.362 0.0000000000
140509  -11.775  48.152  -7.202 0.0000000000
140510  -12.640  47.434  -6.991 0.0000000000
140518  -10.691  48.278  -8.296 0.0000000000
140519  -11.875  47.515  -7.718 0.0000000000
140988  -14.048  48.357  -4.598 0.0000000000
140989  -14.378  47.876  -5.019 0.0000000000
140990  -14.547  47.506  -5.217 0.0000000000
140991  -14.658  47.320  -5.398 0.0000000000
140997  -12.998  48.046  -4.983 0.0000000000
140998  -13.647  48.024  -4.776 0.0000000000
140999  -14.169  47.657  -4.975 0.0000000000
141000  -14.790  47.418  -5.644 0.0000000000
141003  -11.834  48.691  -6.437 0.0000000000
141004  -12.530  48.325  -5.610 0.0000000000
141005  -13.964  48.169  -6.861 0.0000000000
141006  -14.632  47.636  -6.178 0.0000000000
141010  -9.643  50.757  -8.257 0.0000000000
141011  -10.168  50.119  -8.151 0.0000000000
141012  -10.756  49.082  -7.372 0.0000000000
141014  -14.511  47.408  -6.775 0.0000000000
141021  -10.135  49.429  -8.367 0.0000000000
141466  -12.905  49.366  -4.741 0.0000000000
141467  -13.508  49.075  -4.515 0.0000000000
141468  -14.158  49.088  -4.607 0.0000000000
141469  -14.490  48.795  -4.937 0.0000000000
141470  -14.516  47.849  -5.218 0.0000000000
141475  -11.858  49.601  -5.543 0.0000000000
141476  -12.476  49.068  -5.022 0.0000000000
141477  -13.106  48.652  -4.637 0.0000000000
141478  -14.266  49.046  -5.507 0.0000000000
141479  -14.519  48.053  -5.387 0.0000000000
141482  -10.451  50.554  -7.144 0.0000000000
141483  -11.152  49.659  -6.397 0.0000000000
141484  -11.988  49.016  -5.716 0.0000000000
141485  -13.775  48.803  -6.393 0.0000000000
141486  -14.477  48.211  -5.804 0.0000000000
141489  -10.136  50.656  -7.854 0.0000000000
141490  -10.444  49.993  -7.392 0.0000000000
141930  -12.530  50.591  -4.803 0.0000000000
141931  -12.672  50.557  -4.993 0.0000000000
141938  -11.708  50.559  -4.843 0.0000000000
141939  -12.287  50.168  -4.805 0.0000000000
141940  -12.692  50.167  -4.825 0.0000000000
141941  -13.275  49.881  -4.656 0.0000000000
141942  -13.971  49.735  -4.648 0.0000000000
141947  -10.526  50.804  -6.066 0.0000000000
141948  -11.280  50.395  -5.562 0.0000000000
141949  -11.948  49.904  -5.074 0.0000000000
141950  -13.852  49.716  -5.109 0.0000000000
141953  -10.500  51.026  -6.838 0.0000000000
141954  -10.641  50.373  -6.307 0.0000000000
141956  -12.026  50.459  -7.386 0.0000000000
141957  -12.843  49.682  -6.141 0.0000000000
141962  -12.608  49.584  -7.118 0.0000000000
142386  -12.051  51.807  -3.982 0.0000000000
142387  -12.285  51.378  -4.463 0.0000000000
142388  -12.404  51.300  -4.751 0.0000000000
142393  -10.578  51.812  -5.391 0.0000000000
142394  -11.087  51.258  -4.718 0.0000000000
142395  -11.795  51.305  -4.324 0.0000000000
142396  -12.235  50.976  -4.495 0.0000000000
142397  -12.563  50.804  -5.011 0.0000000000
142398  -13.116  50.015  -4.764 0.0000000000
142401  -10.350  51.699  -6.589 0.0000000000
142402  -10.637  51.095  -5.543 0.0000000000
142403  -12.322  50.930  -5.658 0.0000000000
142404  -12.972  50.109  -5.045 0.0000000000
142408  -12.007  50.971  -6.623 0.0000000000
142409  -12.665  50.176  -5.636 0.0000000000
142759  -10.968  53.011  -3.726 0.0000000000
142760  -11.480  52.624  -3.821 0.0000000000
142761  -12.016  52.698  -3.899 0.0000000000
142762  -12.309  52.502  -4.238 0.0000000000
142766  -9.380  52.699  -7.264 0.0000000000
142767  -10.007  52.817  -6.307 0.0000000000
142768  -10.809  52.465  -4.330 0.0000000000
142769  -11.298  51.837  -4.119 0.0000000000
142770  -11.922  53.094  -5.142 0.0000000000
142771  -12.245  52.361  -4.870 0.0000000000
142773  -9.856  52.215  -7.045 0.0000000000
142774  -11.539  52.950  -6.194 0.0000000000
142775  -12.098  51.780  -5.524 0.0000000000
142778  -11.667  51.799  -6.299 0.0000000000
143092  -10.825  53.926  -3.988 0.0000000000
143093  -11.423  53.930  -3.956 0.0000000000
143094  -11.799  53.850  -4.295 0.0000000000
143095  -12.153  53.150  -4.500 0.0000000000
143097  -10.446  53.544  -4.789 0.0000000000
143098  -10.805  53.176  -3.898 0.0000000000
143099  -11.585  53.927  -5.423 0.0000000000
143100  -12.112  53.137  -4.802 0.0000000000
143102  -11.477  54.308  -6.834 0.0000000000
143406  -11.140  55.422  -4.624 0.0000000000
143407  -11.420  55.575  -5.428 0.0000000000
143410  -11.525  55.523  -6.811 0.0000000000
146723  -9.713  51.541  -7.611 0.0000000000
146738  -9.420  53.356  -7.011 0.0000000000
