#!ascii label  , from subject subject001 vox2ras=TkReg
1933
98118  -40.952  -9.926  31.476 0.0000000000
98122  -40.458  -9.679  31.122 0.0000000000
98123  -41.133  -9.258  30.667 0.0000000000
98127  -40.858  -8.944  30.166 0.0000000000
98128  -41.211  -8.818  30.235 0.0000000000
98135  -40.925  -8.549  29.656 0.0000000000
99193  -43.450  -10.490  34.347 0.0000000000
99194  -44.424  -10.389  34.319 0.0000000000
99202  -42.223  -10.351  33.014 0.0000000000
99203  -43.298  -10.267  33.048 0.0000000000
99204  -44.235  -10.091  33.196 0.0000000000
99205  -45.164  -9.648  33.276 0.0000000000
99208  -41.337  -10.113  31.903 0.0000000000
99209  -42.057  -9.821  31.809 0.0000000000
99210  -43.166  -9.156  31.637 0.0000000000
99211  -44.007  -9.209  32.238 0.0000000000
99212  -44.709  -9.135  32.513 0.0000000000
99214  -41.642  -9.441  31.063 0.0000000000
99215  -42.520  -8.603  30.598 0.0000000000
99216  -43.162  -8.396  30.749 0.0000000000
99218  -41.272  -8.598  29.945 0.0000000000
99219  -41.668  -8.539  30.123 0.0000000000
99220  -42.236  -7.778  29.785 0.0000000000
99225  -40.936  -8.284  29.431 0.0000000000
99226  -41.338  -7.930  29.414 0.0000000000
99227  -41.868  -7.600  29.511 0.0000000000
99228  -42.118  -7.354  29.510 0.0000000000
99230  -41.017  -7.671  29.033 0.0000000000
99231  -41.340  -7.190  28.994 0.0000000000
100320  -45.918  -9.122  32.969 0.0000000000
100324  -43.983  -8.423  31.400 0.0000000000
100325  -44.671  -8.213  31.602 0.0000000000
100326  -45.488  -8.434  32.238 0.0000000000
100327  -46.257  -8.398  32.591 0.0000000000
100329  -43.116  -7.879  30.322 0.0000000000
100330  -43.691  -7.781  30.617 0.0000000000
100331  -44.330  -7.744  30.955 0.0000000000
100333  -42.771  -7.320  29.760 0.0000000000
100334  -43.322  -7.215  29.977 0.0000000000
100339  -41.729  -6.867  29.102 0.0000000000
100340  -42.040  -6.961  29.288 0.0000000000
100341  -42.327  -7.036  29.412 0.0000000000
100343  -41.455  -6.526  28.761 0.0000000000
100344  -41.526  -6.676  28.911 0.0000000000
100348  -41.338  -6.333  28.718 0.0000000000
101341  -46.903  -7.829  32.603 0.0000000000
101346  -44.744  -7.449  30.931 0.0000000000
101347  -45.397  -7.049  30.970 0.0000000000
101348  -46.285  -7.387  31.851 0.0000000000
101350  -43.711  -6.552  29.829 0.0000000000
101351  -44.504  -6.721  30.300 0.0000000000
101352  -45.118  -6.230  30.357 0.0000000000
101355  -41.195  -5.109  29.073 0.0000000000
101356  -41.649  -5.317  29.058 0.0000000000
101357  -42.438  -6.094  29.146 0.0000000000
101358  -43.148  -6.425  29.519 0.0000000000
101363  -41.032  -5.229  28.911 0.0000000000
101364  -41.522  -5.722  28.799 0.0000000000
101365  -41.964  -6.252  29.018 0.0000000000
101366  -42.201  -6.601  29.215 0.0000000000
101368  -41.008  -5.531  28.889 0.0000000000
101369  -41.396  -5.913  28.704 0.0000000000
102379  -47.395  -7.339  32.649 0.0000000000
102385  -46.208  -6.004  31.062 0.0000000000
102386  -47.097  -6.280  32.025 0.0000000000
102387  -47.923  -5.593  32.412 0.0000000000
102390  -41.982  -3.931  29.935 0.0000000000
102391  -42.642  -4.318  29.721 0.0000000000
102392  -43.757  -5.196  29.669 0.0000000000
102393  -44.731  -5.331  30.212 0.0000000000
102394  -45.501  -5.649  30.515 0.0000000000
102397  -39.855  -3.892  29.670 0.0000000000
102398  -40.659  -4.403  29.499 0.0000000000
102399  -41.802  -4.517  29.527 0.0000000000
102400  -42.940  -5.389  29.363 0.0000000000
102401  -43.452  -5.876  29.470 0.0000000000
102405  -38.984  -3.688  29.303 0.0000000000
102406  -39.920  -4.270  29.260 0.0000000000
102407  -40.865  -4.960  29.076 0.0000000000
102409  -39.097  -3.799  29.089 0.0000000000
102410  -40.086  -4.508  28.994 0.0000000000
102415  -39.235  -3.809  28.787 0.0000000000
103424  -45.633  -4.019  30.932 0.0000000000
103425  -46.400  -4.598  31.264 0.0000000000
103426  -47.316  -4.679  31.833 0.0000000000
103427  -48.062  -4.587  32.263 0.0000000000
103431  -42.125  -3.506  30.248 0.0000000000
103432  -43.055  -3.725  30.185 0.0000000000
103433  -44.093  -4.008  30.365 0.0000000000
103434  -45.080  -4.305  30.645 0.0000000000
103435  -45.831  -4.872  30.811 0.0000000000
103438  -39.812  -3.480  29.984 0.0000000000
103439  -40.606  -3.557  30.022 0.0000000000
103440  -41.393  -3.490  30.154 0.0000000000
103444  -38.838  -3.396  29.541 0.0000000000
103445  -39.304  -3.444  29.811 0.0000000000
103447  -37.873  -2.953  28.867 0.0000000000
103448  -38.371  -3.242  29.200 0.0000000000
103452  -37.783  -2.810  28.410 0.0000000000
103453  -38.379  -3.281  28.791 0.0000000000
103458  -37.609  -2.501  27.780 0.0000000000
103459  -38.460  -3.058  28.231 0.0000000000
103464  -37.437  -2.283  27.295 0.0000000000
103465  -37.826  -2.474  27.344 0.0000000000
103466  -38.721  -2.651  27.582 0.0000000000
103490  -39.877  -1.264  24.612 0.0000000000
104483  -45.193  -3.569  30.886 0.0000000000
104484  -45.606  -3.257  31.037 0.0000000000
104485  -46.679  -3.584  31.440 0.0000000000
104486  -47.565  -3.707  31.802 0.0000000000
104487  -48.531  -3.804  32.020 0.0000000000
104495  -41.469  -2.763  30.422 0.0000000000
104496  -42.355  -2.834  30.497 0.0000000000
104497  -43.318  -2.933  30.639 0.0000000000
104498  -44.497  -3.077  30.833 0.0000000000
104499  -44.952  -2.679  30.885 0.0000000000
104502  -39.174  -2.817  30.186 0.0000000000
104503  -39.752  -2.826  30.319 0.0000000000
104504  -40.559  -2.765  30.372 0.0000000000
104509  -38.239  -2.768  29.543 0.0000000000
104510  -38.697  -2.820  29.911 0.0000000000
104513  -37.610  -2.500  28.691 0.0000000000
104514  -37.822  -2.649  29.144 0.0000000000
104519  -37.424  -2.304  28.086 0.0000000000
104524  -37.285  -2.118  27.402 0.0000000000
104528  -37.472  -2.071  26.747 0.0000000000
104529  -38.069  -2.245  26.617 0.0000000000
104538  -37.852  -1.797  25.891 0.0000000000
104539  -38.571  -1.866  25.875 0.0000000000
104548  -37.989  -1.617  25.554 0.0000000000
104549  -38.467  -1.396  25.280 0.0000000000
104550  -39.390  -1.434  25.146 0.0000000000
104558  -38.790  -1.131  24.801 0.0000000000
104559  -39.655  -1.115  24.464 0.0000000000
104560  -40.469  -1.156  23.991 0.0000000000
104564  -40.079  -1.002  24.053 0.0000000000
104565  -40.640  -1.111  23.735 0.0000000000
105517  -46.220  -2.864  31.143 0.0000000000
105518  -47.041  -2.930  31.371 0.0000000000
105519  -48.039  -3.034  31.450 0.0000000000
105520  -49.098  -2.995  31.587 0.0000000000
105529  -41.751  -2.255  30.525 0.0000000000
105530  -42.531  -2.166  30.624 0.0000000000
105531  -43.534  -2.266  30.709 0.0000000000
105532  -44.438  -2.285  30.757 0.0000000000
105533  -45.462  -2.380  30.796 0.0000000000
105534  -46.550  -2.373  30.742 0.0000000000
105535  -47.604  -2.473  30.752 0.0000000000
105536  -48.722  -2.428  30.781 0.0000000000
105537  -49.612  -2.312  31.032 0.0000000000
105541  -39.244  -2.434  30.370 0.0000000000
105542  -39.683  -2.201  30.408 0.0000000000
105543  -40.811  -2.117  30.453 0.0000000000
105544  -41.737  -1.885  30.429 0.0000000000
105549  -38.341  -2.408  29.783 0.0000000000
105550  -38.761  -2.136  30.099 0.0000000000
105551  -39.351  -1.829  30.225 0.0000000000
105553  -37.608  -2.292  28.984 0.0000000000
105554  -37.939  -2.099  29.341 0.0000000000
105555  -38.418  -1.723  29.571 0.0000000000
105559  -37.489  -2.057  28.540 0.0000000000
105560  -37.734  -1.754  28.646 0.0000000000
105565  -37.306  -1.907  27.696 0.0000000000
105571  -37.382  -1.772  26.901 0.0000000000
105575  -37.613  -1.597  26.135 0.0000000000
105577  -37.971  -1.395  25.505 0.0000000000
105578  -38.414  -1.084  24.976 0.0000000000
105581  -39.025  -0.905  24.611 0.0000000000
105582  -39.724  -0.849  24.239 0.0000000000
105585  -40.337  -0.962  23.797 0.0000000000
105586  -40.920  -1.051  23.351 0.0000000000
105588  -41.444  -1.128  23.086 0.0000000000
105589  -42.251  -1.107  22.897 0.0000000000
105590  -42.751  -0.993  22.627 0.0000000000
105592  -42.728  -1.056  22.387 0.0000000000
105593  -43.260  -1.122  22.067 0.0000000000
105594  -44.394  -1.312  21.911 0.0000000000
105595  -44.782  -1.314  21.352 0.0000000000
105598  -44.965  -1.676  21.466 0.0000000000
105599  -45.169  -1.652  20.907 0.0000000000
105600  -45.937  -1.739  20.608 0.0000000000
105601  -46.806  -1.766  20.478 0.0000000000
105602  -47.549  -1.973  20.607 0.0000000000
105605  -48.370  -2.290  20.765 0.0000000000
105606  -49.455  -2.570  21.080 0.0000000000
106497  -42.322  -1.803  30.493 0.0000000000
106498  -42.893  -1.824  30.529 0.0000000000
106499  -43.771  -1.850  30.553 0.0000000000
106500  -44.778  -1.859  30.389 0.0000000000
106501  -46.088  -1.769  29.887 0.0000000000
106502  -47.220  -1.950  29.980 0.0000000000
106503  -48.379  -1.842  29.932 0.0000000000
106504  -49.698  -1.566  30.167 0.0000000000
106509  -40.046  -1.863  30.308 0.0000000000
106510  -40.952  -1.654  30.151 0.0000000000
106511  -42.233  -1.491  30.050 0.0000000000
106512  -43.219  -1.568  30.214 0.0000000000
106513  -44.148  -1.550  30.032 0.0000000000
106514  -45.176  -1.530  29.607 0.0000000000
106515  -45.964  -1.412  29.153 0.0000000000
106520  -38.945  -1.667  29.855 0.0000000000
106521  -39.886  -1.526  29.680 0.0000000000
106522  -41.341  -1.255  29.159 0.0000000000
106523  -42.135  -1.305  29.353 0.0000000000
106525  -38.112  -1.632  28.993 0.0000000000
106526  -38.924  -1.439  28.886 0.0000000000
106527  -40.274  -1.227  28.245 0.0000000000
106528  -41.559  -0.992  27.637 0.0000000000
106529  -42.175  -0.695  26.959 0.0000000000
106532  -37.536  -1.708  28.042 0.0000000000
106533  -38.193  -1.393  27.924 0.0000000000
106534  -39.567  -0.834  26.933 0.0000000000
106535  -40.834  -0.730  26.867 0.0000000000
106536  -41.730  -0.535  26.681 0.0000000000
106537  -42.195  -0.330  26.648 0.0000000000
106541  -37.615  -1.448  27.222 0.0000000000
106542  -38.558  -0.659  26.458 0.0000000000
106543  -39.393  -0.172  26.214 0.0000000000
106550  -37.753  -1.210  26.307 0.0000000000
106551  -38.491  -0.539  25.669 0.0000000000
106555  -37.956  -1.054  25.628 0.0000000000
106556  -38.571  -0.421  25.202 0.0000000000
106558  -38.224  -0.933  25.197 0.0000000000
106559  -38.740  -0.535  24.828 0.0000000000
106562  -39.319  -0.466  24.449 0.0000000000
106563  -40.114  -0.508  24.018 0.0000000000
106564  -40.472  -0.399  23.803 0.0000000000
106567  -40.392  -0.752  23.756 0.0000000000
106568  -40.750  -0.727  23.503 0.0000000000
106569  -41.144  -0.675  23.284 0.0000000000
106571  -41.097  -0.990  23.158 0.0000000000
106572  -41.493  -0.892  23.055 0.0000000000
106573  -42.603  -0.929  22.816 0.0000000000
106574  -43.019  -0.809  22.579 0.0000000000
106576  -43.021  -1.037  22.531 0.0000000000
106577  -43.422  -0.944  22.230 0.0000000000
106578  -44.548  -0.969  21.620 0.0000000000
106579  -44.967  -0.839  21.420 0.0000000000
106581  -44.959  -1.224  21.202 0.0000000000
106582  -45.316  -1.078  21.052 0.0000000000
106583  -46.358  -1.065  20.699 0.0000000000
106584  -47.517  -1.086  20.505 0.0000000000
106585  -48.101  -0.791  20.570 0.0000000000
106587  -47.971  -1.603  20.615 0.0000000000
106588  -48.552  -1.332  20.656 0.0000000000
106589  -49.825  -1.709  21.016 0.0000000000
106590  -51.181  -2.262  21.388 0.0000000000
107357  -47.018  -1.571  29.326 0.0000000000
107358  -47.886  -1.287  29.077 0.0000000000
107359  -49.178  -0.872  29.072 0.0000000000
107366  -42.954  -1.416  29.800 0.0000000000
107367  -43.628  -1.358  29.509 0.0000000000
107368  -44.630  -1.314  29.041 0.0000000000
107369  -45.676  -1.152  28.610 0.0000000000
107370  -46.924  -0.961  28.432 0.0000000000
107371  -48.480  0.077  28.176 0.0000000000
107372  -49.865  0.364  28.593 0.0000000000
107379  -42.175  -1.217  28.745 0.0000000000
107380  -42.929  -1.199  28.982 0.0000000000
107381  -44.136  -0.952  28.454 0.0000000000
107382  -45.196  -0.659  28.044 0.0000000000
107383  -46.195  -0.354  27.757 0.0000000000
107384  -47.066  0.303  27.440 0.0000000000
107385  -47.654  0.102  27.789 0.0000000000
107387  -41.920  -1.232  28.255 0.0000000000
107388  -42.600  -0.873  27.658 0.0000000000
107389  -43.756  -0.665  27.585 0.0000000000
107390  -44.774  -0.322  27.370 0.0000000000
107391  -45.776  0.314  27.144 0.0000000000
107392  -46.446  0.354  27.267 0.0000000000
107395  -40.545  0.183  26.301 0.0000000000
107396  -41.376  0.247  26.303 0.0000000000
107397  -42.126  0.232  26.397 0.0000000000
107398  -42.703  -0.098  26.603 0.0000000000
107399  -43.491  -0.134  26.764 0.0000000000
107400  -44.449  0.426  26.674 0.0000000000
107401  -45.155  0.358  26.890 0.0000000000
107404  -39.367  0.147  25.857 0.0000000000
107405  -40.179  0.852  25.896 0.0000000000
107406  -41.161  1.214  26.012 0.0000000000
107407  -42.000  1.216  26.055 0.0000000000
107408  -42.737  0.975  26.096 0.0000000000
107409  -43.388  0.705  26.297 0.0000000000
107410  -43.847  0.555  26.466 0.0000000000
107416  -39.122  0.085  25.561 0.0000000000
107417  -39.555  0.884  25.538 0.0000000000
107421  -39.075  0.466  25.141 0.0000000000
107422  -39.270  0.766  25.317 0.0000000000
107425  -39.055  0.367  24.821 0.0000000000
107426  -39.400  0.723  24.691 0.0000000000
107430  -39.112  -0.091  24.645 0.0000000000
107431  -39.585  0.283  24.464 0.0000000000
107432  -40.475  0.130  24.013 0.0000000000
107433  -40.948  0.278  23.950 0.0000000000
107437  -40.689  -0.334  23.701 0.0000000000
107438  -41.204  -0.210  23.586 0.0000000000
107439  -42.182  -0.001  23.427 0.0000000000
107440  -42.706  0.082  23.387 0.0000000000
107442  -41.391  -0.656  23.236 0.0000000000
107443  -41.949  -0.597  23.190 0.0000000000
107444  -43.013  -0.415  23.008 0.0000000000
107445  -44.088  -0.087  22.676 0.0000000000
107446  -44.668  -0.007  22.554 0.0000000000
107448  -43.259  -0.748  22.470 0.0000000000
107449  -43.838  -0.654  22.304 0.0000000000
107450  -44.925  -0.464  21.960 0.0000000000
107451  -45.577  -0.341  21.770 0.0000000000
107453  -45.221  -0.748  21.347 0.0000000000
107454  -45.837  -0.577  21.289 0.0000000000
107455  -46.995  -0.490  20.881 0.0000000000
107456  -48.084  -0.385  20.649 0.0000000000
107457  -48.622  -0.207  20.665 0.0000000000
107462  -48.391  -0.702  20.591 0.0000000000
107463  -48.979  -0.638  20.680 0.0000000000
107464  -50.236  -1.085  21.081 0.0000000000
107465  -51.632  -1.660  21.541 0.0000000000
108248  -48.652  1.069  27.807 0.0000000000
108249  -49.307  1.529  28.159 0.0000000000
108250  -50.463  1.551  28.809 0.0000000000
108257  -47.289  1.016  27.209 0.0000000000
108258  -47.959  1.226  27.515 0.0000000000
108259  -48.646  1.488  27.822 0.0000000000
108261  -46.064  0.970  26.735 0.0000000000
108262  -46.673  1.189  26.929 0.0000000000
108263  -47.314  1.397  27.220 0.0000000000
108266  -44.783  1.726  26.265 0.0000000000
108267  -45.522  1.181  26.593 0.0000000000
108268  -46.110  1.314  26.720 0.0000000000
108271  -40.872  1.989  25.592 0.0000000000
108272  -41.242  1.986  25.558 0.0000000000
108273  -41.975  2.038  25.622 0.0000000000
108274  -42.747  1.997  25.598 0.0000000000
108275  -43.452  1.709  25.875 0.0000000000
108276  -44.047  1.238  26.165 0.0000000000
108282  -40.232  1.649  25.459 0.0000000000
108286  -39.299  1.015  24.971 0.0000000000
108287  -39.647  1.289  25.195 0.0000000000
108290  -39.160  0.820  24.928 0.0000000000
108291  -39.639  1.226  24.894 0.0000000000
108292  -40.247  1.551  24.827 0.0000000000
108296  -39.602  0.874  24.628 0.0000000000
108297  -40.096  1.034  24.521 0.0000000000
108298  -41.076  0.869  24.391 0.0000000000
108299  -42.145  1.224  24.618 0.0000000000
108300  -43.109  1.482  24.726 0.0000000000
108301  -43.722  1.652  24.882 0.0000000000
108305  -41.200  0.337  23.939 0.0000000000
108306  -41.727  0.463  23.940 0.0000000000
108307  -42.777  0.549  23.921 0.0000000000
108308  -43.945  0.954  24.385 0.0000000000
108309  -44.676  0.850  24.307 0.0000000000
108311  -42.986  0.153  23.379 0.0000000000
108312  -43.571  0.289  23.400 0.0000000000
108313  -44.776  0.377  23.320 0.0000000000
108314  -45.486  0.369  23.081 0.0000000000
108316  -44.987  0.023  22.479 0.0000000000
108317  -45.695  0.009  22.331 0.0000000000
108318  -46.388  0.041  22.088 0.0000000000
108322  -45.925  -0.295  21.706 0.0000000000
108323  -46.586  -0.112  21.544 0.0000000000
108324  -47.598  0.001  21.021 0.0000000000
108325  -48.691  0.079  20.861 0.0000000000
108326  -49.879  0.047  21.199 0.0000000000
108327  -51.078  -0.369  21.699 0.0000000000
108331  -48.899  -0.189  20.704 0.0000000000
108332  -49.502  -0.289  20.875 0.0000000000
108333  -50.651  -0.656  21.312 0.0000000000
109121  -50.692  3.623  29.652 0.0000000000
109127  -48.595  3.109  28.158 0.0000000000
109128  -49.170  2.753  28.409 0.0000000000
109129  -50.017  2.776  28.835 0.0000000000
109136  -48.032  2.710  27.649 0.0000000000
109137  -48.661  2.138  27.861 0.0000000000
109139  -46.183  2.907  26.627 0.0000000000
109140  -46.675  2.390  26.925 0.0000000000
109141  -47.311  2.146  27.219 0.0000000000
109144  -43.333  3.176  25.869 0.0000000000
109145  -43.673  3.123  25.804 0.0000000000
109146  -44.854  2.659  26.116 0.0000000000
109147  -45.511  2.544  26.366 0.0000000000
109148  -46.134  1.929  26.654 0.0000000000
109151  -41.171  2.263  25.714 0.0000000000
109152  -41.426  2.630  25.793 0.0000000000
109153  -41.916  2.636  25.902 0.0000000000
109154  -42.712  2.757  25.827 0.0000000000
109155  -43.528  2.713  25.768 0.0000000000
109156  -44.227  2.358  25.776 0.0000000000
109162  -40.839  2.210  25.586 0.0000000000
109163  -41.175  2.605  25.842 0.0000000000
109167  -40.635  2.011  25.444 0.0000000000
109168  -41.081  2.227  25.529 0.0000000000
109171  -40.107  1.708  25.216 0.0000000000
109172  -40.909  2.005  25.403 0.0000000000
109173  -41.583  2.388  25.600 0.0000000000
109177  -40.698  1.563  24.816 0.0000000000
109178  -41.687  1.841  25.496 0.0000000000
109179  -42.651  1.944  25.571 0.0000000000
109180  -43.494  2.062  25.587 0.0000000000
109181  -44.385  1.822  25.201 0.0000000000
109182  -45.079  2.013  25.466 0.0000000000
109186  -44.598  1.219  24.627 0.0000000000
109187  -45.371  1.185  24.557 0.0000000000
109188  -46.598  1.129  24.326 0.0000000000
109189  -47.561  1.244  24.380 0.0000000000
109190  -48.378  1.335  24.555 0.0000000000
109191  -48.904  1.381  24.722 0.0000000000
109196  -45.431  0.512  23.585 0.0000000000
109197  -46.134  0.426  23.282 0.0000000000
109198  -47.272  0.485  23.505 0.0000000000
109199  -48.308  0.609  23.815 0.0000000000
109200  -49.097  0.844  24.316 0.0000000000
109206  -46.295  0.176  22.440 0.0000000000
109207  -46.995  0.259  22.209 0.0000000000
109208  -48.169  0.363  22.615 0.0000000000
109209  -49.554  0.411  23.145 0.0000000000
109210  -50.937  0.261  22.722 0.0000000000
109216  -47.278  0.150  21.439 0.0000000000
109217  -47.963  0.277  21.472 0.0000000000
109218  -49.113  0.350  21.656 0.0000000000
109219  -50.372  0.314  21.867 0.0000000000
110040  -47.293  5.525  32.413 0.0000000000
110041  -47.877  5.461  32.388 0.0000000000
110042  -49.251  5.355  32.254 0.0000000000
110043  -50.793  5.120  32.255 0.0000000000
110054  -45.402  5.532  31.607 0.0000000000
110055  -45.862  5.482  31.675 0.0000000000
110056  -47.009  5.405  31.891 0.0000000000
110057  -48.470  5.172  31.153 0.0000000000
110058  -50.118  4.596  30.676 0.0000000000
110067  -45.500  5.427  31.111 0.0000000000
110068  -46.397  5.259  30.691 0.0000000000
110069  -47.601  5.031  30.120 0.0000000000
110070  -48.827  4.464  29.679 0.0000000000
110071  -49.713  3.835  29.320 0.0000000000
110074  -45.747  5.266  29.869 0.0000000000
110075  -46.732  4.812  29.216 0.0000000000
110076  -47.936  4.104  28.457 0.0000000000
110077  -48.970  3.656  28.757 0.0000000000
110078  -49.472  3.283  28.794 0.0000000000
110083  -45.856  4.783  28.479 0.0000000000
110084  -46.725  4.178  27.858 0.0000000000
110085  -47.302  3.268  27.516 0.0000000000
110087  -42.252  5.089  27.503 0.0000000000
110088  -42.598  4.863  27.329 0.0000000000
110089  -43.405  4.551  27.000 0.0000000000
110090  -44.336  4.248  26.868 0.0000000000
110091  -45.472  3.905  27.127 0.0000000000
110092  -46.566  3.271  27.195 0.0000000000
110093  -46.984  2.805  27.184 0.0000000000
110096  -42.184  4.624  27.166 0.0000000000
110097  -42.750  3.869  26.296 0.0000000000
110098  -43.700  3.587  26.202 0.0000000000
110099  -44.469  3.261  26.190 0.0000000000
110100  -45.125  3.152  26.329 0.0000000000
110103  -41.466  3.366  26.188 0.0000000000
110104  -41.897  3.768  26.413 0.0000000000
110105  -42.312  3.210  26.097 0.0000000000
110106  -43.907  3.125  25.842 0.0000000000
110107  -44.003  2.892  25.905 0.0000000000
110112  -41.021  2.335  25.684 0.0000000000
110113  -41.289  2.846  25.935 0.0000000000
110117  -41.262  2.352  25.684 0.0000000000
110118  -41.447  2.624  25.767 0.0000000000
110120  -41.633  2.764  25.883 0.0000000000
110121  -41.975  2.855  25.907 0.0000000000
110122  -42.507  3.104  25.928 0.0000000000
110126  -42.391  2.523  25.758 0.0000000000
110127  -43.064  2.797  25.803 0.0000000000
110128  -43.972  2.753  25.741 0.0000000000
110129  -44.829  2.669  25.905 0.0000000000
110130  -45.689  2.491  25.550 0.0000000000
110131  -46.587  2.680  25.526 0.0000000000
110132  -47.407  2.714  25.503 0.0000000000
110133  -48.237  2.711  25.469 0.0000000000
110134  -49.151  2.519  25.514 0.0000000000
110135  -50.206  2.017  25.750 0.0000000000
110144  -46.260  1.859  25.035 0.0000000000
110145  -47.041  1.958  24.954 0.0000000000
110146  -47.867  1.999  24.985 0.0000000000
110147  -48.661  1.892  25.085 0.0000000000
110148  -49.523  1.429  25.017 0.0000000000
110149  -50.715  0.972  25.166 0.0000000000
110156  -50.096  0.642  24.300 0.0000000000
110163  -50.646  0.371  23.570 0.0000000000
110955  -50.522  6.217  33.297 0.0000000000
110956  -51.335  6.283  33.202 0.0000000000
110965  -46.460  5.855  32.703 0.0000000000
110966  -47.099  5.674  32.714 0.0000000000
110967  -48.429  5.699  33.012 0.0000000000
110968  -50.047  5.812  33.104 0.0000000000
110982  -44.006  5.740  32.051 0.0000000000
110983  -44.931  5.638  31.833 0.0000000000
110984  -46.125  5.682  32.405 0.0000000000
110985  -46.707  5.610  32.416 0.0000000000
110989  -42.327  6.348  30.903 0.0000000000
110990  -42.721  6.082  31.070 0.0000000000
110991  -43.723  5.788  31.326 0.0000000000
110992  -44.818  5.499  30.571 0.0000000000
110995  -41.826  6.472  30.098 0.0000000000
110996  -42.291  6.272  30.312 0.0000000000
110997  -43.133  5.837  30.155 0.0000000000
110998  -44.098  5.560  29.787 0.0000000000
110999  -45.049  5.290  29.165 0.0000000000
111003  -41.985  6.270  29.541 0.0000000000
111004  -42.656  5.859  29.198 0.0000000000
111005  -43.526  5.488  28.888 0.0000000000
111006  -44.463  5.283  28.452 0.0000000000
111007  -45.165  4.818  28.009 0.0000000000
111009  -41.725  6.003  28.428 0.0000000000
111010  -42.100  5.616  28.220 0.0000000000
111011  -43.061  5.391  27.953 0.0000000000
111012  -43.973  5.111  27.667 0.0000000000
111013  -44.772  4.663  27.590 0.0000000000
111014  -45.149  4.476  27.557 0.0000000000
111017  -41.807  5.593  27.802 0.0000000000
111018  -41.912  4.760  27.186 0.0000000000
111022  -41.701  4.643  26.898 0.0000000000
111023  -41.852  4.363  26.816 0.0000000000
111028  -41.501  4.048  26.342 0.0000000000
111032  -41.362  3.658  25.944 0.0000000000
111034  -41.569  3.605  25.852 0.0000000000
111035  -41.774  3.832  25.769 0.0000000000
111036  -42.229  3.881  25.820 0.0000000000
111039  -42.838  3.775  25.870 0.0000000000
111040  -43.552  3.614  25.868 0.0000000000
111041  -44.394  3.702  25.702 0.0000000000
111042  -45.296  3.803  25.595 0.0000000000
111043  -46.158  3.737  25.528 0.0000000000
111044  -47.014  3.599  25.610 0.0000000000
111045  -47.798  3.524  25.616 0.0000000000
111046  -48.645  3.712  25.617 0.0000000000
111047  -49.736  3.509  25.815 0.0000000000
111048  -50.945  2.708  26.245 0.0000000000
111055  -48.844  4.372  25.589 0.0000000000
111056  -49.134  4.098  25.639 0.0000000000
111839  -50.999  6.879  33.224 0.0000000000
111848  -46.701  5.985  32.845 0.0000000000
111849  -47.741  5.983  33.118 0.0000000000
111850  -48.978  6.125  33.291 0.0000000000
111851  -49.994  6.306  33.307 0.0000000000
111863  -43.429  6.049  32.195 0.0000000000
111864  -44.135  5.968  32.239 0.0000000000
111865  -45.244  5.975  32.448 0.0000000000
111866  -46.058  5.952  32.637 0.0000000000
111869  -41.906  6.724  30.862 0.0000000000
111870  -42.330  6.497  31.224 0.0000000000
111871  -42.957  6.073  31.861 0.0000000000
111872  -43.570  5.842  32.116 0.0000000000
111874  -41.719  6.647  30.466 0.0000000000
111875  -42.093  6.512  30.786 0.0000000000
111879  -41.295  6.733  29.717 0.0000000000
111880  -41.448  6.633  29.972 0.0000000000
111882  -41.532  6.519  29.060 0.0000000000
111883  -41.670  6.409  29.330 0.0000000000
111886  -41.538  6.330  28.496 0.0000000000
111892  -41.552  5.897  27.785 0.0000000000
111896  -41.509  5.388  27.017 0.0000000000
111897  -41.473  5.814  27.023 0.0000000000
111899  -41.497  4.586  26.256 0.0000000000
111900  -41.555  5.465  26.635 0.0000000000
111902  -41.446  4.180  25.939 0.0000000000
111903  -41.642  4.785  26.005 0.0000000000
111904  -42.062  4.787  25.746 0.0000000000
111906  -42.567  4.707  25.654 0.0000000000
111907  -43.188  4.638  25.617 0.0000000000
111908  -43.944  4.680  25.520 0.0000000000
111909  -44.824  4.802  25.414 0.0000000000
111910  -45.839  5.012  25.351 0.0000000000
111911  -46.729  4.619  25.467 0.0000000000
111912  -47.530  4.354  25.531 0.0000000000
111913  -48.059  4.125  25.586 0.0000000000
111914  -49.969  4.296  25.780 0.0000000000
111915  -50.657  4.044  26.080 0.0000000000
111922  -46.162  5.640  25.253 0.0000000000
111923  -46.594  5.496  25.304 0.0000000000
111924  -47.375  5.270  25.334 0.0000000000
111925  -48.324  4.848  25.470 0.0000000000
111926  -49.349  4.740  25.597 0.0000000000
111927  -50.161  4.849  25.734 0.0000000000
112830  -50.990  7.671  33.328 0.0000000000
112837  -46.586  6.201  32.833 0.0000000000
112838  -47.213  6.285  32.994 0.0000000000
112839  -48.293  6.524  33.184 0.0000000000
112840  -49.744  7.015  33.290 0.0000000000
112850  -43.151  6.303  32.074 0.0000000000
112851  -43.674  6.319  32.278 0.0000000000
112852  -44.612  6.334  32.418 0.0000000000
112853  -45.883  6.292  32.623 0.0000000000
112860  -41.631  6.869  30.688 0.0000000000
112861  -41.837  6.939  30.969 0.0000000000
112862  -42.638  6.709  31.607 0.0000000000
112864  -40.871  7.218  30.119 0.0000000000
112865  -41.207  7.071  30.321 0.0000000000
112866  -41.514  7.366  30.639 0.0000000000
112870  -40.999  7.082  29.846 0.0000000000
112871  -41.103  6.831  30.018 0.0000000000
112873  -41.174  7.047  29.178 0.0000000000
112877  -41.359  6.843  28.580 0.0000000000
112883  -41.463  6.525  27.951 0.0000000000
112884  -41.597  6.644  27.733 0.0000000000
112886  -41.483  6.123  27.361 0.0000000000
112887  -41.621  6.238  27.162 0.0000000000
112889  -41.785  5.895  26.530 0.0000000000
112891  -42.047  5.628  26.014 0.0000000000
112892  -42.509  5.523  25.732 0.0000000000
112893  -43.013  5.745  25.672 0.0000000000
112897  -42.915  5.268  25.581 0.0000000000
112898  -43.512  5.493  25.526 0.0000000000
112899  -44.339  5.562  25.389 0.0000000000
112900  -45.250  5.763  25.259 0.0000000000
112901  -45.890  5.769  25.212 0.0000000000
112910  -45.874  6.151  25.247 0.0000000000
112911  -46.413  6.022  25.207 0.0000000000
112912  -47.168  6.008  25.098 0.0000000000
112913  -48.010  5.933  25.002 0.0000000000
112914  -48.931  5.830  25.030 0.0000000000
112915  -49.910  5.690  25.228 0.0000000000
113787  -50.497  8.067  33.290 0.0000000000
113793  -46.691  6.528  32.704 0.0000000000
113794  -47.519  7.099  32.595 0.0000000000
113795  -48.780  7.416  32.885 0.0000000000
113796  -49.662  7.824  33.069 0.0000000000
113804  -43.182  6.709  32.098 0.0000000000
113805  -43.932  7.055  32.096 0.0000000000
113806  -45.146  6.972  32.257 0.0000000000
113807  -46.378  7.131  32.285 0.0000000000
113808  -47.042  7.506  32.260 0.0000000000
113816  -42.066  7.473  31.024 0.0000000000
113817  -42.945  7.381  31.657 0.0000000000
113818  -43.552  7.604  31.675 0.0000000000
113820  -40.808  7.620  30.075 0.0000000000
113821  -41.092  7.724  30.374 0.0000000000
113822  -41.497  7.815  30.599 0.0000000000
113826  -40.791  7.735  29.645 0.0000000000
113828  -40.996  7.684  29.153 0.0000000000
113832  -41.297  7.523  28.731 0.0000000000
113837  -41.584  7.349  28.348 0.0000000000
113838  -41.827  7.059  27.867 0.0000000000
113840  -42.025  6.595  27.248 0.0000000000
113842  -42.281  6.347  26.612 0.0000000000
113843  -42.857  6.426  26.421 0.0000000000
113844  -43.292  6.392  26.144 0.0000000000
113846  -42.455  6.065  26.060 0.0000000000
113847  -42.871  6.113  25.883 0.0000000000
113848  -43.430  6.150  25.710 0.0000000000
113855  -43.978  6.084  25.503 0.0000000000
113856  -44.670  6.239  25.399 0.0000000000
113857  -45.481  6.447  25.397 0.0000000000
113858  -46.130  6.667  25.480 0.0000000000
113859  -46.618  6.670  25.399 0.0000000000
113868  -45.955  6.387  25.372 0.0000000000
113869  -46.332  6.376  25.344 0.0000000000
113870  -46.958  6.474  25.255 0.0000000000
113871  -47.719  6.544  24.980 0.0000000000
113872  -48.571  6.573  24.766 0.0000000000
113873  -49.508  6.542  24.804 0.0000000000
114705  -48.280  7.970  32.371 0.0000000000
114706  -49.219  8.230  32.643 0.0000000000
114707  -50.043  8.561  33.133 0.0000000000
114713  -44.741  7.558  31.811 0.0000000000
114714  -45.647  7.939  31.692 0.0000000000
114715  -46.797  7.993  31.976 0.0000000000
114716  -47.498  7.842  32.199 0.0000000000
114725  -42.467  8.210  30.932 0.0000000000
114726  -43.289  8.143  31.333 0.0000000000
114727  -44.162  7.991  31.555 0.0000000000
114728  -44.893  8.030  31.571 0.0000000000
114730  -40.810  8.173  30.181 0.0000000000
114731  -41.180  8.447  30.376 0.0000000000
114732  -41.776  8.176  30.670 0.0000000000
114736  -40.814  8.598  29.851 0.0000000000
114737  -40.869  8.566  30.104 0.0000000000
114740  -40.952  8.600  29.407 0.0000000000
114744  -41.101  8.524  29.078 0.0000000000
114749  -41.409  8.398  28.816 0.0000000000
114750  -41.898  8.155  28.616 0.0000000000
114753  -42.421  7.539  28.094 0.0000000000
114754  -43.298  7.701  27.989 0.0000000000
114755  -44.140  7.872  27.817 0.0000000000
114756  -44.958  8.014  27.809 0.0000000000
114757  -45.376  8.052  27.823 0.0000000000
114759  -42.355  6.750  27.303 0.0000000000
114760  -42.803  6.841  27.237 0.0000000000
114761  -43.650  6.872  26.891 0.0000000000
114762  -44.631  7.258  27.169 0.0000000000
114763  -45.507  7.554  27.400 0.0000000000
114764  -46.299  7.489  27.257 0.0000000000
114765  -46.721  7.453  27.151 0.0000000000
114770  -43.790  6.486  26.025 0.0000000000
114771  -44.390  6.789  26.263 0.0000000000
114772  -45.172  7.048  26.413 0.0000000000
114773  -45.985  7.208  26.517 0.0000000000
114774  -46.604  7.314  26.642 0.0000000000
114783  -43.845  6.299  25.712 0.0000000000
114784  -44.245  6.455  25.719 0.0000000000
114785  -44.918  6.701  25.738 0.0000000000
114786  -45.714  6.893  25.798 0.0000000000
114787  -46.732  7.088  25.731 0.0000000000
114788  -47.752  7.209  25.434 0.0000000000
114789  -48.658  7.284  25.273 0.0000000000
114790  -49.642  7.309  25.232 0.0000000000
114799  -46.929  6.808  25.346 0.0000000000
114800  -47.393  6.905  25.209 0.0000000000
114801  -48.208  6.964  24.982 0.0000000000
114802  -49.101  6.979  24.892 0.0000000000
114803  -50.067  7.005  24.925 0.0000000000
115559  -48.728  8.629  32.330 0.0000000000
115560  -49.589  9.142  32.598 0.0000000000
115566  -45.707  8.608  31.450 0.0000000000
115567  -46.437  8.869  31.505 0.0000000000
115568  -47.806  8.716  32.030 0.0000000000
115569  -48.709  9.040  32.201 0.0000000000
115579  -42.447  8.790  30.743 0.0000000000
115580  -42.962  8.745  30.922 0.0000000000
115581  -43.836  8.962  31.046 0.0000000000
115582  -45.045  8.686  31.329 0.0000000000
115583  -45.722  8.929  31.350 0.0000000000
115585  -41.259  8.966  30.299 0.0000000000
115586  -41.802  9.034  30.507 0.0000000000
115587  -42.642  9.201  30.648 0.0000000000
115588  -43.185  9.147  30.789 0.0000000000
115591  -40.933  9.682  29.492 0.0000000000
115592  -41.019  9.171  30.023 0.0000000000
115593  -41.330  9.240  30.247 0.0000000000
115596  -40.918  9.560  29.267 0.0000000000
115600  -40.929  9.542  28.951 0.0000000000
115604  -41.191  9.468  28.791 0.0000000000
115605  -41.562  9.406  28.567 0.0000000000
115608  -42.141  9.288  28.442 0.0000000000
115609  -42.861  9.006  28.401 0.0000000000
115610  -43.732  8.882  28.389 0.0000000000
115611  -44.626  8.775  28.354 0.0000000000
115612  -45.543  8.576  28.218 0.0000000000
115613  -46.479  8.715  28.276 0.0000000000
115614  -47.327  8.826  28.382 0.0000000000
115615  -48.134  9.083  28.611 0.0000000000
115622  -45.624  8.038  27.837 0.0000000000
115623  -46.064  8.000  27.817 0.0000000000
115624  -46.941  7.850  27.667 0.0000000000
115625  -47.902  8.090  27.963 0.0000000000
115640  -47.040  7.379  26.856 0.0000000000
115641  -47.669  7.469  27.051 0.0000000000
115642  -48.539  7.609  27.228 0.0000000000
115655  -46.925  7.307  26.303 0.0000000000
115656  -47.370  7.344  26.158 0.0000000000
115657  -48.180  7.391  26.089 0.0000000000
115658  -49.127  7.423  26.125 0.0000000000
116381  -49.707  9.938  32.577 0.0000000000
116388  -46.620  9.759  31.331 0.0000000000
116389  -47.428  9.597  31.583 0.0000000000
116390  -48.675  9.623  32.001 0.0000000000
116401  -44.108  9.717  30.790 0.0000000000
116402  -44.721  9.513  30.986 0.0000000000
116403  -45.721  9.531  31.207 0.0000000000
116405  -41.803  9.564  30.346 0.0000000000
116406  -42.238  9.804  30.336 0.0000000000
116407  -43.317  9.675  30.605 0.0000000000
116410  -40.751  10.173  29.330 0.0000000000
116411  -40.941  10.176  29.545 0.0000000000
116412  -41.521  9.842  30.145 0.0000000000
116413  -41.908  10.070  30.178 0.0000000000
116417  -40.635  10.436  29.072 0.0000000000
116418  -40.726  10.405  29.297 0.0000000000
116422  -40.691  10.424  28.703 0.0000000000
116426  -40.895  10.524  28.148 0.0000000000
116427  -41.206  10.050  28.269 0.0000000000
116429  -40.976  11.077  27.511 0.0000000000
116430  -41.516  10.808  27.657 0.0000000000
116431  -42.418  10.423  27.878 0.0000000000
116432  -43.320  10.134  28.046 0.0000000000
116433  -44.258  9.904  28.244 0.0000000000
116434  -45.171  9.730  28.430 0.0000000000
116435  -46.069  9.671  28.479 0.0000000000
116436  -46.909  9.707  28.537 0.0000000000
116437  -47.642  9.838  28.701 0.0000000000
116438  -48.345  10.245  28.891 0.0000000000
116449  -41.831  11.581  26.904 0.0000000000
116450  -42.208  11.465  27.004 0.0000000000
116451  -43.019  11.344  27.347 0.0000000000
116452  -43.947  11.065  27.692 0.0000000000
116453  -44.866  10.836  28.013 0.0000000000
116454  -45.751  10.705  28.314 0.0000000000
116455  -46.600  10.622  28.482 0.0000000000
116456  -47.370  10.593  28.636 0.0000000000
116457  -47.854  10.528  28.768 0.0000000000
117193  -47.105  10.119  31.344 0.0000000000
117194  -47.941  10.491  31.546 0.0000000000
117195  -49.352  10.502  32.171 0.0000000000
117206  -44.523  9.969  30.797 0.0000000000
117207  -45.141  10.146  30.808 0.0000000000
117208  -46.492  10.591  30.954 0.0000000000
117209  -47.452  10.983  31.279 0.0000000000
117211  -43.088  10.461  30.180 0.0000000000
117212  -44.186  10.382  30.458 0.0000000000
117213  -45.273  10.837  30.435 0.0000000000
117214  -45.937  11.153  30.481 0.0000000000
117216  -40.924  10.587  29.416 0.0000000000
117217  -41.323  10.751  29.511 0.0000000000
117218  -42.126  10.507  29.948 0.0000000000
117222  -40.515  10.987  28.918 0.0000000000
117223  -40.748  10.809  29.200 0.0000000000
117224  -41.056  11.205  29.211 0.0000000000
117228  -40.509  11.036  28.600 0.0000000000
117233  -40.614  11.182  28.090 0.0000000000
117236  -40.831  11.393  27.547 0.0000000000
117237  -41.230  11.628  27.127 0.0000000000
117238  -48.574  10.832  28.849 0.0000000000
117250  -41.728  11.901  26.775 0.0000000000
117251  -42.194  12.181  26.555 0.0000000000
117252  -42.925  12.390  26.330 0.0000000000
117253  -43.770  12.096  26.868 0.0000000000
117254  -44.658  11.858  27.312 0.0000000000
117255  -45.549  11.660  27.721 0.0000000000
117256  -46.407  11.503  28.086 0.0000000000
117257  -47.203  11.350  28.339 0.0000000000
117258  -48.134  11.316  28.547 0.0000000000
117268  -43.328  12.915  25.778 0.0000000000
117269  -43.767  12.770  25.989 0.0000000000
117270  -44.570  12.631  26.372 0.0000000000
117271  -45.448  12.490  26.859 0.0000000000
117272  -46.326  12.326  27.369 0.0000000000
117273  -47.158  12.072  27.777 0.0000000000
117274  -47.666  11.799  28.097 0.0000000000
117975  -50.226  10.829  32.784 0.0000000000
117987  -48.848  10.932  31.773 0.0000000000
117988  -49.806  11.291  32.164 0.0000000000
117989  -50.943  11.653  32.578 0.0000000000
118000  -47.247  11.304  30.982 0.0000000000
118001  -48.330  11.396  31.360 0.0000000000
118002  -49.457  11.860  31.496 0.0000000000
118008  -43.679  10.902  30.062 0.0000000000
118009  -44.418  11.263  29.919 0.0000000000
118010  -45.504  11.535  30.091 0.0000000000
118011  -46.533  11.641  30.471 0.0000000000
118013  -42.031  11.107  29.532 0.0000000000
118014  -43.075  11.408  29.567 0.0000000000
118015  -44.218  11.935  29.400 0.0000000000
118019  -40.624  11.202  28.950 0.0000000000
118020  -40.896  11.371  28.909 0.0000000000
118021  -41.777  11.659  28.965 0.0000000000
118022  -42.837  12.176  28.810 0.0000000000
118026  -40.681  11.344  28.637 0.0000000000
118027  -41.114  11.972  28.400 0.0000000000
118028  -41.816  12.383  28.298 0.0000000000
118033  -40.691  11.724  28.109 0.0000000000
118034  -41.129  12.265  27.857 0.0000000000
118036  -40.807  11.851  27.621 0.0000000000
118037  -41.220  12.132  27.169 0.0000000000
118045  -41.873  12.618  26.690 0.0000000000
118046  -42.209  12.699  26.311 0.0000000000
118047  -42.530  12.766  26.031 0.0000000000
118048  -48.382  11.939  28.229 0.0000000000
118049  -48.844  11.999  28.348 0.0000000000
118059  -42.382  13.274  26.108 0.0000000000
118060  -42.619  13.281  25.863 0.0000000000
118061  -43.053  13.190  25.684 0.0000000000
118062  -43.727  13.309  25.661 0.0000000000
118063  -44.487  13.278  25.809 0.0000000000
118064  -45.367  13.238  26.102 0.0000000000
118065  -46.300  13.181  26.491 0.0000000000
118066  -47.199  13.006  27.032 0.0000000000
118067  -48.198  12.512  27.728 0.0000000000
118702  -50.399  11.906  31.997 0.0000000000
118712  -47.543  11.885  30.830 0.0000000000
118713  -48.563  12.376  30.914 0.0000000000
118714  -50.137  12.538  31.431 0.0000000000
118715  -51.300  12.898  31.593 0.0000000000
118723  -44.986  11.943  29.598 0.0000000000
118724  -45.901  12.424  29.748 0.0000000000
118725  -47.229  12.615  30.272 0.0000000000
118726  -48.170  13.143  30.386 0.0000000000
118728  -43.765  12.356  28.846 0.0000000000
118729  -44.840  12.738  29.114 0.0000000000
118730  -45.709  13.278  29.215 0.0000000000
118734  -42.401  12.457  28.411 0.0000000000
118735  -43.278  12.885  28.175 0.0000000000
118739  -41.710  12.611  27.811 0.0000000000
118740  -42.571  12.968  27.718 0.0000000000
118741  -43.272  13.559  27.647 0.0000000000
118746  -41.015  12.190  27.646 0.0000000000
118747  -41.711  12.754  27.353 0.0000000000
118749  -41.278  12.353  27.314 0.0000000000
118750  -41.881  13.075  26.889 0.0000000000
118752  -42.425  13.526  26.346 0.0000000000
118753  -42.673  13.915  26.079 0.0000000000
118760  -42.560  13.630  26.077 0.0000000000
118761  -42.785  13.798  25.897 0.0000000000
118762  -43.112  13.860  25.740 0.0000000000
118763  -43.646  13.920  25.737 0.0000000000
118764  -44.362  13.991  25.807 0.0000000000
118765  -45.192  14.065  25.982 0.0000000000
118766  -46.123  14.184  26.236 0.0000000000
118767  -47.139  14.233  26.461 0.0000000000
118768  -48.032  13.819  26.685 0.0000000000
118769  -49.024  13.790  26.942 0.0000000000
118778  -47.847  14.818  26.500 0.0000000000
118779  -48.614  14.912  26.544 0.0000000000
119405  -49.236  13.203  30.714 0.0000000000
119406  -50.436  13.321  31.044 0.0000000000
119418  -46.596  13.273  29.543 0.0000000000
119419  -47.536  13.474  29.836 0.0000000000
119420  -48.510  13.924  29.978 0.0000000000
119421  -49.808  13.885  30.501 0.0000000000
119422  -50.676  13.776  30.800 0.0000000000
119424  -44.223  13.238  28.350 0.0000000000
119425  -45.211  13.859  28.439 0.0000000000
119426  -46.189  13.933  28.938 0.0000000000
119427  -47.100  13.982  29.306 0.0000000000
119428  -47.739  13.985  29.605 0.0000000000
119431  -43.793  13.681  27.866 0.0000000000
119432  -44.358  14.092  27.965 0.0000000000
119435  -42.372  13.396  27.288 0.0000000000
119436  -43.046  14.191  27.317 0.0000000000
119437  -43.607  14.243  27.600 0.0000000000
119438  -43.951  14.192  27.763 0.0000000000
119443  -42.539  13.967  26.994 0.0000000000
119444  -42.709  14.127  27.122 0.0000000000
119448  -42.619  14.082  26.614 0.0000000000
119450  -42.882  14.238  26.303 0.0000000000
119451  -43.124  14.340  26.135 0.0000000000
119456  -43.401  14.445  26.053 0.0000000000
119457  -43.781  14.605  26.011 0.0000000000
119458  -44.336  14.784  26.025 0.0000000000
119459  -45.060  14.978  26.109 0.0000000000
119460  -45.880  15.139  26.250 0.0000000000
119461  -46.872  15.494  26.420 0.0000000000
119462  -47.456  15.153  26.491 0.0000000000
119469  -47.329  16.305  26.378 0.0000000000
119470  -47.964  15.913  26.432 0.0000000000
119471  -49.168  16.056  26.323 0.0000000000
120102  -48.584  14.473  29.619 0.0000000000
120103  -49.349  14.639  29.795 0.0000000000
120104  -50.921  14.322  30.468 0.0000000000
120108  -45.395  14.574  28.244 0.0000000000
120109  -45.879  14.506  28.475 0.0000000000
120110  -46.741  14.704  28.648 0.0000000000
120111  -47.929  14.568  29.272 0.0000000000
120112  -48.676  14.770  29.393 0.0000000000
120114  -44.876  14.919  27.895 0.0000000000
120115  -45.656  15.047  28.190 0.0000000000
120116  -46.163  14.952  28.367 0.0000000000
120118  -43.360  15.246  27.207 0.0000000000
120119  -43.614  15.024  27.427 0.0000000000
120120  -44.067  14.730  27.707 0.0000000000
120124  -42.915  14.677  26.979 0.0000000000
120125  -43.061  14.853  27.065 0.0000000000
120131  -43.100  14.864  26.864 0.0000000000
120132  -43.145  15.069  26.988 0.0000000000
120135  -43.250  14.802  26.616 0.0000000000
120136  -43.582  14.893  26.508 0.0000000000
120142  -43.865  15.136  26.394 0.0000000000
120143  -44.159  15.412  26.325 0.0000000000
120144  -44.493  15.621  26.190 0.0000000000
120145  -44.992  15.806  26.074 0.0000000000
120146  -45.817  16.199  26.078 0.0000000000
120147  -46.324  15.910  26.342 0.0000000000
120154  -46.315  16.947  25.877 0.0000000000
120155  -46.789  16.661  26.175 0.0000000000
120156  -47.703  16.861  25.972 0.0000000000
120157  -48.751  17.128  25.613 0.0000000000
120158  -49.854  16.841  25.682 0.0000000000
120167  -49.045  17.491  24.686 0.0000000000
120168  -49.608  17.414  24.867 0.0000000000
120771  -49.473  15.051  29.475 0.0000000000
120772  -50.222  15.063  29.658 0.0000000000
120781  -46.842  15.153  28.463 0.0000000000
120782  -47.395  15.241  28.611 0.0000000000
120783  -48.938  15.437  28.934 0.0000000000
120784  -50.740  15.898  29.116 0.0000000000
120788  -44.794  15.671  27.659 0.0000000000
120789  -45.332  15.712  27.832 0.0000000000
120790  -46.406  15.614  28.230 0.0000000000
120791  -47.587  16.089  28.280 0.0000000000
120792  -48.439  16.511  28.357 0.0000000000
120795  -43.471  15.626  27.188 0.0000000000
120796  -43.661  15.791  27.252 0.0000000000
120797  -44.220  15.755  27.465 0.0000000000
120800  -43.490  15.861  27.087 0.0000000000
120801  -43.717  16.452  27.070 0.0000000000
120806  -43.370  15.527  26.954 0.0000000000
120807  -43.442  15.752  26.997 0.0000000000
120809  -43.499  15.422  26.781 0.0000000000
120810  -43.766  15.545  26.683 0.0000000000
120812  -44.124  15.922  26.553 0.0000000000
120813  -44.358  16.332  26.274 0.0000000000
120814  -44.640  16.642  25.936 0.0000000000
120815  -44.983  16.571  25.828 0.0000000000
120816  -45.425  16.667  25.801 0.0000000000
120821  -45.035  17.222  25.465 0.0000000000
120822  -45.451  17.314  25.367 0.0000000000
120823  -46.034  17.295  25.395 0.0000000000
120824  -46.692  17.359  25.402 0.0000000000
120825  -47.359  17.400  25.391 0.0000000000
120826  -48.032  17.412  25.217 0.0000000000
120834  -46.587  17.754  24.752 0.0000000000
120835  -47.126  17.786  24.649 0.0000000000
120836  -47.749  17.717  24.445 0.0000000000
120837  -48.536  17.580  24.317 0.0000000000
120838  -49.291  17.452  23.943 0.0000000000
120839  -50.177  17.414  23.930 0.0000000000
120849  -46.928  18.176  24.161 0.0000000000
120850  -47.341  18.034  23.720 0.0000000000
120851  -47.978  17.737  23.351 0.0000000000
120852  -48.775  17.524  23.084 0.0000000000
120853  -49.677  17.399  22.915 0.0000000000
121437  -49.511  16.973  28.452 0.0000000000
121438  -51.240  16.984  28.827 0.0000000000
121443  -44.839  16.284  27.466 0.0000000000
121444  -45.549  16.712  27.529 0.0000000000
121445  -46.658  16.842  27.828 0.0000000000
121446  -47.728  17.088  28.036 0.0000000000
121447  -48.498  17.111  28.214 0.0000000000
121450  -43.918  16.546  27.171 0.0000000000
121451  -44.359  16.957  27.134 0.0000000000
121452  -44.925  16.889  27.268 0.0000000000
121454  -43.846  16.946  27.014 0.0000000000
121455  -43.796  17.199  27.008 0.0000000000
121456  -43.994  17.076  27.065 0.0000000000
121461  -43.648  16.036  26.926 0.0000000000
121462  -44.001  16.837  26.852 0.0000000000
121466  -43.779  15.883  26.778 0.0000000000
121467  -44.048  16.637  26.635 0.0000000000
121469  -44.120  17.177  26.105 0.0000000000
121470  -44.552  17.622  25.489 0.0000000000
121471  -44.870  17.419  25.423 0.0000000000
121473  -44.887  18.241  24.960 0.0000000000
121474  -45.408  18.009  24.806 0.0000000000
121475  -45.993  17.832  24.748 0.0000000000
121476  -46.264  17.747  24.750 0.0000000000
121479  -46.111  18.498  24.253 0.0000000000
121480  -46.385  18.512  24.118 0.0000000000
121481  -46.562  18.209  24.339 0.0000000000
121490  -46.551  18.662  23.403 0.0000000000
121491  -46.713  18.397  23.131 0.0000000000
121492  -47.365  17.958  22.568 0.0000000000
121493  -48.151  17.751  22.285 0.0000000000
121494  -49.088  17.723  22.117 0.0000000000
121506  -46.420  18.452  21.983 0.0000000000
121507  -46.835  18.220  21.850 0.0000000000
121508  -47.547  17.998  21.634 0.0000000000
121509  -48.421  18.056  21.341 0.0000000000
121510  -49.539  17.992  21.313 0.0000000000
121520  -49.015  18.418  20.804 0.0000000000
121521  -49.881  18.465  20.704 0.0000000000
122109  -49.364  18.241  28.384 0.0000000000
122110  -50.414  17.992  28.539 0.0000000000
122116  -45.447  17.283  27.382 0.0000000000
122117  -45.861  17.497  27.472 0.0000000000
122118  -46.895  18.135  27.725 0.0000000000
122119  -48.374  17.961  28.101 0.0000000000
122122  -44.191  17.863  27.211 0.0000000000
122123  -44.988  17.638  27.280 0.0000000000
122124  -45.724  18.356  27.462 0.0000000000
122125  -46.272  18.799  27.606 0.0000000000
122129  -43.692  17.616  26.860 0.0000000000
122130  -43.678  17.902  26.894 0.0000000000
122131  -43.872  17.636  27.140 0.0000000000
122135  -43.600  17.847  26.667 0.0000000000
122136  -43.513  18.083  26.740 0.0000000000
122141  -43.656  17.715  26.351 0.0000000000
122143  -43.689  17.886  25.988 0.0000000000
122144  -44.017  18.197  25.501 0.0000000000
122146  -44.584  18.489  25.026 0.0000000000
122147  -45.219  18.590  24.582 0.0000000000
122149  -46.032  18.677  24.072 0.0000000000
122150  -46.310  18.719  24.024 0.0000000000
122154  -46.413  18.884  23.629 0.0000000000
122155  -46.316  18.828  23.288 0.0000000000
122156  -46.460  18.684  23.023 0.0000000000
122163  -46.034  18.942  22.196 0.0000000000
122164  -46.167  18.787  22.130 0.0000000000
122165  -46.485  18.795  21.160 0.0000000000
122166  -47.262  18.494  21.110 0.0000000000
122167  -47.786  18.298  21.148 0.0000000000
122177  -46.759  19.314  20.576 0.0000000000
122178  -47.164  19.086  20.542 0.0000000000
122179  -48.113  18.819  20.602 0.0000000000
122180  -49.217  19.016  20.299 0.0000000000
122181  -50.263  19.087  20.251 0.0000000000
122891  -49.764  18.929  28.777 0.0000000000
122903  -47.747  19.022  28.235 0.0000000000
122904  -48.793  19.291  28.764 0.0000000000
122906  -44.379  18.230  27.224 0.0000000000
122907  -44.861  18.645  27.176 0.0000000000
122908  -45.819  19.047  27.374 0.0000000000
122909  -46.956  19.260  27.685 0.0000000000
122913  -43.619  18.310  26.895 0.0000000000
122914  -43.939  18.489  27.027 0.0000000000
122915  -44.521  19.059  26.973 0.0000000000
122919  -43.486  18.196  26.504 0.0000000000
122920  -43.556  18.418  26.595 0.0000000000
122921  -43.789  18.979  26.611 0.0000000000
122926  -43.433  18.248  26.270 0.0000000000
122927  -43.466  18.695  26.047 0.0000000000
122930  -43.444  18.305  26.003 0.0000000000
122931  -43.734  18.670  25.637 0.0000000000
122933  -44.290  18.828  25.095 0.0000000000
122934  -44.978  18.897  24.629 0.0000000000
122936  -45.835  18.860  24.239 0.0000000000
122939  -46.279  18.865  23.837 0.0000000000
122940  -46.457  18.984  23.149 0.0000000000
122944  -46.135  19.089  22.347 0.0000000000
122945  -45.972  19.263  21.621 0.0000000000
122946  -46.053  19.192  21.238 0.0000000000
122949  -46.124  19.583  21.011 0.0000000000
122950  -46.512  19.679  20.555 0.0000000000
122951  -47.003  19.659  20.139 0.0000000000
122952  -47.662  19.552  19.925 0.0000000000
122953  -48.563  19.537  19.760 0.0000000000
122954  -49.582  19.649  19.672 0.0000000000
122955  -50.633  19.808  19.650 0.0000000000
122963  -46.907  20.159  19.916 0.0000000000
122964  -47.367  20.191  19.586 0.0000000000
122965  -48.069  20.163  19.290 0.0000000000
122966  -48.963  20.166  19.105 0.0000000000
122967  -49.992  20.253  19.022 0.0000000000
122968  -51.125  20.326  18.942 0.0000000000
123627  -48.164  19.918  28.500 0.0000000000
123628  -49.097  20.176  29.104 0.0000000000
123631  -45.208  19.179  27.069 0.0000000000
123632  -46.316  19.453  27.265 0.0000000000
123633  -47.460  19.854  28.004 0.0000000000
123635  -44.199  19.092  26.707 0.0000000000
123636  -44.949  19.386  26.702 0.0000000000
123637  -45.867  19.589  26.612 0.0000000000
123639  -43.650  19.009  26.253 0.0000000000
123640  -44.186  19.335  26.261 0.0000000000
123641  -45.018  19.677  26.126 0.0000000000
123642  -45.870  19.714  26.019 0.0000000000
123645  -43.871  19.115  25.830 0.0000000000
123646  -44.550  19.473  25.618 0.0000000000
123647  -45.432  19.600  25.466 0.0000000000
123648  -46.504  19.465  25.386 0.0000000000
123649  -47.770  19.166  25.083 0.0000000000
123650  -49.015  19.114  24.742 0.0000000000
123651  -49.832  19.258  24.250 0.0000000000
123655  -44.309  19.133  25.276 0.0000000000
123656  -45.261  19.310  24.812 0.0000000000
123657  -46.132  19.335  24.744 0.0000000000
123658  -47.126  19.227  24.476 0.0000000000
123659  -48.113  19.209  24.284 0.0000000000
123660  -48.993  19.346  23.958 0.0000000000
123661  -49.737  19.452  23.594 0.0000000000
123664  -44.827  19.055  24.812 0.0000000000
123665  -45.709  19.059  24.271 0.0000000000
123666  -46.393  19.109  23.484 0.0000000000
123667  -47.622  19.242  23.905 0.0000000000
123668  -48.277  19.373  23.601 0.0000000000
123669  -49.065  19.483  23.321 0.0000000000
123670  -49.599  19.565  23.188 0.0000000000
123672  -46.295  19.074  23.716 0.0000000000
123673  -46.550  19.126  23.154 0.0000000000
123675  -46.492  19.047  23.379 0.0000000000
123676  -46.417  19.265  22.617 0.0000000000
123678  -46.068  19.525  21.733 0.0000000000
123679  -46.120  19.781  21.146 0.0000000000
123682  -46.535  20.137  20.588 0.0000000000
123683  -46.808  20.487  19.975 0.0000000000
123685  -47.153  20.738  19.481 0.0000000000
123686  -47.687  20.881  18.967 0.0000000000
123687  -48.446  20.783  18.722 0.0000000000
123688  -49.367  20.815  18.527 0.0000000000
123689  -50.437  20.898  18.452 0.0000000000
123690  -51.553  21.026  18.456 0.0000000000
123693  -48.117  21.339  18.541 0.0000000000
123694  -48.791  21.477  18.233 0.0000000000
123695  -49.810  21.513  17.960 0.0000000000
123696  -50.936  21.583  17.968 0.0000000000
124290  -48.876  20.376  28.895 0.0000000000
124304  -47.492  19.976  27.802 0.0000000000
124305  -48.465  20.289  28.429 0.0000000000
124309  -47.065  19.678  27.136 0.0000000000
124310  -48.458  20.201  27.693 0.0000000000
124316  -46.669  19.607  26.409 0.0000000000
124317  -47.915  19.575  26.618 0.0000000000
124318  -49.487  19.546  26.683 0.0000000000
124324  -46.486  19.586  25.947 0.0000000000
124325  -47.289  19.421  25.876 0.0000000000
124326  -48.689  19.203  25.724 0.0000000000
124327  -50.605  19.301  25.193 0.0000000000
124333  -46.130  19.139  24.303 0.0000000000
124334  -46.768  19.102  24.063 0.0000000000
124335  -47.228  19.193  23.930 0.0000000000
124336  -50.719  19.502  23.880 0.0000000000
124337  -52.139  20.211  24.128 0.0000000000
124338  -52.546  20.772  23.771 0.0000000000
124342  -45.915  19.069  24.258 0.0000000000
124343  -46.601  19.068  23.605 0.0000000000
124344  -47.492  19.342  23.324 0.0000000000
124345  -48.507  19.544  22.902 0.0000000000
124346  -49.383  19.651  22.823 0.0000000000
124347  -50.267  19.635  23.051 0.0000000000
124348  -51.433  19.877  23.209 0.0000000000
124349  -52.326  20.518  23.352 0.0000000000
124351  -46.667  19.365  22.639 0.0000000000
124352  -47.155  19.648  22.463 0.0000000000
124353  -47.992  19.800  22.331 0.0000000000
124354  -48.960  19.958  22.331 0.0000000000
124355  -49.981  19.907  22.360 0.0000000000
124356  -50.987  19.866  22.467 0.0000000000
124357  -51.852  20.271  22.586 0.0000000000
124359  -46.273  19.827  21.738 0.0000000000
124360  -46.887  20.238  21.518 0.0000000000
124361  -47.589  20.406  21.710 0.0000000000
124362  -48.475  20.561  21.829 0.0000000000
124363  -49.582  20.429  21.818 0.0000000000
124364  -50.755  20.151  21.843 0.0000000000
124365  -51.414  20.197  22.131 0.0000000000
124367  -46.126  19.895  21.361 0.0000000000
124368  -46.601  20.334  20.831 0.0000000000
124371  -47.001  21.042  19.809 0.0000000000
124372  -47.052  20.984  19.549 0.0000000000
124375  -47.363  21.585  19.291 0.0000000000
124376  -47.470  21.565  18.983 0.0000000000
124377  -47.810  21.477  18.675 0.0000000000
124380  -47.894  22.194  18.457 0.0000000000
124381  -48.107  22.006  18.184 0.0000000000
124382  -49.219  22.374  17.604 0.0000000000
124383  -50.397  22.232  17.517 0.0000000000
124384  -51.530  22.285  17.586 0.0000000000
124389  -49.515  23.008  17.277 0.0000000000
124390  -50.094  22.944  17.228 0.0000000000
124391  -51.080  22.950  17.234 0.0000000000
124980  -48.824  20.507  28.257 0.0000000000
125013  -52.750  21.185  23.998 0.0000000000
125017  -53.091  22.170  23.953 0.0000000000
125018  -52.973  21.485  23.670 0.0000000000
125021  -52.826  21.175  22.936 0.0000000000
125022  -53.040  21.500  22.521 0.0000000000
125024  -47.097  20.602  21.106 0.0000000000
125025  -47.359  20.828  21.147 0.0000000000
125026  -48.036  21.205  21.278 0.0000000000
125027  -49.070  21.162  21.274 0.0000000000
125028  -50.427  20.705  21.161 0.0000000000
125029  -52.068  20.668  21.739 0.0000000000
125030  -53.110  21.580  21.980 0.0000000000
125032  -47.130  20.778  20.803 0.0000000000
125033  -47.628  21.591  20.589 0.0000000000
125034  -48.590  21.860  20.692 0.0000000000
125035  -49.825  21.640  20.647 0.0000000000
125036  -51.349  21.285  20.754 0.0000000000
125037  -52.628  21.529  21.251 0.0000000000
125038  -53.373  21.941  21.659 0.0000000000
125040  -47.230  21.377  20.051 0.0000000000
125041  -47.630  22.011  19.867 0.0000000000
125043  -47.408  21.749  19.468 0.0000000000
125044  -47.534  22.015  19.005 0.0000000000
125046  -47.890  22.383  18.627 0.0000000000
125047  -48.128  22.746  18.042 0.0000000000
125048  -48.553  22.715  17.725 0.0000000000
125050  -48.635  23.158  17.663 0.0000000000
125051  -49.152  23.195  17.362 0.0000000000
125052  -49.917  23.507  17.142 0.0000000000
125053  -50.788  23.644  16.935 0.0000000000
125054  -51.663  23.532  16.850 0.0000000000
125062  -51.430  24.040  16.685 0.0000000000
125063  -52.160  24.025  16.423 0.0000000000
125668  -50.221  24.953  24.122 0.0000000000
125669  -51.729  24.564  23.885 0.0000000000
125674  -50.038  24.921  23.948 0.0000000000
125675  -51.152  24.708  23.833 0.0000000000
125676  -52.827  23.267  23.868 0.0000000000
125677  -53.182  22.146  23.547 0.0000000000
125680  -51.352  24.453  23.831 0.0000000000
125681  -52.185  24.043  23.870 0.0000000000
125682  -53.263  22.711  23.437 0.0000000000
125683  -53.392  21.967  22.574 0.0000000000
125685  -53.631  23.096  23.010 0.0000000000
125686  -53.680  22.431  22.308 0.0000000000
125688  -48.168  22.339  20.025 0.0000000000
125689  -49.284  22.507  19.912 0.0000000000
125690  -50.687  22.064  20.068 0.0000000000
125691  -52.154  21.977  20.445 0.0000000000
125692  -53.374  22.120  21.117 0.0000000000
125693  -53.761  22.321  21.664 0.0000000000
125695  -47.578  22.080  19.414 0.0000000000
125696  -47.958  22.478  19.391 0.0000000000
125697  -48.537  22.835  19.379 0.0000000000
125699  -47.599  22.172  19.185 0.0000000000
125700  -47.960  22.690  18.869 0.0000000000
125701  -48.183  22.903  19.070 0.0000000000
125703  -48.141  23.085  18.290 0.0000000000
125704  -48.595  23.403  17.848 0.0000000000
125706  -49.145  23.641  17.474 0.0000000000
125707  -49.763  23.876  17.170 0.0000000000
125708  -50.625  24.243  16.863 0.0000000000
125709  -51.077  24.181  16.735 0.0000000000
125716  -51.062  24.675  16.654 0.0000000000
125717  -51.635  24.582  16.381 0.0000000000
125718  -52.723  24.398  15.807 0.0000000000
125727  -52.076  24.909  16.045 0.0000000000
125728  -52.599  24.827  15.676 0.0000000000
126332  -49.088  25.447  24.697 0.0000000000
126337  -47.684  25.646  24.798 0.0000000000
126338  -49.099  25.367  24.150 0.0000000000
126339  -49.911  25.028  23.780 0.0000000000
126343  -49.361  25.375  23.797 0.0000000000
126344  -50.330  24.990  23.642 0.0000000000
126345  -51.628  24.535  23.849 0.0000000000
126346  -52.496  24.049  23.971 0.0000000000
126348  -50.777  25.039  23.642 0.0000000000
126349  -51.822  24.747  23.888 0.0000000000
126350  -53.147  24.001  23.586 0.0000000000
126351  -54.121  23.542  22.760 0.0000000000
126353  -49.501  22.882  19.562 0.0000000000
126354  -50.077  22.828  19.584 0.0000000000
126355  -51.426  22.620  19.610 0.0000000000
126356  -53.118  22.669  20.084 0.0000000000
126357  -54.372  22.988  21.491 0.0000000000
126359  -49.393  23.219  19.289 0.0000000000
126360  -50.564  23.410  19.124 0.0000000000
126361  -51.978  23.340  19.150 0.0000000000
126362  -53.199  23.485  19.360 0.0000000000
126364  -48.214  23.105  18.743 0.0000000000
126365  -48.634  23.415  18.753 0.0000000000
126367  -48.270  23.224  18.532 0.0000000000
126368  -48.785  23.703  18.110 0.0000000000
126370  -49.234  23.957  17.617 0.0000000000
126371  -49.890  24.208  17.270 0.0000000000
126372  -50.309  24.353  17.053 0.0000000000
126377  -50.486  24.627  17.045 0.0000000000
126378  -50.848  24.792  16.752 0.0000000000
126379  -51.254  24.869  16.489 0.0000000000
126387  -51.307  25.103  16.508 0.0000000000
126388  -51.716  25.007  16.249 0.0000000000
126389  -52.416  25.113  15.758 0.0000000000
126390  -53.302  25.045  15.230 0.0000000000
127014  -46.346  26.527  24.683 0.0000000000
127015  -47.887  25.913  24.293 0.0000000000
127016  -48.763  25.635  23.945 0.0000000000
127023  -44.639  28.460  23.732 0.0000000000
127024  -45.548  27.452  24.170 0.0000000000
127025  -46.915  26.664  24.277 0.0000000000
127026  -48.760  25.933  23.727 0.0000000000
127027  -49.996  25.347  23.472 0.0000000000
127030  -49.118  26.331  23.538 0.0000000000
127031  -50.353  25.700  23.400 0.0000000000
127032  -52.293  25.305  23.769 0.0000000000
127033  -53.916  24.809  23.644 0.0000000000
127034  -55.321  24.604  22.704 0.0000000000
127035  -56.166  25.471  22.669 0.0000000000
127036  -56.298  25.811  22.437 0.0000000000
127038  -54.345  23.455  20.118 0.0000000000
127039  -55.592  24.245  20.956 0.0000000000
127040  -56.249  25.034  22.002 0.0000000000
127041  -56.303  25.530  22.271 0.0000000000
127043  -49.891  24.004  18.669 0.0000000000
127044  -51.208  24.053  18.550 0.0000000000
127045  -52.497  24.013  18.704 0.0000000000
127046  -53.893  24.235  19.051 0.0000000000
127047  -54.971  24.061  19.903 0.0000000000
127049  -49.595  24.248  18.132 0.0000000000
127050  -50.788  24.866  18.004 0.0000000000
127051  -51.958  24.725  18.247 0.0000000000
127052  -52.851  24.474  18.432 0.0000000000
127054  -49.680  24.321  17.666 0.0000000000
127055  -50.431  24.771  17.556 0.0000000000
127057  -49.834  24.311  17.474 0.0000000000
127058  -50.562  24.927  17.157 0.0000000000
127059  -51.179  25.507  16.907 0.0000000000
127061  -50.735  24.974  16.871 0.0000000000
127062  -51.330  25.375  16.618 0.0000000000
127063  -51.996  25.624  16.463 0.0000000000
127070  -51.564  25.169  16.404 0.0000000000
127071  -52.157  25.385  16.212 0.0000000000
127072  -53.268  25.504  15.649 0.0000000000
127073  -54.221  25.435  15.165 0.0000000000
127716  -43.930  28.745  23.351 0.0000000000
127717  -44.837  28.332  23.800 0.0000000000
127718  -45.944  27.524  23.991 0.0000000000
127719  -47.189  26.968  24.145 0.0000000000
127725  -43.017  29.053  22.750 0.0000000000
127726  -44.060  28.901  23.333 0.0000000000
127727  -45.091  28.405  23.729 0.0000000000
127728  -46.384  27.822  23.966 0.0000000000
127729  -48.015  27.132  23.993 0.0000000000
127730  -49.502  26.925  23.595 0.0000000000
127731  -51.174  26.641  23.571 0.0000000000
127732  -53.014  26.337  23.777 0.0000000000
127733  -54.642  26.030  23.845 0.0000000000
127734  -55.730  26.113  23.381 0.0000000000
127735  -56.255  26.317  22.800 0.0000000000
127737  -56.120  24.885  20.516 0.0000000000
127738  -56.442  25.189  21.133 0.0000000000
127739  -56.417  26.047  21.961 0.0000000000
127741  -54.319  24.967  18.632 0.0000000000
127742  -55.472  24.857  19.591 0.0000000000
127743  -56.470  25.616  20.264 0.0000000000
127744  -56.688  26.156  21.024 0.0000000000
127747  -51.296  25.404  17.589 0.0000000000
127748  -51.841  25.360  17.795 0.0000000000
127749  -53.156  25.036  18.106 0.0000000000
127752  -51.052  25.383  17.410 0.0000000000
127753  -51.850  25.832  17.375 0.0000000000
127754  -52.684  25.724  17.651 0.0000000000
127757  -50.835  25.288  17.235 0.0000000000
127758  -51.526  25.836  17.051 0.0000000000
127759  -52.302  26.197  16.914 0.0000000000
127761  -51.529  25.746  16.805 0.0000000000
127762  -52.481  26.044  16.664 0.0000000000
127763  -54.206  26.323  16.458 0.0000000000
127764  -55.304  26.590  16.444 0.0000000000
127767  -52.354  25.726  16.378 0.0000000000
127768  -53.159  25.868  16.182 0.0000000000
127769  -55.047  26.217  15.905 0.0000000000
127770  -56.174  26.787  15.760 0.0000000000
127777  -55.059  25.766  15.241 0.0000000000
128407  -42.317  29.227  22.351 0.0000000000
128408  -43.154  29.237  22.809 0.0000000000
128409  -44.117  29.187  23.479 0.0000000000
128410  -45.503  28.828  23.709 0.0000000000
128411  -46.930  28.509  24.076 0.0000000000
128412  -48.536  28.217  24.416 0.0000000000
128413  -50.247  28.018  24.277 0.0000000000
128414  -52.021  27.834  24.185 0.0000000000
128415  -53.803  27.572  24.395 0.0000000000
128416  -55.118  27.397  24.070 0.0000000000
128417  -55.987  27.346  23.413 0.0000000000
128418  -56.556  27.277  22.592 0.0000000000
128422  -41.646  29.174  21.815 0.0000000000
128423  -42.413  29.388  22.114 0.0000000000
128424  -43.234  29.509  22.621 0.0000000000
128425  -43.987  29.662  23.045 0.0000000000
128426  -56.830  27.202  21.531 0.0000000000
128428  -54.030  25.350  18.246 0.0000000000
128429  -54.928  25.558  18.494 0.0000000000
128430  -56.289  26.256  19.126 0.0000000000
128431  -56.947  27.051  20.240 0.0000000000
128434  -53.828  25.779  17.922 0.0000000000
128435  -55.240  26.500  18.071 0.0000000000
128436  -56.624  27.215  18.570 0.0000000000
128438  -52.138  26.134  17.166 0.0000000000
128439  -53.267  26.216  17.391 0.0000000000
128440  -55.271  26.823  17.513 0.0000000000
128441  -56.422  27.339  17.383 0.0000000000
128444  -52.425  26.208  17.113 0.0000000000
128445  -53.505  26.358  17.065 0.0000000000
128446  -55.247  26.777  17.127 0.0000000000
128447  -56.639  27.494  17.015 0.0000000000
128449  -54.121  26.476  16.825 0.0000000000
128450  -55.376  26.745  16.769 0.0000000000
128451  -56.529  27.348  16.507 0.0000000000
128452  -57.302  27.948  16.208 0.0000000000
128453  -57.482  28.588  15.821 0.0000000000
128455  -56.451  27.150  16.061 0.0000000000
128460  -49.354  29.531  12.719 0.0000000000
128461  -49.709  29.504  12.705 0.0000000000
128462  -50.594  29.609  12.581 0.0000000000
128472  -49.330  29.443  12.444 0.0000000000
128473  -49.919  29.148  12.127 0.0000000000
128488  -49.309  29.255  11.796 0.0000000000
128489  -50.042  28.688  11.317 0.0000000000
128508  -49.307  29.019  11.099 0.0000000000
129154  -44.837  29.594  23.450 0.0000000000
129155  -45.938  29.891  24.152 0.0000000000
129156  -47.621  29.669  24.805 0.0000000000
129157  -49.411  29.556  25.296 0.0000000000
129158  -51.226  29.358  25.251 0.0000000000
129159  -52.896  29.123  25.008 0.0000000000
129160  -54.350  28.896  24.619 0.0000000000
129161  -55.451  28.641  23.889 0.0000000000
129162  -56.283  28.438  23.132 0.0000000000
129163  -56.619  28.374  22.123 0.0000000000
129168  -41.122  29.318  21.472 0.0000000000
129169  -41.826  29.467  21.641 0.0000000000
129170  -42.553  29.848  21.893 0.0000000000
129171  -43.519  30.064  22.527 0.0000000000
129172  -44.491  30.191  23.100 0.0000000000
129173  -45.177  30.124  23.539 0.0000000000
129174  -56.852  28.422  20.896 0.0000000000
129177  -40.873  29.672  21.319 0.0000000000
129178  -41.519  29.747  21.404 0.0000000000
129179  -41.986  29.780  21.525 0.0000000000
129180  -57.149  27.649  19.150 0.0000000000
129181  -57.283  28.512  19.754 0.0000000000
129184  -56.566  27.441  17.951 0.0000000000
129185  -57.350  28.091  18.383 0.0000000000
129186  -57.412  28.761  18.842 0.0000000000
129189  -50.782  31.227  16.984 0.0000000000
129190  -52.032  31.901  16.968 0.0000000000
129191  -52.859  32.224  16.987 0.0000000000
129192  -56.638  27.498  17.595 0.0000000000
129193  -57.474  28.797  17.577 0.0000000000
129194  -57.365  28.857  18.268 0.0000000000
129197  -50.356  30.674  16.013 0.0000000000
129198  -51.572  31.286  16.249 0.0000000000
129199  -52.700  31.949  16.470 0.0000000000
129200  -57.625  29.160  16.612 0.0000000000
129201  -57.637  30.190  16.047 0.0000000000
129203  -47.863  30.212  14.790 0.0000000000
129204  -48.836  30.216  14.848 0.0000000000
129205  -49.982  30.355  15.005 0.0000000000
129206  -51.338  30.760  15.292 0.0000000000
129207  -52.623  31.550  15.610 0.0000000000
129208  -57.424  28.409  16.435 0.0000000000
129209  -57.630  29.419  15.955 0.0000000000
129212  -47.703  29.989  13.840 0.0000000000
129213  -48.455  29.868  13.941 0.0000000000
129214  -49.515  30.050  14.043 0.0000000000
129215  -50.866  30.294  14.233 0.0000000000
129216  -52.768  31.137  14.354 0.0000000000
129217  -54.436  31.545  13.742 0.0000000000
129222  -47.632  29.902  13.022 0.0000000000
129223  -48.211  29.698  13.075 0.0000000000
129224  -49.139  29.663  13.058 0.0000000000
129225  -50.175  29.862  13.307 0.0000000000
129226  -51.487  30.199  13.276 0.0000000000
129234  -48.077  29.716  12.293 0.0000000000
129235  -48.742  29.541  12.357 0.0000000000
129246  -48.658  29.464  11.621 0.0000000000
129867  -51.442  31.659  25.465 0.0000000000
129868  -51.892  31.484  25.431 0.0000000000
129869  -52.678  31.240  25.283 0.0000000000
129875  -46.094  30.564  24.040 0.0000000000
129876  -46.876  30.877  24.383 0.0000000000
129877  -48.578  31.087  25.219 0.0000000000
129878  -50.769  31.319  25.570 0.0000000000
129879  -52.162  30.505  25.458 0.0000000000
129880  -53.456  30.545  24.998 0.0000000000
129881  -54.693  30.176  24.120 0.0000000000
129882  -55.692  29.717  23.185 0.0000000000
129883  -56.274  29.238  22.533 0.0000000000
129891  -42.573  30.206  21.698 0.0000000000
129892  -43.069  30.520  21.881 0.0000000000
129893  -44.174  30.837  22.485 0.0000000000
129894  -45.579  30.970  23.474 0.0000000000
129895  -46.786  31.818  23.949 0.0000000000
129896  -55.885  30.059  22.223 0.0000000000
129897  -56.389  29.689  21.447 0.0000000000
129900  -40.797  30.066  21.262 0.0000000000
129901  -41.393  30.255  21.276 0.0000000000
129902  -42.249  30.412  21.448 0.0000000000
129903  -43.022  31.118  21.456 0.0000000000
129904  -56.777  29.653  20.232 0.0000000000
129906  -50.853  32.373  18.032 0.0000000000
129907  -51.585  32.682  18.062 0.0000000000
129908  -53.129  33.220  18.103 0.0000000000
129909  -54.531  33.372  18.265 0.0000000000
129910  -56.923  29.713  19.234 0.0000000000
129913  -46.177  31.487  17.007 0.0000000000
129914  -46.729  31.529  16.902 0.0000000000
129915  -48.153  31.566  16.949 0.0000000000
129916  -50.067  31.739  17.599 0.0000000000
129917  -51.707  32.140  17.594 0.0000000000
129918  -53.248  32.708  17.474 0.0000000000
129919  -55.407  33.122  17.669 0.0000000000
129920  -56.826  31.427  17.679 0.0000000000
129921  -57.049  29.979  18.387 0.0000000000
129924  -45.742  31.613  16.733 0.0000000000
129925  -46.026  31.480  16.790 0.0000000000
129926  -46.942  31.054  16.612 0.0000000000
129927  -48.242  30.881  16.591 0.0000000000
129928  -49.440  30.772  16.516 0.0000000000
129929  -53.780  32.725  16.824 0.0000000000
129930  -55.589  32.754  16.588 0.0000000000
129931  -57.149  31.293  16.581 0.0000000000
129932  -57.451  30.857  16.066 0.0000000000
129935  -45.790  31.453  16.562 0.0000000000
129936  -46.191  31.016  16.210 0.0000000000
129937  -47.180  30.500  15.791 0.0000000000
129938  -48.367  30.369  15.774 0.0000000000
129939  -49.314  30.461  15.624 0.0000000000
129940  -53.835  32.392  15.988 0.0000000000
129941  -55.310  32.566  15.581 0.0000000000
129942  -56.524  32.027  15.356 0.0000000000
129943  -57.314  31.046  15.382 0.0000000000
129944  -57.532  30.442  15.271 0.0000000000
129947  -46.268  30.959  15.190 0.0000000000
129948  -46.453  30.815  15.297 0.0000000000
129949  -47.166  30.300  14.608 0.0000000000
129950  -53.822  32.054  15.195 0.0000000000
129951  -54.759  32.146  14.648 0.0000000000
129952  -55.891  31.871  14.265 0.0000000000
129958  -46.440  30.918  14.928 0.0000000000
129959  -47.000  30.595  14.154 0.0000000000
129960  -47.368  30.226  13.710 0.0000000000
130591  -51.756  32.124  25.328 0.0000000000
130592  -52.678  31.996  25.132 0.0000000000
130593  -53.172  31.536  24.992 0.0000000000
130598  -47.836  32.111  24.644 0.0000000000
130599  -49.440  32.949  25.031 0.0000000000
130600  -51.285  33.073  25.253 0.0000000000
130601  -52.543  32.971  24.962 0.0000000000
130602  -53.788  32.278  24.090 0.0000000000
130603  -55.064  31.142  22.933 0.0000000000
130604  -55.565  30.540  22.456 0.0000000000
130612  -43.787  31.339  21.731 0.0000000000
130613  -44.965  31.979  22.050 0.0000000000
130614  -46.379  32.315  23.005 0.0000000000
130615  -47.528  32.749  23.828 0.0000000000
130616  -48.322  32.940  24.435 0.0000000000
130617  -54.365  33.762  22.778 0.0000000000
130618  -55.155  32.818  22.294 0.0000000000
130619  -55.816  31.260  21.571 0.0000000000
130620  -56.432  30.718  20.571 0.0000000000
130625  -40.747  30.448  21.317 0.0000000000
130626  -41.339  30.777  21.250 0.0000000000
130627  -41.984  31.136  21.158 0.0000000000
130628  -42.737  31.555  21.160 0.0000000000
130629  -43.585  31.823  21.190 0.0000000000
130630  -44.195  31.901  21.431 0.0000000000
130631  -52.431  34.741  18.935 0.0000000000
130632  -53.190  34.783  19.417 0.0000000000
130633  -54.558  34.362  20.808 0.0000000000
130634  -55.591  32.984  20.570 0.0000000000
130635  -56.352  31.887  20.108 0.0000000000
130636  -56.702  30.790  19.662 0.0000000000
130639  -48.677  32.855  17.531 0.0000000000
130640  -49.441  32.889  17.847 0.0000000000
130641  -51.152  33.219  18.233 0.0000000000
130642  -53.186  34.014  18.648 0.0000000000
130643  -54.600  33.667  19.209 0.0000000000
130644  -55.752  32.847  19.053 0.0000000000
130645  -56.497  31.661  19.057 0.0000000000
130646  -56.720  30.647  18.832 0.0000000000
130649  -45.704  32.104  16.903 0.0000000000
130650  -46.182  31.810  16.926 0.0000000000
130651  -47.945  32.244  17.120 0.0000000000
130652  -49.421  32.152  17.667 0.0000000000
130653  -50.152  32.186  17.924 0.0000000000
130654  -56.339  32.206  18.354 0.0000000000
130655  -56.723  31.110  18.442 0.0000000000
130656  -56.792  30.587  18.507 0.0000000000
130658  -45.162  32.327  16.229 0.0000000000
130659  -45.526  31.861  16.651 0.0000000000
130660  -45.804  31.632  16.875 0.0000000000
130662  -45.241  32.080  16.061 0.0000000000
130663  -45.679  31.455  16.091 0.0000000000
130664  -46.063  31.061  15.734 0.0000000000
130666  -45.485  31.777  15.734 0.0000000000
130667  -46.100  31.279  15.413 0.0000000000
130668  -46.156  30.995  15.497 0.0000000000
130670  -46.556  31.053  14.612 0.0000000000
131316  -49.877  34.361  24.373 0.0000000000
131317  -50.790  34.238  24.610 0.0000000000
131318  -52.306  34.373  24.366 0.0000000000
131319  -53.008  33.434  24.347 0.0000000000
131324  -45.487  32.656  21.205 0.0000000000
131325  -46.291  33.062  21.735 0.0000000000
131326  -47.329  33.472  22.822 0.0000000000
131327  -48.617  33.912  23.924 0.0000000000
131328  -53.061  35.074  22.913 0.0000000000
131329  -53.423  33.958  23.546 0.0000000000
131335  -40.825  30.863  21.381 0.0000000000
131336  -41.415  31.200  21.249 0.0000000000
131337  -42.013  31.660  21.043 0.0000000000
131338  -42.674  32.115  20.777 0.0000000000
131339  -43.504  32.438  20.648 0.0000000000
131340  -44.671  32.546  20.832 0.0000000000
131341  -45.844  33.167  20.821 0.0000000000
131342  -52.896  35.580  19.816 0.0000000000
131343  -53.469  35.416  21.252 0.0000000000
131344  -53.890  34.645  22.342 0.0000000000
131349  -49.299  33.590  17.757 0.0000000000
131350  -50.592  34.112  18.165 0.0000000000
131351  -51.959  35.028  18.791 0.0000000000
131354  -46.112  32.528  16.775 0.0000000000
131355  -47.127  32.707  16.906 0.0000000000
131356  -48.276  33.167  17.264 0.0000000000
131358  -45.238  32.727  16.243 0.0000000000
131359  -45.629  32.566  16.536 0.0000000000
131361  -45.132  32.902  15.859 0.0000000000
131363  -45.377  32.396  15.636 0.0000000000
131364  -45.644  31.796  15.512 0.0000000000
131367  -46.019  31.828  15.288 0.0000000000
131997  -41.392  31.753  22.263 0.0000000000
132006  -41.350  31.783  21.784 0.0000000000
132007  -50.519  34.962  24.213 0.0000000000
132008  -51.334  35.494  23.910 0.0000000000
132009  -52.215  35.589  23.294 0.0000000000
132011  -41.269  31.466  21.382 0.0000000000
132012  -41.894  31.959  21.070 0.0000000000
132013  -47.022  33.990  22.095 0.0000000000
132014  -48.024  35.082  22.798 0.0000000000
132015  -50.019  35.627  23.742 0.0000000000
132016  -51.104  36.260  23.599 0.0000000000
132017  -52.748  36.053  22.297 0.0000000000
132020  -41.512  31.487  21.253 0.0000000000
132021  -42.149  32.072  20.950 0.0000000000
132022  -42.812  32.570  20.692 0.0000000000
132023  -43.527  33.077  20.252 0.0000000000
132024  -44.368  33.243  20.073 0.0000000000
132025  -45.568  33.805  20.186 0.0000000000
132026  -46.771  34.403  21.336 0.0000000000
132027  -47.666  35.421  21.939 0.0000000000
132028  -52.456  36.437  19.713 0.0000000000
132029  -52.846  36.453  21.087 0.0000000000
132034  -44.269  33.735  19.936 0.0000000000
132035  -44.976  33.961  19.809 0.0000000000
132036  -45.442  34.154  19.839 0.0000000000
132037  -48.961  34.332  17.481 0.0000000000
132038  -50.174  34.891  17.824 0.0000000000
132039  -51.410  35.752  18.588 0.0000000000
132043  -46.093  33.383  16.309 0.0000000000
132044  -46.941  33.464  16.385 0.0000000000
132045  -47.939  33.899  16.843 0.0000000000
132047  -45.231  33.665  15.788 0.0000000000
132048  -45.537  33.511  16.094 0.0000000000
132051  -45.116  33.950  15.442 0.0000000000
132641  -43.819  32.552  23.529 0.0000000000
132642  -44.910  33.447  23.224 0.0000000000
132643  -45.281  34.196  22.999 0.0000000000
132652  -42.458  32.170  22.777 0.0000000000
132653  -43.645  33.043  22.402 0.0000000000
132654  -44.794  33.936  22.531 0.0000000000
132655  -45.318  34.688  22.757 0.0000000000
132665  -41.359  31.765  21.569 0.0000000000
132666  -42.078  32.289  21.786 0.0000000000
132667  -43.197  33.221  21.499 0.0000000000
132668  -51.550  36.315  23.351 0.0000000000
132669  -51.824  36.012  23.394 0.0000000000
132675  -41.558  31.831  21.460 0.0000000000
132676  -42.351  32.447  21.146 0.0000000000
132677  -43.342  33.468  20.990 0.0000000000
132678  -48.320  36.165  22.326 0.0000000000
132679  -49.496  36.944  22.968 0.0000000000
132680  -51.303  37.181  22.913 0.0000000000
132681  -52.067  36.425  22.947 0.0000000000
132683  -42.432  32.376  20.922 0.0000000000
132684  -43.268  33.280  20.661 0.0000000000
132685  -43.360  33.220  20.361 0.0000000000
132686  -45.724  34.436  20.111 0.0000000000
132687  -46.409  35.033  20.743 0.0000000000
132688  -47.651  36.071  21.775 0.0000000000
132689  -48.725  37.196  22.632 0.0000000000
132690  -52.362  37.656  21.142 0.0000000000
132691  -52.472  36.933  22.202 0.0000000000
132694  -43.903  34.044  20.400 0.0000000000
132695  -43.951  33.916  20.119 0.0000000000
132696  -44.819  34.350  20.015 0.0000000000
132697  -45.515  34.572  20.072 0.0000000000
132698  -46.013  34.903  20.346 0.0000000000
132699  -49.692  35.454  17.581 0.0000000000
132700  -50.657  36.484  18.254 0.0000000000
132701  -51.826  37.322  19.402 0.0000000000
132705  -46.757  34.215  16.106 0.0000000000
132706  -47.550  34.908  16.524 0.0000000000
132707  -48.750  35.433  17.219 0.0000000000
132708  -49.757  36.343  17.633 0.0000000000
132713  -45.750  34.605  15.572 0.0000000000
132714  -46.299  34.593  15.821 0.0000000000
132715  -46.922  35.133  16.131 0.0000000000
132719  -45.414  34.673  15.359 0.0000000000
133339  -45.768  33.921  23.758 0.0000000000
133340  -46.403  34.719  24.156 0.0000000000
133348  -45.463  34.097  23.304 0.0000000000
133349  -45.817  34.939  23.292 0.0000000000
133352  -44.272  33.961  21.884 0.0000000000
133353  -45.062  34.813  22.298 0.0000000000
133354  -45.538  35.604  22.795 0.0000000000
133363  -43.973  33.996  21.299 0.0000000000
133364  -44.843  35.030  21.750 0.0000000000
133365  -45.396  35.707  22.382 0.0000000000
133375  -44.118  34.498  21.000 0.0000000000
133376  -44.766  35.159  21.382 0.0000000000
133377  -50.489  38.231  22.497 0.0000000000
133378  -51.283  38.453  21.838 0.0000000000
133385  -44.247  34.546  20.780 0.0000000000
133386  -45.091  35.261  21.152 0.0000000000
133387  -45.819  36.077  21.594 0.0000000000
133388  -46.487  36.587  21.628 0.0000000000
133389  -47.123  36.652  21.733 0.0000000000
133390  -48.503  37.965  22.567 0.0000000000
133391  -49.545  38.286  22.652 0.0000000000
133392  -51.506  38.484  20.464 0.0000000000
133394  -44.371  34.469  20.516 0.0000000000
133395  -44.902  34.834  20.564 0.0000000000
133396  -45.610  35.238  20.671 0.0000000000
133397  -46.135  35.472  20.778 0.0000000000
133398  -46.375  35.400  20.819 0.0000000000
133399  -50.186  37.451  18.148 0.0000000000
133400  -51.055  38.047  19.104 0.0000000000
133402  -47.411  36.170  16.467 0.0000000000
133403  -48.288  36.449  16.982 0.0000000000
133404  -49.295  36.935  17.459 0.0000000000
133410  -45.609  35.684  15.454 0.0000000000
133411  -46.132  35.871  15.692 0.0000000000
133412  -46.743  35.999  16.036 0.0000000000
133419  -45.275  35.607  15.242 0.0000000000
134031  -45.687  36.795  24.154 0.0000000000
134032  -46.106  35.979  23.802 0.0000000000
134039  -43.864  37.976  24.091 0.0000000000
134040  -44.534  37.691  24.000 0.0000000000
134041  -45.374  37.166  23.742 0.0000000000
134042  -45.637  36.575  23.325 0.0000000000
134045  -45.494  36.211  22.382 0.0000000000
134046  -45.579  36.857  22.905 0.0000000000
134054  -44.673  35.183  21.159 0.0000000000
134055  -45.363  35.890  21.872 0.0000000000
134056  -45.845  37.415  22.834 0.0000000000
134057  -50.281  39.004  22.292 0.0000000000
134058  -50.754  38.890  22.063 0.0000000000
134069  -44.399  34.930  21.039 0.0000000000
134070  -45.005  35.357  21.366 0.0000000000
134071  -45.905  37.004  22.182 0.0000000000
134072  -46.580  37.957  22.609 0.0000000000
134073  -47.306  38.573  22.580 0.0000000000
134074  -48.284  39.045  22.570 0.0000000000
134075  -49.556  39.479  22.310 0.0000000000
134076  -50.656  39.263  21.338 0.0000000000
134086  -50.332  38.617  18.909 0.0000000000
134087  -50.863  39.065  19.988 0.0000000000
134091  -47.231  38.095  16.743 0.0000000000
134092  -47.937  37.611  16.974 0.0000000000
134093  -48.893  37.754  17.413 0.0000000000
134094  -49.656  38.120  17.985 0.0000000000
134097  -45.116  37.318  15.725 0.0000000000
134098  -45.765  37.023  15.744 0.0000000000
134099  -46.540  37.342  16.205 0.0000000000
134100  -47.151  37.046  16.440 0.0000000000
134103  -44.880  36.652  15.349 0.0000000000
134104  -45.301  36.437  15.454 0.0000000000
134670  -42.047  38.621  23.266 0.0000000000
134679  -40.641  38.296  22.072 0.0000000000
134680  -41.481  38.507  22.577 0.0000000000
134681  -43.028  38.536  23.529 0.0000000000
134682  -44.327  38.118  23.688 0.0000000000
134683  -45.165  37.817  23.503 0.0000000000
134684  -45.470  37.563  23.335 0.0000000000
134688  -40.495  38.121  21.888 0.0000000000
134689  -40.969  38.262  21.760 0.0000000000
134690  -42.058  38.676  22.407 0.0000000000
134691  -43.435  38.962  23.038 0.0000000000
134692  -44.555  38.832  23.371 0.0000000000
134693  -45.445  38.607  23.329 0.0000000000
134695  -41.083  38.326  20.912 0.0000000000
134696  -41.715  38.579  21.403 0.0000000000
134697  -42.713  38.979  22.050 0.0000000000
134698  -46.127  39.310  23.070 0.0000000000
134699  -46.361  40.129  22.489 0.0000000000
134704  -41.131  38.595  20.098 0.0000000000
134705  -41.662  38.678  20.419 0.0000000000
134706  -42.493  39.034  21.043 0.0000000000
134707  -46.434  38.788  22.809 0.0000000000
134708  -46.921  39.912  22.828 0.0000000000
134709  -47.953  40.180  22.300 0.0000000000
134710  -48.844  40.069  21.652 0.0000000000
134711  -49.790  39.888  20.635 0.0000000000
134712  -50.456  39.495  20.449 0.0000000000
134723  -41.218  38.775  19.428 0.0000000000
134724  -41.572  38.727  19.494 0.0000000000
134725  -42.554  39.244  19.736 0.0000000000
134726  -43.688  39.434  18.993 0.0000000000
134727  -44.348  39.454  18.458 0.0000000000
134728  -46.983  40.151  18.762 0.0000000000
134729  -47.663  39.868  18.552 0.0000000000
134730  -48.554  39.544  18.589 0.0000000000
134731  -49.527  39.187  18.802 0.0000000000
134732  -50.262  39.361  19.757 0.0000000000
134742  -41.441  38.786  18.932 0.0000000000
134743  -41.829  38.625  18.533 0.0000000000
134744  -42.700  38.835  18.178 0.0000000000
134745  -43.736  39.028  17.622 0.0000000000
134746  -45.027  39.233  17.676 0.0000000000
134747  -46.531  39.055  17.434 0.0000000000
134748  -47.820  38.946  17.525 0.0000000000
134749  -48.728  38.685  17.717 0.0000000000
134750  -49.251  38.485  17.878 0.0000000000
134759  -42.119  38.631  17.588 0.0000000000
134760  -42.879  38.601  16.830 0.0000000000
134761  -44.303  38.095  16.219 0.0000000000
134762  -45.468  38.175  16.411 0.0000000000
134763  -46.082  37.971  16.321 0.0000000000
134768  -43.346  38.008  15.737 0.0000000000
134769  -44.223  37.333  15.300 0.0000000000
135347  -40.416  38.276  22.070 0.0000000000
135348  -41.017  38.549  22.596 0.0000000000
135354  -40.376  38.328  21.839 0.0000000000
135355  -40.556  38.218  21.688 0.0000000000
135356  -43.747  39.291  22.879 0.0000000000
135357  -44.088  39.394  22.941 0.0000000000
135358  -44.749  39.501  23.074 0.0000000000
135360  -40.531  38.417  21.540 0.0000000000
135361  -40.715  38.343  21.302 0.0000000000
135362  -43.621  39.386  22.575 0.0000000000
135363  -44.245  39.765  22.494 0.0000000000
135364  -45.154  40.006  22.648 0.0000000000
135365  -45.840  40.259  22.311 0.0000000000
135367  -40.635  38.503  21.123 0.0000000000
135368  -40.810  38.583  20.678 0.0000000000
135369  -43.427  39.557  21.840 0.0000000000
135370  -44.230  40.062  21.696 0.0000000000
135371  -45.113  40.420  21.452 0.0000000000
135372  -46.199  40.433  21.484 0.0000000000
135373  -47.291  40.419  21.245 0.0000000000
135374  -48.213  40.466  20.910 0.0000000000
135375  -48.922  40.273  20.512 0.0000000000
135378  -40.978  38.798  19.813 0.0000000000
135379  -43.352  39.539  20.945 0.0000000000
135380  -44.007  39.932  20.438 0.0000000000
135381  -45.071  40.281  19.626 0.0000000000
135382  -46.520  40.435  19.727 0.0000000000
135383  -47.546  40.463  19.771 0.0000000000
135384  -48.379  40.261  19.625 0.0000000000
135385  -49.073  39.897  19.610 0.0000000000
135389  -41.256  38.938  18.913 0.0000000000
135390  -41.431  38.714  18.396 0.0000000000
135391  -45.927  39.859  18.586 0.0000000000
135392  -46.500  39.990  18.595 0.0000000000
135402  -41.360  38.851  18.161 0.0000000000
135403  -41.617  38.670  17.608 0.0000000000
135404  -42.095  38.617  16.965 0.0000000000
135414  -41.878  38.707  16.815 0.0000000000
135415  -42.451  38.518  16.186 0.0000000000
135945  -40.453  38.503  22.102 0.0000000000
135946  -40.776  38.960  22.546 0.0000000000
135957  -40.380  38.573  21.690 0.0000000000
135958  -40.430  38.915  21.944 0.0000000000
135961  -40.490  38.671  21.205 0.0000000000
135962  -40.415  38.913  21.293 0.0000000000
135964  -40.604  38.643  20.877 0.0000000000
135965  -40.692  38.870  20.482 0.0000000000
135967  -41.017  38.979  19.339 0.0000000000
135970  -41.262  38.999  18.389 0.0000000000
135973  -41.426  38.931  17.664 0.0000000000
135974  -41.628  38.904  17.069 0.0000000000
135977  -41.971  38.833  16.427 0.0000000000
136434  -40.562  39.342  21.615 0.0000000000
136444  -40.621  39.292  20.786 0.0000000000
136448  -40.930  39.203  19.809 0.0000000000
136451  -41.264  39.139  18.760 0.0000000000
136454  -41.396  39.174  17.705 0.0000000000
136455  -41.508  39.336  17.343 0.0000000000
136458  -41.469  39.039  17.264 0.0000000000
136459  -41.714  39.159  16.780 0.0000000000
136462  -42.077  38.920  16.163 0.0000000000
136937  -41.029  39.673  20.299 0.0000000000
136947  -41.433  39.502  19.249 0.0000000000
136952  -41.480  39.472  18.183 0.0000000000
136953  -41.972  40.078  18.623 0.0000000000
136957  -41.464  39.405  17.620 0.0000000000
136958  -41.795  39.706  17.442 0.0000000000
136962  -42.020  39.551  16.835 0.0000000000
