#!ascii label  , from subject subject001 vox2ras=TkReg
1231
60132  -15.225  -41.800  54.011 0.0000000000
60142  -15.472  -41.624  53.531 0.0000000000
60143  -15.644  -41.413  52.976 0.0000000000
60144  -15.942  -41.391  52.615 0.0000000000
60154  -15.825  -41.085  52.378 0.0000000000
60155  -16.235  -40.937  52.079 0.0000000000
60156  -16.915  -40.727  51.790 0.0000000000
60157  -17.567  -40.494  51.831 0.0000000000
60158  -18.159  -40.108  51.757 0.0000000000
60159  -18.552  -39.777  52.059 0.0000000000
60168  -17.411  -40.241  51.316 0.0000000000
60169  -17.884  -40.023  51.182 0.0000000000
60170  -18.257  -39.778  51.138 0.0000000000
61293  -15.252  -41.334  54.023 0.0000000000
61294  -15.448  -40.785  54.022 0.0000000000
61300  -15.406  -41.284  53.481 0.0000000000
61301  -15.422  -40.871  53.461 0.0000000000
61311  -15.510  -41.280  53.161 0.0000000000
61312  -15.633  -40.883  52.761 0.0000000000
61320  -16.142  -40.666  52.081 0.0000000000
61321  -16.703  -40.356  51.650 0.0000000000
61322  -17.136  -40.196  51.287 0.0000000000
61323  -18.449  -39.676  51.466 0.0000000000
61324  -18.792  -39.259  51.844 0.0000000000
61331  -17.174  -39.921  51.188 0.0000000000
61332  -17.690  -39.691  50.962 0.0000000000
61333  -18.179  -39.467  50.912 0.0000000000
61334  -18.616  -39.166  51.096 0.0000000000
61335  -19.148  -38.587  51.344 0.0000000000
61336  -19.640  -38.273  51.820 0.0000000000
61341  -18.213  -39.068  50.735 0.0000000000
61342  -18.595  -38.654  50.834 0.0000000000
61343  -18.980  -38.377  50.712 0.0000000000
61344  -19.264  -38.110  50.766 0.0000000000
62418  -15.961  -40.286  54.103 0.0000000000
62424  -15.858  -40.192  53.192 0.0000000000
62425  -16.177  -39.904  53.630 0.0000000000
62434  -16.287  -40.106  52.211 0.0000000000
62435  -16.702  -39.659  51.815 0.0000000000
62444  -16.503  -40.260  51.821 0.0000000000
62445  -16.895  -39.774  51.465 0.0000000000
62451  -17.569  -39.361  51.028 0.0000000000
62452  -18.089  -38.849  50.738 0.0000000000
62453  -19.486  -37.984  51.136 0.0000000000
62454  -19.878  -37.733  51.652 0.0000000000
62459  -18.655  -38.238  50.714 0.0000000000
62460  -19.034  -37.704  50.328 0.0000000000
62461  -19.177  -37.682  50.506 0.0000000000
62462  -19.322  -37.573  50.671 0.0000000000
62463  -19.511  -37.276  51.005 0.0000000000
62468  -19.095  -37.038  49.894 0.0000000000
62469  -19.012  -37.003  50.102 0.0000000000
62470  -19.114  -36.984  50.348 0.0000000000
62471  -19.306  -37.049  50.634 0.0000000000
63574  -16.806  -39.401  53.783 0.0000000000
63579  -16.144  -39.834  53.003 0.0000000000
63580  -16.571  -39.480  53.222 0.0000000000
63581  -17.318  -38.706  53.185 0.0000000000
63588  -16.236  -39.802  52.732 0.0000000000
63589  -16.698  -39.404  52.255 0.0000000000
63597  -17.148  -39.232  51.647 0.0000000000
63604  -17.503  -38.994  51.164 0.0000000000
63605  -18.012  -38.553  50.844 0.0000000000
63613  -18.608  -37.860  50.658 0.0000000000
63614  -18.978  -37.309  50.333 0.0000000000
63615  -20.007  -37.004  51.341 0.0000000000
63616  -20.260  -36.252  50.948 0.0000000000
63625  -19.062  -36.814  49.858 0.0000000000
63626  -19.112  -36.452  49.522 0.0000000000
63627  -19.263  -36.300  49.657 0.0000000000
63628  -19.651  -36.425  50.383 0.0000000000
63629  -20.098  -35.870  50.372 0.0000000000
63635  -19.137  -36.062  49.218 0.0000000000
63636  -19.201  -35.863  49.085 0.0000000000
64796  -17.133  -38.899  52.608 0.0000000000
64797  -17.823  -38.086  52.598 0.0000000000
64802  -17.361  -38.686  51.995 0.0000000000
64803  -17.993  -37.943  51.757 0.0000000000
64812  -17.670  -38.522  51.410 0.0000000000
64813  -18.215  -37.784  51.209 0.0000000000
64826  -17.951  -38.332  51.033 0.0000000000
64827  -18.503  -37.658  50.839 0.0000000000
64828  -18.836  -37.115  50.570 0.0000000000
64841  -18.782  -37.394  50.631 0.0000000000
64842  -18.944  -36.916  50.357 0.0000000000
64843  -20.397  -35.454  50.547 0.0000000000
64856  -18.962  -36.470  49.721 0.0000000000
64857  -18.979  -36.120  49.259 0.0000000000
64858  -19.313  -35.849  49.270 0.0000000000
64859  -19.518  -35.704  49.494 0.0000000000
64860  -20.081  -35.264  49.761 0.0000000000
64869  -19.036  -35.804  48.948 0.0000000000
64870  -19.306  -35.489  48.925 0.0000000000
64871  -19.730  -34.945  49.013 0.0000000000
64872  -20.151  -34.522  49.087 0.0000000000
66040  -18.336  -37.367  52.103 0.0000000000
66045  -18.510  -37.044  51.448 0.0000000000
66046  -18.545  -36.844  51.871 0.0000000000
66056  -18.621  -37.021  50.965 0.0000000000
66057  -18.617  -36.470  50.781 0.0000000000
66073  -18.726  -37.060  50.759 0.0000000000
66074  -18.710  -36.446  50.440 0.0000000000
66089  -18.781  -35.963  49.630 0.0000000000
66090  -20.509  -34.704  50.104 0.0000000000
66099  -18.887  -35.625  48.922 0.0000000000
66100  -19.020  -35.553  48.724 0.0000000000
66101  -20.475  -34.284  49.464 0.0000000000
66112  -18.952  -35.140  48.402 0.0000000000
66113  -19.131  -34.999  48.309 0.0000000000
66114  -19.539  -34.563  48.329 0.0000000000
66115  -20.021  -34.172  48.561 0.0000000000
66116  -20.418  -33.839  48.857 0.0000000000
66131  -19.307  -34.409  47.939 0.0000000000
66132  -19.491  -34.045  47.946 0.0000000000
67242  -18.595  -36.408  51.184 0.0000000000
67243  -18.760  -36.170  51.604 0.0000000000
67258  -18.571  -36.574  51.004 0.0000000000
67259  -18.710  -35.837  50.719 0.0000000000
67279  -18.724  -35.143  49.709 0.0000000000
67294  -18.736  -35.003  48.892 0.0000000000
67295  -21.015  -33.818  49.968 0.0000000000
67296  -21.347  -33.267  49.614 0.0000000000
67309  -18.835  -34.783  48.265 0.0000000000
67310  -20.810  -33.565  49.151 0.0000000000
67311  -21.194  -33.198  49.230 0.0000000000
67325  -18.989  -34.556  47.947 0.0000000000
67326  -19.118  -34.274  47.748 0.0000000000
67327  -19.839  -33.607  48.007 0.0000000000
67328  -20.367  -33.354  48.339 0.0000000000
67329  -20.815  -33.149  48.635 0.0000000000
67330  -21.052  -33.107  48.885 0.0000000000
67347  -19.315  -33.880  47.714 0.0000000000
67348  -19.529  -33.701  47.805 0.0000000000
68345  -18.772  -34.068  50.602 0.0000000000
68346  -18.897  -35.000  51.007 0.0000000000
68360  -18.595  -33.859  50.224 0.0000000000
68361  -18.657  -34.386  50.130 0.0000000000
68375  -18.500  -34.163  49.407 0.0000000000
68387  -18.519  -34.265  48.850 0.0000000000
68398  -18.676  -33.957  47.944 0.0000000000
68399  -18.636  -34.155  48.176 0.0000000000
68400  -21.581  -32.872  49.344 0.0000000000
68401  -22.084  -32.503  49.077 0.0000000000
68409  -18.711  -33.779  47.775 0.0000000000
68410  -18.855  -33.924  47.664 0.0000000000
68411  -19.061  -33.960  47.594 0.0000000000
68412  -19.942  -32.927  47.675 0.0000000000
68413  -20.325  -32.847  47.872 0.0000000000
68414  -20.925  -32.587  48.000 0.0000000000
68415  -21.507  -32.615  48.538 0.0000000000
68416  -22.361  -32.212  48.272 0.0000000000
68425  -18.927  -33.448  47.296 0.0000000000
68426  -19.165  -33.487  47.357 0.0000000000
68427  -19.553  -33.249  47.548 0.0000000000
68428  -21.595  -32.176  47.692 0.0000000000
68429  -22.163  -32.003  47.738 0.0000000000
68430  -22.579  -31.882  47.764 0.0000000000
69388  -18.951  -33.582  50.802 0.0000000000
69389  -19.133  -34.285  51.321 0.0000000000
69399  -18.566  -33.443  50.220 0.0000000000
69400  -18.494  -33.678  49.991 0.0000000000
69411  -18.408  -33.340  49.861 0.0000000000
69412  -18.417  -33.540  49.566 0.0000000000
69425  -18.349  -33.566  48.910 0.0000000000
69437  -18.559  -33.803  48.072 0.0000000000
69438  -18.462  -33.546  48.187 0.0000000000
69439  -22.887  -32.231  48.730 0.0000000000
69440  -23.359  -31.857  48.253 0.0000000000
69450  -18.575  -33.631  47.898 0.0000000000
69451  -18.613  -33.318  47.594 0.0000000000
69452  -19.854  -32.669  47.318 0.0000000000
69453  -20.301  -32.475  47.378 0.0000000000
69454  -20.711  -32.368  47.528 0.0000000000
69455  -22.937  -31.864  47.949 0.0000000000
69456  -23.599  -31.563  47.628 0.0000000000
69457  -24.139  -31.376  47.247 0.0000000000
69466  -18.846  -32.984  47.059 0.0000000000
69467  -19.049  -32.866  46.896 0.0000000000
69468  -19.522  -32.539  46.906 0.0000000000
69469  -20.703  -32.091  47.110 0.0000000000
69470  -21.241  -31.895  47.179 0.0000000000
69471  -22.053  -31.657  47.067 0.0000000000
69472  -22.900  -31.488  47.121 0.0000000000
69473  -23.827  -31.304  46.822 0.0000000000
69474  -24.405  -31.213  46.760 0.0000000000
69478  -18.996  -32.463  46.595 0.0000000000
69479  -19.274  -32.172  46.454 0.0000000000
69480  -19.709  -31.861  46.329 0.0000000000
69481  -20.927  -31.765  46.697 0.0000000000
69482  -21.296  -31.564  46.451 0.0000000000
69483  -22.510  -31.364  46.576 0.0000000000
69484  -22.958  -31.094  46.263 0.0000000000
70540  -19.548  -33.061  51.262 0.0000000000
70545  -19.296  -33.141  51.006 0.0000000000
70546  -19.354  -33.688  51.396 0.0000000000
70553  -18.740  -32.961  50.415 0.0000000000
70564  -18.360  -32.817  49.667 0.0000000000
70565  -18.251  -33.068  49.101 0.0000000000
70574  -18.299  -32.619  48.941 0.0000000000
70575  -18.316  -32.844  48.454 0.0000000000
70585  -18.449  -32.713  47.728 0.0000000000
70586  -23.429  -32.010  48.631 0.0000000000
70587  -23.987  -31.657  48.405 0.0000000000
70599  -18.626  -32.496  47.100 0.0000000000
70600  -20.117  -32.285  46.956 0.0000000000
70601  -20.428  -32.206  47.039 0.0000000000
70602  -24.115  -31.458  47.671 0.0000000000
70603  -24.769  -31.269  47.441 0.0000000000
70604  -25.909  -31.266  47.806 0.0000000000
70613  -18.856  -32.224  46.595 0.0000000000
70614  -20.114  -31.888  46.451 0.0000000000
70615  -20.520  -31.924  46.707 0.0000000000
70616  -21.818  -31.503  46.505 0.0000000000
70617  -22.206  -31.433  46.514 0.0000000000
70618  -23.608  -31.057  46.177 0.0000000000
70619  -24.333  -31.041  46.111 0.0000000000
70620  -24.955  -31.015  46.273 0.0000000000
70621  -25.670  -31.034  46.541 0.0000000000
70622  -26.426  -30.862  46.673 0.0000000000
70623  -27.114  -30.536  46.763 0.0000000000
70628  -19.194  -31.843  46.321 0.0000000000
70629  -19.716  -31.371  45.941 0.0000000000
70630  -20.155  -31.463  45.903 0.0000000000
70631  -20.846  -31.425  45.912 0.0000000000
70632  -21.660  -31.282  45.887 0.0000000000
70633  -22.428  -31.107  45.950 0.0000000000
70634  -23.383  -30.679  45.393 0.0000000000
70635  -24.228  -30.656  45.404 0.0000000000
70636  -24.925  -30.786  45.367 0.0000000000
70637  -25.588  -30.762  45.507 0.0000000000
70638  -26.214  -30.682  45.685 0.0000000000
70639  -26.785  -30.441  45.747 0.0000000000
70646  -19.986  -30.979  45.436 0.0000000000
70647  -20.220  -31.080  45.447 0.0000000000
70648  -20.503  -31.206  45.527 0.0000000000
70649  -23.684  -30.284  44.783 0.0000000000
70650  -24.096  -30.250  44.790 0.0000000000
70651  -24.870  -30.454  44.404 0.0000000000
70652  -25.522  -30.578  44.635 0.0000000000
70653  -26.212  -30.505  44.634 0.0000000000
70654  -26.549  -30.430  45.122 0.0000000000
70660  -25.189  -30.396  43.703 0.0000000000
70661  -25.552  -30.481  43.906 0.0000000000
70662  -25.915  -30.534  44.141 0.0000000000
71717  -19.668  -32.802  51.140 0.0000000000
71723  -19.122  -32.622  50.604 0.0000000000
71726  -18.683  -32.389  50.112 0.0000000000
71737  -18.549  -32.162  49.598 0.0000000000
71748  -18.433  -32.126  48.997 0.0000000000
71749  -18.404  -32.303  48.528 0.0000000000
71758  -18.479  -31.882  48.362 0.0000000000
71759  -18.413  -32.084  47.943 0.0000000000
71766  -18.517  -31.943  47.315 0.0000000000
71772  -18.754  -31.645  46.676 0.0000000000
71773  -19.119  -31.165  46.255 0.0000000000
71780  -19.042  -31.628  46.331 0.0000000000
71781  -19.448  -31.103  45.958 0.0000000000
71782  -21.038  -31.085  45.407 0.0000000000
71783  -21.397  -30.974  45.381 0.0000000000
71784  -22.117  -30.778  45.320 0.0000000000
71785  -22.760  -30.642  45.182 0.0000000000
71786  -27.390  -29.912  45.868 0.0000000000
71793  -19.860  -30.765  45.441 0.0000000000
71794  -20.305  -30.565  45.147 0.0000000000
71795  -20.931  -30.710  45.120 0.0000000000
71796  -21.849  -30.426  44.808 0.0000000000
71797  -22.604  -30.319  44.636 0.0000000000
71798  -23.269  -30.277  44.610 0.0000000000
71799  -23.873  -29.930  44.366 0.0000000000
71800  -24.372  -30.081  44.139 0.0000000000
71801  -26.500  -30.329  44.194 0.0000000000
71802  -26.939  -30.051  44.515 0.0000000000
71807  -23.037  -29.966  44.230 0.0000000000
71808  -23.490  -29.699  43.898 0.0000000000
71809  -24.089  -29.845  43.596 0.0000000000
71810  -24.798  -30.211  43.408 0.0000000000
71811  -25.453  -30.331  43.187 0.0000000000
71812  -26.266  -30.261  43.554 0.0000000000
71813  -27.050  -29.548  43.170 0.0000000000
71817  -23.338  -29.471  42.676 0.0000000000
71818  -23.570  -29.599  42.948 0.0000000000
71819  -24.327  -29.880  42.635 0.0000000000
71820  -25.044  -30.088  42.406 0.0000000000
71821  -25.778  -29.987  42.382 0.0000000000
71822  -26.576  -29.547  42.296 0.0000000000
71823  -27.167  -29.110  42.364 0.0000000000
71827  -23.390  -29.480  42.334 0.0000000000
71828  -23.840  -29.608  41.965 0.0000000000
71829  -24.558  -29.765  41.600 0.0000000000
71830  -25.277  -29.742  41.465 0.0000000000
71831  -26.015  -29.483  41.551 0.0000000000
71832  -26.568  -29.118  41.505 0.0000000000
71837  -24.829  -29.617  40.976 0.0000000000
71838  -25.131  -29.491  40.700 0.0000000000
72899  -19.571  -32.402  50.706 0.0000000000
72900  -20.174  -32.385  51.097 0.0000000000
72905  -19.149  -32.153  50.315 0.0000000000
72906  -19.855  -31.996  50.536 0.0000000000
72907  -20.636  -31.986  51.093 0.0000000000
72911  -18.826  -31.923  49.872 0.0000000000
72912  -19.281  -31.785  50.028 0.0000000000
72921  -18.801  -31.697  49.275 0.0000000000
72922  -19.026  -31.707  49.666 0.0000000000
72932  -18.657  -31.586  48.573 0.0000000000
72943  -18.533  -31.354  47.864 0.0000000000
72944  -18.519  -31.609  47.540 0.0000000000
72953  -18.618  -30.936  47.514 0.0000000000
72954  -18.638  -31.125  47.149 0.0000000000
72963  -19.015  -30.827  46.454 0.0000000000
72964  -19.419  -30.547  45.929 0.0000000000
72972  -19.764  -30.371  45.439 0.0000000000
72973  -27.758  -29.065  45.029 0.0000000000
72974  -28.643  -28.176  45.524 0.0000000000
72983  -20.158  -30.146  44.995 0.0000000000
72984  -20.873  -29.758  44.384 0.0000000000
72985  -21.696  -29.825  44.280 0.0000000000
72986  -22.403  -29.851  44.245 0.0000000000
72987  -22.775  -29.925  44.224 0.0000000000
72988  -27.621  -29.011  43.790 0.0000000000
72989  -28.311  -28.221  44.265 0.0000000000
72995  -21.202  -29.291  43.713 0.0000000000
72996  -21.820  -29.211  43.481 0.0000000000
72997  -22.422  -29.382  43.548 0.0000000000
72998  -22.991  -29.606  43.727 0.0000000000
72999  -23.337  -29.579  43.463 0.0000000000
73000  -27.550  -28.744  42.781 0.0000000000
73001  -28.098  -28.139  43.180 0.0000000000
73004  -22.193  -29.081  42.980 0.0000000000
73005  -22.539  -29.106  42.576 0.0000000000
73006  -23.086  -29.393  42.801 0.0000000000
73007  -23.250  -29.527  43.235 0.0000000000
73008  -27.053  -28.891  41.735 0.0000000000
73009  -27.488  -28.504  42.009 0.0000000000
73010  -27.885  -27.982  42.308 0.0000000000
73014  -22.831  -29.058  41.745 0.0000000000
73015  -23.280  -29.250  41.473 0.0000000000
73016  -24.095  -29.486  41.040 0.0000000000
73017  -24.531  -29.552  40.960 0.0000000000
73018  -25.649  -29.302  40.822 0.0000000000
73019  -26.288  -28.937  40.923 0.0000000000
73020  -26.900  -28.607  41.076 0.0000000000
73021  -27.459  -28.194  41.305 0.0000000000
73022  -27.736  -27.908  41.714 0.0000000000
73030  -23.475  -29.107  40.716 0.0000000000
73031  -23.930  -29.139  40.267 0.0000000000
73032  -24.670  -29.383  40.291 0.0000000000
73033  -25.372  -29.170  40.118 0.0000000000
73034  -25.997  -28.804  40.240 0.0000000000
73035  -26.724  -28.334  40.324 0.0000000000
73036  -27.263  -28.080  40.704 0.0000000000
73049  -24.257  -28.873  39.594 0.0000000000
73050  -24.572  -28.947  39.494 0.0000000000
73051  -25.166  -28.945  39.425 0.0000000000
73052  -25.778  -28.656  39.563 0.0000000000
73053  -26.345  -28.384  39.734 0.0000000000
74149  -20.003  -31.819  50.426 0.0000000000
74150  -20.370  -31.809  50.583 0.0000000000
74155  -19.854  -31.704  50.197 0.0000000000
74156  -20.504  -31.539  50.113 0.0000000000
74166  -19.033  -31.512  49.174 0.0000000000
74167  -19.394  -31.479  49.441 0.0000000000
74168  -20.038  -31.108  49.167 0.0000000000
74179  -18.960  -31.375  48.864 0.0000000000
74180  -19.290  -30.960  48.595 0.0000000000
74181  -19.799  -30.711  48.553 0.0000000000
74190  -18.758  -31.072  48.257 0.0000000000
74191  -18.939  -30.654  47.950 0.0000000000
74197  -18.683  -30.868  47.771 0.0000000000
74198  -18.855  -30.534  47.366 0.0000000000
74206  -19.056  -30.413  46.739 0.0000000000
74207  -19.384  -30.108  46.119 0.0000000000
74214  -19.806  -29.736  45.378 0.0000000000
74215  -20.094  -29.252  44.945 0.0000000000
74216  -28.967  -27.543  45.329 0.0000000000
74226  -19.991  -29.920  45.091 0.0000000000
74227  -20.360  -29.473  44.667 0.0000000000
74228  -28.918  -27.296  44.706 0.0000000000
74229  -29.121  -27.338  45.257 0.0000000000
74238  -20.949  -29.232  43.919 0.0000000000
74239  -21.571  -29.061  43.442 0.0000000000
74240  -28.612  -27.325  43.560 0.0000000000
74246  -22.291  -28.979  42.787 0.0000000000
74247  -22.700  -29.028  42.029 0.0000000000
74248  -28.421  -27.343  42.567 0.0000000000
74255  -23.120  -28.974  41.193 0.0000000000
74256  -23.295  -29.074  40.890 0.0000000000
74257  -27.794  -27.595  41.320 0.0000000000
74258  -28.193  -27.313  41.643 0.0000000000
74267  -23.384  -28.826  40.733 0.0000000000
74268  -23.571  -28.926  40.465 0.0000000000
74269  -24.050  -28.746  39.765 0.0000000000
74270  -27.302  -27.582  40.159 0.0000000000
74271  -27.652  -27.410  40.810 0.0000000000
74272  -28.019  -27.174  41.123 0.0000000000
74281  -24.585  -28.443  39.095 0.0000000000
74282  -25.090  -28.498  38.866 0.0000000000
74283  -25.710  -28.353  38.916 0.0000000000
74284  -26.290  -28.131  39.173 0.0000000000
74285  -26.803  -27.736  39.567 0.0000000000
74292  -24.821  -28.028  38.639 0.0000000000
74293  -25.067  -28.049  38.521 0.0000000000
74294  -25.699  -27.787  38.458 0.0000000000
74295  -26.331  -27.560  38.675 0.0000000000
74296  -26.588  -27.590  39.069 0.0000000000
74301  -26.060  -27.292  38.300 0.0000000000
74302  -26.173  -27.436  38.436 0.0000000000
75369  -20.971  -31.256  49.624 0.0000000000
75379  -20.451  -30.800  48.806 0.0000000000
75380  -21.328  -30.946  49.137 0.0000000000
75392  -19.398  -30.486  48.089 0.0000000000
75393  -19.999  -30.382  48.159 0.0000000000
75394  -20.731  -30.441  48.344 0.0000000000
75395  -21.572  -30.606  48.541 0.0000000000
75405  -19.151  -30.364  47.658 0.0000000000
75406  -19.574  -30.144  47.625 0.0000000000
75407  -20.223  -29.863  47.583 0.0000000000
75408  -20.964  -30.108  47.923 0.0000000000
75418  -19.259  -30.176  47.305 0.0000000000
75419  -19.606  -29.698  47.041 0.0000000000
75420  -19.996  -29.485  47.110 0.0000000000
75432  -19.225  -30.128  46.970 0.0000000000
75433  -19.465  -29.823  46.489 0.0000000000
75442  -19.720  -29.430  45.841 0.0000000000
75443  -19.990  -29.092  45.207 0.0000000000
75450  -20.419  -28.965  44.610 0.0000000000
75451  -20.901  -28.847  44.096 0.0000000000
75452  -29.505  -26.520  44.799 0.0000000000
75453  -29.292  -27.069  45.199 0.0000000000
75460  -20.729  -29.052  44.121 0.0000000000
75461  -21.377  -28.968  43.648 0.0000000000
75462  -29.210  -26.505  43.785 0.0000000000
75463  -29.462  -26.276  43.065 0.0000000000
75464  -33.433  -25.684  42.242 0.0000000000
75465  -33.687  -25.774  42.236 0.0000000000
75475  -22.151  -28.990  43.076 0.0000000000
75476  -22.588  -28.925  42.447 0.0000000000
75477  -29.001  -26.710  42.866 0.0000000000
75478  -29.478  -26.176  42.352 0.0000000000
75479  -33.068  -25.672  41.655 0.0000000000
75480  -33.335  -25.715  41.889 0.0000000000
75481  -34.067  -25.991  41.811 0.0000000000
75482  -34.560  -26.114  41.641 0.0000000000
75489  -22.942  -28.792  41.666 0.0000000000
75490  -28.838  -26.637  41.918 0.0000000000
75491  -29.449  -25.925  41.430 0.0000000000
75492  -33.159  -25.773  41.434 0.0000000000
75493  -33.651  -26.062  41.260 0.0000000000
75494  -34.307  -26.244  41.208 0.0000000000
75495  -34.838  -26.173  41.333 0.0000000000
75504  -23.299  -28.668  40.972 0.0000000000
75505  -23.665  -28.541  40.429 0.0000000000
75506  -23.871  -28.574  39.979 0.0000000000
75507  -27.408  -27.224  40.008 0.0000000000
75508  -27.564  -26.900  40.211 0.0000000000
75509  -28.428  -26.339  40.720 0.0000000000
75510  -29.604  -25.650  40.572 0.0000000000
75518  -23.919  -28.265  39.929 0.0000000000
75519  -24.202  -28.235  39.471 0.0000000000
75520  -27.316  -27.110  39.723 0.0000000000
75521  -27.798  -26.206  39.584 0.0000000000
75522  -28.572  -25.635  39.610 0.0000000000
75529  -24.663  -27.882  38.851 0.0000000000
75530  -25.151  -27.587  38.500 0.0000000000
75531  -25.470  -27.557  38.426 0.0000000000
75532  -26.647  -27.095  38.624 0.0000000000
75533  -27.032  -26.915  38.918 0.0000000000
75534  -27.701  -25.841  38.744 0.0000000000
75539  -25.631  -27.160  38.321 0.0000000000
75540  -25.994  -27.058  38.253 0.0000000000
75541  -26.570  -26.728  38.356 0.0000000000
75542  -27.336  -26.030  38.277 0.0000000000
75543  -27.752  -25.533  38.284 0.0000000000
75546  -27.131  -26.060  37.933 0.0000000000
75547  -27.435  -25.652  37.891 0.0000000000
76521  -20.773  -29.729  47.547 0.0000000000
76522  -21.643  -29.910  47.714 0.0000000000
76529  -19.914  -29.371  46.861 0.0000000000
76530  -20.464  -29.318  46.943 0.0000000000
76531  -21.509  -28.869  46.473 0.0000000000
76547  -19.818  -29.205  46.393 0.0000000000
76548  -20.443  -28.732  45.996 0.0000000000
76549  -21.170  -28.451  45.416 0.0000000000
76567  -19.977  -28.935  45.660 0.0000000000
76568  -20.473  -28.687  45.084 0.0000000000
76569  -21.226  -28.524  44.568 0.0000000000
76570  -30.182  -26.174  44.954 0.0000000000
76571  -30.868  -25.771  44.480 0.0000000000
76572  -32.001  -25.771  44.542 0.0000000000
76585  -20.837  -28.721  44.420 0.0000000000
76586  -21.512  -28.731  43.904 0.0000000000
76587  -29.914  -25.925  43.987 0.0000000000
76588  -30.634  -25.646  43.389 0.0000000000
76589  -31.476  -25.569  43.383 0.0000000000
76590  -32.628  -25.658  43.575 0.0000000000
76591  -33.726  -25.773  43.701 0.0000000000
76603  -22.376  -28.810  43.161 0.0000000000
76604  -22.856  -28.667  42.747 0.0000000000
76605  -29.627  -26.112  43.438 0.0000000000
76606  -30.032  -25.856  42.923 0.0000000000
76607  -31.577  -25.501  42.756 0.0000000000
76608  -32.233  -25.505  42.541 0.0000000000
76609  -33.276  -25.671  42.620 0.0000000000
76610  -34.326  -25.857  42.648 0.0000000000
76625  -22.548  -28.878  42.787 0.0000000000
76626  -22.874  -28.643  42.314 0.0000000000
76627  -30.107  -25.714  41.958 0.0000000000
76628  -32.714  -25.606  41.663 0.0000000000
76629  -32.886  -25.574  42.174 0.0000000000
76630  -34.512  -25.991  41.992 0.0000000000
76631  -35.095  -26.018  41.989 0.0000000000
76643  -23.405  -28.338  41.291 0.0000000000
76644  -23.758  -28.011  40.961 0.0000000000
76645  -30.543  -25.487  40.960 0.0000000000
76646  -31.281  -25.474  40.760 0.0000000000
76647  -33.048  -25.916  40.737 0.0000000000
76648  -33.981  -26.385  40.569 0.0000000000
76649  -34.762  -26.223  40.715 0.0000000000
76650  -35.521  -25.974  41.206 0.0000000000
76651  -35.713  -25.891  41.776 0.0000000000
76660  -23.571  -28.376  40.732 0.0000000000
76661  -23.943  -27.960  40.274 0.0000000000
76662  -24.441  -27.515  39.768 0.0000000000
76663  -29.456  -25.548  39.769 0.0000000000
76664  -30.503  -25.515  39.857 0.0000000000
76665  -31.616  -25.556  40.053 0.0000000000
76666  -32.769  -25.907  39.791 0.0000000000
76667  -33.607  -26.385  39.759 0.0000000000
76668  -34.448  -26.230  39.858 0.0000000000
76669  -35.546  -25.741  40.188 0.0000000000
76670  -36.447  -25.345  39.776 0.0000000000
76671  -36.749  -25.067  39.492 0.0000000000
76675  -24.089  -28.010  39.703 0.0000000000
76676  -24.499  -27.625  39.324 0.0000000000
76677  -28.397  -25.451  38.852 0.0000000000
76678  -29.381  -25.411  38.752 0.0000000000
76679  -30.402  -25.481  38.911 0.0000000000
76680  -31.403  -25.538  38.985 0.0000000000
76681  -32.422  -25.825  38.976 0.0000000000
76682  -33.266  -26.318  38.961 0.0000000000
76683  -34.011  -26.341  38.823 0.0000000000
76684  -34.978  -25.738  39.153 0.0000000000
76685  -35.994  -25.372  39.278 0.0000000000
76686  -36.495  -25.161  39.368 0.0000000000
76690  -25.077  -27.271  38.672 0.0000000000
76691  -25.639  -26.908  38.367 0.0000000000
76692  -28.181  -25.395  38.327 0.0000000000
76693  -29.774  -25.414  38.153 0.0000000000
76694  -30.402  -25.488  38.026 0.0000000000
76695  -31.212  -25.608  38.202 0.0000000000
76696  -32.116  -25.944  38.046 0.0000000000
76697  -32.978  -26.364  38.290 0.0000000000
76698  -33.509  -26.420  38.468 0.0000000000
76703  -26.129  -26.523  38.209 0.0000000000
76704  -26.672  -26.077  37.885 0.0000000000
76705  -26.907  -26.147  37.900 0.0000000000
76706  -27.722  -25.476  37.949 0.0000000000
76707  -28.118  -25.329  37.894 0.0000000000
76708  -30.809  -25.507  37.505 0.0000000000
76709  -31.216  -25.624  37.614 0.0000000000
76710  -31.644  -25.768  37.757 0.0000000000
76715  -27.074  -25.577  37.550 0.0000000000
76716  -27.284  -25.545  37.667 0.0000000000
76717  -27.774  -25.247  37.617 0.0000000000
76718  -28.013  -25.242  37.685 0.0000000000
76719  -32.227  -25.330  35.705 0.0000000000
76720  -32.640  -25.322  35.677 0.0000000000
76728  -32.122  -25.237  35.282 0.0000000000
76729  -32.525  -25.226  35.382 0.0000000000
76739  -32.141  -25.174  35.045 0.0000000000
76740  -32.330  -25.171  35.164 0.0000000000
77717  -21.960  -28.466  44.797 0.0000000000
77724  -22.036  -28.544  44.062 0.0000000000
77725  -22.714  -28.359  44.218 0.0000000000
77735  -22.365  -28.662  43.495 0.0000000000
77736  -22.799  -28.441  43.540 0.0000000000
77737  -23.358  -28.202  43.626 0.0000000000
77738  -24.041  -28.078  43.695 0.0000000000
77742  -30.783  -25.585  42.972 0.0000000000
77743  -30.978  -25.555  43.117 0.0000000000
77748  -22.584  -28.705  43.244 0.0000000000
77749  -22.893  -28.559  42.992 0.0000000000
77750  -23.490  -28.091  42.905 0.0000000000
77751  -23.773  -28.035  43.245 0.0000000000
77756  -30.584  -25.637  42.833 0.0000000000
77757  -31.072  -25.525  42.713 0.0000000000
77758  -31.558  -25.482  42.364 0.0000000000
77771  -23.069  -28.486  42.468 0.0000000000
77772  -23.366  -28.205  42.328 0.0000000000
77773  -24.711  -27.523  41.588 0.0000000000
77774  -25.125  -27.405  41.626 0.0000000000
77778  -30.601  -25.614  42.356 0.0000000000
77779  -31.166  -25.476  42.043 0.0000000000
77780  -31.845  -25.470  41.833 0.0000000000
77798  -23.244  -28.276  41.969 0.0000000000
77799  -23.751  -27.956  41.552 0.0000000000
77800  -24.490  -27.558  41.287 0.0000000000
77801  -25.331  -27.077  40.789 0.0000000000
77804  -30.730  -25.540  41.722 0.0000000000
77805  -31.329  -25.473  41.305 0.0000000000
77806  -32.149  -25.562  41.114 0.0000000000
77807  -35.936  -25.808  41.227 0.0000000000
77824  -24.068  -27.778  40.831 0.0000000000
77825  -24.619  -27.365  40.261 0.0000000000
77826  -25.599  -26.697  39.792 0.0000000000
77828  -31.715  -25.529  40.736 0.0000000000
77829  -32.266  -25.645  40.472 0.0000000000
77830  -35.973  -25.763  40.936 0.0000000000
77831  -36.531  -25.508  40.551 0.0000000000
77832  -37.268  -24.943  39.909 0.0000000000
77841  -24.921  -27.125  39.445 0.0000000000
77842  -25.639  -26.579  38.985 0.0000000000
77843  -28.618  -25.354  38.553 0.0000000000
77844  -28.869  -25.343  38.511 0.0000000000
77845  -34.058  -26.248  38.365 0.0000000000
77846  -34.508  -25.886  38.367 0.0000000000
77847  -35.677  -25.265  38.343 0.0000000000
77848  -36.768  -24.777  38.958 0.0000000000
77855  -25.124  -27.032  38.919 0.0000000000
77856  -25.810  -26.551  38.486 0.0000000000
77857  -28.729  -25.318  38.257 0.0000000000
77858  -29.374  -25.327  38.045 0.0000000000
77859  -29.955  -25.378  37.814 0.0000000000
77860  -32.295  -26.080  37.597 0.0000000000
77861  -32.732  -26.262  37.614 0.0000000000
77862  -33.776  -26.174  37.917 0.0000000000
77863  -34.863  -25.450  37.609 0.0000000000
77864  -35.896  -24.867  37.325 0.0000000000
77865  -38.663  -23.762  37.267 0.0000000000
77866  -38.894  -23.742  37.248 0.0000000000
77873  -26.193  -26.131  38.103 0.0000000000
77874  -26.594  -25.752  37.784 0.0000000000
77875  -28.609  -25.215  37.792 0.0000000000
77876  -29.817  -25.257  37.528 0.0000000000
77877  -30.445  -25.381  37.350 0.0000000000
77878  -31.169  -25.545  37.068 0.0000000000
77879  -32.059  -25.865  37.194 0.0000000000
77880  -33.217  -26.012  36.916 0.0000000000
77881  -34.208  -25.499  36.927 0.0000000000
77882  -35.170  -24.881  36.817 0.0000000000
77883  -36.110  -24.466  36.530 0.0000000000
77884  -38.739  -23.705  37.057 0.0000000000
77885  -39.031  -23.672  36.989 0.0000000000
77894  -27.048  -25.356  37.474 0.0000000000
77895  -27.461  -25.021  37.291 0.0000000000
77896  -27.907  -24.838  37.141 0.0000000000
77897  -28.438  -24.955  37.296 0.0000000000
77898  -30.158  -25.154  36.992 0.0000000000
77899  -30.848  -25.326  36.595 0.0000000000
77900  -31.708  -25.449  36.283 0.0000000000
77901  -32.656  -25.545  36.177 0.0000000000
77902  -33.665  -25.377  36.194 0.0000000000
77903  -34.526  -24.672  36.286 0.0000000000
77904  -35.490  -24.339  36.145 0.0000000000
77905  -36.380  -24.075  35.849 0.0000000000
77906  -36.861  -23.727  35.567 0.0000000000
77920  -28.388  -24.605  36.781 0.0000000000
77921  -28.835  -24.569  36.693 0.0000000000
77922  -30.502  -25.038  36.308 0.0000000000
77923  -31.258  -25.233  35.840 0.0000000000
77924  -31.815  -25.273  35.584 0.0000000000
77925  -33.175  -25.242  35.546 0.0000000000
77926  -34.099  -24.803  35.652 0.0000000000
77927  -34.937  -24.165  35.687 0.0000000000
77928  -35.874  -24.054  35.533 0.0000000000
77929  -36.541  -23.689  35.304 0.0000000000
77930  -37.141  -23.648  35.145 0.0000000000
77945  -30.522  -24.796  36.106 0.0000000000
77946  -30.997  -24.981  35.646 0.0000000000
77947  -31.897  -25.168  35.089 0.0000000000
77948  -32.775  -25.137  35.070 0.0000000000
77949  -33.747  -24.827  35.203 0.0000000000
77950  -34.443  -24.491  35.325 0.0000000000
77951  -36.663  -23.613  35.004 0.0000000000
77952  -36.895  -23.655  34.930 0.0000000000
77953  -45.332  -24.224  33.598 0.0000000000
77963  -32.166  -25.088  34.815 0.0000000000
77964  -32.395  -25.104  34.912 0.0000000000
77965  -45.301  -24.269  33.015 0.0000000000
77966  -46.227  -24.375  33.294 0.0000000000
77979  -45.392  -24.204  32.786 0.0000000000
77980  -45.986  -24.320  32.877 0.0000000000
77981  -46.966  -24.425  33.059 0.0000000000
78919  -23.871  -27.918  42.643 0.0000000000
78920  -24.320  -27.798  42.863 0.0000000000
78921  -25.166  -27.504  42.280 0.0000000000
78928  -23.892  -27.873  42.242 0.0000000000
78929  -24.564  -27.603  41.888 0.0000000000
78930  -24.961  -27.528  41.924 0.0000000000
78945  -24.181  -27.726  41.694 0.0000000000
78946  -24.395  -27.637  41.602 0.0000000000
78963  -26.322  -26.170  39.138 0.0000000000
78967  -37.904  -24.393  39.102 0.0000000000
78982  -26.395  -25.875  38.493 0.0000000000
78983  -26.774  -25.622  38.802 0.0000000000
78984  -36.718  -24.543  37.834 0.0000000000
78985  -37.673  -24.198  38.171 0.0000000000
78986  -38.704  -24.096  38.316 0.0000000000
78998  -26.440  -25.601  38.030 0.0000000000
78999  -29.131  -25.195  37.730 0.0000000000
79000  -29.455  -25.236  37.649 0.0000000000
79001  -36.791  -24.293  36.927 0.0000000000
79002  -37.624  -24.020  37.256 0.0000000000
79003  -38.516  -23.854  37.446 0.0000000000
79004  -39.447  -23.781  37.405 0.0000000000
79014  -26.660  -25.423  37.748 0.0000000000
79015  -27.095  -25.046  37.399 0.0000000000
79016  -29.130  -24.983  37.323 0.0000000000
79017  -29.569  -25.112  37.348 0.0000000000
79018  -36.839  -23.937  36.226 0.0000000000
79019  -37.614  -23.845  36.411 0.0000000000
79020  -38.604  -23.725  36.648 0.0000000000
79021  -39.555  -23.610  36.526 0.0000000000
79022  -40.510  -23.564  36.626 0.0000000000
79030  -27.555  -24.607  37.150 0.0000000000
79031  -27.961  -24.344  36.624 0.0000000000
79032  -28.204  -24.489  36.666 0.0000000000
79033  -29.290  -24.727  36.844 0.0000000000
79034  -29.796  -24.904  36.900 0.0000000000
79035  -36.862  -23.787  35.839 0.0000000000
79036  -37.473  -23.695  35.606 0.0000000000
79037  -38.455  -23.650  35.716 0.0000000000
79038  -39.411  -23.584  35.732 0.0000000000
79039  -40.393  -23.510  35.717 0.0000000000
79040  -41.443  -23.441  35.759 0.0000000000
79057  -28.190  -24.024  36.178 0.0000000000
79058  -28.651  -24.210  36.296 0.0000000000
79059  -29.485  -24.415  36.411 0.0000000000
79060  -30.065  -24.656  36.493 0.0000000000
79061  -35.572  -23.781  35.305 0.0000000000
79062  -36.157  -23.626  35.164 0.0000000000
79063  -36.439  -23.592  35.077 0.0000000000
79064  -37.715  -23.545  34.921 0.0000000000
79065  -38.371  -23.515  34.955 0.0000000000
79066  -39.271  -23.535  34.927 0.0000000000
79067  -40.235  -23.534  34.868 0.0000000000
79068  -41.258  -23.486  34.823 0.0000000000
79069  -42.361  -23.494  34.841 0.0000000000
79084  -29.079  -24.027  36.059 0.0000000000
79085  -29.572  -24.145  36.161 0.0000000000
79086  -30.487  -24.502  36.015 0.0000000000
79087  -31.524  -24.826  35.158 0.0000000000
79088  -31.914  -25.023  34.870 0.0000000000
79089  -33.554  -24.765  35.032 0.0000000000
79090  -34.275  -24.322  35.123 0.0000000000
79091  -35.113  -24.010  35.092 0.0000000000
79092  -35.945  -23.536  34.897 0.0000000000
79093  -36.652  -23.606  34.734 0.0000000000
79094  -37.397  -23.571  34.552 0.0000000000
79095  -38.242  -23.491  34.329 0.0000000000
79096  -39.117  -23.501  34.207 0.0000000000
79097  -40.057  -23.526  34.115 0.0000000000
79098  -41.057  -23.432  33.998 0.0000000000
79099  -42.108  -23.621  33.900 0.0000000000
79100  -43.285  -23.556  33.911 0.0000000000
79101  -44.437  -23.828  34.108 0.0000000000
79109  -31.855  -24.839  34.827 0.0000000000
79110  -32.127  -24.856  34.740 0.0000000000
79111  -32.921  -24.964  34.946 0.0000000000
79112  -34.039  -24.407  35.053 0.0000000000
79113  -34.834  -23.938  34.912 0.0000000000
79114  -35.782  -23.459  34.580 0.0000000000
79115  -36.544  -23.535  34.323 0.0000000000
79116  -37.218  -23.560  34.046 0.0000000000
79117  -37.971  -23.455  33.863 0.0000000000
79118  -38.919  -23.464  33.530 0.0000000000
79119  -39.870  -23.456  33.489 0.0000000000
79120  -40.824  -23.432  33.349 0.0000000000
79121  -41.833  -23.676  33.131 0.0000000000
79122  -42.945  -23.811  33.011 0.0000000000
79123  -44.234  -24.068  33.146 0.0000000000
79131  -36.311  -23.467  34.154 0.0000000000
79132  -36.627  -23.500  34.004 0.0000000000
79133  -37.000  -23.542  33.868 0.0000000000
79134  -39.752  -23.371  33.034 0.0000000000
79135  -40.568  -23.366  32.897 0.0000000000
79136  -41.502  -23.549  32.657 0.0000000000
79137  -42.569  -23.896  32.314 0.0000000000
79138  -43.641  -24.140  32.375 0.0000000000
79139  -44.739  -24.128  32.627 0.0000000000
79140  -45.601  -24.139  32.668 0.0000000000
79141  -46.502  -24.228  32.732 0.0000000000
79142  -47.535  -24.296  32.894 0.0000000000
79143  -48.702  -24.860  33.206 0.0000000000
79151  -43.335  -24.077  31.929 0.0000000000
79152  -44.109  -24.066  32.077 0.0000000000
79153  -45.035  -23.910  32.499 0.0000000000
79154  -46.010  -24.026  32.577 0.0000000000
79155  -46.890  -24.082  32.591 0.0000000000
79156  -47.340  -24.075  32.655 0.0000000000
80121  -26.680  -25.171  38.064 0.0000000000
80122  -26.979  -25.045  38.384 0.0000000000
80129  -26.764  -24.999  37.806 0.0000000000
80130  -27.323  -24.606  37.827 0.0000000000
80131  -27.482  -24.605  38.179 0.0000000000
80134  -26.669  -25.174  37.763 0.0000000000
80135  -27.291  -24.727  37.462 0.0000000000
80140  -27.523  -24.244  36.960 0.0000000000
80141  -27.779  -23.924  36.478 0.0000000000
80155  -28.005  -23.792  36.092 0.0000000000
80156  -28.285  -23.771  35.995 0.0000000000
80166  -28.782  -23.843  36.005 0.0000000000
80167  -29.421  -23.970  36.040 0.0000000000
80168  -30.242  -24.183  35.955 0.0000000000
80169  -30.986  -24.546  35.513 0.0000000000
80176  -30.933  -24.346  35.656 0.0000000000
80177  -31.610  -24.662  35.027 0.0000000000
80178  -32.370  -24.748  34.833 0.0000000000
80179  -32.833  -24.751  35.025 0.0000000000
80180  -33.815  -24.576  34.960 0.0000000000
80181  -34.630  -24.065  34.903 0.0000000000
80182  -35.344  -23.662  34.759 0.0000000000
80183  -37.310  -23.487  33.707 0.0000000000
80184  -37.722  -23.441  33.545 0.0000000000
80185  -38.379  -23.438  33.313 0.0000000000
80191  -33.047  -24.736  34.989 0.0000000000
80192  -33.586  -24.611  34.941 0.0000000000
80193  -34.432  -24.172  34.889 0.0000000000
80194  -35.417  -23.755  34.533 0.0000000000
80195  -36.027  -23.391  34.252 0.0000000000
80196  -36.691  -23.418  33.772 0.0000000000
80197  -37.337  -23.409  33.476 0.0000000000
80198  -38.174  -23.371  33.083 0.0000000000
80199  -39.165  -23.309  32.843 0.0000000000
80200  -40.257  -23.229  32.644 0.0000000000
80201  -41.161  -23.340  32.404 0.0000000000
80202  -41.946  -23.617  32.165 0.0000000000
80203  -47.575  -24.068  32.764 0.0000000000
80204  -48.035  -24.217  33.034 0.0000000000
80205  -49.226  -24.764  33.309 0.0000000000
80212  -40.024  -23.119  32.502 0.0000000000
80213  -40.832  -23.142  32.285 0.0000000000
80214  -41.704  -23.385  31.995 0.0000000000
80215  -42.704  -23.739  31.856 0.0000000000
80216  -43.652  -23.934  31.730 0.0000000000
80217  -44.496  -23.879  32.087 0.0000000000
80218  -45.491  -23.813  32.527 0.0000000000
80219  -46.481  -23.896  32.554 0.0000000000
80220  -47.215  -23.874  32.601 0.0000000000
80221  -47.636  -23.989  32.736 0.0000000000
81149  -32.313  -23.860  39.754 0.0000000000
81150  -32.841  -24.136  39.753 0.0000000000
81151  -33.163  -24.225  39.604 0.0000000000
81157  -32.197  -23.880  39.467 0.0000000000
81158  -32.626  -24.119  39.435 0.0000000000
81159  -32.975  -24.254  39.464 0.0000000000
81162  -27.611  -24.070  37.650 0.0000000000
81163  -27.784  -23.963  38.061 0.0000000000
81166  -27.581  -23.834  37.291 0.0000000000
81167  -27.660  -23.799  37.594 0.0000000000
81173  -27.572  -23.753  36.865 0.0000000000
81174  -27.657  -23.477  36.420 0.0000000000
81187  -27.874  -23.293  35.928 0.0000000000
81188  -28.048  -23.554  35.848 0.0000000000
81193  -27.936  -23.017  35.708 0.0000000000
81194  -28.274  -23.365  35.859 0.0000000000
81195  -29.111  -23.832  36.027 0.0000000000
81196  -29.806  -23.992  36.058 0.0000000000
81204  -29.626  -23.940  36.059 0.0000000000
81205  -30.307  -23.973  35.906 0.0000000000
81206  -31.334  -24.500  35.465 0.0000000000
81207  -32.532  -24.642  35.018 0.0000000000
81208  -33.602  -24.524  35.013 0.0000000000
81209  -33.990  -24.389  34.808 0.0000000000
81210  -49.523  -24.167  33.825 0.0000000000
81216  -32.833  -24.767  34.833 0.0000000000
81217  -33.315  -24.674  34.951 0.0000000000
81218  -34.229  -24.329  34.851 0.0000000000
81219  -35.210  -23.869  34.586 0.0000000000
81220  -35.804  -23.345  34.221 0.0000000000
81221  -36.568  -23.264  33.619 0.0000000000
81222  -37.238  -23.279  33.298 0.0000000000
81223  -37.903  -23.276  32.957 0.0000000000
81224  -38.598  -23.232  32.750 0.0000000000
81225  -47.344  -23.560  32.784 0.0000000000
81226  -47.803  -23.871  32.917 0.0000000000
81227  -48.865  -24.112  33.268 0.0000000000
81232  -37.153  -23.120  33.139 0.0000000000
81233  -37.703  -23.130  32.899 0.0000000000
81234  -38.411  -23.103  32.646 0.0000000000
81235  -39.361  -23.071  32.513 0.0000000000
81236  -40.466  -23.027  32.289 0.0000000000
81237  -41.279  -23.082  31.995 0.0000000000
81238  -42.274  -23.305  31.761 0.0000000000
81239  -43.240  -23.531  31.609 0.0000000000
81240  -44.030  -23.530  31.777 0.0000000000
81241  -45.059  -23.556  32.364 0.0000000000
81242  -46.019  -23.638  32.578 0.0000000000
81243  -46.965  -23.698  32.590 0.0000000000
81244  -47.432  -23.861  32.675 0.0000000000
81248  -40.860  -23.133  32.130 0.0000000000
81249  -41.061  -23.021  32.031 0.0000000000
81250  -43.627  -23.508  31.557 0.0000000000
81251  -43.838  -23.394  31.634 0.0000000000
82261  -31.992  -23.662  40.736 0.0000000000
82262  -32.763  -23.957  40.853 0.0000000000
82271  -31.931  -23.671  40.141 0.0000000000
82272  -32.539  -23.921  40.207 0.0000000000
82273  -33.425  -24.121  40.042 0.0000000000
82277  -31.614  -23.673  39.629 0.0000000000
82278  -32.207  -23.971  39.119 0.0000000000
82279  -33.270  -24.280  39.082 0.0000000000
82282  -28.073  -23.193  37.939 0.0000000000
82284  -29.982  -23.114  38.758 0.0000000000
82285  -30.284  -23.330  38.742 0.0000000000
82286  -31.124  -23.710  38.824 0.0000000000
82287  -32.391  -24.248  38.356 0.0000000000
82288  -33.587  -24.524  37.926 0.0000000000
82291  -27.585  -23.169  37.096 0.0000000000
82292  -27.742  -23.344  37.494 0.0000000000
82293  -29.997  -23.231  38.511 0.0000000000
82294  -30.447  -23.551  38.147 0.0000000000
82295  -31.565  -24.018  37.781 0.0000000000
82296  -32.744  -24.520  37.404 0.0000000000
82297  -33.841  -24.609  36.964 0.0000000000
82304  -27.545  -23.216  36.816 0.0000000000
82305  -27.558  -23.172  36.492 0.0000000000
82306  -30.771  -23.827  37.310 0.0000000000
82307  -31.974  -24.418  36.836 0.0000000000
82308  -33.188  -24.610  36.631 0.0000000000
82309  -33.949  -24.694  36.416 0.0000000000
82322  -27.547  -22.899  36.521 0.0000000000
82323  -27.635  -22.839  36.127 0.0000000000
82324  -27.860  -22.662  35.930 0.0000000000
82325  -30.036  -23.775  36.530 0.0000000000
82326  -30.657  -23.934  36.572 0.0000000000
82327  -32.161  -24.551  36.095 0.0000000000
82334  -27.779  -22.844  35.755 0.0000000000
82335  -28.081  -22.820  35.759 0.0000000000
82336  -28.679  -23.208  35.977 0.0000000000
82337  -29.284  -23.557  36.171 0.0000000000
82338  -30.003  -23.896  36.292 0.0000000000
82339  -31.364  -24.414  35.896 0.0000000000
82340  -32.851  -24.647  35.514 0.0000000000
82341  -33.794  -24.724  35.201 0.0000000000
82350  -29.327  -23.786  36.107 0.0000000000
82351  -29.873  -23.977  36.074 0.0000000000
82352  -30.775  -24.310  35.823 0.0000000000
82353  -31.979  -24.512  35.374 0.0000000000
82354  -33.253  -24.799  35.226 0.0000000000
82355  -34.099  -24.232  35.024 0.0000000000
82356  -34.735  -24.137  34.615 0.0000000000
82357  -48.335  -23.340  33.782 0.0000000000
82358  -49.024  -23.496  34.116 0.0000000000
82364  -34.464  -24.304  34.685 0.0000000000
82365  -35.028  -23.987  34.626 0.0000000000
82366  -35.623  -23.458  34.343 0.0000000000
82367  -36.234  -23.166  33.755 0.0000000000
82368  -45.224  -22.950  32.434 0.0000000000
82369  -45.645  -23.011  32.576 0.0000000000
82370  -46.683  -23.236  32.739 0.0000000000
82371  -47.836  -23.378  33.318 0.0000000000
82372  -48.394  -23.741  33.298 0.0000000000
82376  -36.906  -23.076  33.289 0.0000000000
82377  -37.444  -23.040  32.954 0.0000000000
82378  -38.089  -23.012  32.704 0.0000000000
82379  -38.941  -22.987  32.524 0.0000000000
82380  -40.076  -22.929  32.445 0.0000000000
82381  -41.068  -22.814  32.177 0.0000000000
82382  -41.838  -22.930  31.832 0.0000000000
82383  -42.863  -23.096  31.687 0.0000000000
82384  -43.754  -23.155  31.725 0.0000000000
82385  -44.811  -23.074  32.217 0.0000000000
82386  -45.751  -23.332  32.550 0.0000000000
82387  -46.370  -23.475  32.599 0.0000000000
82392  -40.687  -22.932  32.217 0.0000000000
82393  -40.917  -22.898  32.142 0.0000000000
82394  -43.449  -23.321  31.612 0.0000000000
82395  -43.626  -23.283  31.577 0.0000000000
83428  -31.539  -23.061  41.782 0.0000000000
83441  -31.540  -23.197  41.342 0.0000000000
83442  -32.177  -23.640  41.355 0.0000000000
83451  -31.242  -23.260  40.418 0.0000000000
83459  -30.206  -22.723  39.402 0.0000000000
83460  -30.506  -23.094  39.633 0.0000000000
83461  -34.502  -24.123  39.412 0.0000000000
83462  -35.556  -23.737  38.729 0.0000000000
83467  -29.777  -22.964  38.693 0.0000000000
83468  -30.029  -22.847  39.093 0.0000000000
83469  -30.421  -23.316  39.093 0.0000000000
83470  -34.543  -24.212  38.372 0.0000000000
83471  -35.489  -23.686  37.734 0.0000000000
83474  -27.676  -22.937  37.214 0.0000000000
83475  -28.127  -22.688  37.546 0.0000000000
83476  -29.700  -23.117  38.242 0.0000000000
83477  -30.054  -23.482  37.653 0.0000000000
83478  -34.671  -24.264  37.312 0.0000000000
83479  -35.513  -23.617  36.802 0.0000000000
83487  -27.633  -22.795  36.918 0.0000000000
83488  -28.030  -22.483  37.022 0.0000000000
83489  -29.578  -23.170  37.566 0.0000000000
83490  -30.055  -23.605  37.083 0.0000000000
83491  -32.890  -24.624  36.242 0.0000000000
83492  -33.790  -24.746  36.075 0.0000000000
83493  -34.784  -24.250  36.139 0.0000000000
83494  -35.754  -23.462  36.063 0.0000000000
83508  -27.665  -22.640  36.535 0.0000000000
83509  -27.955  -22.451  36.424 0.0000000000
83510  -28.165  -22.460  36.172 0.0000000000
83511  -28.581  -22.538  36.350 0.0000000000
83512  -28.979  -22.821  36.534 0.0000000000
83513  -29.581  -23.342  36.792 0.0000000000
83514  -30.043  -23.661  36.778 0.0000000000
83515  -33.337  -24.694  35.765 0.0000000000
83516  -34.306  -24.600  35.556 0.0000000000
83517  -35.188  -23.927  35.104 0.0000000000
83526  -28.434  -22.695  35.927 0.0000000000
83527  -28.819  -22.963  36.136 0.0000000000
83528  -29.307  -23.371  36.365 0.0000000000
83529  -29.585  -23.567  36.445 0.0000000000
83530  -33.856  -24.760  35.427 0.0000000000
83531  -34.520  -24.078  35.073 0.0000000000
83532  -35.511  -23.158  34.424 0.0000000000
83533  -35.870  -22.525  34.035 0.0000000000
83534  -47.885  -22.637  34.518 0.0000000000
83535  -48.580  -22.686  34.974 0.0000000000
83542  -34.642  -23.990  34.812 0.0000000000
83543  -35.312  -23.745  34.568 0.0000000000
83544  -35.974  -22.785  33.970 0.0000000000
83545  -36.398  -22.600  33.678 0.0000000000
83546  -44.954  -22.422  33.289 0.0000000000
83547  -45.864  -22.433  33.445 0.0000000000
83548  -46.745  -22.537  33.641 0.0000000000
83549  -47.477  -22.724  33.844 0.0000000000
83550  -48.181  -23.069  34.062 0.0000000000
83551  -48.836  -23.038  34.627 0.0000000000
83557  -35.511  -23.575  34.522 0.0000000000
83558  -35.838  -23.225  33.975 0.0000000000
83559  -36.783  -22.816  33.384 0.0000000000
83560  -37.883  -22.714  33.038 0.0000000000
83561  -38.802  -22.586  32.813 0.0000000000
83562  -39.768  -22.554  32.746 0.0000000000
83563  -40.735  -22.522  32.592 0.0000000000
83564  -41.675  -22.484  32.396 0.0000000000
83565  -42.635  -22.524  32.344 0.0000000000
83566  -43.575  -22.576  32.420 0.0000000000
83567  -44.418  -22.621  32.568 0.0000000000
83568  -45.221  -22.761  32.663 0.0000000000
83569  -46.220  -22.804  33.002 0.0000000000
83570  -47.130  -22.878  33.246 0.0000000000
83571  -47.649  -22.993  33.553 0.0000000000
83577  -37.192  -22.976  33.089 0.0000000000
83578  -37.640  -22.910  32.893 0.0000000000
83579  -38.443  -22.853  32.669 0.0000000000
83580  -39.394  -22.791  32.544 0.0000000000
83581  -40.422  -22.753  32.471 0.0000000000
83582  -41.337  -22.696  32.142 0.0000000000
83583  -42.254  -22.735  31.948 0.0000000000
83584  -43.205  -22.796  31.932 0.0000000000
83585  -44.077  -22.815  32.087 0.0000000000
83586  -44.617  -22.832  32.331 0.0000000000
84621  -31.234  -22.561  41.818 0.0000000000
84638  -30.946  -22.501  40.987 0.0000000000
84649  -30.576  -22.514  40.294 0.0000000000
84650  -36.536  -22.925  39.003 0.0000000000
84655  -30.062  -22.270  39.546 0.0000000000
84656  -30.309  -22.428  39.886 0.0000000000
84657  -36.291  -23.025  38.043 0.0000000000
84661  -29.467  -22.346  38.847 0.0000000000
84662  -29.729  -22.288  39.224 0.0000000000
84663  -36.219  -23.133  37.186 0.0000000000
84664  -40.600  -21.522  37.482 0.0000000000
84665  -41.097  -21.530  37.661 0.0000000000
84669  -28.768  -22.240  37.790 0.0000000000
84670  -29.302  -22.524  38.182 0.0000000000
84671  -36.221  -23.040  36.446 0.0000000000
84672  -38.635  -21.552  36.036 0.0000000000
84673  -39.521  -21.500  36.317 0.0000000000
84674  -40.446  -21.536  36.672 0.0000000000
84675  -41.371  -21.542  37.201 0.0000000000
84676  -42.231  -21.545  37.375 0.0000000000
84677  -42.653  -21.594  37.419 0.0000000000
84687  -28.620  -22.317  37.392 0.0000000000
84688  -28.775  -22.256  37.642 0.0000000000
84689  -28.808  -22.192  37.678 0.0000000000
84690  -29.040  -22.311  37.626 0.0000000000
84691  -29.247  -22.666  37.559 0.0000000000
84692  -35.830  -23.475  35.330 0.0000000000
84693  -36.297  -22.822  35.737 0.0000000000
84694  -38.534  -21.700  35.296 0.0000000000
84695  -39.357  -21.558  35.491 0.0000000000
84696  -40.288  -21.548  35.774 0.0000000000
84697  -41.307  -21.570  36.207 0.0000000000
84698  -42.290  -21.566  36.781 0.0000000000
84699  -42.542  -21.562  37.177 0.0000000000
84713  -28.256  -22.280  36.622 0.0000000000
84714  -28.507  -22.311  37.093 0.0000000000
84715  -28.743  -22.418  37.012 0.0000000000
84716  -29.034  -22.570  37.054 0.0000000000
84717  -29.178  -22.714  37.204 0.0000000000
84718  -35.798  -22.931  34.553 0.0000000000
84719  -36.501  -22.394  34.910 0.0000000000
84720  -37.492  -22.028  34.722 0.0000000000
84721  -38.322  -21.864  34.688 0.0000000000
84722  -39.145  -21.655  34.741 0.0000000000
84723  -40.066  -21.595  34.907 0.0000000000
84724  -41.105  -21.681  35.219 0.0000000000
84725  -42.439  -21.739  35.776 0.0000000000
84726  -43.752  -21.808  35.724 0.0000000000
84727  -44.810  -21.727  35.825 0.0000000000
84728  -45.398  -21.653  35.932 0.0000000000
84729  -47.740  -21.859  36.247 0.0000000000
84739  -35.769  -22.681  34.136 0.0000000000
84740  -36.177  -22.508  34.100 0.0000000000
84741  -37.062  -22.245  34.190 0.0000000000
84742  -38.012  -22.132  34.182 0.0000000000
84743  -38.864  -21.800  34.094 0.0000000000
84744  -39.777  -21.760  34.146 0.0000000000
84745  -40.768  -21.838  34.295 0.0000000000
84746  -41.866  -21.944  34.533 0.0000000000
84747  -43.035  -22.096  34.752 0.0000000000
84748  -44.180  -22.098  34.908 0.0000000000
84749  -45.384  -21.874  35.229 0.0000000000
84750  -46.302  -21.903  35.079 0.0000000000
84751  -47.090  -22.093  35.206 0.0000000000
84752  -47.999  -22.315  35.418 0.0000000000
84758  -36.231  -22.483  33.819 0.0000000000
84759  -36.783  -22.547  33.717 0.0000000000
84760  -37.684  -22.370  33.735 0.0000000000
84761  -38.564  -22.106  33.606 0.0000000000
84762  -39.464  -21.981  33.536 0.0000000000
84763  -40.424  -22.032  33.556 0.0000000000
84764  -41.431  -22.104  33.617 0.0000000000
84765  -42.487  -22.221  33.748 0.0000000000
84766  -43.560  -22.298  33.904 0.0000000000
84767  -44.619  -22.191  34.058 0.0000000000
84768  -45.594  -22.117  34.175 0.0000000000
84769  -46.462  -22.217  34.290 0.0000000000
84770  -47.256  -22.419  34.456 0.0000000000
84776  -36.997  -22.649  33.513 0.0000000000
84777  -37.401  -22.601  33.437 0.0000000000
84778  -38.252  -22.453  33.272 0.0000000000
84779  -39.143  -22.259  33.094 0.0000000000
84780  -40.098  -22.286  33.053 0.0000000000
84781  -41.063  -22.254  32.948 0.0000000000
84782  -42.051  -22.298  32.935 0.0000000000
84783  -43.054  -22.363  33.003 0.0000000000
84784  -44.031  -22.409  33.142 0.0000000000
85826  -30.671  -21.657  41.402 0.0000000000
85840  -30.139  -21.134  40.321 0.0000000000
85841  -30.472  -21.753  40.659 0.0000000000
85842  -37.085  -22.289  38.783 0.0000000000
85844  -38.540  -21.568  39.002 0.0000000000
85845  -39.418  -21.503  39.387 0.0000000000
85846  -40.512  -21.520  39.759 0.0000000000
85847  -41.763  -21.704  40.137 0.0000000000
85854  -29.619  -21.407  39.909 0.0000000000
85855  -30.249  -21.886  40.072 0.0000000000
85856  -37.038  -22.264  38.226 0.0000000000
85857  -37.677  -21.711  38.105 0.0000000000
85858  -38.389  -21.459  38.251 0.0000000000
85859  -39.215  -21.387  38.529 0.0000000000
85860  -40.241  -21.510  38.833 0.0000000000
85861  -41.267  -21.535  39.191 0.0000000000
85862  -42.486  -21.590  39.429 0.0000000000
85868  -29.235  -21.443  39.177 0.0000000000
85869  -29.329  -21.734  39.463 0.0000000000
85870  -36.784  -22.474  37.392 0.0000000000
85871  -37.374  -21.838  37.420 0.0000000000
85872  -38.147  -21.486  37.486 0.0000000000
85873  -38.998  -21.357  37.716 0.0000000000
85874  -39.958  -21.450  37.991 0.0000000000
85875  -41.162  -21.516  38.272 0.0000000000
85876  -42.254  -21.570  38.545 0.0000000000
85877  -43.520  -21.382  39.062 0.0000000000
85886  -29.071  -21.843  38.699 0.0000000000
85887  -36.621  -22.634  36.781 0.0000000000
85888  -37.073  -22.119  36.729 0.0000000000
85889  -37.832  -21.617  36.600 0.0000000000
85890  -38.788  -21.467  36.873 0.0000000000
85891  -39.700  -21.486  37.164 0.0000000000
85892  -41.345  -21.512  37.732 0.0000000000
85893  -41.844  -21.531  37.837 0.0000000000
85894  -42.851  -21.666  38.005 0.0000000000
85895  -44.469  -21.215  38.668 0.0000000000
85896  -45.649  -20.916  38.691 0.0000000000
85897  -46.636  -20.701  38.855 0.0000000000
85916  -28.899  -21.885  38.075 0.0000000000
85917  -28.963  -21.750  38.241 0.0000000000
85918  -28.847  -21.725  38.023 0.0000000000
85919  -28.985  -21.748  38.225 0.0000000000
85920  -29.027  -21.995  38.267 0.0000000000
85921  -36.712  -22.456  36.210 0.0000000000
85922  -37.254  -22.008  36.028 0.0000000000
85923  -37.889  -21.770  35.733 0.0000000000
85924  -42.707  -21.581  36.855 0.0000000000
85925  -43.122  -21.613  37.269 0.0000000000
85926  -44.472  -21.396  37.577 0.0000000000
85927  -45.576  -21.217  37.713 0.0000000000
85928  -46.564  -21.068  37.890 0.0000000000
85929  -47.513  -20.943  38.118 0.0000000000
85944  -28.770  -22.034  37.729 0.0000000000
85945  -28.690  -22.079  37.491 0.0000000000
85946  -36.801  -22.305  35.623 0.0000000000
85947  -37.281  -22.021  35.346 0.0000000000
85948  -37.896  -21.878  35.152 0.0000000000
85949  -42.791  -21.604  36.619 0.0000000000
85950  -43.514  -21.664  36.580 0.0000000000
85951  -44.609  -21.582  36.664 0.0000000000
85952  -45.607  -21.483  36.698 0.0000000000
85953  -46.536  -21.406  36.945 0.0000000000
85954  -47.414  -21.509  37.013 0.0000000000
85961  -45.849  -21.591  36.119 0.0000000000
85962  -46.396  -21.645  35.993 0.0000000000
85963  -46.967  -21.770  35.863 0.0000000000
86957  -30.466  -20.011  40.952 0.0000000000
86958  -30.609  -20.647  41.611 0.0000000000
86965  -30.243  -20.333  40.342 0.0000000000
86966  -30.422  -20.887  40.867 0.0000000000
86967  -37.311  -22.119  38.742 0.0000000000
86968  -37.486  -22.064  39.008 0.0000000000
86975  -29.791  -20.720  40.041 0.0000000000
86976  -37.196  -22.169  38.537 0.0000000000
86977  -37.424  -21.992  38.547 0.0000000000
86978  -37.898  -21.718  38.691 0.0000000000
86979  -41.413  -21.512  39.005 0.0000000000
86980  -41.660  -21.552  39.020 0.0000000000
86988  -29.331  -20.818  39.309 0.0000000000
86989  -29.305  -20.909  39.637 0.0000000000
86990  -41.450  -21.520  38.776 0.0000000000
86991  -41.783  -21.557  38.790 0.0000000000
87007  -29.176  -20.682  38.810 0.0000000000
87008  -29.189  -21.165  38.848 0.0000000000
87031  -28.974  -20.972  38.440 0.0000000000
87032  -29.094  -21.145  38.570 0.0000000000
87033  -29.038  -21.580  38.545 0.0000000000
88039  -30.244  -19.556  40.371 0.0000000000
88047  -29.683  -19.502  39.469 0.0000000000
88048  -29.917  -20.016  39.816 0.0000000000
88059  -29.238  -20.074  39.153 0.0000000000
88060  -29.466  -20.235  39.421 0.0000000000
88078  -29.113  -20.345  38.905 0.0000000000
