#!ascii label  , from subject subject001 vox2ras=TkReg
1194
1083  -14.906  -95.311  -42.355 0.0000000000
1084  -15.429  -95.869  -42.732 0.0000000000
1098  -14.807  -96.742  -43.442 0.0000000000
1612  -14.945  -94.662  -41.904 0.0000000000
1613  -15.251  -94.861  -41.805 0.0000000000
1614  -15.978  -95.309  -42.160 0.0000000000
1630  -14.634  -95.131  -42.459 0.0000000000
1640  -14.063  -96.206  -43.618 0.0000000000
1647  -13.694  -96.232  -44.034 0.0000000000
1656  -15.179  -95.982  -44.860 0.0000000000
1657  -16.260  -95.652  -44.472 0.0000000000
1658  -16.878  -95.290  -44.354 0.0000000000
1668  -17.228  -96.481  -45.018 0.0000000000
1669  -18.446  -97.008  -45.458 0.0000000000
1670  -19.580  -97.381  -45.755 0.0000000000
1671  -20.820  -97.628  -45.953 0.0000000000
1672  -21.494  -98.626  -46.049 0.0000000000
1679  -21.390  -96.642  -45.836 0.0000000000
1680  -22.096  -97.546  -46.014 0.0000000000
2228  -16.384  -93.876  -41.382 0.0000000000
2229  -16.731  -93.872  -41.594 0.0000000000
2240  -14.934  -94.406  -41.819 0.0000000000
2241  -15.202  -94.054  -41.469 0.0000000000
2242  -15.715  -94.354  -41.403 0.0000000000
2243  -16.623  -94.659  -41.913 0.0000000000
2244  -17.877  -94.449  -42.381 0.0000000000
2245  -19.521  -94.770  -42.779 0.0000000000
2254  -14.837  -94.252  -42.070 0.0000000000
2255  -15.052  -94.041  -41.696 0.0000000000
2266  -14.409  -94.925  -42.695 0.0000000000
2273  -14.222  -94.962  -43.303 0.0000000000
2274  -14.709  -94.262  -43.203 0.0000000000
2277  -13.912  -95.621  -44.045 0.0000000000
2278  -14.591  -94.585  -43.756 0.0000000000
2279  -15.133  -94.125  -43.962 0.0000000000
2283  -14.695  -95.184  -44.433 0.0000000000
2284  -15.595  -94.459  -44.320 0.0000000000
2285  -16.553  -94.353  -44.333 0.0000000000
2286  -17.330  -94.480  -44.551 0.0000000000
2294  -18.077  -95.066  -44.983 0.0000000000
2295  -19.145  -95.311  -45.176 0.0000000000
2296  -20.201  -95.884  -45.469 0.0000000000
2297  -20.973  -96.027  -45.728 0.0000000000
2306  -19.861  -94.507  -45.413 0.0000000000
2307  -20.746  -94.720  -45.437 0.0000000000
2308  -21.814  -95.484  -45.561 0.0000000000
2309  -23.031  -95.759  -45.963 0.0000000000
2830  -27.654  -94.065  -34.647 0.0000000000
2847  -26.998  -94.317  -36.251 0.0000000000
2858  -26.127  -92.585  -37.831 0.0000000000
2859  -26.672  -93.545  -37.547 0.0000000000
2869  -26.160  -92.907  -38.422 0.0000000000
2882  -25.301  -92.917  -40.411 0.0000000000
2894  -16.002  -93.146  -41.298 0.0000000000
2895  -16.300  -93.258  -41.427 0.0000000000
2896  -16.864  -93.208  -41.775 0.0000000000
2908  -15.548  -93.112  -41.581 0.0000000000
2909  -15.739  -93.381  -41.351 0.0000000000
2910  -16.082  -93.779  -41.305 0.0000000000
2911  -17.588  -93.048  -42.279 0.0000000000
2912  -18.800  -93.237  -43.032 0.0000000000
2913  -19.810  -93.922  -42.997 0.0000000000
2914  -23.467  -92.976  -42.914 0.0000000000
2923  -14.959  -93.736  -42.111 0.0000000000
2924  -15.221  -93.390  -41.798 0.0000000000
2925  -19.310  -92.465  -43.558 0.0000000000
2926  -20.290  -93.131  -43.557 0.0000000000
2927  -21.726  -93.222  -43.714 0.0000000000
2940  -14.809  -94.199  -42.530 0.0000000000
2941  -15.142  -93.173  -42.364 0.0000000000
2951  -14.851  -94.020  -42.851 0.0000000000
2952  -15.067  -93.433  -43.001 0.0000000000
2962  -15.355  -93.310  -43.434 0.0000000000
2963  -15.787  -93.186  -43.884 0.0000000000
2970  -16.322  -93.233  -44.258 0.0000000000
2971  -17.038  -93.206  -44.607 0.0000000000
2972  -17.345  -93.636  -44.840 0.0000000000
2978  -17.255  -92.553  -45.064 0.0000000000
2979  -17.652  -93.350  -45.152 0.0000000000
2980  -18.444  -93.858  -45.307 0.0000000000
2990  -19.143  -93.504  -45.544 0.0000000000
2991  -20.061  -93.305  -45.803 0.0000000000
2992  -21.322  -93.250  -46.066 0.0000000000
2993  -22.707  -94.147  -45.870 0.0000000000
2994  -23.609  -94.682  -45.816 0.0000000000
3008  -21.661  -92.266  -46.520 0.0000000000
3009  -22.392  -92.659  -46.533 0.0000000000
3010  -23.953  -93.354  -46.470 0.0000000000
3026  -24.748  -92.484  -47.657 0.0000000000
3043  -25.200  -91.981  -48.299 0.0000000000
3477  -32.512  -90.247  -26.744 0.0000000000
3495  -31.041  -90.338  -27.019 0.0000000000
3496  -31.578  -90.325  -27.056 0.0000000000
3497  -33.165  -90.666  -27.957 0.0000000000
3511  -31.168  -90.327  -27.660 0.0000000000
3512  -32.407  -90.796  -28.633 0.0000000000
3523  -30.722  -90.722  -29.455 0.0000000000
3524  -31.564  -91.180  -29.475 0.0000000000
3536  -30.007  -91.084  -30.601 0.0000000000
3537  -30.652  -91.407  -30.315 0.0000000000
3538  -31.356  -92.030  -30.377 0.0000000000
3547  -29.816  -91.799  -31.226 0.0000000000
3548  -30.264  -91.845  -30.938 0.0000000000
3557  -29.543  -92.343  -31.759 0.0000000000
3569  -28.620  -92.501  -32.745 0.0000000000
3570  -29.140  -92.411  -32.220 0.0000000000
3584  -28.227  -92.833  -33.460 0.0000000000
3599  -27.428  -93.504  -34.887 0.0000000000
3600  -27.644  -92.620  -34.388 0.0000000000
3614  -27.114  -92.830  -35.335 0.0000000000
3615  -27.317  -92.023  -34.846 0.0000000000
3624  -26.675  -92.681  -36.374 0.0000000000
3637  -26.001  -92.062  -37.432 0.0000000000
3638  -26.355  -92.428  -36.946 0.0000000000
3652  -25.705  -92.190  -38.037 0.0000000000
3668  -25.075  -92.064  -39.848 0.0000000000
3669  -25.494  -92.130  -38.789 0.0000000000
3679  -15.919  -92.854  -41.362 0.0000000000
3680  -16.079  -92.652  -41.355 0.0000000000
3681  -16.378  -92.609  -41.499 0.0000000000
3682  -23.799  -91.672  -41.379 0.0000000000
3683  -24.455  -92.090  -41.103 0.0000000000
3694  -15.617  -92.349  -41.696 0.0000000000
3695  -15.860  -92.402  -41.454 0.0000000000
3696  -16.176  -92.023  -41.434 0.0000000000
3697  -16.761  -92.223  -41.908 0.0000000000
3698  -17.671  -92.269  -42.848 0.0000000000
3699  -22.851  -92.131  -43.079 0.0000000000
3700  -23.552  -92.033  -41.964 0.0000000000
3701  -24.322  -92.701  -41.930 0.0000000000
3712  -15.459  -92.236  -42.011 0.0000000000
3713  -18.588  -91.998  -43.504 0.0000000000
3714  -19.626  -91.574  -43.901 0.0000000000
3715  -20.918  -91.640  -43.898 0.0000000000
3716  -22.063  -92.071  -43.630 0.0000000000
3726  -15.464  -92.114  -42.358 0.0000000000
3727  -20.383  -91.072  -44.160 0.0000000000
3728  -20.720  -91.085  -44.192 0.0000000000
3739  -15.364  -92.500  -42.635 0.0000000000
3749  -15.469  -92.363  -42.972 0.0000000000
3750  -15.813  -92.180  -43.478 0.0000000000
3757  -16.390  -91.987  -44.227 0.0000000000
3758  -16.635  -92.518  -44.518 0.0000000000
3763  -16.678  -91.363  -44.705 0.0000000000
3764  -16.895  -91.878  -44.918 0.0000000000
3765  -17.523  -91.983  -45.382 0.0000000000
3766  -18.290  -92.433  -45.711 0.0000000000
3772  -19.125  -92.047  -46.108 0.0000000000
3773  -20.257  -91.938  -46.184 0.0000000000
3774  -21.117  -91.694  -46.490 0.0000000000
3787  -21.823  -91.591  -46.959 0.0000000000
3788  -22.860  -91.645  -47.479 0.0000000000
3789  -23.876  -91.902  -47.889 0.0000000000
3804  -23.404  -91.213  -48.435 0.0000000000
3805  -24.311  -91.494  -48.703 0.0000000000
3806  -24.854  -91.368  -48.885 0.0000000000
3822  -24.887  -91.615  -48.844 0.0000000000
3823  -25.460  -91.711  -48.551 0.0000000000
3824  -26.631  -92.135  -47.976 0.0000000000
4287  -32.218  -89.424  -25.170 0.0000000000
4288  -33.414  -89.313  -25.194 0.0000000000
4308  -30.700  -89.894  -26.223 0.0000000000
4309  -31.427  -89.962  -26.067 0.0000000000
4310  -32.934  -89.886  -25.962 0.0000000000
4326  -30.301  -89.910  -26.759 0.0000000000
4327  -30.706  -90.110  -26.693 0.0000000000
4328  -31.135  -90.207  -26.506 0.0000000000
4341  -29.971  -89.865  -27.991 0.0000000000
4342  -30.185  -89.936  -27.288 0.0000000000
4343  -30.597  -90.198  -27.296 0.0000000000
4355  -29.901  -89.855  -28.647 0.0000000000
4356  -30.457  -90.220  -28.563 0.0000000000
4357  -30.749  -90.267  -27.984 0.0000000000
4369  -29.813  -90.238  -29.706 0.0000000000
4370  -30.302  -90.382  -29.360 0.0000000000
4381  -29.515  -90.501  -30.588 0.0000000000
4392  -29.105  -91.075  -31.423 0.0000000000
4403  -28.305  -91.473  -32.838 0.0000000000
4404  -28.642  -91.381  -32.143 0.0000000000
4420  -27.985  -91.494  -33.649 0.0000000000
4440  -27.774  -91.435  -34.188 0.0000000000
4458  -27.238  -91.442  -35.221 0.0000000000
4459  -27.555  -91.319  -34.639 0.0000000000
4474  -26.757  -91.610  -35.790 0.0000000000
4475  -30.484  -93.074  -34.220 0.0000000000
4476  -31.132  -92.889  -33.423 0.0000000000
4484  -26.093  -90.991  -37.361 0.0000000000
4485  -26.339  -91.519  -36.635 0.0000000000
4486  -29.622  -93.396  -35.194 0.0000000000
4493  -25.540  -91.087  -38.117 0.0000000000
4495  -28.506  -93.515  -36.826 0.0000000000
4496  -29.072  -93.601  -36.083 0.0000000000
4507  -23.649  -90.351  -40.304 0.0000000000
4508  -24.270  -90.908  -40.169 0.0000000000
4509  -24.891  -91.114  -39.060 0.0000000000
4511  -28.187  -92.980  -37.198 0.0000000000
4521  -22.715  -90.343  -41.438 0.0000000000
4522  -23.423  -90.986  -41.058 0.0000000000
4523  -23.998  -91.330  -40.744 0.0000000000
4524  -26.623  -93.269  -39.953 0.0000000000
4525  -27.188  -93.577  -39.980 0.0000000000
4538  -15.771  -91.826  -41.584 0.0000000000
4539  -15.922  -91.545  -41.592 0.0000000000
4540  -16.307  -91.384  -41.749 0.0000000000
4541  -16.997  -91.478  -42.450 0.0000000000
4542  -17.738  -91.537  -43.272 0.0000000000
4543  -22.154  -90.497  -42.971 0.0000000000
4544  -22.750  -91.039  -42.183 0.0000000000
4545  -23.190  -91.354  -41.703 0.0000000000
4546  -26.369  -93.078  -41.023 0.0000000000
4547  -26.622  -93.581  -40.590 0.0000000000
4561  -15.704  -91.441  -41.813 0.0000000000
4562  -15.975  -90.936  -41.895 0.0000000000
4563  -16.589  -90.964  -42.371 0.0000000000
4564  -17.341  -90.905  -43.021 0.0000000000
4565  -18.525  -90.908  -43.786 0.0000000000
4566  -19.257  -91.006  -44.034 0.0000000000
4567  -21.636  -90.767  -43.669 0.0000000000
4568  -22.342  -91.274  -43.319 0.0000000000
4569  -26.283  -93.019  -41.614 0.0000000000
4570  -26.464  -93.613  -41.237 0.0000000000
4580  -15.523  -91.363  -42.218 0.0000000000
4581  -15.843  -90.894  -42.147 0.0000000000
4582  -18.894  -90.296  -44.187 0.0000000000
4583  -19.650  -90.548  -44.119 0.0000000000
4584  -20.749  -90.591  -44.123 0.0000000000
4598  -15.509  -91.667  -42.632 0.0000000000
4599  -15.990  -90.899  -42.894 0.0000000000
4611  -15.736  -91.535  -43.045 0.0000000000
4612  -16.302  -91.092  -43.678 0.0000000000
4624  -16.611  -90.852  -44.545 0.0000000000
4625  -16.976  -90.533  -45.055 0.0000000000
4634  -16.788  -91.049  -45.008 0.0000000000
4635  -17.228  -90.899  -45.444 0.0000000000
4636  -17.945  -91.099  -45.803 0.0000000000
4637  -18.429  -91.451  -46.050 0.0000000000
4643  -18.277  -90.898  -46.068 0.0000000000
4644  -18.653  -90.913  -46.248 0.0000000000
4645  -19.417  -90.896  -46.446 0.0000000000
4646  -20.349  -90.789  -46.621 0.0000000000
4656  -21.166  -90.675  -46.950 0.0000000000
4657  -21.876  -90.703  -47.653 0.0000000000
4672  -22.639  -90.660  -48.291 0.0000000000
4673  -23.442  -90.698  -48.690 0.0000000000
4674  -24.414  -90.980  -48.805 0.0000000000
4675  -27.465  -91.611  -47.466 0.0000000000
4676  -28.452  -91.652  -47.242 0.0000000000
4692  -25.601  -91.346  -48.586 0.0000000000
4693  -27.012  -91.792  -47.837 0.0000000000
4694  -28.174  -92.038  -47.239 0.0000000000
5286  -31.978  -88.953  -24.826 0.0000000000
5287  -32.694  -88.799  -24.684 0.0000000000
5288  -33.975  -88.495  -24.724 0.0000000000
5302  -30.356  -89.551  -26.258 0.0000000000
5303  -30.601  -89.554  -26.041 0.0000000000
5304  -31.345  -89.134  -25.251 0.0000000000
5311  -30.239  -89.648  -26.483 0.0000000000
5312  -30.479  -89.806  -26.316 0.0000000000
5318  -29.632  -89.502  -27.768 0.0000000000
5319  -29.804  -89.393  -26.964 0.0000000000
5328  -29.402  -89.419  -28.720 0.0000000000
5339  -29.182  -89.514  -29.712 0.0000000000
5352  -28.782  -89.251  -30.920 0.0000000000
5353  -29.051  -89.793  -30.647 0.0000000000
5367  -28.768  -89.635  -31.641 0.0000000000
5368  -28.929  -90.026  -31.271 0.0000000000
5380  -28.569  -90.378  -32.270 0.0000000000
5381  -28.731  -90.499  -31.697 0.0000000000
5392  -28.372  -90.318  -33.129 0.0000000000
5407  -27.995  -90.440  -34.138 0.0000000000
5424  -27.170  -90.888  -35.601 0.0000000000
5425  -27.531  -90.172  -35.210 0.0000000000
5426  -32.547  -92.347  -31.986 0.0000000000
5438  -27.023  -90.395  -36.154 0.0000000000
5439  -27.427  -89.767  -35.848 0.0000000000
5440  -30.541  -91.481  -33.849 0.0000000000
5441  -31.368  -91.996  -32.837 0.0000000000
5451  -26.127  -89.938  -37.649 0.0000000000
5452  -26.452  -90.442  -36.915 0.0000000000
5453  -29.814  -91.698  -35.043 0.0000000000
5462  -24.360  -88.997  -39.152 0.0000000000
5463  -25.031  -89.441  -38.681 0.0000000000
5464  -25.583  -89.927  -38.308 0.0000000000
5465  -28.563  -92.440  -36.987 0.0000000000
5466  -29.175  -92.126  -36.300 0.0000000000
5477  -23.052  -89.004  -40.089 0.0000000000
5478  -23.779  -89.644  -39.768 0.0000000000
5479  -24.570  -90.044  -39.233 0.0000000000
5480  -25.106  -90.322  -38.668 0.0000000000
5481  -27.407  -93.344  -38.287 0.0000000000
5482  -28.234  -91.913  -37.517 0.0000000000
5483  -28.813  -91.711  -36.981 0.0000000000
5493  -22.785  -89.710  -40.861 0.0000000000
5494  -23.275  -89.930  -40.355 0.0000000000
5495  -26.499  -92.790  -39.882 0.0000000000
5496  -26.627  -92.734  -39.485 0.0000000000
5497  -27.061  -92.887  -38.941 0.0000000000
5498  -27.603  -91.920  -38.241 0.0000000000
5508  -21.760  -89.794  -43.024 0.0000000000
5509  -22.181  -89.631  -41.839 0.0000000000
5510  -26.367  -92.433  -40.669 0.0000000000
5511  -26.449  -92.043  -40.197 0.0000000000
5525  -16.006  -90.732  -42.176 0.0000000000
5526  -16.393  -90.778  -42.547 0.0000000000
5527  -16.996  -90.489  -42.871 0.0000000000
5528  -17.627  -90.427  -43.416 0.0000000000
5529  -21.246  -89.599  -43.723 0.0000000000
5530  -26.235  -92.034  -41.202 0.0000000000
5543  -16.353  -90.717  -42.793 0.0000000000
5544  -16.801  -90.318  -42.997 0.0000000000
5545  -17.358  -90.071  -43.386 0.0000000000
5546  -18.246  -89.995  -43.920 0.0000000000
5547  -19.307  -89.682  -44.354 0.0000000000
5548  -20.401  -89.472  -44.238 0.0000000000
5549  -25.545  -92.434  -43.048 0.0000000000
5550  -25.915  -91.854  -42.022 0.0000000000
5564  -16.550  -90.291  -43.376 0.0000000000
5565  -24.527  -91.600  -44.284 0.0000000000
5579  -16.580  -90.099  -43.933 0.0000000000
5580  -17.085  -89.746  -44.473 0.0000000000
5581  -24.505  -91.764  -45.310 0.0000000000
5594  -16.527  -90.392  -44.218 0.0000000000
5595  -17.002  -90.031  -44.729 0.0000000000
5596  -24.801  -91.911  -46.101 0.0000000000
5608  -17.373  -90.014  -45.435 0.0000000000
5609  -17.704  -90.126  -45.959 0.0000000000
5610  -24.687  -91.450  -46.481 0.0000000000
5611  -25.931  -91.775  -46.553 0.0000000000
5621  -18.129  -90.381  -46.236 0.0000000000
5622  -18.682  -90.060  -46.471 0.0000000000
5623  -19.665  -89.781  -46.641 0.0000000000
5624  -20.545  -89.972  -46.889 0.0000000000
5625  -25.419  -91.224  -46.938 0.0000000000
5626  -27.149  -91.259  -46.867 0.0000000000
5639  -20.304  -89.299  -47.020 0.0000000000
5640  -21.213  -89.654  -47.420 0.0000000000
5641  -22.014  -90.021  -48.021 0.0000000000
5642  -25.981  -91.118  -47.348 0.0000000000
5643  -28.065  -90.962  -46.933 0.0000000000
5660  -21.837  -89.500  -47.930 0.0000000000
5661  -22.538  -89.924  -48.273 0.0000000000
5662  -23.510  -90.187  -48.510 0.0000000000
5663  -25.102  -90.877  -48.439 0.0000000000
5664  -27.023  -91.231  -47.409 0.0000000000
5665  -28.940  -91.213  -47.064 0.0000000000
5680  -25.628  -91.081  -48.602 0.0000000000
5681  -26.233  -91.315  -48.185 0.0000000000
6219  -33.747  -87.414  -24.432 0.0000000000
6220  -34.535  -87.698  -24.797 0.0000000000
6238  -32.026  -88.390  -24.693 0.0000000000
6239  -33.071  -87.955  -24.395 0.0000000000
6240  -33.748  -87.883  -24.426 0.0000000000
6257  -30.334  -89.321  -26.179 0.0000000000
6258  -30.661  -88.908  -25.797 0.0000000000
6259  -31.384  -88.498  -25.166 0.0000000000
6272  -30.067  -89.121  -26.355 0.0000000000
6273  -30.278  -88.850  -26.153 0.0000000000
6282  -29.484  -89.104  -27.347 0.0000000000
6283  -29.729  -88.948  -26.889 0.0000000000
6288  -29.237  -88.943  -27.953 0.0000000000
6296  -28.961  -88.761  -28.819 0.0000000000
6306  -28.584  -88.695  -30.736 0.0000000000
6307  -28.676  -88.686  -29.984 0.0000000000
6321  -28.668  -88.800  -31.323 0.0000000000
6322  -28.473  -88.123  -30.828 0.0000000000
6337  -28.684  -88.946  -32.337 0.0000000000
6338  -28.577  -88.330  -31.598 0.0000000000
6356  -28.471  -89.208  -33.571 0.0000000000
6357  -34.209  -90.463  -30.095 0.0000000000
6375  -28.198  -89.261  -34.618 0.0000000000
6376  -33.386  -91.152  -30.782 0.0000000000
6386  -27.982  -89.239  -35.241 0.0000000000
6387  -30.606  -89.710  -32.802 0.0000000000
6388  -31.267  -90.418  -32.253 0.0000000000
6393  -27.382  -89.459  -36.260 0.0000000000
6394  -27.767  -89.141  -35.780 0.0000000000
6395  -30.323  -89.811  -33.505 0.0000000000
6396  -30.803  -90.928  -33.057 0.0000000000
6401  -26.450  -88.943  -37.618 0.0000000000
6402  -26.883  -89.436  -36.918 0.0000000000
6403  -30.078  -90.028  -34.975 0.0000000000
6407  -24.162  -88.184  -39.017 0.0000000000
6408  -24.886  -88.485  -38.733 0.0000000000
6409  -25.782  -88.945  -38.273 0.0000000000
6410  -29.720  -90.310  -36.107 0.0000000000
6417  -22.801  -88.129  -39.744 0.0000000000
6418  -23.466  -88.401  -39.368 0.0000000000
6419  -28.716  -90.127  -37.583 0.0000000000
6420  -29.162  -90.547  -36.999 0.0000000000
6426  -21.925  -88.125  -41.294 0.0000000000
6427  -22.380  -88.476  -40.675 0.0000000000
6428  -26.639  -91.472  -39.652 0.0000000000
6429  -26.954  -91.385  -39.085 0.0000000000
6430  -27.351  -91.040  -38.501 0.0000000000
6431  -28.084  -90.543  -38.042 0.0000000000
6435  -21.597  -88.525  -42.437 0.0000000000
6436  -21.981  -88.660  -41.518 0.0000000000
6437  -26.264  -90.945  -40.482 0.0000000000
6438  -26.448  -91.026  -39.985 0.0000000000
6439  -29.619  -92.250  -41.670 0.0000000000
6448  -20.629  -87.874  -43.879 0.0000000000
6449  -20.848  -88.601  -43.849 0.0000000000
6450  -25.399  -90.274  -41.386 0.0000000000
6451  -25.889  -90.920  -41.240 0.0000000000
6452  -29.049  -90.801  -42.149 0.0000000000
6453  -29.420  -90.872  -41.998 0.0000000000
6454  -29.759  -91.377  -41.961 0.0000000000
6455  -30.248  -92.552  -42.400 0.0000000000
6461  -16.728  -90.195  -43.206 0.0000000000
6462  -17.081  -89.902  -43.435 0.0000000000
6463  -17.704  -89.681  -43.936 0.0000000000
6464  -18.660  -89.311  -44.447 0.0000000000
6465  -20.018  -88.587  -44.522 0.0000000000
6466  -20.490  -88.866  -44.289 0.0000000000
6467  -24.338  -89.866  -42.573 0.0000000000
6468  -25.074  -90.576  -42.366 0.0000000000
6469  -25.597  -90.884  -41.784 0.0000000000
6472  -30.346  -91.883  -43.295 0.0000000000
6477  -16.839  -89.904  -43.516 0.0000000000
6478  -17.270  -89.659  -43.888 0.0000000000
6479  -18.038  -89.158  -44.453 0.0000000000
6480  -18.954  -88.693  -44.637 0.0000000000
6481  -19.471  -88.329  -44.704 0.0000000000
6482  -24.236  -90.312  -43.240 0.0000000000
6483  -24.924  -91.548  -43.454 0.0000000000
6492  -16.847  -89.813  -43.789 0.0000000000
6493  -17.377  -89.550  -44.360 0.0000000000
6494  -17.809  -89.114  -44.642 0.0000000000
6495  -22.843  -89.459  -44.783 0.0000000000
6496  -23.382  -90.049  -44.408 0.0000000000
6505  -17.470  -89.409  -44.904 0.0000000000
6506  -17.705  -89.052  -45.446 0.0000000000
6507  -22.763  -89.536  -45.342 0.0000000000
6508  -23.723  -90.966  -45.876 0.0000000000
6519  -17.500  -89.515  -45.313 0.0000000000
6520  -17.881  -89.192  -45.986 0.0000000000
6521  -18.421  -88.796  -46.211 0.0000000000
6522  -23.223  -89.963  -46.523 0.0000000000
6523  -24.200  -90.867  -46.647 0.0000000000
6536  -18.112  -89.691  -46.316 0.0000000000
6537  -18.729  -89.090  -46.483 0.0000000000
6538  -19.670  -88.863  -46.823 0.0000000000
6539  -23.502  -89.816  -47.339 0.0000000000
6540  -24.412  -90.609  -47.161 0.0000000000
6555  -20.551  -88.681  -47.203 0.0000000000
6556  -21.400  -89.001  -47.637 0.0000000000
6557  -22.496  -89.297  -47.753 0.0000000000
6558  -23.025  -89.441  -47.880 0.0000000000
6559  -23.732  -89.894  -47.841 0.0000000000
6560  -24.468  -90.459  -47.620 0.0000000000
6573  -21.977  -89.287  -47.901 0.0000000000
6574  -22.448  -89.498  -47.926 0.0000000000
6575  -23.034  -89.656  -48.109 0.0000000000
6576  -23.861  -90.057  -48.216 0.0000000000
6577  -24.985  -90.663  -47.895 0.0000000000
7127  -33.832  -86.946  -24.520 0.0000000000
7128  -34.439  -87.094  -24.911 0.0000000000
7141  -32.598  -87.550  -24.572 0.0000000000
7142  -33.314  -87.192  -24.491 0.0000000000
7154  -31.292  -88.264  -25.423 0.0000000000
7155  -31.870  -87.906  -24.875 0.0000000000
7168  -30.058  -88.765  -26.464 0.0000000000
7169  -30.592  -88.545  -26.085 0.0000000000
7182  -29.443  -88.690  -27.429 0.0000000000
7183  -29.856  -88.547  -26.938 0.0000000000
7184  -30.213  -88.551  -26.523 0.0000000000
7189  -29.035  -88.317  -28.001 0.0000000000
7190  -29.509  -88.341  -27.457 0.0000000000
7198  -28.694  -88.055  -28.867 0.0000000000
7209  -28.517  -87.699  -29.783 0.0000000000
7219  -28.510  -87.345  -30.673 0.0000000000
7220  -35.531  -88.819  -28.387 0.0000000000
7221  -36.108  -88.857  -28.251 0.0000000000
7222  -37.334  -88.607  -28.317 0.0000000000
7232  -28.542  -88.213  -32.421 0.0000000000
7233  -28.507  -87.595  -31.980 0.0000000000
7234  -33.974  -89.121  -29.389 0.0000000000
7235  -35.034  -89.136  -28.954 0.0000000000
7236  -36.434  -89.783  -28.934 0.0000000000
7250  -28.537  -88.217  -32.956 0.0000000000
7251  -28.497  -87.444  -33.319 0.0000000000
7252  -33.498  -89.553  -30.041 0.0000000000
7253  -34.981  -90.046  -29.586 0.0000000000
7266  -28.528  -88.105  -34.126 0.0000000000
7267  -28.560  -87.446  -33.951 0.0000000000
7268  -31.796  -89.390  -31.338 0.0000000000
7279  -28.200  -88.421  -35.297 0.0000000000
7280  -30.444  -88.941  -32.760 0.0000000000
7281  -31.081  -89.322  -32.098 0.0000000000
7291  -27.490  -88.568  -36.493 0.0000000000
7292  -27.846  -88.355  -35.944 0.0000000000
7293  -30.125  -88.398  -33.896 0.0000000000
7297  -26.174  -88.078  -37.812 0.0000000000
7298  -26.935  -88.358  -37.244 0.0000000000
7299  -30.171  -88.551  -34.931 0.0000000000
7303  -23.623  -87.596  -39.002 0.0000000000
7304  -24.462  -87.628  -38.809 0.0000000000
7305  -25.415  -87.874  -38.463 0.0000000000
7306  -29.707  -88.283  -36.918 0.0000000000
7307  -30.022  -88.666  -36.123 0.0000000000
7311  -22.539  -87.459  -39.824 0.0000000000
7312  -23.023  -87.527  -39.278 0.0000000000
7313  -29.237  -88.876  -37.375 0.0000000000
7314  -29.672  -89.260  -36.767 0.0000000000
7318  -21.775  -87.712  -41.476 0.0000000000
7319  -22.064  -87.466  -40.639 0.0000000000
7320  -26.900  -90.352  -39.238 0.0000000000
7321  -27.261  -90.095  -38.806 0.0000000000
7322  -27.729  -89.464  -38.345 0.0000000000
7323  -28.464  -89.065  -37.852 0.0000000000
7328  -21.530  -87.412  -42.019 0.0000000000
7329  -21.873  -87.210  -41.244 0.0000000000
7330  -26.221  -90.040  -40.248 0.0000000000
7331  -26.424  -89.729  -39.657 0.0000000000
7332  -27.025  -89.321  -38.916 0.0000000000
7333  -27.328  -89.297  -38.597 0.0000000000
7340  -20.693  -87.562  -43.677 0.0000000000
7341  -21.034  -87.487  -43.226 0.0000000000
7342  -25.037  -89.274  -41.279 0.0000000000
7343  -25.904  -89.563  -40.544 0.0000000000
7344  -26.176  -88.824  -39.911 0.0000000000
7345  -28.972  -89.719  -42.076 0.0000000000
7346  -29.210  -89.723  -42.051 0.0000000000
7347  -29.584  -89.917  -42.103 0.0000000000
7348  -30.049  -90.614  -42.426 0.0000000000
7354  -20.449  -87.503  -44.007 0.0000000000
7355  -20.717  -87.147  -43.605 0.0000000000
7356  -24.013  -89.550  -42.659 0.0000000000
7357  -24.173  -89.073  -42.058 0.0000000000
7358  -28.933  -89.114  -42.442 0.0000000000
7359  -29.320  -88.886  -42.440 0.0000000000
7360  -29.872  -89.079  -42.558 0.0000000000
7361  -30.195  -89.993  -43.443 0.0000000000
7369  -18.558  -88.703  -44.734 0.0000000000
7370  -19.130  -88.317  -44.890 0.0000000000
7371  -19.747  -87.876  -44.574 0.0000000000
7372  -23.531  -88.983  -42.810 0.0000000000
7373  -23.704  -88.488  -42.218 0.0000000000
7375  -28.628  -88.749  -43.139 0.0000000000
7376  -30.252  -90.106  -44.879 0.0000000000
7384  -17.691  -89.114  -44.850 0.0000000000
7385  -18.221  -88.771  -44.963 0.0000000000
7386  -18.834  -88.376  -45.234 0.0000000000
7387  -22.591  -88.727  -44.545 0.0000000000
7388  -22.991  -88.312  -43.575 0.0000000000
7390  -30.553  -89.518  -46.124 0.0000000000
7397  -17.796  -88.912  -45.173 0.0000000000
7398  -18.276  -88.656  -45.613 0.0000000000
7399  -19.066  -88.199  -45.529 0.0000000000
7400  -22.283  -88.447  -45.192 0.0000000000
7413  -18.306  -88.697  -46.023 0.0000000000
7414  -19.031  -88.311  -46.106 0.0000000000
7415  -19.560  -87.814  -46.238 0.0000000000
7416  -22.114  -88.276  -46.572 0.0000000000
7417  -22.326  -88.661  -46.011 0.0000000000
7431  -19.309  -88.586  -46.512 0.0000000000
7432  -19.813  -88.076  -46.664 0.0000000000
7433  -22.199  -88.544  -47.080 0.0000000000
7434  -22.606  -89.072  -46.894 0.0000000000
7442  -20.511  -87.962  -47.020 0.0000000000
7443  -21.152  -88.374  -47.328 0.0000000000
7444  -21.875  -88.778  -47.521 0.0000000000
7445  -22.305  -88.958  -47.460 0.0000000000
7446  -22.806  -89.304  -47.460 0.0000000000
7457  -21.677  -88.922  -47.609 0.0000000000
7458  -21.974  -89.076  -47.771 0.0000000000
7973  -33.991  -86.491  -24.962 0.0000000000
7974  -34.331  -86.661  -25.148 0.0000000000
7975  -35.461  -86.589  -25.688 0.0000000000
7987  -33.279  -86.837  -24.691 0.0000000000
7988  -33.680  -86.764  -24.620 0.0000000000
7998  -31.932  -87.634  -25.100 0.0000000000
7999  -32.529  -87.287  -24.805 0.0000000000
8012  -31.427  -87.963  -25.684 0.0000000000
8027  -29.823  -88.271  -27.183 0.0000000000
8028  -30.559  -88.279  -26.622 0.0000000000
8040  -28.916  -87.873  -28.279 0.0000000000
8041  -29.598  -87.965  -27.673 0.0000000000
8042  -30.952  -88.096  -26.822 0.0000000000
8050  -28.896  -87.500  -28.804 0.0000000000
8051  -29.429  -87.509  -28.374 0.0000000000
8052  -34.233  -87.878  -27.001 0.0000000000
8053  -35.346  -87.019  -26.647 0.0000000000
8054  -36.024  -86.427  -26.610 0.0000000000
8063  -28.759  -86.992  -29.929 0.0000000000
8064  -29.111  -87.105  -29.083 0.0000000000
8065  -33.324  -88.585  -27.936 0.0000000000
8066  -34.795  -88.060  -27.432 0.0000000000
8067  -36.147  -87.109  -27.216 0.0000000000
8068  -37.136  -86.830  -27.602 0.0000000000
8069  -37.712  -86.594  -28.057 0.0000000000
8070  -37.921  -86.500  -28.375 0.0000000000
8077  -28.578  -86.664  -31.043 0.0000000000
8078  -32.381  -88.640  -29.196 0.0000000000
8079  -33.892  -88.723  -28.504 0.0000000000
8080  -35.343  -88.510  -28.063 0.0000000000
8081  -36.659  -87.839  -27.894 0.0000000000
8082  -37.722  -87.476  -28.064 0.0000000000
8093  -28.530  -86.524  -31.956 0.0000000000
8094  -31.630  -88.390  -30.296 0.0000000000
8095  -33.012  -88.975  -29.565 0.0000000000
8096  -34.279  -88.933  -28.906 0.0000000000
8106  -28.536  -86.683  -32.874 0.0000000000
8107  -31.250  -88.089  -30.922 0.0000000000
8108  -31.797  -88.650  -30.740 0.0000000000
8114  -28.555  -87.452  -34.271 0.0000000000
8115  -28.583  -86.894  -34.104 0.0000000000
8116  -30.596  -87.697  -32.010 0.0000000000
8117  -30.973  -88.224  -31.674 0.0000000000
8123  -28.481  -87.489  -34.918 0.0000000000
8124  -28.371  -86.814  -35.316 0.0000000000
8125  -30.465  -87.761  -32.499 0.0000000000
8126  -30.899  -88.695  -32.039 0.0000000000
8138  -27.288  -87.861  -36.863 0.0000000000
8139  -27.778  -87.339  -36.203 0.0000000000
8140  -28.100  -86.785  -35.913 0.0000000000
8141  -30.263  -87.462  -33.687 0.0000000000
8153  -25.844  -87.321  -38.117 0.0000000000
8154  -26.751  -87.274  -37.425 0.0000000000
8155  -27.201  -86.739  -37.037 0.0000000000
8156  -30.199  -87.426  -34.797 0.0000000000
8167  -23.277  -87.140  -39.065 0.0000000000
8168  -23.800  -86.904  -38.960 0.0000000000
8169  -24.979  -86.938  -38.672 0.0000000000
8170  -29.926  -87.455  -36.778 0.0000000000
8171  -30.229  -87.337  -35.890 0.0000000000
8182  -22.432  -86.772  -39.936 0.0000000000
8183  -22.994  -86.729  -39.234 0.0000000000
8184  -23.553  -86.421  -39.008 0.0000000000
8185  -29.500  -87.609  -37.410 0.0000000000
8199  -22.193  -86.823  -40.682 0.0000000000
8200  -28.180  -88.084  -38.241 0.0000000000
8201  -28.919  -87.805  -37.853 0.0000000000
8215  -21.406  -86.964  -42.372 0.0000000000
8216  -21.873  -86.773  -41.653 0.0000000000
8217  -26.344  -87.931  -39.409 0.0000000000
8218  -26.902  -88.213  -38.863 0.0000000000
8219  -27.423  -88.543  -38.506 0.0000000000
8234  -21.300  -86.702  -42.838 0.0000000000
8235  -21.600  -86.687  -42.327 0.0000000000
8236  -24.675  -87.970  -41.129 0.0000000000
8237  -25.378  -88.182  -40.437 0.0000000000
8238  -25.854  -88.302  -39.918 0.0000000000
8249  -20.555  -86.923  -43.840 0.0000000000
8250  -20.941  -86.866  -43.418 0.0000000000
8251  -23.645  -87.099  -41.992 0.0000000000
8252  -23.816  -87.736  -41.766 0.0000000000
8253  -29.067  -87.961  -42.957 0.0000000000
8254  -29.438  -88.088  -43.051 0.0000000000
8255  -29.969  -88.179  -43.432 0.0000000000
8256  -30.291  -88.671  -43.987 0.0000000000
8264  -19.595  -87.765  -44.779 0.0000000000
8265  -20.070  -87.204  -44.520 0.0000000000
8266  -23.378  -87.535  -42.565 0.0000000000
8267  -23.573  -88.160  -42.341 0.0000000000
8269  -28.850  -87.789  -43.241 0.0000000000
8270  -30.255  -87.699  -44.005 0.0000000000
8271  -30.452  -88.167  -44.726 0.0000000000
8280  -19.428  -87.778  -45.086 0.0000000000
8281  -19.826  -87.147  -45.065 0.0000000000
8282  -22.552  -87.626  -43.960 0.0000000000
8283  -22.861  -87.170  -43.250 0.0000000000
8286  -30.667  -87.957  -45.438 0.0000000000
8298  -19.525  -87.598  -45.613 0.0000000000
8299  -19.950  -86.993  -45.411 0.0000000000
8300  -21.751  -87.330  -45.198 0.0000000000
8301  -22.159  -87.470  -44.658 0.0000000000
8304  -30.773  -88.048  -46.343 0.0000000000
8317  -19.510  -87.723  -46.012 0.0000000000
8318  -19.971  -87.302  -46.113 0.0000000000
8319  -20.413  -87.076  -46.160 0.0000000000
8320  -21.769  -87.701  -45.925 0.0000000000
8321  -22.009  -87.883  -45.404 0.0000000000
8334  -20.354  -87.619  -46.698 0.0000000000
8335  -20.558  -87.235  -46.416 0.0000000000
8336  -21.337  -87.635  -46.692 0.0000000000
8337  -21.737  -87.879  -46.629 0.0000000000
8346  -20.557  -87.724  -46.875 0.0000000000
8347  -20.799  -87.656  -46.890 0.0000000000
8348  -21.315  -87.983  -47.081 0.0000000000
8349  -21.769  -88.254  -47.107 0.0000000000
8912  -34.324  -86.247  -25.815 0.0000000000
8913  -34.623  -86.164  -25.843 0.0000000000
8914  -35.311  -86.054  -26.062 0.0000000000
8925  -33.847  -86.443  -25.179 0.0000000000
8926  -35.899  -85.389  -25.855 0.0000000000
8938  -32.492  -87.204  -25.029 0.0000000000
8939  -33.351  -86.681  -25.146 0.0000000000
8951  -32.439  -87.345  -25.285 0.0000000000
8952  -33.541  -86.810  -25.471 0.0000000000
8965  -32.070  -87.654  -25.879 0.0000000000
8966  -33.767  -86.813  -25.584 0.0000000000
8980  -30.358  -87.838  -27.610 0.0000000000
8981  -32.169  -87.860  -26.307 0.0000000000
8982  -34.180  -86.572  -25.818 0.0000000000
8983  -35.241  -85.660  -25.955 0.0000000000
8984  -35.683  -84.953  -25.996 0.0000000000
8996  -29.732  -87.334  -28.621 0.0000000000
8997  -30.887  -87.888  -27.727 0.0000000000
8998  -32.665  -88.007  -26.559 0.0000000000
8999  -34.454  -87.105  -26.263 0.0000000000
9000  -35.814  -85.795  -26.206 0.0000000000
9001  -36.489  -85.852  -27.050 0.0000000000
9002  -36.677  -85.475  -27.555 0.0000000000
9015  -28.838  -86.499  -30.513 0.0000000000
9016  -29.207  -86.729  -29.831 0.0000000000
9017  -29.999  -87.248  -29.014 0.0000000000
9018  -31.095  -87.971  -28.301 0.0000000000
9019  -32.916  -88.396  -27.191 0.0000000000
9020  -36.790  -86.377  -27.318 0.0000000000
9021  -37.198  -85.833  -27.784 0.0000000000
9022  -37.707  -86.105  -28.364 0.0000000000
9035  -28.774  -86.294  -30.967 0.0000000000
9036  -29.000  -86.211  -30.863 0.0000000000
9037  -30.647  -87.532  -29.408 0.0000000000
9038  -31.612  -88.272  -28.851 0.0000000000
9039  -37.541  -85.524  -28.729 0.0000000000
9054  -28.765  -86.115  -31.520 0.0000000000
9055  -28.999  -85.963  -31.447 0.0000000000
9056  -30.637  -87.525  -30.036 0.0000000000
9057  -31.157  -88.017  -30.060 0.0000000000
9058  -37.731  -85.524  -29.230 0.0000000000
9065  -28.707  -86.059  -32.474 0.0000000000
9066  -30.519  -87.327  -30.771 0.0000000000
9067  -30.723  -87.563  -31.158 0.0000000000
9068  -30.930  -87.892  -31.388 0.0000000000
9073  -28.684  -86.111  -33.541 0.0000000000
9074  -30.539  -87.218  -32.102 0.0000000000
9075  -30.670  -87.734  -31.770 0.0000000000
9080  -28.628  -86.209  -34.730 0.0000000000
9081  -30.427  -85.966  -34.043 0.0000000000
9082  -30.408  -86.406  -33.496 0.0000000000
9089  -27.938  -86.677  -36.200 0.0000000000
9090  -28.359  -86.416  -35.967 0.0000000000
9091  -30.309  -86.006  -34.662 0.0000000000
9092  -30.379  -86.595  -34.699 0.0000000000
9099  -25.884  -86.650  -38.199 0.0000000000
9100  -26.630  -86.282  -37.658 0.0000000000
9101  -27.585  -86.304  -36.795 0.0000000000
9102  -28.108  -86.122  -36.594 0.0000000000
9103  -30.202  -86.303  -35.769 0.0000000000
9104  -30.351  -86.761  -35.502 0.0000000000
9111  -24.171  -86.309  -38.890 0.0000000000
9112  -25.061  -86.114  -38.659 0.0000000000
9113  -25.949  -86.124  -38.454 0.0000000000
9114  -30.057  -86.587  -36.658 0.0000000000
9115  -30.348  -86.657  -36.011 0.0000000000
9123  -22.494  -86.380  -40.159 0.0000000000
9124  -22.796  -86.190  -39.644 0.0000000000
9125  -23.594  -86.016  -39.280 0.0000000000
9126  -24.397  -85.889  -38.933 0.0000000000
9127  -29.166  -86.390  -38.070 0.0000000000
9128  -29.638  -86.799  -37.436 0.0000000000
9139  -22.410  -86.430  -40.821 0.0000000000
9140  -22.810  -85.950  -40.133 0.0000000000
9141  -23.087  -85.903  -39.661 0.0000000000
9142  -28.066  -86.388  -39.045 0.0000000000
9143  -28.672  -86.892  -38.434 0.0000000000
9144  -29.245  -87.001  -37.899 0.0000000000
9153  -22.258  -86.418  -41.527 0.0000000000
9154  -22.652  -86.138  -41.009 0.0000000000
9155  -26.160  -86.334  -39.836 0.0000000000
9156  -26.712  -86.620  -39.538 0.0000000000
9157  -27.273  -86.927  -39.184 0.0000000000
9158  -27.798  -87.336  -38.696 0.0000000000
9168  -21.423  -86.453  -42.879 0.0000000000
9169  -21.799  -86.385  -42.457 0.0000000000
9170  -22.395  -86.237  -41.736 0.0000000000
9171  -24.580  -86.889  -41.022 0.0000000000
9172  -25.299  -86.900  -40.324 0.0000000000
9173  -25.820  -87.319  -39.735 0.0000000000
9183  -20.813  -86.661  -43.641 0.0000000000
9184  -21.190  -86.455  -43.319 0.0000000000
9185  -21.512  -86.152  -43.266 0.0000000000
9186  -23.535  -86.769  -42.100 0.0000000000
9187  -23.954  -86.649  -41.519 0.0000000000
9188  -29.205  -87.518  -43.320 0.0000000000
9189  -29.465  -87.355  -43.604 0.0000000000
9190  -29.894  -87.250  -43.912 0.0000000000
9203  -20.651  -86.596  -43.994 0.0000000000
9204  -21.010  -86.192  -43.914 0.0000000000
9205  -21.501  -86.023  -43.725 0.0000000000
9206  -23.193  -86.693  -42.561 0.0000000000
9207  -28.851  -86.998  -44.001 0.0000000000
9208  -29.056  -87.019  -43.747 0.0000000000
9209  -29.475  -86.553  -44.168 0.0000000000
9210  -30.205  -86.990  -44.447 0.0000000000
9211  -30.472  -87.351  -44.963 0.0000000000
9229  -20.435  -86.597  -44.754 0.0000000000
9230  -21.096  -86.146  -44.408 0.0000000000
9231  -21.508  -85.976  -44.149 0.0000000000
9232  -22.046  -86.384  -44.228 0.0000000000
9233  -22.384  -86.704  -43.828 0.0000000000
9234  -22.749  -86.568  -43.021 0.0000000000
9237  -29.720  -86.273  -45.116 0.0000000000
9238  -30.343  -86.847  -45.207 0.0000000000
9239  -30.567  -87.376  -45.486 0.0000000000
9254  -20.354  -86.787  -45.579 0.0000000000
9255  -20.841  -86.478  -45.193 0.0000000000
9256  -21.383  -86.271  -44.692 0.0000000000
9257  -21.740  -86.736  -44.673 0.0000000000
9258  -22.099  -86.728  -44.362 0.0000000000
9260  -29.634  -86.016  -46.421 0.0000000000
9261  -30.235  -86.665  -46.026 0.0000000000
9262  -30.548  -87.157  -45.855 0.0000000000
9274  -20.355  -86.966  -45.948 0.0000000000
9275  -20.695  -86.835  -46.002 0.0000000000
9276  -21.081  -86.745  -45.647 0.0000000000
9277  -21.470  -86.894  -45.418 0.0000000000
9280  -29.582  -86.056  -47.341 0.0000000000
9282  -30.582  -87.370  -46.638 0.0000000000
9293  -20.784  -87.047  -46.363 0.0000000000
9294  -21.028  -87.093  -46.357 0.0000000000
9295  -21.355  -87.254  -46.147 0.0000000000
9309  -20.868  -87.262  -46.576 0.0000000000
9310  -21.064  -87.474  -46.749 0.0000000000
9910  -34.790  -85.926  -25.830 0.0000000000
9911  -35.260  -85.753  -25.928 0.0000000000
9912  -35.573  -85.574  -26.032 0.0000000000
9922  -34.532  -85.831  -25.772 0.0000000000
9923  -35.208  -85.329  -25.920 0.0000000000
9924  -35.899  -84.748  -25.870 0.0000000000
9931  -34.285  -85.891  -25.792 0.0000000000
9932  -36.031  -83.953  -25.785 0.0000000000
9941  -34.498  -85.729  -25.933 0.0000000000
9954  -34.879  -85.416  -25.954 0.0000000000
9968  -35.164  -85.103  -26.019 0.0000000000
9969  -35.476  -84.564  -26.198 0.0000000000
9970  -35.680  -84.450  -26.130 0.0000000000
9984  -35.508  -84.013  -26.363 0.0000000000
9985  -35.723  -84.358  -26.644 0.0000000000
9986  -36.179  -84.898  -27.132 0.0000000000
9987  -36.438  -85.136  -27.532 0.0000000000
9999  -29.229  -86.588  -30.074 0.0000000000
10000  -29.486  -86.753  -29.918 0.0000000000
10001  -30.087  -87.149  -29.576 0.0000000000
10002  -35.839  -84.160  -27.689 0.0000000000
10003  -36.243  -84.470  -28.101 0.0000000000
10004  -36.688  -85.090  -28.043 0.0000000000
10017  -29.237  -86.410  -30.425 0.0000000000
10018  -29.631  -86.580  -30.469 0.0000000000
10019  -30.109  -87.019  -30.263 0.0000000000
10020  -36.762  -84.529  -28.852 0.0000000000
10021  -37.157  -85.119  -28.589 0.0000000000
10033  -28.983  -85.826  -32.057 0.0000000000
10034  -29.331  -85.994  -31.381 0.0000000000
10035  -29.882  -86.399  -31.151 0.0000000000
10036  -30.217  -86.946  -30.810 0.0000000000
10037  -36.616  -84.226  -29.569 0.0000000000
10038  -37.420  -84.914  -29.807 0.0000000000
10039  -38.053  -85.645  -30.179 0.0000000000
10041  -28.944  -85.766  -33.062 0.0000000000
10042  -29.329  -85.652  -32.574 0.0000000000
10043  -29.853  -85.851  -32.134 0.0000000000
10044  -30.265  -86.547  -31.705 0.0000000000
10045  -30.436  -86.821  -31.911 0.0000000000
10050  -28.859  -85.805  -34.179 0.0000000000
10051  -29.219  -85.605  -33.684 0.0000000000
10052  -29.779  -85.631  -33.219 0.0000000000
10053  -30.254  -85.897  -32.798 0.0000000000
10054  -30.431  -86.325  -32.569 0.0000000000
10060  -28.697  -85.922  -35.330 0.0000000000
10061  -29.044  -85.705  -34.846 0.0000000000
10062  -29.580  -85.658  -34.341 0.0000000000
10063  -30.232  -85.818  -33.838 0.0000000000
10064  -30.442  -85.955  -33.187 0.0000000000
10073  -28.486  -86.065  -36.368 0.0000000000
10074  -28.848  -85.887  -35.989 0.0000000000
10075  -29.315  -85.750  -35.659 0.0000000000
10076  -29.895  -85.801  -34.856 0.0000000000
10087  -26.320  -85.787  -38.300 0.0000000000
10088  -27.006  -85.682  -37.751 0.0000000000
10089  -27.877  -85.732  -37.138 0.0000000000
10090  -28.475  -85.832  -36.800 0.0000000000
10091  -29.308  -85.838  -36.482 0.0000000000
10092  -29.810  -85.932  -35.730 0.0000000000
10102  -24.832  -85.742  -38.843 0.0000000000
10103  -25.492  -85.641  -38.732 0.0000000000
10104  -26.362  -85.320  -38.620 0.0000000000
10105  -27.324  -85.217  -38.091 0.0000000000
10106  -28.202  -85.451  -37.538 0.0000000000
10107  -28.815  -85.693  -37.367 0.0000000000
10108  -29.543  -86.031  -36.822 0.0000000000
10120  -23.881  -85.784  -39.455 0.0000000000
10121  -24.554  -85.545  -39.254 0.0000000000
10122  -25.499  -85.287  -39.013 0.0000000000
10123  -25.926  -85.172  -38.996 0.0000000000
10124  -27.593  -85.120  -38.323 0.0000000000
10125  -28.013  -85.339  -38.390 0.0000000000
10126  -28.833  -85.856  -38.048 0.0000000000
10127  -29.462  -86.267  -37.435 0.0000000000
10137  -23.043  -85.767  -40.087 0.0000000000
10138  -23.498  -85.750  -39.832 0.0000000000
10139  -24.357  -85.440  -39.892 0.0000000000
10140  -26.608  -85.348  -39.651 0.0000000000
10141  -27.025  -85.425  -39.570 0.0000000000
10142  -27.831  -85.646  -39.110 0.0000000000
10143  -28.612  -86.130  -38.644 0.0000000000
10148  -23.031  -85.859  -40.461 0.0000000000
10149  -23.590  -85.753  -40.544 0.0000000000
10150  -24.442  -85.592  -40.363 0.0000000000
10151  -25.034  -85.595  -40.294 0.0000000000
10152  -25.899  -85.750  -40.025 0.0000000000
10153  -26.963  -85.867  -39.690 0.0000000000
10154  -27.504  -86.167  -39.465 0.0000000000
10162  -22.312  -86.190  -42.145 0.0000000000
10163  -22.797  -86.028  -41.527 0.0000000000
10164  -23.453  -86.021  -41.321 0.0000000000
10165  -24.163  -85.943  -40.907 0.0000000000
10166  -24.626  -86.155  -40.707 0.0000000000
10167  -25.071  -86.347  -40.490 0.0000000000
10175  -22.100  -86.128  -42.790 0.0000000000
10176  -22.707  -86.126  -42.226 0.0000000000
10177  -23.070  -86.133  -42.108 0.0000000000
10178  -23.500  -86.302  -41.758 0.0000000000
10179  -24.051  -86.186  -41.223 0.0000000000
10188  -21.857  -86.041  -43.649 0.0000000000
10189  -22.272  -86.157  -43.049 0.0000000000
10190  -22.636  -86.269  -42.590 0.0000000000
10191  -22.976  -86.334  -42.490 0.0000000000
10192  -28.666  -86.295  -44.461 0.0000000000
10193  -28.963  -86.298  -44.373 0.0000000000
10194  -29.201  -86.267  -44.346 0.0000000000
10209  -21.738  -86.039  -44.157 0.0000000000
10210  -22.095  -86.142  -43.811 0.0000000000
10211  -22.467  -86.327  -43.186 0.0000000000
10212  -22.655  -86.400  -42.798 0.0000000000
10215  -28.518  -85.700  -44.936 0.0000000000
10216  -29.099  -86.036  -44.668 0.0000000000
10230  -21.561  -86.094  -44.387 0.0000000000
10231  -21.759  -86.196  -44.322 0.0000000000
10235  -28.861  -85.482  -45.732 0.0000000000
10250  -28.940  -85.474  -47.273 0.0000000000
10904  -35.100  -85.216  -25.839 0.0000000000
10905  -35.276  -84.882  -26.003 0.0000000000
10906  -35.516  -84.735  -26.119 0.0000000000
10914  -35.158  -84.974  -25.984 0.0000000000
10915  -35.485  -84.198  -26.218 0.0000000000
10916  -35.757  -83.926  -25.893 0.0000000000
10922  -35.220  -84.546  -26.111 0.0000000000
10923  -35.408  -83.981  -26.164 0.0000000000
10938  -35.021  -84.357  -26.294 0.0000000000
10957  -35.370  -84.363  -26.203 0.0000000000
10958  -35.402  -83.915  -26.195 0.0000000000
10979  -35.303  -83.358  -26.541 0.0000000000
10980  -35.253  -83.419  -27.145 0.0000000000
10996  -35.482  -83.345  -28.064 0.0000000000
10997  -35.866  -83.755  -28.475 0.0000000000
11016  -35.607  -83.176  -29.437 0.0000000000
11017  -36.253  -83.872  -29.146 0.0000000000
11024  -35.301  -83.108  -30.361 0.0000000000
11025  -36.041  -83.780  -30.554 0.0000000000
11026  -36.984  -84.498  -30.812 0.0000000000
11028  -36.342  -83.438  -31.864 0.0000000000
11029  -37.223  -84.214  -31.600 0.0000000000
11033  -36.563  -83.277  -32.437 0.0000000000
11051  -28.775  -85.861  -36.568 0.0000000000
11052  -28.984  -85.789  -36.243 0.0000000000
11064  -28.558  -85.731  -37.013 0.0000000000
11065  -28.948  -85.767  -36.695 0.0000000000
11079  -26.901  -85.030  -38.658 0.0000000000
11080  -27.257  -84.991  -38.511 0.0000000000
11081  -28.382  -85.616  -37.287 0.0000000000
11082  -28.599  -85.679  -37.249 0.0000000000
11098  -25.149  -85.222  -39.244 0.0000000000
11099  -25.578  -85.178  -39.239 0.0000000000
11100  -26.263  -85.076  -39.088 0.0000000000
11101  -27.150  -85.004  -38.906 0.0000000000
11102  -27.513  -85.217  -39.084 0.0000000000
11109  -25.024  -85.185  -39.517 0.0000000000
11110  -25.567  -85.146  -39.554 0.0000000000
11111  -26.212  -85.228  -39.564 0.0000000000
11112  -27.047  -85.187  -39.382 0.0000000000
11113  -27.399  -85.286  -39.342 0.0000000000
11122  -24.957  -85.204  -39.875 0.0000000000
11123  -25.334  -85.238  -39.977 0.0000000000
11124  -25.646  -85.341  -40.004 0.0000000000
11892  -35.408  -82.949  -26.132 0.0000000000
11893  -35.648  -82.814  -25.711 0.0000000000
11894  -35.943  -82.637  -25.238 0.0000000000
11900  -35.318  -83.990  -26.206 0.0000000000
11901  -35.156  -83.258  -26.371 0.0000000000
11913  -35.321  -83.679  -26.255 0.0000000000
11914  -35.051  -82.727  -26.663 0.0000000000
11930  -35.335  -83.410  -26.298 0.0000000000
11931  -34.853  -82.787  -26.884 0.0000000000
11950  -34.745  -82.513  -27.370 0.0000000000
11951  -35.027  -82.907  -27.219 0.0000000000
11964  -34.476  -82.054  -27.891 0.0000000000
11965  -34.907  -82.453  -28.023 0.0000000000
11979  -35.213  -82.390  -29.122 0.0000000000
11991  -34.955  -82.496  -30.357 0.0000000000
11992  -35.024  -82.999  -30.892 0.0000000000
11998  -34.536  -82.476  -31.234 0.0000000000
11999  -35.154  -82.969  -31.479 0.0000000000
12007  -34.560  -82.412  -31.788 0.0000000000
12008  -35.483  -82.751  -32.271 0.0000000000
12009  -36.736  -83.173  -32.784 0.0000000000
12020  -36.280  -82.557  -32.804 0.0000000000
12913  -35.393  -81.671  -25.688 0.0000000000
12914  -35.655  -81.569  -25.030 0.0000000000
12924  -34.979  -81.735  -26.201 0.0000000000
12936  -34.476  -81.589  -26.702 0.0000000000
12947  -34.320  -81.721  -27.162 0.0000000000
12956  -34.266  -81.751  -27.674 0.0000000000
12967  -34.435  -81.541  -28.459 0.0000000000
12968  -34.878  -81.809  -29.001 0.0000000000
12980  -34.794  -81.243  -29.424 0.0000000000
12981  -34.893  -81.729  -29.909 0.0000000000
12995  -34.333  -81.290  -30.549 0.0000000000
12996  -34.311  -81.860  -30.893 0.0000000000
13006  -33.978  -81.439  -31.367 0.0000000000
13007  -34.233  -81.962  -31.521 0.0000000000
13019  -33.857  -81.212  -31.679 0.0000000000
13020  -34.351  -81.721  -32.033 0.0000000000
13021  -35.195  -82.231  -32.451 0.0000000000
13035  -34.519  -81.536  -32.316 0.0000000000
13036  -35.183  -81.938  -32.583 0.0000000000
13048  -36.244  -82.277  -33.133 0.0000000000
13996  -34.461  -80.004  -24.662 0.0000000000
13997  -35.054  -80.669  -24.355 0.0000000000
14012  -34.711  -80.616  -25.598 0.0000000000
14013  -35.165  -80.832  -25.118 0.0000000000
14025  -34.315  -80.490  -26.258 0.0000000000
14037  -33.962  -80.465  -26.721 0.0000000000
14047  -33.649  -80.291  -27.431 0.0000000000
14048  -33.794  -80.752  -27.134 0.0000000000
14057  -33.597  -80.172  -27.681 0.0000000000
14058  -33.747  -80.876  -27.652 0.0000000000
14068  -33.596  -80.385  -28.085 0.0000000000
14069  -33.865  -80.952  -28.233 0.0000000000
14084  -33.706  -80.488  -28.515 0.0000000000
14085  -34.221  -80.760  -28.869 0.0000000000
14098  -34.728  -80.877  -29.869 0.0000000000
14109  -34.071  -80.970  -31.192 0.0000000000
14110  -33.992  -80.877  -31.650 0.0000000000
14124  -33.889  -81.035  -31.835 0.0000000000
14125  -34.214  -81.117  -32.052 0.0000000000
14126  -34.751  -81.254  -32.351 0.0000000000
14145  -34.764  -81.504  -32.429 0.0000000000
14146  -35.652  -81.790  -32.758 0.0000000000
14147  -36.077  -81.802  -33.080 0.0000000000
14162  -36.404  -82.165  -33.325 0.0000000000
15098  -33.471  -78.994  -23.898 0.0000000000
15113  -32.972  -78.684  -25.859 0.0000000000
15114  -33.689  -79.240  -25.497 0.0000000000
15129  -33.128  -78.916  -26.287 0.0000000000
15130  -33.728  -79.629  -26.476 0.0000000000
15143  -33.256  -79.200  -26.836 0.0000000000
15144  -33.708  -79.906  -26.993 0.0000000000
15152  -33.541  -79.620  -27.328 0.0000000000
15153  -33.673  -80.106  -27.240 0.0000000000
15160  -33.551  -79.794  -27.794 0.0000000000
15171  -33.601  -80.028  -28.391 0.0000000000
15172  -33.671  -79.919  -28.719 0.0000000000
15173  -35.262  -80.670  -29.613 0.0000000000
15187  -33.794  -80.374  -28.737 0.0000000000
15188  -34.103  -80.289  -28.992 0.0000000000
15189  -35.360  -80.682  -30.478 0.0000000000
15199  -34.767  -80.632  -29.748 0.0000000000
15200  -34.561  -80.653  -29.971 0.0000000000
15201  -35.068  -80.575  -31.358 0.0000000000
15202  -35.366  -80.647  -31.173 0.0000000000
15214  -34.314  -80.717  -30.546 0.0000000000
15215  -34.303  -80.701  -31.002 0.0000000000
15216  -34.610  -80.593  -31.531 0.0000000000
15217  -35.005  -80.675  -31.687 0.0000000000
15218  -35.479  -80.876  -31.833 0.0000000000
15232  -34.110  -80.748  -31.811 0.0000000000
15233  -34.554  -80.914  -32.052 0.0000000000
15234  -35.153  -80.974  -32.196 0.0000000000
15251  -35.034  -81.282  -32.464 0.0000000000
15252  -35.594  -81.505  -32.565 0.0000000000
16223  -32.930  -78.337  -22.928 0.0000000000
16244  -32.533  -78.098  -24.454 0.0000000000
16245  -32.749  -78.311  -23.899 0.0000000000
16265  -32.728  -78.387  -25.360 0.0000000000
16266  -32.938  -78.544  -24.629 0.0000000000
16284  -32.638  -78.479  -26.145 0.0000000000
16290  -32.755  -78.725  -26.630 0.0000000000
16291  -36.003  -79.297  -26.413 0.0000000000
16295  -32.871  -78.861  -27.029 0.0000000000
16296  -32.856  -78.707  -27.216 0.0000000000
16297  -35.237  -79.057  -27.265 0.0000000000
16298  -35.617  -79.346  -26.967 0.0000000000
16306  -33.296  -79.186  -27.412 0.0000000000
16307  -33.166  -78.994  -27.389 0.0000000000
16308  -35.190  -79.257  -27.744 0.0000000000
16309  -35.574  -80.055  -28.051 0.0000000000
16319  -33.526  -79.492  -27.763 0.0000000000
16320  -33.608  -79.503  -28.045 0.0000000000
16321  -34.660  -79.659  -28.900 0.0000000000
16322  -34.937  -79.784  -28.778 0.0000000000
16323  -35.438  -80.477  -28.889 0.0000000000
16332  -33.925  -79.927  -28.933 0.0000000000
16333  -34.189  -79.944  -29.134 0.0000000000
16334  -34.413  -80.002  -29.282 0.0000000000
16335  -34.650  -79.957  -29.273 0.0000000000
16336  -34.901  -80.459  -29.894 0.0000000000
16343  -34.573  -80.440  -29.551 0.0000000000
16344  -34.686  -80.463  -29.936 0.0000000000
16345  -34.958  -80.586  -30.086 0.0000000000
16346  -34.867  -80.496  -30.636 0.0000000000
16347  -35.110  -80.517  -30.591 0.0000000000
16357  -34.527  -80.506  -30.791 0.0000000000
16358  -34.684  -80.480  -31.049 0.0000000000
16359  -34.853  -80.506  -31.234 0.0000000000
17295  -32.771  -77.879  -22.326 0.0000000000
17317  -32.471  -77.802  -24.328 0.0000000000
17318  -32.591  -77.785  -23.541 0.0000000000
17334  -32.500  -77.891  -24.951 0.0000000000
17335  -32.509  -77.467  -24.352 0.0000000000
17350  -32.470  -78.076  -25.838 0.0000000000
17351  -32.553  -77.653  -25.351 0.0000000000
17352  -35.371  -78.428  -25.545 0.0000000000
17353  -35.906  -78.796  -25.205 0.0000000000
17360  -32.558  -78.389  -26.627 0.0000000000
17361  -32.539  -77.913  -26.301 0.0000000000
17362  -35.284  -78.577  -26.275 0.0000000000
17363  -35.843  -78.941  -26.122 0.0000000000
17371  -32.652  -78.564  -27.014 0.0000000000
17372  -32.728  -78.370  -27.132 0.0000000000
17373  -34.422  -78.133  -27.058 0.0000000000
17374  -34.921  -78.681  -27.027 0.0000000000
17375  -35.406  -78.859  -26.607 0.0000000000
17384  -33.303  -78.942  -27.493 0.0000000000
17385  -33.932  -78.208  -27.624 0.0000000000
17386  -34.278  -78.436  -27.597 0.0000000000
17387  -34.748  -79.081  -28.077 0.0000000000
17392  -33.705  -79.199  -27.994 0.0000000000
17393  -33.915  -79.026  -28.021 0.0000000000
17394  -34.094  -78.801  -28.001 0.0000000000
17395  -34.478  -79.332  -28.553 0.0000000000
17396  -34.723  -79.351  -28.500 0.0000000000
17403  -33.900  -79.489  -28.571 0.0000000000
17404  -34.115  -79.417  -28.630 0.0000000000
17405  -34.301  -79.474  -28.755 0.0000000000
17406  -34.457  -79.575  -28.894 0.0000000000
18358  -32.723  -77.447  -22.548 0.0000000000
18359  -32.885  -77.026  -22.416 0.0000000000
18379  -32.646  -77.156  -23.355 0.0000000000
18380  -32.896  -76.869  -22.972 0.0000000000
18381  -34.904  -77.901  -22.953 0.0000000000
18394  -32.633  -76.986  -24.069 0.0000000000
18395  -32.790  -76.896  -24.397 0.0000000000
18396  -34.852  -77.930  -23.510 0.0000000000
18397  -35.298  -78.370  -23.887 0.0000000000
18410  -32.673  -77.204  -24.832 0.0000000000
18411  -32.906  -77.038  -25.023 0.0000000000
18412  -34.423  -77.605  -25.057 0.0000000000
18413  -34.833  -77.918  -24.830 0.0000000000
18414  -35.444  -78.444  -24.752 0.0000000000
18421  -32.738  -77.450  -25.748 0.0000000000
18422  -33.178  -77.320  -25.984 0.0000000000
18423  -33.722  -77.456  -26.098 0.0000000000
18424  -34.292  -77.657  -25.740 0.0000000000
18425  -34.849  -78.186  -26.005 0.0000000000
18431  -32.904  -77.802  -26.797 0.0000000000
18432  -33.270  -77.676  -26.991 0.0000000000
18433  -33.588  -77.610  -26.864 0.0000000000
18434  -34.086  -77.766  -26.836 0.0000000000
18435  -34.496  -78.014  -26.576 0.0000000000
18441  -33.051  -78.277  -27.528 0.0000000000
18442  -33.275  -77.966  -27.487 0.0000000000
18443  -33.661  -77.984  -27.476 0.0000000000
18444  -33.885  -77.895  -27.351 0.0000000000
18448  -33.484  -78.865  -27.549 0.0000000000
18449  -33.630  -78.674  -27.594 0.0000000000
18450  -33.808  -78.501  -27.612 0.0000000000
19509  -33.267  -76.741  -22.287 0.0000000000
19510  -33.610  -76.656  -22.452 0.0000000000
19511  -33.985  -76.644  -22.376 0.0000000000
19536  -32.777  -76.854  -23.516 0.0000000000
19537  -33.094  -76.728  -23.217 0.0000000000
19538  -33.554  -76.766  -23.162 0.0000000000
19539  -34.157  -76.857  -22.753 0.0000000000
19540  -34.672  -77.514  -22.776 0.0000000000
19553  -32.836  -76.798  -23.884 0.0000000000
19554  -33.092  -76.773  -24.117 0.0000000000
19555  -33.589  -76.891  -23.993 0.0000000000
19556  -34.089  -77.148  -23.935 0.0000000000
19557  -34.462  -77.550  -24.135 0.0000000000
19573  -33.241  -76.979  -24.923 0.0000000000
19574  -33.658  -77.152  -24.883 0.0000000000
19575  -34.166  -77.394  -24.868 0.0000000000
19576  -34.460  -77.579  -24.741 0.0000000000
19582  -33.351  -77.140  -25.360 0.0000000000
19583  -33.506  -77.266  -25.571 0.0000000000
19584  -33.845  -77.364  -25.446 0.0000000000
20750  -33.741  -76.521  -21.873 0.0000000000
20751  -34.126  -76.416  -21.825 0.0000000000
20752  -34.591  -76.427  -21.759 0.0000000000
20773  -34.632  -76.625  -22.010 0.0000000000
20774  -34.700  -76.851  -22.134 0.0000000000
