#!ascii label  , from subject subject001 vox2ras=TkReg
1452
128778  -27.718  28.596  -12.778 0.0000000000
128779  -28.061  28.418  -12.466 0.0000000000
128780  -28.524  28.331  -12.337 0.0000000000
128781  -29.237  28.531  -12.468 0.0000000000
128782  -29.708  28.796  -12.724 0.0000000000
129519  -29.760  30.191  -11.057 0.0000000000
129520  -29.984  30.310  -10.883 0.0000000000
129535  -28.402  29.582  -11.875 0.0000000000
129536  -28.653  29.507  -11.593 0.0000000000
129537  -29.166  29.658  -11.359 0.0000000000
129538  -29.848  29.911  -11.169 0.0000000000
129539  -30.227  29.934  -11.242 0.0000000000
129551  -28.178  29.574  -12.955 0.0000000000
129552  -28.090  29.389  -12.473 0.0000000000
129553  -28.183  29.007  -12.052 0.0000000000
129554  -28.532  28.929  -11.795 0.0000000000
129555  -29.145  29.053  -11.722 0.0000000000
129556  -30.036  29.471  -12.037 0.0000000000
129557  -30.595  29.848  -12.358 0.0000000000
129567  -28.351  29.655  -13.366 0.0000000000
129569  -30.128  29.008  -13.341 0.0000000000
129570  -30.610  29.616  -13.151 0.0000000000
130224  -30.891  31.358  -9.894 0.0000000000
130225  -31.102  31.341  -9.884 0.0000000000
130240  -29.517  30.697  -11.271 0.0000000000
130241  -29.630  30.486  -11.112 0.0000000000
130242  -30.201  30.740  -10.651 0.0000000000
130243  -30.762  31.111  -10.221 0.0000000000
130244  -31.171  31.015  -10.262 0.0000000000
130245  -31.516  30.966  -10.520 0.0000000000
130258  -28.513  29.959  -12.146 0.0000000000
130259  -29.076  30.341  -11.603 0.0000000000
130260  -29.065  29.919  -11.379 0.0000000000
130261  -30.244  30.483  -10.739 0.0000000000
130262  -30.542  30.417  -10.804 0.0000000000
130263  -31.052  30.505  -10.878 0.0000000000
130264  -31.550  30.800  -11.171 0.0000000000
130276  -28.324  29.763  -12.893 0.0000000000
130277  -28.562  30.050  -12.903 0.0000000000
130278  -30.515  30.092  -11.264 0.0000000000
130279  -30.826  30.248  -11.750 0.0000000000
130280  -31.433  30.758  -12.255 0.0000000000
130291  -28.436  29.806  -13.153 0.0000000000
130292  -28.861  30.217  -14.053 0.0000000000
130293  -30.970  30.204  -12.750 0.0000000000
130905  -31.096  32.279  -9.010 0.0000000000
130906  -31.347  32.218  -9.036 0.0000000000
130907  -31.580  32.193  -9.017 0.0000000000
130930  -30.738  31.900  -9.732 0.0000000000
130931  -30.919  31.956  -9.436 0.0000000000
130932  -31.074  31.661  -9.602 0.0000000000
130933  -31.597  31.717  -9.557 0.0000000000
130934  -32.038  31.821  -9.611 0.0000000000
130949  -29.855  31.464  -11.090 0.0000000000
130950  -30.398  31.462  -10.410 0.0000000000
130951  -30.694  31.423  -10.074 0.0000000000
130952  -30.877  31.501  -9.822 0.0000000000
130953  -31.611  31.252  -10.138 0.0000000000
130954  -32.085  31.531  -10.393 0.0000000000
130955  -32.466  31.999  -10.707 0.0000000000
130967  -29.127  30.721  -12.546 0.0000000000
130968  -29.669  31.509  -12.225 0.0000000000
130969  -32.029  31.326  -11.731 0.0000000000
130970  -32.452  31.899  -11.383 0.0000000000
130982  -29.417  31.422  -13.819 0.0000000000
130983  -29.541  31.566  -13.013 0.0000000000
130984  -31.842  31.401  -13.007 0.0000000000
130985  -32.390  31.985  -12.563 0.0000000000
131524  -29.745  33.761  -6.957 0.0000000000
131525  -30.305  33.588  -7.323 0.0000000000
131526  -30.789  33.354  -7.611 0.0000000000
131527  -31.240  33.209  -7.920 0.0000000000
131528  -31.520  33.070  -8.242 0.0000000000
131550  -29.946  34.024  -8.249 0.0000000000
131551  -30.193  33.613  -7.952 0.0000000000
131552  -30.846  32.847  -8.568 0.0000000000
131553  -31.184  32.766  -8.443 0.0000000000
131554  -31.510  32.665  -8.599 0.0000000000
131555  -31.754  32.811  -8.548 0.0000000000
131556  -32.029  32.797  -8.723 0.0000000000
131578  -30.291  33.645  -9.251 0.0000000000
131579  -30.675  32.582  -9.499 0.0000000000
131580  -30.860  32.280  -9.279 0.0000000000
131581  -31.760  32.323  -8.921 0.0000000000
131582  -32.005  32.237  -9.112 0.0000000000
131583  -32.284  32.675  -9.261 0.0000000000
131595  -30.374  32.830  -10.421 0.0000000000
131596  -30.393  32.035  -10.361 0.0000000000
131597  -32.243  32.052  -9.637 0.0000000000
131598  -32.517  32.447  -10.178 0.0000000000
131599  -32.608  32.970  -10.794 0.0000000000
131614  -30.186  32.787  -11.794 0.0000000000
131615  -32.574  32.452  -11.099 0.0000000000
131616  -32.650  33.237  -11.669 0.0000000000
131631  -29.682  32.253  -14.098 0.0000000000
131632  -29.952  32.699  -13.582 0.0000000000
131633  -32.628  32.590  -12.147 0.0000000000
131654  -29.563  32.551  -14.808 0.0000000000
131655  -29.800  33.539  -14.655 0.0000000000
132139  -45.167  34.373  -1.711 0.0000000000
132140  -45.332  34.393  -1.927 0.0000000000
132147  -44.948  34.223  -1.990 0.0000000000
132148  -45.154  34.247  -1.987 0.0000000000
132149  -45.670  34.233  -2.584 0.0000000000
132158  -45.181  34.249  -2.337 0.0000000000
132159  -45.641  34.036  -2.843 0.0000000000
132165  -26.908  34.449  -4.731 0.0000000000
132166  -27.113  34.420  -4.674 0.0000000000
132167  -27.340  34.464  -4.722 0.0000000000
132168  -45.446  34.070  -3.154 0.0000000000
132176  -27.022  34.359  -4.904 0.0000000000
132177  -27.330  34.352  -5.086 0.0000000000
132178  -27.830  34.371  -5.182 0.0000000000
132179  -28.398  34.436  -5.499 0.0000000000
132180  -28.872  34.479  -5.690 0.0000000000
132194  -27.362  34.427  -5.412 0.0000000000
132195  -27.915  34.290  -5.680 0.0000000000
132196  -28.455  34.176  -5.858 0.0000000000
132197  -29.004  34.116  -5.996 0.0000000000
132198  -29.558  34.120  -6.055 0.0000000000
132199  -30.107  34.059  -6.286 0.0000000000
132212  -28.193  34.484  -6.303 0.0000000000
132213  -28.725  34.179  -6.362 0.0000000000
132214  -29.166  34.026  -6.402 0.0000000000
132215  -29.668  33.875  -6.525 0.0000000000
132216  -30.223  33.812  -6.718 0.0000000000
132217  -30.726  33.879  -6.904 0.0000000000
132218  -31.540  33.587  -7.837 0.0000000000
132219  -31.769  34.029  -8.078 0.0000000000
132240  -28.923  34.730  -7.342 0.0000000000
132241  -29.331  34.225  -7.325 0.0000000000
132242  -29.436  33.931  -6.922 0.0000000000
132243  -31.813  33.130  -8.426 0.0000000000
132244  -32.081  33.530  -8.617 0.0000000000
132263  -29.286  35.005  -8.009 0.0000000000
132264  -29.793  34.608  -8.628 0.0000000000
132265  -32.525  33.540  -9.742 0.0000000000
132266  -32.568  34.150  -10.226 0.0000000000
132281  -30.350  34.334  -10.736 0.0000000000
132282  -32.623  33.141  -10.352 0.0000000000
132283  -32.628  33.869  -10.905 0.0000000000
132297  -30.390  34.218  -12.829 0.0000000000
132315  -29.622  34.815  -14.968 0.0000000000
132316  -30.118  34.213  -14.262 0.0000000000
132341  -29.783  34.166  -14.921 0.0000000000
132787  -40.629  35.812  3.102 0.0000000000
132788  -40.827  35.750  3.178 0.0000000000
132800  -40.592  35.771  2.936 0.0000000000
132801  -40.744  35.608  3.013 0.0000000000
132810  -42.512  35.477  0.793 0.0000000000
132811  -42.748  35.499  0.803 0.0000000000
132815  -42.888  35.218  0.169 0.0000000000
132816  -43.158  35.320  0.312 0.0000000000
132817  -43.474  35.376  0.116 0.0000000000
132821  -43.264  35.170  -0.490 0.0000000000
132822  -43.584  35.127  -0.488 0.0000000000
132823  -43.964  35.117  -0.456 0.0000000000
132824  -44.513  35.053  -0.737 0.0000000000
132831  -42.970  35.476  -1.095 0.0000000000
132832  -43.481  35.076  -1.114 0.0000000000
132833  -43.901  34.743  -1.118 0.0000000000
132834  -44.336  34.679  -1.112 0.0000000000
132835  -44.946  34.629  -1.358 0.0000000000
132836  -45.625  34.600  -2.156 0.0000000000
132843  -26.637  35.919  -2.752 0.0000000000
132844  -26.818  36.003  -2.818 0.0000000000
132845  -27.061  36.047  -2.763 0.0000000000
132846  -27.263  36.225  -2.738 0.0000000000
132847  -43.078  35.696  -1.753 0.0000000000
132848  -43.496  35.265  -1.784 0.0000000000
132849  -44.062  34.715  -1.922 0.0000000000
132850  -44.678  34.392  -1.773 0.0000000000
132851  -44.823  34.430  -1.518 0.0000000000
132858  -26.849  35.508  -3.690 0.0000000000
132859  -27.027  35.341  -3.675 0.0000000000
132860  -27.128  35.445  -3.553 0.0000000000
132861  -27.455  36.016  -3.423 0.0000000000
132862  -27.851  36.262  -3.700 0.0000000000
132863  -43.224  35.701  -2.134 0.0000000000
132864  -43.337  35.512  -2.012 0.0000000000
132865  -44.520  34.784  -2.831 0.0000000000
132866  -44.854  34.381  -2.543 0.0000000000
132873  -26.814  35.107  -4.477 0.0000000000
132874  -26.992  34.714  -4.495 0.0000000000
132875  -27.132  34.804  -4.295 0.0000000000
132876  -27.632  34.956  -4.414 0.0000000000
132877  -28.016  35.680  -4.173 0.0000000000
132880  -45.084  34.344  -3.493 0.0000000000
132887  -26.729  35.040  -5.206 0.0000000000
132888  -26.871  34.565  -5.061 0.0000000000
132889  -28.067  34.598  -5.000 0.0000000000
132890  -28.422  35.023  -4.991 0.0000000000
132891  -29.118  34.805  -5.619 0.0000000000
132903  -27.095  35.281  -5.750 0.0000000000
132904  -27.325  34.784  -5.796 0.0000000000
132905  -29.687  34.429  -5.983 0.0000000000
132906  -30.106  34.554  -6.169 0.0000000000
132907  -30.314  34.963  -6.349 0.0000000000
132922  -27.792  35.332  -6.392 0.0000000000
132923  -28.180  34.927  -6.687 0.0000000000
132924  -30.557  34.415  -6.508 0.0000000000
132925  -30.894  34.647  -6.906 0.0000000000
132926  -31.477  34.675  -7.677 0.0000000000
132946  -28.395  35.367  -7.109 0.0000000000
132947  -28.853  35.176  -7.557 0.0000000000
132948  -31.876  34.621  -8.394 0.0000000000
132960  -28.968  35.682  -7.766 0.0000000000
132961  -29.624  35.608  -8.712 0.0000000000
132962  -30.055  35.273  -9.831 0.0000000000
132963  -32.335  34.450  -9.093 0.0000000000
132964  -32.467  34.563  -9.805 0.0000000000
132973  -30.234  36.121  -10.086 0.0000000000
132974  -30.363  35.844  -11.030 0.0000000000
132975  -32.452  34.836  -10.644 0.0000000000
132989  -30.458  35.521  -12.264 0.0000000000
133010  -30.046  35.512  -13.775 0.0000000000
133492  -40.558  36.043  3.162 0.0000000000
133493  -40.789  35.965  3.213 0.0000000000
133494  -41.080  35.955  3.197 0.0000000000
133495  -41.471  36.054  3.028 0.0000000000
133504  -40.489  36.057  2.923 0.0000000000
133505  -40.735  35.850  2.992 0.0000000000
133506  -41.187  35.781  2.701 0.0000000000
133507  -41.741  35.900  2.450 0.0000000000
133508  -42.162  35.823  2.026 0.0000000000
133515  -40.358  36.173  2.498 0.0000000000
133516  -40.838  35.855  2.324 0.0000000000
133517  -41.407  35.729  2.011 0.0000000000
133518  -42.031  35.624  1.535 0.0000000000
133519  -42.551  35.770  1.345 0.0000000000
133520  -42.968  35.892  1.165 0.0000000000
133526  -40.382  36.240  1.918 0.0000000000
133527  -41.014  35.927  1.651 0.0000000000
133528  -41.644  35.674  1.247 0.0000000000
133529  -42.266  35.477  0.716 0.0000000000
133530  -42.948  35.589  0.866 0.0000000000
133531  -43.315  35.722  0.629 0.0000000000
133532  -43.678  35.855  0.305 0.0000000000
133537  -25.881  36.074  -0.558 0.0000000000
133538  -26.090  36.111  -0.510 0.0000000000
133539  -26.610  36.232  -0.403 0.0000000000
133540  -27.134  36.393  -0.331 0.0000000000
133541  -27.565  36.739  -0.410 0.0000000000
133542  -40.544  36.355  1.244 0.0000000000
133543  -41.182  35.977  0.896 0.0000000000
133544  -41.853  35.605  0.447 0.0000000000
133545  -42.585  35.307  0.031 0.0000000000
133546  -43.678  35.508  0.039 0.0000000000
133547  -44.190  35.609  -0.322 0.0000000000
133548  -44.756  35.695  -0.892 0.0000000000
133554  -25.665  36.052  -1.164 0.0000000000
133555  -25.813  36.005  -0.922 0.0000000000
133556  -26.225  35.867  -1.032 0.0000000000
133557  -26.704  36.029  -1.047 0.0000000000
133558  -27.181  36.316  -1.084 0.0000000000
133559  -27.664  36.886  -1.152 0.0000000000
133560  -40.631  36.405  0.519 0.0000000000
133561  -41.249  36.091  0.017 0.0000000000
133562  -42.286  35.692  -0.351 0.0000000000
133563  -42.934  35.284  -0.560 0.0000000000
133564  -44.825  35.139  -0.903 0.0000000000
133565  -45.386  35.308  -1.662 0.0000000000
133572  -25.794  36.077  -1.540 0.0000000000
133573  -26.183  35.915  -1.870 0.0000000000
133574  -26.483  35.883  -1.852 0.0000000000
133575  -26.862  36.047  -1.893 0.0000000000
133576  -27.295  36.348  -2.028 0.0000000000
133577  -27.704  36.956  -2.112 0.0000000000
133578  -41.835  36.345  -0.467 0.0000000000
133579  -42.537  36.253  -1.168 0.0000000000
133580  -43.586  35.270  -2.085 0.0000000000
133581  -43.749  35.089  -2.115 0.0000000000
133587  -26.246  36.199  -2.579 0.0000000000
133588  -26.652  36.062  -2.936 0.0000000000
133589  -27.468  36.476  -2.683 0.0000000000
133590  -27.806  36.894  -3.107 0.0000000000
133591  -42.964  36.220  -2.363 0.0000000000
133592  -43.552  35.451  -2.373 0.0000000000
133593  -44.005  35.028  -2.439 0.0000000000
133601  -26.497  36.290  -3.657 0.0000000000
133602  -26.718  35.805  -3.638 0.0000000000
133603  -28.216  36.500  -4.057 0.0000000000
133604  -28.460  36.784  -4.440 0.0000000000
133605  -43.199  36.845  -3.510 0.0000000000
133606  -43.652  35.935  -3.290 0.0000000000
133607  -44.151  35.307  -3.082 0.0000000000
133617  -26.644  36.338  -4.588 0.0000000000
133618  -26.694  35.630  -4.510 0.0000000000
133619  -28.360  35.731  -4.558 0.0000000000
133620  -28.744  35.994  -5.092 0.0000000000
133621  -29.024  36.482  -5.482 0.0000000000
133635  -27.038  36.536  -5.299 0.0000000000
133636  -26.782  35.720  -5.295 0.0000000000
133637  -29.439  35.044  -5.766 0.0000000000
133638  -29.471  35.817  -5.985 0.0000000000
133639  -30.193  35.864  -6.606 0.0000000000
133656  -27.647  36.902  -5.671 0.0000000000
133657  -27.689  36.170  -6.051 0.0000000000
133658  -30.778  35.812  -7.342 0.0000000000
133659  -31.379  35.797  -8.138 0.0000000000
133674  -28.592  36.128  -7.264 0.0000000000
133675  -31.877  35.620  -9.099 0.0000000000
133686  -29.362  36.434  -8.488 0.0000000000
133687  -29.924  36.725  -9.763 0.0000000000
133688  -32.329  35.023  -9.433 0.0000000000
133689  -32.131  35.638  -10.101 0.0000000000
133702  -30.304  36.800  -11.012 0.0000000000
133703  -30.327  36.554  -12.011 0.0000000000
133724  -30.037  36.335  -12.891 0.0000000000
133745  -29.748  36.296  -13.419 0.0000000000
134158  -41.513  36.874  3.891 0.0000000000
134159  -41.879  36.833  4.048 0.0000000000
134160  -42.112  36.909  4.097 0.0000000000
134166  -39.973  37.379  2.507 0.0000000000
134167  -40.546  36.565  3.175 0.0000000000
134168  -41.038  36.347  3.497 0.0000000000
134169  -41.472  36.405  3.479 0.0000000000
134170  -42.067  36.521  3.311 0.0000000000
134171  -42.700  37.038  2.996 0.0000000000
134172  -43.020  37.357  2.862 0.0000000000
134178  -39.563  37.311  1.994 0.0000000000
134179  -40.064  36.634  2.545 0.0000000000
134180  -42.072  36.090  2.489 0.0000000000
134181  -42.492  36.388  2.149 0.0000000000
134182  -42.961  37.089  2.337 0.0000000000
134189  -28.373  37.544  1.287 0.0000000000
134190  -29.162  37.713  1.047 0.0000000000
134191  -30.298  37.756  0.562 0.0000000000
134192  -31.425  37.247  0.841 0.0000000000
134193  -32.296  36.953  1.221 0.0000000000
134194  -33.028  37.011  1.489 0.0000000000
134195  -33.697  37.487  1.555 0.0000000000
134196  -34.140  37.783  1.616 0.0000000000
134197  -39.475  37.437  1.576 0.0000000000
134198  -39.825  36.665  2.061 0.0000000000
134199  -42.770  36.138  1.490 0.0000000000
134200  -43.203  36.598  1.343 0.0000000000
134201  -43.557  37.116  0.953 0.0000000000
134208  -26.609  36.949  0.246 0.0000000000
134209  -27.269  37.018  0.626 0.0000000000
134210  -27.772  37.067  0.886 0.0000000000
134211  -28.470  37.319  0.774 0.0000000000
134212  -29.547  37.692  0.413 0.0000000000
134213  -30.851  37.458  0.455 0.0000000000
134214  -31.921  36.912  0.744 0.0000000000
134215  -32.764  36.667  0.992 0.0000000000
134216  -33.517  37.083  1.129 0.0000000000
134217  -34.160  37.605  1.330 0.0000000000
134218  -39.480  37.563  1.038 0.0000000000
134219  -39.900  36.806  1.476 0.0000000000
134220  -43.489  36.123  0.693 0.0000000000
134221  -43.826  36.509  0.415 0.0000000000
134225  -25.705  36.730  -0.618 0.0000000000
134226  -25.989  36.374  -0.351 0.0000000000
134227  -26.570  36.535  0.020 0.0000000000
134228  -27.155  36.646  0.257 0.0000000000
134229  -27.724  36.856  0.277 0.0000000000
134230  -28.505  37.408  -0.204 0.0000000000
134231  -30.106  37.669  -0.070 0.0000000000
134232  -31.439  37.154  0.117 0.0000000000
134233  -32.473  36.708  0.302 0.0000000000
134234  -33.352  36.849  0.447 0.0000000000
134235  -34.338  37.636  0.651 0.0000000000
134236  -35.051  38.241  0.448 0.0000000000
134237  -39.679  37.755  0.401 0.0000000000
134238  -40.076  36.973  0.757 0.0000000000
134239  -44.446  36.429  -0.444 0.0000000000
134240  -44.889  36.430  -1.419 0.0000000000
134248  -25.632  36.417  -1.190 0.0000000000
134249  -25.710  36.310  -0.711 0.0000000000
134250  -28.311  37.512  -1.431 0.0000000000
134251  -29.392  37.930  -0.942 0.0000000000
134252  -30.802  37.625  -0.680 0.0000000000
134253  -32.081  37.102  -0.456 0.0000000000
134254  -33.114  36.780  -0.370 0.0000000000
134255  -34.002  37.238  -0.219 0.0000000000
134256  -34.863  38.027  -0.074 0.0000000000
134257  -39.833  37.945  0.018 0.0000000000
134258  -40.439  37.224  -0.218 0.0000000000
134259  -41.205  36.590  -0.400 0.0000000000
134270  -25.655  36.556  -2.035 0.0000000000
134271  -28.140  37.458  -2.311 0.0000000000
134272  -28.814  38.146  -2.135 0.0000000000
134273  -30.117  38.379  -1.717 0.0000000000
134274  -31.542  37.799  -1.281 0.0000000000
134275  -32.753  37.320  -1.158 0.0000000000
134276  -33.777  37.264  -1.060 0.0000000000
134277  -34.617  37.797  -0.875 0.0000000000
134278  -40.945  38.004  -0.923 0.0000000000
134279  -41.669  37.246  -0.945 0.0000000000
134280  -42.407  37.061  -1.760 0.0000000000
134288  -25.977  36.830  -2.972 0.0000000000
134289  -28.281  37.596  -2.806 0.0000000000
134290  -28.583  37.995  -3.058 0.0000000000
134291  -31.049  38.687  -2.037 0.0000000000
134292  -32.205  38.202  -1.983 0.0000000000
134293  -33.454  37.770  -1.950 0.0000000000
134294  -34.472  37.955  -1.689 0.0000000000
134295  -35.066  38.317  -1.337 0.0000000000
134296  -41.356  38.175  -1.419 0.0000000000
134297  -41.961  38.114  -1.925 0.0000000000
134298  -42.539  37.394  -2.731 0.0000000000
134307  -26.359  37.086  -3.915 0.0000000000
134308  -28.242  37.326  -3.400 0.0000000000
134309  -28.514  37.511  -3.909 0.0000000000
134310  -42.035  38.418  -3.136 0.0000000000
134320  -26.836  37.230  -4.737 0.0000000000
134321  -28.624  37.202  -4.671 0.0000000000
134322  -28.808  37.108  -5.221 0.0000000000
134331  -27.455  37.376  -5.353 0.0000000000
134332  -29.103  37.049  -5.739 0.0000000000
134333  -29.497  37.013  -6.332 0.0000000000
134350  -27.830  37.418  -5.749 0.0000000000
134351  -28.252  37.316  -6.131 0.0000000000
134352  -30.137  37.149  -6.949 0.0000000000
134353  -30.743  37.213  -7.753 0.0000000000
134368  -28.743  37.207  -7.119 0.0000000000
134381  -29.281  37.251  -8.253 0.0000000000
134382  -29.500  37.433  -9.445 0.0000000000
134401  -29.581  37.670  -11.012 0.0000000000
134402  -29.971  37.292  -11.995 0.0000000000
134424  -29.970  37.146  -12.683 0.0000000000
134827  -41.552  38.172  4.897 0.0000000000
134828  -41.658  38.011  5.036 0.0000000000
134829  -41.829  37.795  5.210 0.0000000000
134830  -42.096  37.701  5.288 0.0000000000
134835  -41.469  38.075  4.502 0.0000000000
134836  -41.502  37.516  4.328 0.0000000000
134837  -41.892  37.304  4.599 0.0000000000
134838  -42.264  37.334  4.740 0.0000000000
134839  -42.699  37.451  4.535 0.0000000000
134840  -43.185  37.647  4.283 0.0000000000
134845  -39.739  38.830  1.771 0.0000000000
134846  -39.931  38.403  2.228 0.0000000000
134847  -40.950  37.865  3.384 0.0000000000
134848  -41.043  36.953  3.729 0.0000000000
134849  -42.324  37.082  4.125 0.0000000000
134850  -42.661  37.246  3.803 0.0000000000
134851  -43.282  37.629  3.464 0.0000000000
134852  -43.668  37.949  3.083 0.0000000000
134855  -28.644  38.059  1.649 0.0000000000
134856  -28.823  38.130  1.489 0.0000000000
134857  -29.522  38.041  1.165 0.0000000000
134858  -30.403  37.965  0.606 0.0000000000
134859  -31.367  37.778  0.955 0.0000000000
134860  -32.299  37.648  1.410 0.0000000000
134861  -33.166  37.759  1.734 0.0000000000
134862  -33.937  38.070  1.945 0.0000000000
134863  -38.533  38.926  1.384 0.0000000000
134864  -39.128  38.784  1.473 0.0000000000
134865  -39.290  38.080  1.807 0.0000000000
134866  -43.316  37.574  2.711 0.0000000000
134867  -43.785  37.929  2.461 0.0000000000
134872  -27.945  37.916  1.406 0.0000000000
134873  -28.331  37.938  1.455 0.0000000000
134874  -28.935  37.926  1.394 0.0000000000
134875  -29.784  38.000  0.767 0.0000000000
134876  -30.921  37.694  0.655 0.0000000000
134877  -31.870  37.307  1.167 0.0000000000
134878  -32.667  37.261  1.569 0.0000000000
134879  -33.400  37.576  1.732 0.0000000000
134880  -34.258  38.166  1.834 0.0000000000
134881  -34.980  38.429  1.855 0.0000000000
134882  -38.110  38.857  1.410 0.0000000000
134883  -38.516  38.714  1.262 0.0000000000
134884  -39.152  38.241  1.432 0.0000000000
134885  -43.365  37.388  2.067 0.0000000000
134886  -43.697  37.688  1.493 0.0000000000
134895  -26.285  37.603  -0.292 0.0000000000
134896  -26.541  37.455  0.055 0.0000000000
134897  -27.532  37.637  0.885 0.0000000000
134898  -27.878  37.398  1.147 0.0000000000
134899  -34.559  38.144  1.553 0.0000000000
134900  -35.492  38.531  1.532 0.0000000000
134901  -36.909  38.878  1.413 0.0000000000
134902  -38.121  38.796  1.138 0.0000000000
134903  -39.023  38.374  1.131 0.0000000000
134904  -43.924  37.562  0.583 0.0000000000
134905  -44.345  37.768  0.002 0.0000000000
134913  -25.803  37.751  -1.169 0.0000000000
134914  -25.937  37.531  -0.694 0.0000000000
134915  -26.038  36.949  -0.138 0.0000000000
134916  -34.745  38.115  1.180 0.0000000000
134917  -35.521  38.507  0.913 0.0000000000
134918  -36.845  38.987  0.805 0.0000000000
134919  -38.074  38.931  0.694 0.0000000000
134920  -39.082  38.483  0.647 0.0000000000
134921  -44.231  37.124  -0.007 0.0000000000
134922  -44.541  37.517  -0.904 0.0000000000
134932  -25.612  37.748  -1.377 0.0000000000
134933  -25.601  37.195  -1.219 0.0000000000
134934  -35.732  38.734  0.257 0.0000000000
134935  -36.954  39.350  0.006 0.0000000000
134936  -38.361  39.123  0.112 0.0000000000
134937  -39.325  38.542  0.021 0.0000000000
134938  -39.873  38.273  -0.314 0.0000000000
134949  -25.366  37.889  -1.874 0.0000000000
134950  -25.467  37.207  -1.823 0.0000000000
134951  -28.975  38.342  -2.758 0.0000000000
134952  -29.426  38.533  -2.547 0.0000000000
134953  -35.617  38.782  -0.702 0.0000000000
134954  -36.847  39.632  -1.165 0.0000000000
134955  -40.323  38.405  -0.734 0.0000000000
134964  -25.165  38.082  -2.554 0.0000000000
134965  -25.580  37.300  -2.496 0.0000000000
134966  -29.088  38.488  -3.347 0.0000000000
134967  -30.162  39.068  -2.824 0.0000000000
134968  -31.497  39.220  -2.790 0.0000000000
134969  -32.871  38.706  -2.865 0.0000000000
134970  -34.270  38.346  -2.795 0.0000000000
134971  -35.618  39.040  -2.071 0.0000000000
134972  -37.021  40.100  -2.210 0.0000000000
134973  -37.579  40.488  -2.624 0.0000000000
134974  -40.888  38.993  -1.428 0.0000000000
134975  -41.394  38.640  -1.799 0.0000000000
134983  -25.101  38.511  -3.211 0.0000000000
134984  -25.688  37.923  -3.420 0.0000000000
134985  -28.875  38.061  -4.371 0.0000000000
134986  -29.614  38.932  -4.106 0.0000000000
134987  -30.836  39.704  -3.890 0.0000000000
134988  -32.141  39.856  -3.804 0.0000000000
134989  -33.597  39.339  -3.748 0.0000000000
134990  -35.060  39.176  -3.639 0.0000000000
134991  -36.338  39.929  -3.417 0.0000000000
134992  -37.165  40.566  -2.991 0.0000000000
134993  -40.758  39.583  -2.138 0.0000000000
134994  -41.342  39.233  -2.480 0.0000000000
135002  -26.448  38.033  -4.337 0.0000000000
135003  -28.854  37.635  -4.872 0.0000000000
135004  -29.191  38.083  -5.226 0.0000000000
135005  -30.086  39.272  -5.061 0.0000000000
135006  -32.193  40.349  -4.341 0.0000000000
135007  -32.851  40.332  -4.563 0.0000000000
135008  -34.353  40.050  -4.663 0.0000000000
135009  -35.549  40.017  -4.286 0.0000000000
135019  -27.327  38.228  -5.031 0.0000000000
135020  -29.288  37.682  -5.918 0.0000000000
135021  -29.697  38.431  -6.253 0.0000000000
135022  -32.894  40.820  -4.973 0.0000000000
135023  -33.426  40.701  -5.071 0.0000000000
135039  -28.076  38.186  -5.888 0.0000000000
135040  -28.895  38.338  -6.899 0.0000000000
135041  -30.253  38.571  -7.170 0.0000000000
135053  -29.260  38.475  -8.426 0.0000000000
135054  -28.955  39.060  -9.427 0.0000000000
135067  -29.388  37.947  -9.059 0.0000000000
135068  -29.012  38.601  -10.158 0.0000000000
135490  -41.577  38.629  6.422 0.0000000000
135491  -42.011  38.596  6.412 0.0000000000
135492  -42.333  38.636  6.319 0.0000000000
135496  -41.475  38.445  5.173 0.0000000000
135497  -41.536  38.378  5.853 0.0000000000
135498  -41.936  38.168  5.889 0.0000000000
135499  -42.535  38.188  5.712 0.0000000000
135500  -43.353  38.593  5.313 0.0000000000
135501  -43.710  38.869  4.990 0.0000000000
135505  -41.280  39.015  3.655 0.0000000000
135506  -41.440  38.621  4.245 0.0000000000
135507  -42.662  37.674  5.041 0.0000000000
135508  -43.116  37.907  4.961 0.0000000000
135509  -43.729  38.446  4.268 0.0000000000
135510  -44.125  38.876  3.670 0.0000000000
135514  -36.406  39.344  2.402 0.0000000000
135515  -37.848  39.402  1.714 0.0000000000
135516  -39.169  39.394  1.472 0.0000000000
135517  -40.019  39.130  1.756 0.0000000000
135518  -40.820  38.949  2.874 0.0000000000
135519  -41.146  38.624  3.493 0.0000000000
135520  -43.751  38.130  3.531 0.0000000000
135521  -44.159  38.545  3.153 0.0000000000
135525  -28.822  38.323  1.149 0.0000000000
135526  -29.304  38.446  0.629 0.0000000000
135527  -30.054  38.473  0.269 0.0000000000
135528  -30.955  38.381  0.358 0.0000000000
135529  -31.926  38.199  0.812 0.0000000000
135530  -32.875  38.207  1.471 0.0000000000
135531  -33.902  38.326  1.851 0.0000000000
135532  -35.074  38.767  2.307 0.0000000000
135533  -36.727  39.000  2.119 0.0000000000
135534  -38.286  39.036  1.536 0.0000000000
135535  -39.212  39.107  1.504 0.0000000000
135536  -44.312  38.514  2.089 0.0000000000
135542  -28.118  38.212  1.093 0.0000000000
135543  -28.587  38.368  1.002 0.0000000000
135544  -34.972  38.566  2.119 0.0000000000
135545  -35.832  38.733  2.010 0.0000000000
135546  -37.063  38.866  1.819 0.0000000000
135547  -44.302  38.559  0.933 0.0000000000
135548  -44.671  39.209  0.405 0.0000000000
135555  -26.606  37.970  -0.529 0.0000000000
135556  -27.207  38.071  0.170 0.0000000000
135557  -27.765  38.264  0.611 0.0000000000
135558  -36.151  38.749  1.710 0.0000000000
135559  -36.477  38.781  1.806 0.0000000000
135560  -44.263  38.119  0.338 0.0000000000
135561  -44.507  38.683  -0.322 0.0000000000
135567  -25.847  38.107  -1.466 0.0000000000
135568  -26.318  38.145  -1.190 0.0000000000
135574  -25.336  38.369  -1.953 0.0000000000
135575  -37.847  39.543  -0.628 0.0000000000
135576  -38.778  39.234  -0.487 0.0000000000
135577  -39.473  38.886  -0.553 0.0000000000
135578  -39.864  38.670  -0.664 0.0000000000
135586  -24.562  39.586  -2.992 0.0000000000
135587  -25.015  38.860  -2.517 0.0000000000
135588  -37.770  39.850  -1.302 0.0000000000
135589  -38.477  39.655  -1.172 0.0000000000
135590  -39.150  39.380  -0.965 0.0000000000
135591  -39.880  39.202  -1.092 0.0000000000
135600  -24.697  39.658  -3.520 0.0000000000
135601  -24.745  38.944  -3.066 0.0000000000
135602  -37.462  40.010  -1.644 0.0000000000
135603  -38.242  40.219  -2.056 0.0000000000
135604  -39.467  40.079  -2.233 0.0000000000
135605  -40.226  39.674  -1.875 0.0000000000
135612  -24.960  39.876  -3.846 0.0000000000
135613  -25.561  39.334  -3.834 0.0000000000
135614  -26.119  38.623  -4.044 0.0000000000
135615  -31.567  40.215  -4.320 0.0000000000
135616  -31.940  40.337  -4.296 0.0000000000
135617  -37.041  40.810  -3.724 0.0000000000
135618  -37.875  40.935  -3.322 0.0000000000
135619  -39.114  40.741  -3.243 0.0000000000
135620  -40.480  40.254  -2.927 0.0000000000
135621  -41.234  39.960  -3.223 0.0000000000
135630  -26.480  39.858  -4.443 0.0000000000
135631  -26.877  39.266  -4.628 0.0000000000
135632  -31.053  40.140  -4.944 0.0000000000
135633  -31.962  40.665  -4.788 0.0000000000
135634  -32.582  40.818  -4.923 0.0000000000
135649  -27.903  39.321  -5.672 0.0000000000
135650  -30.553  39.653  -5.939 0.0000000000
135651  -31.275  40.750  -5.905 0.0000000000
135668  -28.595  39.358  -6.682 0.0000000000
135669  -29.069  39.485  -7.796 0.0000000000
135670  -30.335  39.200  -6.591 0.0000000000
136026  -40.456  39.458  7.162 0.0000000000
136027  -40.830  39.438  7.236 0.0000000000
136028  -41.071  39.504  7.257 0.0000000000
136034  -40.442  39.498  6.084 0.0000000000
136035  -40.509  39.312  6.618 0.0000000000
136036  -41.008  39.002  6.688 0.0000000000
136037  -41.426  39.218  6.936 0.0000000000
136038  -42.227  39.216  6.607 0.0000000000
136039  -42.527  39.611  6.403 0.0000000000
136044  -40.897  39.632  5.013 0.0000000000
136045  -41.067  39.038  5.448 0.0000000000
136046  -41.070  38.759  6.071 0.0000000000
136047  -42.536  38.756  6.261 0.0000000000
136048  -42.916  39.176  6.052 0.0000000000
136049  -43.454  39.295  5.295 0.0000000000
136055  -41.209  39.603  3.604 0.0000000000
136056  -41.284  39.195  4.380 0.0000000000
136057  -43.720  39.308  4.617 0.0000000000
136058  -43.982  39.350  3.858 0.0000000000
136065  -34.514  39.515  1.914 0.0000000000
136066  -35.505  39.572  2.551 0.0000000000
136067  -37.157  39.813  2.163 0.0000000000
136068  -38.982  39.814  1.477 0.0000000000
136069  -40.164  39.734  1.547 0.0000000000
136070  -40.854  39.700  2.373 0.0000000000
136071  -44.398  39.336  3.240 0.0000000000
136081  -28.998  39.159  0.295 0.0000000000
136082  -29.307  39.258  0.140 0.0000000000
136083  -29.862  39.356  -0.131 0.0000000000
136084  -30.613  39.277  -0.334 0.0000000000
136085  -31.591  39.005  -0.264 0.0000000000
136086  -32.726  38.759  0.323 0.0000000000
136087  -33.680  38.814  1.379 0.0000000000
136088  -34.504  38.975  2.225 0.0000000000
136089  -44.706  39.443  2.332 0.0000000000
136090  -44.943  40.135  1.763 0.0000000000
136099  -28.433  38.923  0.034 0.0000000000
136100  -28.718  38.780  0.399 0.0000000000
136101  -44.619  39.075  1.692 0.0000000000
136102  -45.016  39.789  1.126 0.0000000000
136107  -26.988  38.655  -1.615 0.0000000000
136108  -27.466  38.601  -0.836 0.0000000000
136109  -27.841  38.578  -0.128 0.0000000000
136115  -25.949  38.891  -2.285 0.0000000000
136116  -26.398  38.610  -1.825 0.0000000000
136123  -25.032  39.250  -2.371 0.0000000000
136132  -24.431  40.146  -3.022 0.0000000000
136133  -24.623  39.755  -2.681 0.0000000000
136134  -38.678  39.668  -1.310 0.0000000000
136135  -38.912  39.613  -1.339 0.0000000000
136136  -39.321  39.540  -1.333 0.0000000000
136146  -24.570  40.208  -3.459 0.0000000000
136147  -38.675  39.790  -1.525 0.0000000000
136148  -39.037  39.800  -1.694 0.0000000000
136149  -39.604  39.682  -1.627 0.0000000000
136159  -24.801  40.271  -3.880 0.0000000000
136160  -25.303  40.329  -4.148 0.0000000000
136167  -26.383  40.549  -4.501 0.0000000000
136168  -27.005  40.228  -4.758 0.0000000000
136174  -27.100  40.861  -5.218 0.0000000000
136175  -27.615  40.422  -5.618 0.0000000000
136190  -28.298  40.333  -6.601 0.0000000000
136191  -28.633  40.268  -7.526 0.0000000000
136521  -39.339  40.358  6.989 0.0000000000
136522  -39.860  39.937  7.240 0.0000000000
136523  -40.360  39.848  7.443 0.0000000000
136524  -40.977  39.846  7.453 0.0000000000
136525  -41.183  40.105  7.403 0.0000000000
136535  -40.131  41.030  5.169 0.0000000000
136536  -40.150  40.168  5.954 0.0000000000
136537  -39.923  39.729  6.754 0.0000000000
136538  -41.252  39.635  7.235 0.0000000000
136539  -41.586  39.912  7.167 0.0000000000
136540  -42.255  40.061  6.632 0.0000000000
136548  -40.818  41.060  3.668 0.0000000000
136549  -40.781  40.283  4.398 0.0000000000
136550  -42.648  40.051  6.124 0.0000000000
136551  -42.929  40.009  5.444 0.0000000000
136558  -35.232  40.283  2.657 0.0000000000
136559  -35.495  40.220  2.473 0.0000000000
136560  -40.742  40.807  2.335 0.0000000000
136561  -41.126  40.331  3.016 0.0000000000
136562  -43.294  40.100  4.714 0.0000000000
136563  -43.586  40.221  3.924 0.0000000000
136569  -34.626  40.063  1.177 0.0000000000
136570  -35.152  40.119  2.322 0.0000000000
136571  -36.200  40.142  2.231 0.0000000000
136572  -38.596  40.256  1.390 0.0000000000
136573  -40.217  40.303  1.381 0.0000000000
136574  -40.762  40.212  2.067 0.0000000000
136575  -44.110  40.240  3.172 0.0000000000
136576  -44.383  40.410  2.658 0.0000000000
136582  -29.131  39.771  -0.059 0.0000000000
136583  -29.384  40.201  -0.276 0.0000000000
136584  -29.802  40.496  -0.334 0.0000000000
136585  -30.332  40.568  -0.547 0.0000000000
136586  -31.138  40.289  -1.053 0.0000000000
136587  -32.421  39.899  -1.056 0.0000000000
136588  -33.706  39.557  0.107 0.0000000000
136589  -44.519  39.923  2.764 0.0000000000
136590  -44.644  40.538  2.107 0.0000000000
136599  -28.836  39.993  -0.608 0.0000000000
136600  -29.093  39.975  -0.215 0.0000000000
136601  -29.408  40.629  -0.405 0.0000000000
136602  -31.700  40.704  -1.395 0.0000000000
136603  -32.162  40.753  -1.506 0.0000000000
136611  -27.237  39.082  -2.086 0.0000000000
136612  -27.723  39.377  -2.048 0.0000000000
136613  -28.331  39.403  -1.006 0.0000000000
136619  -26.217  39.279  -2.540 0.0000000000
136620  -26.873  39.371  -2.541 0.0000000000
136621  -27.607  39.752  -2.706 0.0000000000
136628  -25.712  39.701  -2.679 0.0000000000
136629  -26.467  39.985  -3.059 0.0000000000
136638  -24.577  40.540  -2.938 0.0000000000
136639  -24.818  40.162  -2.545 0.0000000000
136647  -24.567  40.822  -3.428 0.0000000000
136653  -24.761  40.998  -3.974 0.0000000000
136654  -25.060  40.819  -4.183 0.0000000000
136657  -25.138  41.410  -4.335 0.0000000000
136658  -25.844  41.372  -4.441 0.0000000000
136664  -26.836  41.718  -5.397 0.0000000000
136665  -27.468  41.357  -5.911 0.0000000000
136673  -27.292  42.181  -6.761 0.0000000000
136674  -27.972  41.391  -6.876 0.0000000000
136675  -28.399  40.963  -7.461 0.0000000000
137020  -38.018  42.133  6.636 0.0000000000
137021  -38.503  41.337  7.004 0.0000000000
137022  -39.154  40.885  7.260 0.0000000000
137023  -39.807  40.498  7.448 0.0000000000
137024  -40.527  40.324  7.504 0.0000000000
137025  -40.967  40.188  7.487 0.0000000000
137034  -38.795  41.780  5.921 0.0000000000
137035  -39.321  40.878  6.370 0.0000000000
137036  -40.535  40.801  7.299 0.0000000000
137037  -41.061  40.565  7.141 0.0000000000
137038  -41.713  40.644  6.578 0.0000000000
137049  -39.850  41.849  4.317 0.0000000000
137050  -42.113  40.776  5.888 0.0000000000
137051  -42.496  40.611  5.472 0.0000000000
137060  -35.089  40.369  2.460 0.0000000000
137061  -35.129  40.508  2.665 0.0000000000
137062  -40.458  41.785  2.781 0.0000000000
137063  -42.174  41.344  5.033 0.0000000000
137064  -42.604  41.231  4.553 0.0000000000
137065  -43.164  41.031  4.036 0.0000000000
137071  -30.127  42.469  -0.507 0.0000000000
137072  -30.346  42.527  -0.612 0.0000000000
137073  -34.768  40.333  0.734 0.0000000000
137074  -35.158  40.470  1.539 0.0000000000
137075  -35.992  40.463  1.931 0.0000000000
137076  -37.862  40.657  1.173 0.0000000000
137077  -40.448  41.219  1.053 0.0000000000
137078  -40.395  42.115  0.766 0.0000000000
137091  -30.008  41.895  -0.612 0.0000000000
137092  -29.810  41.540  -0.555 0.0000000000
137093  -30.129  41.877  -0.730 0.0000000000
137094  -30.640  41.822  -1.077 0.0000000000
137095  -31.237  41.246  -1.316 0.0000000000
137096  -33.335  40.204  -0.993 0.0000000000
137097  -34.305  40.662  -0.522 0.0000000000
137098  -35.031  41.016  0.145 0.0000000000
137099  -39.160  41.187  0.455 0.0000000000
137100  -39.883  41.687  0.424 0.0000000000
137101  -40.154  42.176  0.515 0.0000000000
137113  -29.362  41.042  -0.815 0.0000000000
137114  -29.629  41.328  -0.566 0.0000000000
137115  -29.564  40.942  -0.479 0.0000000000
137116  -31.190  41.887  -1.287 0.0000000000
137117  -31.773  41.449  -1.540 0.0000000000
137118  -32.878  41.065  -1.636 0.0000000000
137119  -33.730  41.554  -1.633 0.0000000000
137124  -28.636  40.324  -2.053 0.0000000000
137125  -28.983  40.642  -1.263 0.0000000000
137130  -27.540  39.920  -3.016 0.0000000000
137131  -28.069  40.470  -2.942 0.0000000000
137138  -25.111  41.502  -2.663 0.0000000000
137139  -25.722  40.798  -2.920 0.0000000000
137140  -27.173  40.494  -3.304 0.0000000000
137141  -27.905  41.030  -3.505 0.0000000000
137149  -24.789  41.211  -2.812 0.0000000000
137150  -25.096  40.490  -2.492 0.0000000000
137156  -24.498  41.544  -3.332 0.0000000000
137161  -24.552  41.765  -3.925 0.0000000000
137164  -25.025  42.100  -4.485 0.0000000000
137165  -25.551  42.013  -4.606 0.0000000000
137172  -25.588  42.596  -5.006 0.0000000000
137173  -26.161  42.483  -5.329 0.0000000000
137181  -26.733  42.804  -6.509 0.0000000000
137524  -37.765  42.798  6.646 0.0000000000
137525  -37.970  42.439  7.059 0.0000000000
137526  -38.472  41.985  7.247 0.0000000000
137527  -39.198  41.572  7.408 0.0000000000
137528  -40.025  41.011  7.385 0.0000000000
137535  -37.683  43.693  5.560 0.0000000000
137536  -37.827  42.886  5.933 0.0000000000
137537  -39.774  41.807  7.163 0.0000000000
137538  -40.464  41.470  6.794 0.0000000000
137539  -41.200  41.515  6.077 0.0000000000
137540  -41.651  41.335  5.796 0.0000000000
137549  -38.091  43.672  5.040 0.0000000000
137550  -38.820  42.772  4.950 0.0000000000
137551  -41.498  42.100  5.290 0.0000000000
137552  -41.758  41.971  4.935 0.0000000000
137565  -30.339  44.083  1.233 0.0000000000
137566  -30.413  44.102  0.937 0.0000000000
137567  -30.594  44.024  0.783 0.0000000000
137568  -39.110  43.764  4.333 0.0000000000
137569  -40.021  43.115  3.460 0.0000000000
137583  -30.295  43.780  0.271 0.0000000000
137584  -30.400  43.644  0.419 0.0000000000
137585  -30.344  43.118  0.041 0.0000000000
137586  -30.737  43.255  -0.076 0.0000000000
137587  -31.238  43.336  -0.288 0.0000000000
137588  -35.885  40.872  1.269 0.0000000000
137589  -36.782  41.171  1.005 0.0000000000
137590  -38.120  41.232  0.442 0.0000000000
137591  -40.594  42.839  2.004 0.0000000000
137592  -40.694  42.733  1.158 0.0000000000
137604  -29.948  43.055  -0.529 0.0000000000
137605  -30.015  42.878  -0.300 0.0000000000
137606  -30.068  42.641  -0.387 0.0000000000
137607  -30.271  42.629  -0.590 0.0000000000
137608  -31.128  42.583  -0.830 0.0000000000
137609  -31.656  43.010  -1.013 0.0000000000
137610  -32.283  43.086  -1.444 0.0000000000
137611  -34.918  41.354  -0.613 0.0000000000
137612  -35.827  41.492  -0.055 0.0000000000
137613  -37.499  41.751  -0.074 0.0000000000
137614  -38.987  41.716  -0.182 0.0000000000
137615  -39.823  42.224  0.158 0.0000000000
137616  -40.374  42.751  0.527 0.0000000000
137622  -30.056  42.238  -0.880 0.0000000000
137623  -29.968  42.120  -0.682 0.0000000000
137624  -31.515  42.234  -1.340 0.0000000000
137625  -32.146  42.221  -1.637 0.0000000000
137626  -33.158  42.548  -1.694 0.0000000000
137627  -34.645  42.213  -1.581 0.0000000000
137628  -35.893  42.734  -1.676 0.0000000000
137629  -39.393  42.332  -0.365 0.0000000000
137630  -39.865  42.837  -0.129 0.0000000000
137631  -40.247  43.399  0.292 0.0000000000
137636  -29.191  41.049  -1.920 0.0000000000
137637  -29.654  42.014  -1.552 0.0000000000
137643  -29.077  41.557  -2.580 0.0000000000
137644  -29.719  42.780  -2.393 0.0000000000
137652  -25.387  41.762  -2.771 0.0000000000
137653  -26.390  41.620  -3.353 0.0000000000
137654  -27.529  41.682  -3.669 0.0000000000
137655  -28.446  41.878  -3.520 0.0000000000
137662  -24.811  42.135  -2.811 0.0000000000
137664  -23.884  43.023  -3.454 0.0000000000
137665  -24.255  42.581  -3.280 0.0000000000
137668  -23.958  43.097  -3.725 0.0000000000
137669  -24.249  42.501  -3.826 0.0000000000
137672  -24.222  43.294  -4.286 0.0000000000
137673  -24.711  42.953  -4.531 0.0000000000
137679  -25.318  43.217  -5.272 0.0000000000
137680  -25.804  43.090  -5.663 0.0000000000
137686  -25.699  43.814  -6.401 0.0000000000
137687  -26.152  43.320  -6.482 0.0000000000
138088  -37.486  44.118  6.370 0.0000000000
138089  -37.577  43.606  6.719 0.0000000000
138090  -37.949  43.218  7.172 0.0000000000
138091  -38.500  42.824  7.246 0.0000000000
138092  -39.249  42.635  7.132 0.0000000000
138104  -37.562  44.021  5.980 0.0000000000
138105  -37.626  43.263  6.402 0.0000000000
138106  -39.993  42.535  6.556 0.0000000000
138107  -40.737  42.489  5.732 0.0000000000
138108  -41.421  42.820  5.126 0.0000000000
138121  -30.696  45.274  2.321 0.0000000000
138122  -30.879  45.163  2.197 0.0000000000
138123  -37.839  44.662  5.045 0.0000000000
138136  -30.494  44.772  1.423 0.0000000000
138137  -30.577  44.569  1.416 0.0000000000
138138  -30.708  44.934  1.800 0.0000000000
138139  -30.992  44.492  1.420 0.0000000000
138140  -31.361  44.616  1.109 0.0000000000
138141  -31.815  45.145  0.794 0.0000000000
138142  -38.602  44.961  4.008 0.0000000000
138143  -39.491  44.295  3.340 0.0000000000
138153  -30.434  44.379  0.981 0.0000000000
138154  -30.393  44.136  0.995 0.0000000000
138155  -31.164  43.898  0.480 0.0000000000
138156  -31.655  44.138  -0.217 0.0000000000
138157  -32.360  45.330  -0.211 0.0000000000
138158  -39.494  45.410  2.824 0.0000000000
138159  -40.296  44.415  2.058 0.0000000000
138160  -40.606  43.483  1.553 0.0000000000
138168  -30.129  43.753  -0.218 0.0000000000
138169  -30.287  44.092  0.323 0.0000000000
138170  -32.007  43.586  -1.053 0.0000000000
138171  -32.659  44.156  -1.363 0.0000000000
138172  -36.998  42.499  -1.048 0.0000000000
138173  -38.228  42.498  -0.566 0.0000000000
138174  -38.996  42.280  -0.541 0.0000000000
138175  -40.349  44.724  1.244 0.0000000000
138176  -40.478  43.911  0.942 0.0000000000
138182  -30.090  43.416  -0.800 0.0000000000
138183  -33.977  43.862  -1.736 0.0000000000
138184  -35.415  44.168  -2.112 0.0000000000
138185  -36.655  43.718  -1.753 0.0000000000
138186  -37.847  43.326  -1.297 0.0000000000
138187  -39.040  43.027  -0.775 0.0000000000
138188  -39.751  43.701  -0.208 0.0000000000
138189  -40.221  43.940  0.357 0.0000000000
138195  -30.057  43.733  -1.595 0.0000000000
138196  -35.821  45.057  -2.358 0.0000000000
138197  -36.438  44.835  -2.208 0.0000000000
138198  -37.523  44.389  -1.762 0.0000000000
138199  -38.500  43.985  -1.312 0.0000000000
138200  -39.207  43.923  -0.909 0.0000000000
138207  -29.310  42.847  -3.193 0.0000000000
138208  -29.785  44.157  -2.516 0.0000000000
138209  -29.812  44.850  -2.683 0.0000000000
138215  -25.342  42.732  -3.055 0.0000000000
138216  -26.728  42.772  -3.649 0.0000000000
138217  -27.905  42.860  -3.958 0.0000000000
138218  -28.769  43.252  -3.776 0.0000000000
138219  -29.381  43.969  -3.371 0.0000000000
138220  -29.628  44.589  -2.964 0.0000000000
138226  -24.221  43.530  -3.352 0.0000000000
138227  -24.405  43.113  -2.976 0.0000000000
138232  -23.882  43.471  -3.552 0.0000000000
138233  -24.240  43.174  -3.343 0.0000000000
138236  -24.005  43.913  -4.264 0.0000000000
138241  -24.421  44.147  -5.180 0.0000000000
138242  -24.897  43.600  -5.237 0.0000000000
138248  -24.308  44.718  -6.735 0.0000000000
138249  -25.090  44.107  -6.036 0.0000000000
138256  -25.112  44.366  -7.234 0.0000000000
138730  -37.476  44.887  6.085 0.0000000000
138731  -37.615  44.478  6.806 0.0000000000
138732  -38.011  44.142  7.096 0.0000000000
138733  -38.664  43.699  6.849 0.0000000000
138734  -39.484  43.530  6.384 0.0000000000
138744  -37.641  45.722  5.055 0.0000000000
138745  -40.380  43.492  5.509 0.0000000000
138756  -30.497  45.852  2.705 0.0000000000
138757  -30.629  45.706  2.854 0.0000000000
138758  -30.807  45.531  2.685 0.0000000000
138759  -31.324  45.570  2.557 0.0000000000
138760  -32.164  46.217  2.739 0.0000000000
138761  -33.038  46.457  3.021 0.0000000000
138762  -33.821  46.836  3.226 0.0000000000
138763  -34.113  47.733  3.121 0.0000000000
138764  -38.095  46.606  4.094 0.0000000000
138772  -30.614  45.273  1.771 0.0000000000
138773  -30.709  45.318  2.164 0.0000000000
138774  -30.759  45.438  2.378 0.0000000000
138775  -31.252  44.966  1.821 0.0000000000
138776  -31.592  45.550  1.743 0.0000000000
138777  -32.566  46.205  1.289 0.0000000000
138778  -33.785  46.761  2.116 0.0000000000
138779  -34.365  47.998  2.560 0.0000000000
138780  -38.804  46.743  2.930 0.0000000000
138787  -30.411  45.060  1.009 0.0000000000
138788  -33.174  46.066  -0.056 0.0000000000
138789  -33.988  46.563  0.756 0.0000000000
138790  -34.818  47.890  1.588 0.0000000000
138791  -39.602  46.219  1.577 0.0000000000
138792  -40.154  45.191  1.370 0.0000000000
138800  -30.269  44.373  -0.294 0.0000000000
138801  -30.323  44.846  0.240 0.0000000000
138802  -33.401  45.333  -0.987 0.0000000000
138803  -34.231  46.275  -0.658 0.0000000000
138804  -35.174  47.200  0.170 0.0000000000
138805  -39.525  46.371  0.638 0.0000000000
138806  -39.998  45.270  0.542 0.0000000000
138807  -40.255  44.382  0.528 0.0000000000
138814  -30.359  44.967  -0.681 0.0000000000
138815  -30.333  44.996  -0.152 0.0000000000
138816  -33.618  44.704  -1.546 0.0000000000
138817  -34.636  45.355  -1.827 0.0000000000
138818  -35.505  46.660  -1.151 0.0000000000
138819  -39.447  44.668  -0.449 0.0000000000
138820  -40.041  44.398  0.141 0.0000000000
138827  -30.044  46.284  -1.551 0.0000000000
138828  -30.242  45.187  -1.576 0.0000000000
138829  -35.493  45.153  -2.271 0.0000000000
138830  -36.136  45.833  -2.052 0.0000000000
138831  -37.406  45.444  -1.939 0.0000000000
138832  -38.286  44.902  -1.509 0.0000000000
138833  -38.879  44.505  -1.104 0.0000000000
138839  -29.809  46.195  -2.029 0.0000000000
138840  -29.973  45.487  -2.345 0.0000000000
138841  -29.757  45.181  -2.911 0.0000000000
138846  -24.136  44.555  -3.298 0.0000000000
138847  -24.650  43.971  -3.320 0.0000000000
138848  -25.880  43.866  -3.773 0.0000000000
138849  -27.136  44.045  -3.951 0.0000000000
138850  -28.191  44.010  -4.022 0.0000000000
138851  -28.887  44.361  -3.788 0.0000000000
138852  -29.364  44.937  -3.350 0.0000000000
138859  -23.920  44.209  -3.374 0.0000000000
138860  -24.314  43.719  -3.206 0.0000000000
138861  -27.731  44.768  -4.074 0.0000000000
138862  -28.358  44.980  -4.013 0.0000000000
138863  -28.971  45.212  -3.706 0.0000000000
138864  -29.272  45.349  -3.506 0.0000000000
138870  -23.136  45.245  -4.183 0.0000000000
138871  -23.545  44.626  -4.000 0.0000000000
138873  -23.001  45.286  -4.640 0.0000000000
138874  -23.570  44.724  -4.895 0.0000000000
138881  -22.927  45.406  -5.534 0.0000000000
138882  -23.647  45.002  -5.976 0.0000000000
138889  -22.992  45.548  -6.615 0.0000000000
138890  -23.564  45.227  -6.973 0.0000000000
139319  -37.512  45.563  5.748 0.0000000000
139320  -37.527  45.494  6.029 0.0000000000
139321  -37.855  45.501  6.434 0.0000000000
139322  -38.240  44.971  6.743 0.0000000000
139323  -38.941  44.376  6.391 0.0000000000
139331  -32.538  46.685  4.606 0.0000000000
139332  -32.845  46.502  4.840 0.0000000000
139333  -33.156  46.351  5.099 0.0000000000
139334  -33.420  46.523  4.971 0.0000000000
139335  -37.693  46.434  4.763 0.0000000000
139336  -37.688  46.364  5.299 0.0000000000
139337  -37.763  46.279  5.668 0.0000000000
139338  -38.801  45.173  6.188 0.0000000000
139339  -39.745  44.622  5.481 0.0000000000
139346  -30.090  46.423  3.106 0.0000000000
139347  -30.309  46.255  3.237 0.0000000000
139348  -30.647  46.171  3.355 0.0000000000
139349  -31.282  46.277  3.442 0.0000000000
139350  -32.184  46.631  3.781 0.0000000000
139351  -32.843  46.403  4.030 0.0000000000
139352  -33.358  46.466  4.164 0.0000000000
139353  -33.960  47.365  3.785 0.0000000000
139354  -35.471  47.481  3.248 0.0000000000
139355  -36.966  47.488  3.575 0.0000000000
139362  -30.337  46.259  2.551 0.0000000000
139363  -34.995  47.302  2.599 0.0000000000
139364  -36.300  48.304  2.706 0.0000000000
139365  -37.691  47.944  2.870 0.0000000000
139371  -30.585  46.083  1.668 0.0000000000
139372  -35.520  48.556  2.098 0.0000000000
139373  -36.956  48.664  1.855 0.0000000000
139374  -38.352  47.823  1.719 0.0000000000
139381  -30.579  45.942  0.801 0.0000000000
139382  -36.074  48.342  1.020 0.0000000000
139383  -37.488  48.372  0.583 0.0000000000
139384  -38.840  47.305  0.415 0.0000000000
139385  -39.307  46.359  0.053 0.0000000000
139392  -27.724  47.740  0.144 0.0000000000
139393  -28.315  47.818  0.023 0.0000000000
139394  -30.524  45.734  -0.439 0.0000000000
139395  -30.510  45.853  -0.033 0.0000000000
139396  -36.418  47.720  -0.313 0.0000000000
139397  -37.632  47.436  -0.597 0.0000000000
139398  -38.606  46.677  -0.706 0.0000000000
139399  -39.173  45.728  -0.530 0.0000000000
139406  -28.111  47.644  -0.343 0.0000000000
139407  -29.276  47.248  -0.625 0.0000000000
139408  -30.363  46.276  -0.582 0.0000000000
139409  -30.478  46.390  -0.088 0.0000000000
139410  -36.612  46.981  -1.288 0.0000000000
139411  -37.485  46.475  -1.474 0.0000000000
139412  -38.383  45.822  -1.340 0.0000000000
139413  -38.817  45.140  -0.979 0.0000000000
139420  -28.524  47.306  -0.953 0.0000000000
139421  -29.254  46.747  -1.727 0.0000000000
139422  -29.672  46.154  -2.426 0.0000000000
139423  -29.762  45.715  -2.797 0.0000000000
139429  -24.445  44.951  -3.403 0.0000000000
139430  -25.186  44.807  -3.540 0.0000000000
139431  -26.241  45.061  -3.928 0.0000000000
139432  -27.122  45.075  -3.900 0.0000000000
139433  -29.233  46.501  -2.462 0.0000000000
139434  -29.475  46.124  -2.963 0.0000000000
139435  -29.560  45.554  -3.171 0.0000000000
139441  -23.357  45.661  -3.694 0.0000000000
139442  -23.775  45.159  -3.495 0.0000000000
139443  -26.753  45.749  -4.148 0.0000000000
139444  -27.569  45.676  -4.012 0.0000000000
139445  -28.443  45.806  -3.725 0.0000000000
139446  -29.187  45.816  -3.412 0.0000000000
139447  -29.430  45.443  -3.358 0.0000000000
139450  -23.283  45.341  -3.849 0.0000000000
139451  -23.632  44.826  -3.638 0.0000000000
139453  -22.727  45.739  -4.284 0.0000000000
139460  -21.902  46.323  -5.466 0.0000000000
139461  -22.217  46.031  -5.145 0.0000000000
139467  -21.888  46.281  -5.877 0.0000000000
139468  -22.306  45.853  -6.188 0.0000000000
139863  -32.624  47.023  6.161 0.0000000000
139864  -32.773  46.782  6.420 0.0000000000
139865  -33.048  46.570  6.628 0.0000000000
139866  -33.291  46.579  6.429 0.0000000000
139867  -38.069  45.678  6.508 0.0000000000
139868  -38.318  45.714  6.330 0.0000000000
139878  -32.374  47.304  4.819 0.0000000000
139879  -32.629  46.899  5.307 0.0000000000
139880  -33.020  46.462  5.830 0.0000000000
139881  -33.295  46.370  5.851 0.0000000000
139882  -33.657  46.891  5.115 0.0000000000
139883  -34.252  47.559  3.704 0.0000000000
139884  -37.234  47.193  3.934 0.0000000000
139885  -37.657  46.881  4.434 0.0000000000
139886  -38.062  46.378  5.633 0.0000000000
139887  -39.077  46.168  5.506 0.0000000000
139896  -29.990  46.874  3.404 0.0000000000
139897  -30.342  46.742  3.620 0.0000000000
139898  -31.051  46.882  3.737 0.0000000000
139899  -32.038  47.074  4.204 0.0000000000
139900  -32.370  46.836  4.461 0.0000000000
139901  -34.288  47.704  3.511 0.0000000000
139902  -35.382  47.848  3.015 0.0000000000
139903  -36.767  47.606  3.438 0.0000000000
139910  -29.337  47.668  2.979 0.0000000000
139911  -29.745  47.147  3.034 0.0000000000
139917  -29.460  47.669  2.603 0.0000000000
139918  -30.128  46.984  2.292 0.0000000000
139928  -26.450  48.395  1.201 0.0000000000
139929  -26.772  48.256  1.204 0.0000000000
139930  -27.577  48.225  1.058 0.0000000000
139931  -29.839  47.621  1.802 0.0000000000
139932  -30.477  46.961  1.328 0.0000000000
139943  -26.536  48.179  1.073 0.0000000000
139944  -27.364  47.917  0.641 0.0000000000
139945  -28.796  48.012  0.474 0.0000000000
139946  -29.749  47.697  0.880 0.0000000000
139947  -30.521  46.692  0.524 0.0000000000
139956  -26.639  47.877  0.653 0.0000000000
139957  -27.278  47.707  0.147 0.0000000000
139958  -29.834  47.319  0.008 0.0000000000
139959  -30.364  46.873  0.117 0.0000000000
139960  -30.514  46.472  0.145 0.0000000000
139965  -26.799  47.869  0.071 0.0000000000
139966  -27.576  47.668  -0.721 0.0000000000
139967  -28.337  47.239  -1.414 0.0000000000
139969  -24.818  45.346  -3.522 0.0000000000
139970  -25.385  45.684  -3.768 0.0000000000
139971  -26.113  45.998  -4.052 0.0000000000
139972  -27.804  47.491  -1.518 0.0000000000
139973  -28.486  47.001  -2.227 0.0000000000
139974  -29.032  46.481  -2.809 0.0000000000
139976  -23.539  46.023  -3.672 0.0000000000
139977  -24.420  46.060  -3.693 0.0000000000
139978  -25.489  46.584  -3.744 0.0000000000
139979  -26.573  46.586  -3.648 0.0000000000
139980  -27.662  46.494  -3.435 0.0000000000
139981  -28.503  46.498  -3.056 0.0000000000
139982  -29.125  46.234  -3.099 0.0000000000
139985  -22.982  46.279  -3.867 0.0000000000
139991  -21.928  47.092  -4.781 0.0000000000
139992  -22.268  46.649  -4.388 0.0000000000
140001  -21.395  47.265  -5.983 0.0000000000
140002  -21.722  46.828  -5.427 0.0000000000
140003  -21.982  46.603  -4.914 0.0000000000
140014  -21.483  46.668  -6.325 0.0000000000
140364  -32.400  48.044  7.196 0.0000000000
140365  -32.524  47.872  7.409 0.0000000000
140366  -32.769  47.647  7.599 0.0000000000
140374  -32.336  48.032  6.130 0.0000000000
140375  -32.480  47.568  6.621 0.0000000000
140376  -32.766  47.068  7.136 0.0000000000
140377  -33.059  47.084  7.200 0.0000000000
140378  -33.465  47.034  6.456 0.0000000000
140389  -31.975  48.311  4.779 0.0000000000
140390  -32.367  47.785  5.339 0.0000000000
140391  -32.561  47.242  5.932 0.0000000000
140392  -33.892  47.517  4.807 0.0000000000
140393  -34.816  48.007  3.078 0.0000000000
140394  -36.515  48.139  3.565 0.0000000000
140395  -37.573  47.659  4.031 0.0000000000
140396  -38.604  47.461  4.579 0.0000000000
140404  -30.049  47.238  3.638 0.0000000000
140405  -30.646  47.391  3.675 0.0000000000
140406  -31.686  47.787  4.179 0.0000000000
140407  -32.179  47.511  4.580 0.0000000000
140408  -36.053  47.885  3.024 0.0000000000
140409  -36.765  47.784  3.302 0.0000000000
140416  -29.317  47.811  3.140 0.0000000000
140417  -29.660  47.645  3.365 0.0000000000
140426  -26.125  49.154  1.396 0.0000000000
140427  -26.364  49.078  1.435 0.0000000000
140428  -29.080  48.158  2.802 0.0000000000
140438  -25.744  49.301  1.271 0.0000000000
140439  -26.154  48.911  1.275 0.0000000000
140440  -26.973  48.597  1.447 0.0000000000
140441  -28.183  48.464  1.329 0.0000000000
140442  -28.792  48.287  1.986 0.0000000000
140450  -25.801  49.057  1.054 0.0000000000
140451  -26.278  48.417  0.951 0.0000000000
140452  -29.041  48.234  0.927 0.0000000000
140453  -29.040  48.308  1.243 0.0000000000
140456  -25.772  49.041  0.421 0.0000000000
140457  -26.269  48.369  0.462 0.0000000000
140460  -25.806  49.099  -0.194 0.0000000000
140461  -26.509  48.333  -0.675 0.0000000000
140462  -27.318  47.876  -1.255 0.0000000000
140464  -26.588  48.272  -1.457 0.0000000000
140465  -27.284  47.726  -2.018 0.0000000000
140466  -27.990  47.020  -2.511 0.0000000000
140470  -23.560  47.247  -3.594 0.0000000000
140471  -24.714  47.528  -3.523 0.0000000000
140472  -25.608  47.443  -3.148 0.0000000000
140473  -26.278  47.455  -2.975 0.0000000000
140474  -27.022  47.402  -2.980 0.0000000000
140475  -27.719  47.042  -2.831 0.0000000000
140478  -22.030  48.263  -4.143 0.0000000000
140479  -22.568  47.633  -3.877 0.0000000000
140486  -21.403  48.280  -5.320 0.0000000000
140487  -21.784  48.017  -4.939 0.0000000000
140488  -22.029  47.510  -4.329 0.0000000000
140498  -21.486  47.683  -5.538 0.0000000000
140853  -31.847  48.957  7.148 0.0000000000
140854  -32.028  48.558  7.478 0.0000000000
140855  -32.355  48.421  7.994 0.0000000000
140856  -32.807  48.097  7.887 0.0000000000
140857  -33.230  48.137  7.753 0.0000000000
140871  -31.963  48.865  6.120 0.0000000000
140872  -32.088  48.550  6.547 0.0000000000
140873  -32.314  48.189  7.010 0.0000000000
140874  -33.301  47.458  7.411 0.0000000000
140875  -33.531  47.914  6.460 0.0000000000
140884  -32.007  48.716  5.518 0.0000000000
140885  -32.206  48.261  5.895 0.0000000000
140886  -34.111  48.397  4.123 0.0000000000
140887  -35.139  48.728  2.674 0.0000000000
140888  -36.643  48.804  3.147 0.0000000000
140896  -30.138  47.873  3.576 0.0000000000
140897  -30.964  48.299  3.612 0.0000000000
140898  -31.510  48.866  4.324 0.0000000000
140913  -27.154  49.884  1.457 0.0000000000
140914  -27.393  49.956  1.590 0.0000000000
140915  -29.102  48.486  3.122 0.0000000000
140916  -29.721  48.409  3.354 0.0000000000
140926  -25.265  49.820  1.732 0.0000000000
140927  -25.929  49.495  1.493 0.0000000000
140928  -26.844  49.368  1.484 0.0000000000
140929  -27.588  49.394  1.912 0.0000000000
140930  -28.424  48.874  2.504 0.0000000000
140938  -25.251  49.625  1.569 0.0000000000
140939  -25.622  49.576  1.442 0.0000000000
140940  -27.352  48.729  1.627 0.0000000000
140941  -27.686  48.797  1.862 0.0000000000
140942  -27.976  48.774  2.214 0.0000000000
140950  -24.784  49.883  1.419 0.0000000000
140951  -25.106  49.667  1.371 0.0000000000
140959  -24.788  49.992  1.070 0.0000000000
140960  -25.354  49.766  0.444 0.0000000000
140964  -25.827  49.287  -0.867 0.0000000000
140965  -26.291  48.569  -1.223 0.0000000000
140968  -25.541  49.186  -1.938 0.0000000000
140969  -26.264  48.311  -1.848 0.0000000000
140970  -26.766  47.829  -2.384 0.0000000000
140974  -23.137  48.662  -3.349 0.0000000000
140975  -23.983  48.568  -3.043 0.0000000000
140976  -25.064  48.745  -2.895 0.0000000000
140977  -25.832  48.137  -2.550 0.0000000000
140978  -26.408  47.799  -2.539 0.0000000000
140982  -21.973  49.104  -4.435 0.0000000000
140983  -22.543  49.071  -4.037 0.0000000000
140993  -21.498  48.919  -4.862 0.0000000000
141328  -31.517  50.296  7.933 0.0000000000
141329  -31.505  50.077  8.332 0.0000000000
141330  -31.679  49.926  8.749 0.0000000000
141343  -31.845  50.012  6.477 0.0000000000
141344  -31.707  49.691  7.382 0.0000000000
141345  -31.819  49.296  8.255 0.0000000000
141346  -32.164  49.327  8.527 0.0000000000
141347  -32.778  48.990  8.327 0.0000000000
141348  -33.365  48.910  7.521 0.0000000000
141360  -31.908  49.369  6.231 0.0000000000
141361  -31.837  49.127  6.895 0.0000000000
141362  -33.712  49.132  5.706 0.0000000000
141371  -31.874  49.695  4.942 0.0000000000
141372  -34.404  49.429  3.766 0.0000000000
141379  -30.338  48.687  3.392 0.0000000000
141380  -30.830  49.253  3.464 0.0000000000
141381  -31.277  50.026  3.872 0.0000000000
141400  -24.740  50.222  2.556 0.0000000000
141401  -25.525  50.417  1.979 0.0000000000
141402  -26.615  50.354  1.505 0.0000000000
141403  -27.311  50.352  1.451 0.0000000000
141404  -28.744  49.286  2.759 0.0000000000
141405  -29.706  49.541  3.042 0.0000000000
141406  -30.680  50.146  3.250 0.0000000000
141407  -30.984  50.469  3.436 0.0000000000
141416  -24.533  49.775  2.561 0.0000000000
141417  -25.258  49.993  1.935 0.0000000000
141418  -26.003  49.935  1.619 0.0000000000
141419  -27.633  50.122  1.721 0.0000000000
141420  -28.138  49.786  2.272 0.0000000000
141421  -28.881  49.983  2.452 0.0000000000
141427  -23.831  49.310  2.627 0.0000000000
141428  -24.136  49.341  2.506 0.0000000000
141436  -24.190  49.725  1.854 0.0000000000
141437  -24.315  49.462  2.114 0.0000000000
141440  -24.805  50.371  0.484 0.0000000000
141441  -25.369  50.044  -0.265 0.0000000000
141443  -24.690  50.776  -0.310 0.0000000000
141444  -25.129  50.293  -1.012 0.0000000000
141448  -24.187  50.187  -2.342 0.0000000000
141449  -24.813  49.945  -2.128 0.0000000000
141454  -22.956  49.923  -3.606 0.0000000000
141455  -23.641  49.774  -2.832 0.0000000000
141456  -24.337  49.479  -2.635 0.0000000000
141461  -21.638  49.842  -4.434 0.0000000000
141462  -22.333  49.986  -4.118 0.0000000000
141799  -31.623  50.820  8.044 0.0000000000
141800  -31.701  50.768  8.630 0.0000000000
141801  -31.915  50.492  8.974 0.0000000000
141812  -31.984  50.750  6.447 0.0000000000
141813  -31.759  50.779  7.438 0.0000000000
141814  -32.349  50.120  8.852 0.0000000000
141815  -33.004  49.932  8.412 0.0000000000
141816  -33.535  50.089  7.173 0.0000000000
141826  -31.988  50.388  5.587 0.0000000000
141837  -31.623  50.780  4.441 0.0000000000
141849  -24.406  50.823  3.679 0.0000000000
141850  -24.843  51.388  2.542 0.0000000000
141851  -25.363  51.900  1.914 0.0000000000
141852  -30.714  51.170  3.130 0.0000000000
141853  -31.089  50.938  3.570 0.0000000000
141871  -24.168  50.139  3.749 0.0000000000
141872  -24.792  50.681  2.696 0.0000000000
141873  -25.889  51.281  1.748 0.0000000000
141874  -27.495  51.107  1.354 0.0000000000
141875  -28.613  51.155  1.562 0.0000000000
141876  -29.357  50.819  2.203 0.0000000000
141877  -30.286  50.833  2.771 0.0000000000
141878  -30.779  50.723  3.186 0.0000000000
141888  -23.232  49.582  3.785 0.0000000000
141889  -23.603  49.550  3.681 0.0000000000
141890  -27.607  50.547  1.482 0.0000000000
141891  -28.009  50.547  1.660 0.0000000000
141892  -28.627  50.512  1.937 0.0000000000
141898  -23.421  49.759  2.956 0.0000000000
141899  -23.580  49.344  3.229 0.0000000000
141903  -23.940  50.557  1.669 0.0000000000
141906  -24.347  51.147  0.372 0.0000000000
141910  -24.321  51.044  -0.976 0.0000000000
141911  -24.656  50.486  -1.518 0.0000000000
141916  -22.829  51.053  -2.421 0.0000000000
141917  -23.681  50.908  -2.112 0.0000000000
141918  -24.349  50.555  -1.851 0.0000000000
141924  -21.464  50.875  -3.314 0.0000000000
141925  -22.326  50.744  -3.216 0.0000000000
141926  -23.094  50.501  -2.848 0.0000000000
141935  -21.869  50.445  -3.897 0.0000000000
142261  -31.925  52.867  6.712 0.0000000000
142262  -32.057  52.107  7.644 0.0000000000
142263  -32.025  51.823  8.868 0.0000000000
142264  -32.345  51.460  9.132 0.0000000000
142265  -32.723  51.713  9.155 0.0000000000
142275  -31.991  52.048  6.472 0.0000000000
142276  -31.815  51.374  7.489 0.0000000000
142277  -32.626  50.816  8.990 0.0000000000
142278  -33.100  51.237  8.324 0.0000000000
142288  -31.797  51.697  5.127 0.0000000000
142298  -30.531  52.363  3.473 0.0000000000
142299  -31.034  51.850  3.903 0.0000000000
142314  -23.783  50.925  4.585 0.0000000000
142315  -24.346  51.650  3.448 0.0000000000
142316  -24.985  52.302  2.158 0.0000000000
142317  -28.922  52.594  2.299 0.0000000000
142318  -29.699  52.273  2.533 0.0000000000
142319  -30.464  51.785  2.969 0.0000000000
142320  -30.818  51.454  3.375 0.0000000000
142334  -23.127  50.459  4.608 0.0000000000
142335  -23.431  50.091  4.584 0.0000000000
142336  -25.819  52.448  1.663 0.0000000000
142337  -27.103  52.300  1.606 0.0000000000
142338  -28.316  52.037  1.714 0.0000000000
142339  -29.226  51.762  1.938 0.0000000000
142340  -29.929  51.512  2.292 0.0000000000
142349  -22.874  50.397  4.039 0.0000000000
142350  -23.201  49.872  4.290 0.0000000000
142354  -23.257  52.067  1.974 0.0000000000
142355  -23.144  51.097  2.732 0.0000000000
142357  -23.426  52.501  0.976 0.0000000000
142358  -23.722  51.596  1.292 0.0000000000
142361  -23.185  52.589  -0.182 0.0000000000
142362  -23.846  51.871  0.032 0.0000000000
142366  -22.642  52.252  -1.163 0.0000000000
142367  -23.477  51.741  -1.059 0.0000000000
142374  -22.087  51.634  -2.088 0.0000000000
142375  -22.936  51.509  -1.771 0.0000000000
142383  -21.659  51.358  -2.813 0.0000000000
142631  -32.363  54.579  8.391 0.0000000000
142632  -32.451  54.064  9.058 0.0000000000
142633  -32.695  53.617  9.452 0.0000000000
142643  -31.896  53.743  6.843 0.0000000000
142644  -32.324  53.709  8.040 0.0000000000
142645  -32.343  52.864  9.236 0.0000000000
142646  -32.734  52.836  9.293 0.0000000000
142656  -31.649  53.516  6.068 0.0000000000
142663  -30.506  53.606  4.938 0.0000000000
142664  -31.287  53.240  5.157 0.0000000000
142674  -29.478  53.451  3.957 0.0000000000
142675  -30.371  53.109  4.096 0.0000000000
142676  -31.270  52.555  4.442 0.0000000000
142693  -22.451  52.296  5.153 0.0000000000
142694  -22.922  51.902  5.059 0.0000000000
142695  -23.752  52.230  4.155 0.0000000000
142696  -24.578  52.895  2.665 0.0000000000
142697  -28.779  53.011  2.526 0.0000000000
142698  -29.221  53.171  3.017 0.0000000000
142699  -30.088  52.563  3.169 0.0000000000
142714  -22.632  51.549  4.784 0.0000000000
142715  -23.112  50.873  4.778 0.0000000000
142716  -25.400  53.214  1.878 0.0000000000
142717  -26.533  53.246  1.921 0.0000000000
142718  -28.100  53.189  2.356 0.0000000000
142719  -28.555  53.562  2.979 0.0000000000
142728  -22.300  51.898  3.790 0.0000000000
142731  -22.745  52.822  2.188 0.0000000000
142732  -22.724  51.875  2.731 0.0000000000
142735  -22.942  53.305  0.696 0.0000000000
143055  -28.693  53.631  3.304 0.0000000000
143062  -21.981  52.253  4.670 0.0000000000
