#!ascii label  , from subject subject001 vox2ras=TkReg
390
72397  -44.320  -31.714  -12.432 0.0000000000
72426  -43.836  -31.576  -13.515 0.0000000000
72458  -43.032  -31.851  -14.435 0.0000000000
72459  -43.823  -31.244  -14.332 0.0000000000
72462  -47.786  -30.439  -13.012 0.0000000000
72481  -42.896  -31.947  -15.170 0.0000000000
72485  -47.912  -29.956  -13.748 0.0000000000
72492  -43.335  -31.893  -15.591 0.0000000000
72493  -43.891  -31.790  -15.727 0.0000000000
72494  -44.565  -31.551  -15.674 0.0000000000
73620  -44.702  -30.885  -12.829 0.0000000000
73621  -44.999  -30.473  -12.995 0.0000000000
73622  -48.335  -30.708  -11.238 0.0000000000
73650  -44.543  -30.710  -13.778 0.0000000000
73651  -44.845  -30.540  -13.258 0.0000000000
73652  -48.226  -30.220  -12.321 0.0000000000
73653  -48.651  -29.815  -11.809 0.0000000000
73669  -43.548  -31.307  -14.926 0.0000000000
73670  -44.275  -30.759  -14.630 0.0000000000
73671  -48.317  -29.649  -13.286 0.0000000000
73672  -48.515  -29.673  -12.594 0.0000000000
73678  -43.660  -31.464  -15.352 0.0000000000
73679  -44.243  -30.880  -15.135 0.0000000000
73680  -47.339  -30.265  -14.828 0.0000000000
73681  -47.923  -29.705  -14.471 0.0000000000
73682  -48.205  -29.624  -13.957 0.0000000000
73689  -43.796  -31.587  -15.584 0.0000000000
73690  -44.448  -31.103  -15.502 0.0000000000
73691  -45.244  -30.742  -15.646 0.0000000000
73692  -45.934  -30.415  -15.702 0.0000000000
73693  -46.659  -30.119  -15.650 0.0000000000
73694  -47.294  -29.839  -15.351 0.0000000000
73695  -47.657  -29.739  -15.023 0.0000000000
74866  -45.073  -30.788  -12.199 0.0000000000
74867  -45.280  -30.379  -12.489 0.0000000000
74883  -44.871  -30.354  -13.827 0.0000000000
74884  -45.209  -30.152  -13.412 0.0000000000
74885  -49.374  -29.202  -11.387 0.0000000000
74886  -49.881  -28.393  -11.405 0.0000000000
74892  -44.908  -30.229  -14.241 0.0000000000
74893  -45.463  -29.712  -14.087 0.0000000000
74894  -48.589  -29.257  -13.478 0.0000000000
74895  -48.887  -29.005  -12.909 0.0000000000
74900  -44.770  -30.246  -14.950 0.0000000000
74901  -48.168  -29.317  -14.610 0.0000000000
74902  -48.518  -29.092  -14.127 0.0000000000
74903  -49.090  -28.349  -13.779 0.0000000000
74908  -44.900  -30.364  -15.314 0.0000000000
74909  -45.292  -30.255  -15.541 0.0000000000
74910  -45.899  -29.927  -15.746 0.0000000000
74911  -46.566  -29.613  -15.774 0.0000000000
74912  -47.247  -29.329  -15.596 0.0000000000
74913  -48.003  -29.144  -15.028 0.0000000000
74914  -48.583  -28.478  -14.685 0.0000000000
76020  -45.832  -29.573  -12.459 0.0000000000
76021  -46.101  -29.641  -11.823 0.0000000000
76022  -50.321  -27.969  -10.922 0.0000000000
76023  -51.049  -27.431  -10.388 0.0000000000
76024  -51.396  -27.421  -9.734 0.0000000000
76036  -45.897  -29.229  -13.482 0.0000000000
76037  -46.200  -28.808  -13.710 0.0000000000
76038  -49.597  -28.201  -12.281 0.0000000000
76039  -50.183  -27.716  -11.884 0.0000000000
76040  -50.703  -27.284  -11.506 0.0000000000
76049  -45.283  -29.694  -14.736 0.0000000000
76050  -45.832  -29.120  -14.423 0.0000000000
76051  -46.052  -28.921  -13.985 0.0000000000
76052  -49.528  -27.961  -13.266 0.0000000000
76053  -50.320  -27.452  -12.902 0.0000000000
76054  -50.557  -27.278  -12.239 0.0000000000
76059  -45.275  -29.810  -15.229 0.0000000000
76060  -45.663  -29.266  -15.082 0.0000000000
76061  -49.022  -28.195  -14.375 0.0000000000
76062  -49.628  -27.683  -14.041 0.0000000000
76063  -50.032  -27.525  -13.548 0.0000000000
76070  -45.313  -29.954  -15.448 0.0000000000
76071  -45.814  -29.508  -15.506 0.0000000000
76072  -46.513  -29.190  -15.690 0.0000000000
76073  -47.188  -28.867  -15.622 0.0000000000
76074  -47.834  -28.550  -15.269 0.0000000000
76075  -48.493  -28.224  -14.964 0.0000000000
76076  -49.026  -27.944  -14.731 0.0000000000
76077  -49.303  -27.794  -14.497 0.0000000000
77168  -54.144  -26.255  -7.742 0.0000000000
77169  -55.327  -25.960  -7.465 0.0000000000
77170  -56.170  -25.755  -7.492 0.0000000000
77184  -53.150  -26.277  -9.052 0.0000000000
77185  -54.066  -25.596  -8.938 0.0000000000
77196  -46.147  -29.246  -12.331 0.0000000000
77197  -46.481  -29.092  -11.881 0.0000000000
77198  -47.354  -28.169  -12.004 0.0000000000
77199  -47.965  -27.651  -11.751 0.0000000000
77200  -51.389  -27.002  -10.489 0.0000000000
77201  -51.869  -26.807  -10.013 0.0000000000
77202  -52.914  -25.889  -10.496 0.0000000000
77211  -46.162  -29.116  -12.647 0.0000000000
77212  -46.548  -28.548  -13.082 0.0000000000
77213  -47.348  -27.889  -12.934 0.0000000000
77214  -51.328  -26.868  -11.063 0.0000000000
77215  -52.119  -26.215  -11.436 0.0000000000
77216  -52.946  -25.603  -11.397 0.0000000000
77226  -46.054  -28.846  -14.549 0.0000000000
77227  -46.340  -28.611  -14.256 0.0000000000
77228  -50.673  -27.104  -13.121 0.0000000000
77229  -51.027  -26.753  -12.468 0.0000000000
77230  -51.952  -26.016  -12.251 0.0000000000
77240  -46.038  -28.853  -14.836 0.0000000000
77241  -46.496  -28.533  -15.042 0.0000000000
77242  -46.888  -28.411  -15.258 0.0000000000
77243  -49.995  -27.289  -14.201 0.0000000000
77244  -50.444  -27.118  -13.592 0.0000000000
77245  -50.858  -26.635  -13.180 0.0000000000
77255  -46.071  -28.967  -15.266 0.0000000000
77256  -46.479  -28.834  -15.455 0.0000000000
77257  -47.141  -28.494  -15.420 0.0000000000
77258  -47.868  -28.112  -15.217 0.0000000000
77259  -48.526  -27.833  -14.991 0.0000000000
77260  -49.070  -27.622  -14.802 0.0000000000
77261  -49.505  -27.460  -14.492 0.0000000000
78360  -56.793  -25.651  -6.884 0.0000000000
78361  -57.836  -25.552  -6.584 0.0000000000
78374  -54.941  -25.530  -8.540 0.0000000000
78375  -55.888  -25.496  -8.308 0.0000000000
78376  -56.790  -25.251  -8.179 0.0000000000
78377  -57.309  -25.285  -7.408 0.0000000000
78391  -53.785  -25.492  -9.960 0.0000000000
78392  -54.678  -25.083  -9.749 0.0000000000
78393  -55.652  -25.118  -9.177 0.0000000000
78394  -56.276  -25.135  -8.804 0.0000000000
78406  -47.897  -27.459  -12.411 0.0000000000
78407  -48.166  -27.362  -11.925 0.0000000000
78408  -53.780  -25.229  -11.035 0.0000000000
78409  -54.232  -25.122  -10.425 0.0000000000
78421  -47.048  -27.949  -13.768 0.0000000000
78422  -47.806  -27.253  -13.322 0.0000000000
78423  -48.184  -26.738  -13.455 0.0000000000
78424  -52.622  -25.617  -11.951 0.0000000000
78425  -53.305  -25.234  -11.828 0.0000000000
78441  -46.944  -28.115  -14.599 0.0000000000
78442  -47.517  -27.514  -14.225 0.0000000000
78443  -48.071  -26.884  -13.912 0.0000000000
78444  -51.416  -26.023  -12.748 0.0000000000
78445  -52.373  -25.431  -12.271 0.0000000000
78446  -52.927  -25.265  -12.146 0.0000000000
78462  -46.936  -28.257  -15.031 0.0000000000
78463  -47.412  -27.956  -14.931 0.0000000000
78464  -48.027  -27.202  -14.479 0.0000000000
78465  -49.830  -26.715  -14.347 0.0000000000
78466  -50.090  -26.917  -14.210 0.0000000000
78467  -50.665  -26.618  -13.552 0.0000000000
78468  -50.895  -26.451  -13.178 0.0000000000
78477  -47.656  -28.062  -15.137 0.0000000000
78478  -48.142  -27.517  -14.858 0.0000000000
78479  -48.624  -27.425  -14.838 0.0000000000
78480  -49.288  -27.129  -14.720 0.0000000000
78481  -49.494  -27.235  -14.617 0.0000000000
79526  -58.234  -25.130  -7.175 0.0000000000
79527  -59.028  -25.140  -6.836 0.0000000000
79539  -57.097  -24.792  -8.578 0.0000000000
79540  -57.825  -24.713  -8.132 0.0000000000
79541  -58.687  -24.516  -7.986 0.0000000000
79553  -48.703  -26.658  -11.616 0.0000000000
79555  -54.880  -24.783  -10.185 0.0000000000
79556  -55.348  -24.667  -9.980 0.0000000000
79557  -56.689  -24.466  -9.438 0.0000000000
79558  -57.643  -24.229  -9.269 0.0000000000
79569  -48.110  -27.199  -12.429 0.0000000000
79570  -48.319  -26.998  -12.198 0.0000000000
79571  -54.178  -24.924  -11.203 0.0000000000
79572  -54.674  -24.727  -10.813 0.0000000000
79573  -55.708  -24.227  -10.588 0.0000000000
79574  -56.458  -23.930  -10.590 0.0000000000
79585  -48.101  -27.111  -12.669 0.0000000000
79586  -48.337  -26.589  -12.905 0.0000000000
79587  -54.017  -24.774  -11.574 0.0000000000
79588  -54.630  -24.322  -11.568 0.0000000000
79602  -48.534  -26.314  -13.506 0.0000000000
79603  -48.877  -26.075  -13.751 0.0000000000
79604  -50.525  -25.845  -13.566 0.0000000000
79605  -50.739  -25.788  -13.344 0.0000000000
79606  -51.266  -25.628  -12.858 0.0000000000
79607  -52.209  -25.125  -12.450 0.0000000000
79608  -53.263  -24.760  -12.158 0.0000000000
79625  -48.490  -26.570  -14.120 0.0000000000
79626  -49.000  -26.312  -14.159 0.0000000000
79627  -49.489  -26.501  -14.329 0.0000000000
79628  -50.264  -26.169  -13.853 0.0000000000
79629  -50.668  -26.266  -13.545 0.0000000000
79630  -50.964  -26.225  -13.207 0.0000000000
79641  -48.489  -26.860  -14.533 0.0000000000
79642  -48.805  -26.882  -14.685 0.0000000000
79643  -49.068  -26.944  -14.763 0.0000000000
80601  -59.038  -24.353  -7.913 0.0000000000
80602  -59.700  -23.969  -7.793 0.0000000000
80615  -58.068  -24.119  -9.190 0.0000000000
80616  -58.750  -23.810  -8.895 0.0000000000
80617  -59.371  -23.470  -8.600 0.0000000000
80626  -49.093  -26.094  -11.491 0.0000000000
80628  -57.050  -23.907  -10.398 0.0000000000
80629  -57.884  -23.693  -10.130 0.0000000000
80630  -58.662  -23.442  -9.870 0.0000000000
80639  -48.683  -26.191  -12.174 0.0000000000
80640  -55.204  -24.141  -11.297 0.0000000000
80641  -55.924  -23.653  -11.308 0.0000000000
80642  -56.938  -23.519  -11.074 0.0000000000
80643  -57.489  -23.239  -11.003 0.0000000000
80653  -48.839  -25.752  -12.796 0.0000000000
80654  -49.244  -25.344  -12.968 0.0000000000
80655  -54.174  -24.230  -11.929 0.0000000000
80656  -54.983  -23.687  -11.864 0.0000000000
80657  -55.862  -23.299  -11.978 0.0000000000
80666  -48.958  -25.765  -13.326 0.0000000000
80667  -49.396  -25.538  -13.402 0.0000000000
80668  -49.959  -25.375  -13.403 0.0000000000
80669  -50.502  -25.506  -13.310 0.0000000000
80670  -51.226  -25.064  -12.755 0.0000000000
80671  -52.036  -24.653  -12.500 0.0000000000
80672  -52.975  -24.239  -12.413 0.0000000000
80673  -53.997  -23.813  -12.260 0.0000000000
80674  -54.719  -23.333  -12.219 0.0000000000
80686  -49.565  -25.929  -13.843 0.0000000000
80687  -50.025  -25.879  -13.813 0.0000000000
80688  -50.285  -25.863  -13.716 0.0000000000
81646  -59.655  -23.255  -8.387 0.0000000000
81647  -60.320  -22.832  -8.017 0.0000000000
81660  -58.943  -23.297  -9.702 0.0000000000
81661  -59.412  -22.831  -9.146 0.0000000000
81662  -60.225  -22.008  -8.806 0.0000000000
81672  -58.024  -23.120  -10.726 0.0000000000
81673  -58.746  -22.996  -10.178 0.0000000000
81674  -59.280  -22.366  -9.833 0.0000000000
81684  -49.212  -25.423  -11.944 0.0000000000
81685  -49.682  -24.616  -12.005 0.0000000000
81686  -56.441  -23.257  -11.729 0.0000000000
81687  -56.940  -23.056  -11.589 0.0000000000
81688  -57.535  -22.935  -11.124 0.0000000000
81698  -49.352  -25.148  -12.499 0.0000000000
81699  -49.781  -24.701  -12.632 0.0000000000
81700  -50.225  -24.446  -12.628 0.0000000000
81701  -55.405  -23.158  -12.111 0.0000000000
81702  -56.235  -23.024  -11.976 0.0000000000
81703  -56.704  -22.933  -11.865 0.0000000000
81713  -49.926  -24.891  -13.013 0.0000000000
81714  -50.486  -24.677  -12.806 0.0000000000
81715  -51.131  -24.493  -12.617 0.0000000000
81716  -51.868  -24.103  -12.481 0.0000000000
81717  -52.670  -23.730  -12.502 0.0000000000
81718  -53.493  -23.440  -12.480 0.0000000000
81719  -54.252  -23.209  -12.369 0.0000000000
81720  -54.899  -23.081  -12.271 0.0000000000
82832  -59.870  -21.773  -9.339 0.0000000000
82833  -60.700  -21.328  -9.145 0.0000000000
82844  -58.139  -22.580  -10.578 0.0000000000
82845  -58.906  -22.238  -10.108 0.0000000000
82846  -59.409  -21.920  -9.706 0.0000000000
82858  -50.272  -23.976  -12.069 0.0000000000
82859  -50.689  -23.674  -11.742 0.0000000000
82860  -57.041  -22.766  -11.449 0.0000000000
82861  -57.498  -22.576  -10.885 0.0000000000
82871  -50.418  -24.039  -12.286 0.0000000000
82872  -50.693  -24.068  -12.418 0.0000000000
82873  -55.526  -22.789  -12.075 0.0000000000
82874  -56.345  -22.776  -11.876 0.0000000000
82875  -56.701  -22.758  -11.707 0.0000000000
82886  -51.095  -23.935  -12.454 0.0000000000
82887  -51.711  -23.594  -12.432 0.0000000000
82888  -52.410  -23.252  -12.516 0.0000000000
82889  -53.125  -23.028  -12.559 0.0000000000
82890  -53.843  -22.907  -12.471 0.0000000000
82891  -54.490  -22.875  -12.296 0.0000000000
82892  -54.950  -22.850  -12.200 0.0000000000
83999  -51.281  -23.334  -11.546 0.0000000000
84000  -52.081  -22.958  -11.136 0.0000000000
84002  -58.296  -21.705  -10.025 0.0000000000
84003  -59.141  -21.536  -9.593 0.0000000000
84004  -59.755  -21.364  -9.421 0.0000000000
84017  -50.558  -23.685  -12.063 0.0000000000
84018  -50.903  -23.390  -11.966 0.0000000000
84019  -51.595  -22.893  -11.745 0.0000000000
84020  -56.208  -21.939  -10.639 0.0000000000
84021  -57.032  -22.171  -10.691 0.0000000000
84022  -57.722  -22.154  -10.517 0.0000000000
84034  -50.644  -23.813  -12.259 0.0000000000
84035  -50.875  -23.573  -12.193 0.0000000000
84036  -51.435  -22.993  -12.053 0.0000000000
84037  -52.589  -22.354  -12.229 0.0000000000
84038  -53.190  -22.177  -12.093 0.0000000000
84039  -53.837  -22.138  -11.835 0.0000000000
84040  -54.510  -22.176  -11.591 0.0000000000
84041  -55.199  -22.321  -11.457 0.0000000000
84042  -55.927  -22.401  -11.447 0.0000000000
84043  -56.569  -22.509  -11.367 0.0000000000
84055  -51.045  -23.672  -12.340 0.0000000000
84056  -51.531  -23.189  -12.282 0.0000000000
84057  -52.185  -22.867  -12.430 0.0000000000
84058  -52.815  -22.641  -12.480 0.0000000000
84059  -53.484  -22.534  -12.370 0.0000000000
84060  -54.154  -22.549  -12.152 0.0000000000
84061  -54.803  -22.637  -11.994 0.0000000000
85199  -52.334  -22.616  -11.113 0.0000000000
85200  -52.708  -22.355  -10.688 0.0000000000
85201  -55.829  -20.380  -8.961 0.0000000000
85202  -56.390  -20.541  -8.957 0.0000000000
85203  -57.565  -20.926  -9.184 0.0000000000
85204  -58.671  -20.959  -9.152 0.0000000000
85205  -59.673  -20.724  -9.102 0.0000000000
85214  -52.235  -22.591  -11.398 0.0000000000
85215  -52.638  -22.219  -11.364 0.0000000000
85216  -53.124  -21.831  -11.195 0.0000000000
85217  -53.592  -21.524  -10.874 0.0000000000
85218  -54.015  -21.239  -10.556 0.0000000000
85219  -54.577  -21.127  -10.127 0.0000000000
85220  -55.479  -21.002  -9.615 0.0000000000
85221  -56.675  -21.413  -9.815 0.0000000000
85222  -57.495  -21.654  -10.121 0.0000000000
85231  -51.985  -22.533  -11.863 0.0000000000
85232  -52.440  -22.274  -11.900 0.0000000000
85233  -53.055  -21.978  -11.683 0.0000000000
85234  -53.614  -21.782  -11.406 0.0000000000
85235  -54.221  -21.679  -11.101 0.0000000000
85236  -54.901  -21.725  -10.772 0.0000000000
85237  -55.547  -21.895  -10.804 0.0000000000
85246  -51.852  -22.640  -12.132 0.0000000000
85247  -52.084  -22.590  -12.263 0.0000000000
86368  -57.558  -19.190  -7.703 0.0000000000
86369  -58.057  -19.358  -7.735 0.0000000000
86370  -59.355  -19.694  -8.080 0.0000000000
86383  -53.600  -21.153  -10.021 0.0000000000
86384  -55.514  -20.030  -8.950 0.0000000000
86385  -56.061  -19.747  -8.648 0.0000000000
86386  -57.111  -19.556  -8.116 0.0000000000
86387  -58.264  -20.231  -8.346 0.0000000000
86388  -58.987  -20.470  -8.586 0.0000000000
86396  -53.225  -21.719  -10.629 0.0000000000
86397  -53.707  -21.205  -10.300 0.0000000000
86398  -53.995  -20.740  -10.069 0.0000000000
86399  -54.353  -20.444  -9.756 0.0000000000
86400  -54.775  -20.161  -9.478 0.0000000000
86401  -55.101  -19.588  -9.330 0.0000000000
87446  -57.633  -18.590  -7.523 0.0000000000
87447  -58.716  -18.638  -7.353 0.0000000000
87458  -53.768  -20.664  -9.811 0.0000000000
87459  -55.501  -18.916  -9.019 0.0000000000
87460  -56.165  -18.605  -8.404 0.0000000000
87461  -56.811  -18.324  -7.828 0.0000000000
87470  -54.006  -20.146  -9.698 0.0000000000
87471  -54.413  -19.689  -9.467 0.0000000000
87472  -54.742  -19.302  -9.538 0.0000000000
87473  -54.912  -18.842  -9.639 0.0000000000
87474  -55.128  -18.416  -9.679 0.0000000000
88532  -58.692  -16.936  -6.838 0.0000000000
88533  -59.174  -17.065  -6.737 0.0000000000
88546  -57.258  -17.476  -7.591 0.0000000000
88547  -58.352  -17.470  -7.147 0.0000000000
88548  -59.328  -17.866  -6.949 0.0000000000
88560  -55.369  -18.118  -9.507 0.0000000000
88561  -55.761  -17.717  -9.234 0.0000000000
88562  -56.480  -17.380  -8.394 0.0000000000
88572  -54.768  -18.471  -9.555 0.0000000000
88573  -54.985  -18.082  -9.823 0.0000000000
88574  -55.001  -17.596  -10.181 0.0000000000
88575  -55.326  -17.450  -10.063 0.0000000000
88576  -55.775  -16.905  -10.026 0.0000000000
88587  -54.941  -17.159  -10.569 0.0000000000
88588  -54.972  -16.861  -10.980 0.0000000000
89675  -58.445  -16.713  -7.035 0.0000000000
89676  -58.913  -16.478  -6.787 0.0000000000
89677  -59.801  -16.276  -6.606 0.0000000000
89687  -57.074  -16.685  -8.028 0.0000000000
89688  -57.862  -16.529  -7.497 0.0000000000
89698  -56.260  -16.883  -9.485 0.0000000000
89699  -56.843  -16.217  -9.052 0.0000000000
89709  -55.143  -16.973  -10.832 0.0000000000
89710  -55.550  -16.596  -10.856 0.0000000000
89711  -56.295  -16.033  -10.510 0.0000000000
89712  -56.862  -15.305  -9.830 0.0000000000
89724  -55.168  -16.294  -11.573 0.0000000000
89725  -55.762  -15.791  -11.592 0.0000000000
89726  -56.230  -15.277  -11.493 0.0000000000
90867  -58.497  -16.134  -7.149 0.0000000000
90868  -59.150  -15.636  -6.925 0.0000000000
90879  -57.472  -15.969  -8.196 0.0000000000
90880  -58.286  -15.313  -7.723 0.0000000000
90881  -59.326  -14.570  -7.208 0.0000000000
90891  -57.505  -15.122  -8.903 0.0000000000
90892  -58.172  -14.434  -8.461 0.0000000000
90901  -56.641  -14.738  -10.768 0.0000000000
90902  -57.238  -14.460  -9.890 0.0000000000
91983  -58.760  -14.232  -7.892 0.0000000000
91993  -57.819  -14.151  -9.191 0.0000000000
