#!ascii label  , from subject subject001 vox2ras=TkReg
1981
72141  -37.483  -30.413  7.005 0.0000000000
72142  -37.730  -30.407  7.018 0.0000000000
72143  -38.240  -30.311  7.008 0.0000000000
72144  -38.709  -30.123  6.998 0.0000000000
72147  -36.304  -30.390  6.037 0.0000000000
72148  -36.517  -30.388  6.160 0.0000000000
72149  -37.061  -30.377  6.576 0.0000000000
72150  -37.383  -30.335  6.363 0.0000000000
72151  -37.910  -30.148  6.409 0.0000000000
72152  -38.567  -29.828  6.476 0.0000000000
72161  -37.570  -29.755  5.553 0.0000000000
72162  -38.296  -29.476  5.750 0.0000000000
72163  -38.441  -29.116  5.538 0.0000000000
72173  -37.517  -29.351  5.191 0.0000000000
72174  -37.739  -29.017  5.127 0.0000000000
72175  -38.139  -28.735  5.163 0.0000000000
73336  -39.241  -29.446  7.458 0.0000000000
73337  -39.362  -29.236  7.513 0.0000000000
73341  -37.070  -30.112  7.216 0.0000000000
73342  -37.568  -30.253  7.233 0.0000000000
73343  -38.314  -30.093  7.356 0.0000000000
73344  -38.875  -29.901  7.313 0.0000000000
73345  -39.465  -29.467  7.194 0.0000000000
73346  -40.163  -29.025  7.222 0.0000000000
73350  -36.261  -30.171  6.281 0.0000000000
73351  -36.782  -30.241  6.777 0.0000000000
73352  -37.120  -30.313  7.031 0.0000000000
73353  -39.117  -29.427  6.384 0.0000000000
73354  -40.111  -29.053  6.797 0.0000000000
73355  -40.623  -28.610  6.749 0.0000000000
73365  -37.214  -29.505  4.943 0.0000000000
73366  -38.777  -29.271  5.894 0.0000000000
73367  -39.105  -28.920  5.810 0.0000000000
73368  -40.103  -28.525  6.200 0.0000000000
73384  -37.547  -28.781  4.314 0.0000000000
73385  -38.294  -28.302  4.680 0.0000000000
73386  -39.316  -28.276  5.402 0.0000000000
73403  -37.516  -28.597  3.083 0.0000000000
73404  -38.195  -27.978  3.710 0.0000000000
74545  -39.172  -29.242  7.643 0.0000000000
74546  -39.359  -29.193  7.782 0.0000000000
74551  -37.021  -29.667  7.266 0.0000000000
74552  -37.483  -29.758  7.398 0.0000000000
74553  -38.170  -29.664  7.560 0.0000000000
74554  -39.023  -29.416  7.575 0.0000000000
74555  -39.642  -29.019  7.543 0.0000000000
74556  -40.517  -28.533  7.438 0.0000000000
74557  -41.479  -27.689  7.591 0.0000000000
74558  -42.080  -27.259  7.762 0.0000000000
74570  -36.160  -29.450  6.670 0.0000000000
74571  -36.609  -29.854  7.000 0.0000000000
74572  -40.457  -28.806  7.190 0.0000000000
74573  -40.976  -28.382  7.151 0.0000000000
74574  -41.715  -27.577  7.389 0.0000000000
74593  -35.736  -29.716  6.003 0.0000000000
74594  -41.039  -28.035  6.533 0.0000000000
74595  -41.464  -27.907  7.033 0.0000000000
74612  -35.341  -28.976  5.210 0.0000000000
74613  -35.544  -29.578  5.379 0.0000000000
74614  -38.992  -27.869  4.508 0.0000000000
74615  -40.068  -27.769  5.407 0.0000000000
74633  -37.877  -27.894  2.542 0.0000000000
74634  -38.628  -27.558  3.494 0.0000000000
74635  -39.460  -27.379  4.123 0.0000000000
74652  -38.447  -27.240  2.501 0.0000000000
74653  -38.997  -27.219  3.353 0.0000000000
75775  -41.853  -27.060  8.024 0.0000000000
75776  -42.092  -27.005  8.067 0.0000000000
75780  -37.260  -29.406  7.348 0.0000000000
75781  -37.780  -29.096  7.484 0.0000000000
75782  -38.732  -28.821  7.652 0.0000000000
75783  -39.566  -28.416  7.708 0.0000000000
75784  -40.413  -28.047  7.769 0.0000000000
75785  -41.460  -27.367  7.817 0.0000000000
75786  -42.233  -27.154  7.932 0.0000000000
75787  -42.616  -27.056  8.019 0.0000000000
75799  -36.209  -29.055  6.746 0.0000000000
75800  -36.776  -28.998  7.046 0.0000000000
75801  -37.668  -28.414  7.261 0.0000000000
75802  -42.535  -27.103  7.705 0.0000000000
75803  -42.811  -26.893  7.468 0.0000000000
75816  -35.522  -28.316  6.026 0.0000000000
75817  -35.822  -28.681  6.361 0.0000000000
75818  -36.525  -28.188  6.582 0.0000000000
75819  -41.418  -27.617  6.497 0.0000000000
75820  -41.995  -27.330  6.835 0.0000000000
75821  -42.863  -26.681  7.049 0.0000000000
75830  -35.355  -28.355  5.678 0.0000000000
75831  -35.469  -29.071  5.801 0.0000000000
75832  -41.188  -27.340  5.928 0.0000000000
75833  -41.886  -26.815  6.017 0.0000000000
75841  -35.121  -28.221  4.880 0.0000000000
75842  -40.404  -26.981  4.701 0.0000000000
75850  -39.421  -26.588  3.216 0.0000000000
76955  -40.700  -26.529  8.039 0.0000000000
76956  -41.310  -26.561  7.991 0.0000000000
76957  -41.918  -26.747  8.075 0.0000000000
76958  -42.710  -26.673  8.201 0.0000000000
76959  -43.256  -26.426  8.280 0.0000000000
76967  -38.421  -28.258  7.467 0.0000000000
76968  -39.347  -27.517  7.657 0.0000000000
76969  -40.189  -27.352  7.925 0.0000000000
76970  -40.949  -27.147  7.905 0.0000000000
76971  -41.443  -26.963  7.941 0.0000000000
76972  -42.781  -26.913  8.123 0.0000000000
76973  -43.293  -26.672  8.078 0.0000000000
76974  -44.144  -26.257  7.862 0.0000000000
76975  -44.513  -26.001  7.656 0.0000000000
76988  -37.265  -27.845  6.807 0.0000000000
76989  -38.171  -27.706  7.183 0.0000000000
76990  -38.757  -27.583  7.408 0.0000000000
76991  -43.103  -26.860  7.790 0.0000000000
76992  -43.540  -26.503  7.518 0.0000000000
76993  -44.310  -26.099  7.423 0.0000000000
77004  -35.494  -27.982  5.909 0.0000000000
77005  -36.130  -27.651  6.153 0.0000000000
77006  -36.722  -27.690  6.475 0.0000000000
77007  -42.584  -26.587  6.384 0.0000000000
77008  -43.447  -26.171  6.633 0.0000000000
77009  -44.014  -26.179  7.103 0.0000000000
77019  -35.156  -27.412  5.264 0.0000000000
77020  -35.622  -27.512  5.716 0.0000000000
77021  -41.352  -26.552  5.243 0.0000000000
77022  -42.311  -26.182  5.501 0.0000000000
77023  -42.929  -26.168  6.074 0.0000000000
77032  -35.036  -27.257  4.358 0.0000000000
77033  -40.804  -25.976  4.144 0.0000000000
77034  -41.603  -26.028  4.890 0.0000000000
77042  -39.995  -25.745  3.162 0.0000000000
78175  -40.568  -25.979  8.174 0.0000000000
78176  -41.003  -25.952  8.203 0.0000000000
78177  -41.677  -26.071  8.091 0.0000000000
78178  -42.474  -26.182  8.198 0.0000000000
78179  -43.284  -26.127  8.383 0.0000000000
78180  -43.941  -25.925  8.320 0.0000000000
78181  -44.321  -25.745  8.093 0.0000000000
78189  -39.624  -26.436  7.774 0.0000000000
78190  -40.090  -26.217  8.070 0.0000000000
78191  -43.609  -26.254  8.290 0.0000000000
78192  -44.058  -26.138  8.176 0.0000000000
78193  -44.568  -25.677  7.725 0.0000000000
78194  -45.077  -25.163  7.216 0.0000000000
78207  -37.377  -27.372  6.662 0.0000000000
78208  -37.871  -27.226  6.782 0.0000000000
78209  -39.017  -26.645  7.268 0.0000000000
78210  -44.738  -25.643  7.314 0.0000000000
78211  -45.297  -25.125  6.820 0.0000000000
78220  -36.375  -27.239  5.982 0.0000000000
78221  -37.043  -27.071  6.299 0.0000000000
78222  -38.290  -26.473  6.566 0.0000000000
78223  -39.003  -25.841  6.890 0.0000000000
78224  -43.743  -25.812  6.333 0.0000000000
78225  -44.423  -25.607  6.572 0.0000000000
78226  -45.368  -24.960  6.338 0.0000000000
78235  -35.294  -26.782  5.001 0.0000000000
78236  -36.008  -26.937  5.498 0.0000000000
78237  -37.006  -26.358  5.557 0.0000000000
78238  -42.560  -25.770  5.245 0.0000000000
78239  -43.351  -25.665  5.640 0.0000000000
78240  -44.420  -25.156  5.745 0.0000000000
78250  -35.110  -26.626  4.488 0.0000000000
78251  -41.209  -25.563  3.889 0.0000000000
78252  -42.053  -25.482  4.439 0.0000000000
78253  -43.192  -24.907  4.695 0.0000000000
78260  -35.055  -26.324  3.722 0.0000000000
78262  -40.713  -25.074  3.100 0.0000000000
79330  -39.984  -24.867  8.422 0.0000000000
79331  -40.440  -25.280  8.357 0.0000000000
79332  -41.206  -25.326  8.218 0.0000000000
79333  -42.017  -25.595  7.889 0.0000000000
79334  -42.924  -25.706  8.068 0.0000000000
79335  -43.704  -25.598  8.138 0.0000000000
79336  -44.250  -25.462  8.045 0.0000000000
79337  -44.623  -25.307  7.746 0.0000000000
79343  -39.785  -25.352  8.006 0.0000000000
79344  -40.081  -25.376  8.267 0.0000000000
79345  -45.079  -24.890  7.282 0.0000000000
79346  -45.727  -24.368  6.725 0.0000000000
79361  -39.458  -25.213  7.442 0.0000000000
79373  -37.894  -26.121  5.913 0.0000000000
79374  -38.684  -25.649  6.363 0.0000000000
79375  -39.251  -25.032  6.842 0.0000000000
79387  -35.586  -26.253  4.635 0.0000000000
79388  -36.511  -26.007  4.894 0.0000000000
79389  -37.592  -25.612  5.159 0.0000000000
79390  -38.511  -25.320  5.707 0.0000000000
79391  -39.043  -24.953  6.249 0.0000000000
79401  -35.282  -25.845  3.873 0.0000000000
79403  -37.067  -25.476  4.454 0.0000000000
80381  -40.199  -24.082  8.610 0.0000000000
80382  -40.278  -23.864  8.505 0.0000000000
80387  -39.752  -24.186  8.352 0.0000000000
80388  -40.087  -24.291  8.529 0.0000000000
80389  -40.632  -24.299  8.390 0.0000000000
80390  -41.592  -24.651  7.903 0.0000000000
80391  -42.450  -25.027  7.550 0.0000000000
80392  -43.303  -25.166  7.566 0.0000000000
80393  -44.120  -24.890  7.598 0.0000000000
80394  -44.494  -25.097  7.725 0.0000000000
80400  -39.533  -24.183  8.011 0.0000000000
80401  -44.448  -24.312  7.182 0.0000000000
80402  -44.883  -24.547  7.288 0.0000000000
80403  -45.627  -24.074  6.872 0.0000000000
80404  -46.358  -23.575  6.536 0.0000000000
80418  -39.432  -24.162  7.441 0.0000000000
80432  -39.411  -24.217  6.636 0.0000000000
80445  -37.764  -25.132  4.491 0.0000000000
80446  -38.474  -24.945  4.951 0.0000000000
80447  -39.144  -24.426  5.683 0.0000000000
80460  -38.986  -24.254  4.821 0.0000000000
81408  -40.163  -23.853  8.520 0.0000000000
81409  -40.187  -23.627  8.444 0.0000000000
81413  -38.994  -22.432  8.106 0.0000000000
81414  -39.493  -23.048  8.088 0.0000000000
81415  -39.857  -23.366  8.346 0.0000000000
81416  -40.346  -23.423  8.313 0.0000000000
81417  -41.320  -23.329  7.875 0.0000000000
81418  -42.193  -24.035  7.358 0.0000000000
81419  -42.983  -24.438  7.137 0.0000000000
81420  -43.571  -24.632  7.324 0.0000000000
81426  -38.915  -22.409  7.852 0.0000000000
81427  -39.407  -23.190  7.842 0.0000000000
81428  -41.707  -22.651  7.569 0.0000000000
81429  -42.118  -22.963  7.318 0.0000000000
81430  -42.833  -23.420  6.833 0.0000000000
81431  -43.827  -23.881  6.896 0.0000000000
81432  -44.803  -23.738  6.809 0.0000000000
81433  -45.529  -23.692  6.756 0.0000000000
81434  -46.188  -23.334  6.559 0.0000000000
81443  -38.968  -22.330  7.502 0.0000000000
81444  -39.472  -23.109  7.224 0.0000000000
81459  -39.540  -23.454  6.217 0.0000000000
81474  -39.534  -23.572  5.229 0.0000000000
82572  -38.526  -21.703  8.028 0.0000000000
82573  -38.871  -22.004  8.205 0.0000000000
82574  -39.371  -22.242  8.305 0.0000000000
82575  -39.980  -22.356  8.246 0.0000000000
82576  -40.730  -22.345  7.995 0.0000000000
82582  -38.506  -21.738  7.658 0.0000000000
82583  -41.429  -22.196  7.641 0.0000000000
82584  -42.035  -22.140  7.332 0.0000000000
82585  -42.714  -22.222  6.800 0.0000000000
82586  -43.507  -22.527  6.440 0.0000000000
82587  -44.537  -22.668  6.381 0.0000000000
82588  -45.471  -23.026  6.493 0.0000000000
82589  -45.934  -23.169  6.526 0.0000000000
82593  -38.808  -21.903  7.174 0.0000000000
82594  -39.211  -22.498  7.187 0.0000000000
82595  -43.051  -21.776  6.527 0.0000000000
82596  -43.212  -22.008  6.519 0.0000000000
82597  -44.858  -22.074  5.969 0.0000000000
82598  -45.401  -22.274  6.044 0.0000000000
82599  -46.385  -22.515  6.216 0.0000000000
82609  -39.245  -21.828  6.583 0.0000000000
82610  -39.433  -22.581  6.721 0.0000000000
82623  -39.507  -21.765  6.160 0.0000000000
82624  -39.757  -22.506  5.813 0.0000000000
83760  -38.281  -21.185  7.929 0.0000000000
83761  -38.488  -21.262  8.043 0.0000000000
83762  -38.919  -21.281  8.143 0.0000000000
83763  -39.572  -21.326  8.044 0.0000000000
83764  -40.351  -21.351  7.824 0.0000000000
83769  -37.914  -20.553  7.541 0.0000000000
83770  -38.069  -20.898  7.691 0.0000000000
83771  -41.099  -21.374  7.629 0.0000000000
83772  -41.802  -21.348  7.221 0.0000000000
83773  -42.313  -21.602  6.953 0.0000000000
83774  -43.668  -22.052  6.332 0.0000000000
83775  -43.924  -22.111  6.236 0.0000000000
83779  -37.789  -20.552  7.340 0.0000000000
83780  -38.157  -21.135  7.329 0.0000000000
83781  -42.250  -21.108  6.752 0.0000000000
83782  -42.733  -21.373  6.550 0.0000000000
83783  -43.529  -21.575  6.202 0.0000000000
83784  -44.391  -21.730  5.881 0.0000000000
83785  -45.106  -21.627  5.594 0.0000000000
83792  -37.711  -20.563  7.036 0.0000000000
83793  -38.392  -21.183  6.898 0.0000000000
83794  -44.128  -21.078  5.630 0.0000000000
83809  -37.977  -20.544  6.661 0.0000000000
83810  -39.039  -21.030  6.303 0.0000000000
83811  -39.693  -21.657  5.817 0.0000000000
83822  -39.653  -20.989  5.637 0.0000000000
83823  -40.246  -21.827  5.197 0.0000000000
84958  -38.235  -20.800  7.838 0.0000000000
84959  -38.545  -20.357  7.782 0.0000000000
84960  -39.248  -20.229  7.743 0.0000000000
84961  -40.075  -20.216  7.623 0.0000000000
84962  -40.965  -20.277  7.572 0.0000000000
84967  -37.756  -20.215  7.433 0.0000000000
84968  -38.030  -20.014  7.612 0.0000000000
84969  -38.439  -19.425  7.569 0.0000000000
84970  -41.529  -20.660  7.365 0.0000000000
84975  -37.453  -19.919  7.100 0.0000000000
84982  -37.417  -19.836  6.708 0.0000000000
84995  -38.059  -19.901  6.118 0.0000000000
84996  -39.016  -20.474  5.894 0.0000000000
85010  -38.207  -19.309  5.712 0.0000000000
85011  -39.209  -19.868  5.463 0.0000000000
86130  -41.056  -17.876  8.674 0.0000000000
86131  -41.590  -18.022  8.576 0.0000000000
86142  -40.601  -18.147  8.340 0.0000000000
86143  -41.235  -18.431  8.187 0.0000000000
86157  -38.718  -18.297  7.643 0.0000000000
86158  -39.008  -18.946  7.642 0.0000000000
86159  -39.891  -18.822  7.739 0.0000000000
86160  -40.713  -19.127  7.712 0.0000000000
86161  -41.451  -19.228  7.667 0.0000000000
86172  -37.665  -19.163  7.223 0.0000000000
86173  -38.270  -18.744  7.474 0.0000000000
86174  -38.575  -18.854  7.549 0.0000000000
86181  -37.205  -18.838  6.702 0.0000000000
86187  -36.915  -18.115  5.658 0.0000000000
86188  -37.190  -18.950  6.222 0.0000000000
86197  -37.253  -18.030  5.239 0.0000000000
86198  -37.515  -18.832  5.745 0.0000000000
86208  -37.730  -17.892  5.074 0.0000000000
86209  -38.293  -18.590  5.309 0.0000000000
87219  -39.245  -16.966  9.458 0.0000000000
87220  -39.740  -17.102  9.301 0.0000000000
87221  -40.509  -17.385  9.006 0.0000000000
87222  -41.207  -17.459  8.858 0.0000000000
87234  -38.976  -17.057  9.052 0.0000000000
87235  -39.404  -17.349  8.887 0.0000000000
87236  -39.974  -17.685  8.597 0.0000000000
87250  -38.596  -17.507  8.138 0.0000000000
87251  -39.073  -17.726  8.135 0.0000000000
87252  -39.503  -18.004  8.096 0.0000000000
87265  -37.606  -17.887  7.077 0.0000000000
87266  -38.157  -17.817  7.483 0.0000000000
87278  -36.681  -17.257  6.150 0.0000000000
87279  -37.019  -17.635  6.685 0.0000000000
87291  -36.645  -17.456  5.547 0.0000000000
87292  -36.812  -18.071  6.138 0.0000000000
87301  -36.852  -17.419  5.054 0.0000000000
87311  -37.410  -17.303  4.590 0.0000000000
87312  -38.296  -17.834  4.839 0.0000000000
87325  -37.719  -16.933  4.129 0.0000000000
87326  -38.220  -17.282  4.379 0.0000000000
88322  -38.984  -16.569  9.594 0.0000000000
88323  -39.415  -16.587  9.585 0.0000000000
88324  -40.062  -16.729  9.444 0.0000000000
88325  -40.758  -16.925  9.175 0.0000000000
88326  -41.387  -17.126  8.876 0.0000000000
88336  -38.333  -16.351  9.000 0.0000000000
88337  -38.618  -16.625  9.180 0.0000000000
88346  -38.024  -16.529  8.407 0.0000000000
88347  -38.220  -16.990  8.436 0.0000000000
88359  -37.476  -16.889  7.540 0.0000000000
88360  -37.815  -17.196  7.839 0.0000000000
88372  -36.910  -16.589  6.263 0.0000000000
88373  -37.054  -16.819  6.824 0.0000000000
88385  -36.649  -16.825  5.566 0.0000000000
88399  -36.812  -16.888  4.967 0.0000000000
88414  -37.183  -16.675  4.426 0.0000000000
88425  -37.554  -16.332  3.688 0.0000000000
88426  -38.212  -16.792  3.902 0.0000000000
88435  -37.665  -15.737  2.754 0.0000000000
88436  -38.244  -16.213  3.307 0.0000000000
88445  -37.694  -15.580  2.251 0.0000000000
88446  -38.151  -15.732  2.577 0.0000000000
89461  -38.915  -15.801  9.496 0.0000000000
89462  -39.176  -15.798  9.519 0.0000000000
89463  -39.610  -15.913  9.442 0.0000000000
89464  -40.182  -16.226  9.177 0.0000000000
89465  -40.818  -16.574  8.913 0.0000000000
89466  -41.424  -16.742  8.370 0.0000000000
89474  -38.471  -15.548  8.958 0.0000000000
89475  -38.681  -15.704  9.330 0.0000000000
89476  -41.349  -16.381  7.842 0.0000000000
89487  -38.081  -15.939  8.213 0.0000000000
89501  -37.654  -16.187  7.436 0.0000000000
89512  -37.518  -16.005  6.468 0.0000000000
89513  -37.325  -16.279  6.847 0.0000000000
89525  -37.149  -16.281  5.705 0.0000000000
89538  -37.003  -16.359  4.969 0.0000000000
89550  -37.238  -16.262  4.265 0.0000000000
89560  -37.410  -15.909  3.499 0.0000000000
89568  -37.419  -15.536  2.724 0.0000000000
89577  -37.480  -15.415  2.098 0.0000000000
89578  -37.936  -15.418  1.859 0.0000000000
89589  -38.658  -15.164  1.745 0.0000000000
90624  -39.169  -14.111  9.705 0.0000000000
90625  -39.350  -14.038  9.576 0.0000000000
90631  -39.061  -14.779  9.378 0.0000000000
90632  -39.175  -14.587  9.352 0.0000000000
90633  -39.383  -14.589  9.329 0.0000000000
90634  -39.700  -14.983  9.073 0.0000000000
90635  -40.274  -15.494  8.683 0.0000000000
90636  -40.803  -16.219  8.530 0.0000000000
90642  -38.764  -14.372  9.241 0.0000000000
90643  -38.880  -14.615  9.313 0.0000000000
90644  -40.404  -15.028  8.289 0.0000000000
90645  -40.831  -15.705  7.861 0.0000000000
90654  -38.608  -14.896  8.712 0.0000000000
90655  -41.030  -15.288  7.332 0.0000000000
90668  -38.428  -15.309  7.952 0.0000000000
90683  -38.345  -15.325  6.727 0.0000000000
90684  -37.974  -15.657  7.184 0.0000000000
90701  -38.047  -15.717  5.952 0.0000000000
90715  -37.662  -15.835  5.146 0.0000000000
90725  -37.478  -15.677  4.354 0.0000000000
90735  -37.414  -15.463  3.495 0.0000000000
90745  -37.327  -15.231  2.631 0.0000000000
90755  -37.325  -15.100  1.898 0.0000000000
90756  -37.541  -15.201  1.591 0.0000000000
90767  -37.527  -14.918  1.357 0.0000000000
90768  -38.136  -14.807  1.260 0.0000000000
91724  -39.531  -13.188  9.870 0.0000000000
91725  -39.483  -13.451  9.775 0.0000000000
91726  -39.670  -13.450  9.920 0.0000000000
91727  -39.830  -13.351  10.159 0.0000000000
91734  -39.308  -13.607  9.607 0.0000000000
91735  -39.316  -13.911  9.571 0.0000000000
91736  -39.493  -13.892  9.553 0.0000000000
91737  -39.691  -13.706  9.571 0.0000000000
91738  -40.076  -13.880  8.954 0.0000000000
91739  -40.538  -13.363  8.853 0.0000000000
91746  -38.880  -13.588  9.520 0.0000000000
91747  -39.008  -13.727  9.674 0.0000000000
91748  -40.263  -14.634  8.535 0.0000000000
91749  -40.605  -14.164  8.147 0.0000000000
91750  -41.093  -13.757  7.748 0.0000000000
91757  -38.796  -13.825  9.183 0.0000000000
91758  -40.761  -14.974  7.564 0.0000000000
91759  -41.078  -14.560  7.112 0.0000000000
91768  -38.829  -14.120  8.533 0.0000000000
91776  -38.864  -14.760  6.830 0.0000000000
91777  -38.928  -14.544  7.524 0.0000000000
91793  -38.660  -14.883  6.266 0.0000000000
91794  -39.311  -14.113  6.758 0.0000000000
91813  -38.532  -15.226  5.449 0.0000000000
91814  -39.093  -14.315  5.839 0.0000000000
91815  -43.637  -15.009  3.802 0.0000000000
91829  -38.233  -15.243  4.653 0.0000000000
91830  -39.051  -14.743  4.921 0.0000000000
91831  -43.737  -14.833  3.651 0.0000000000
91832  -43.905  -14.894  3.458 0.0000000000
91842  -37.975  -14.751  3.792 0.0000000000
91843  -38.581  -14.714  4.405 0.0000000000
91856  -37.442  -14.686  2.792 0.0000000000
91870  -37.258  -14.647  2.003 0.0000000000
91884  -37.508  -14.557  1.417 0.0000000000
91885  -37.777  -14.517  1.146 0.0000000000
91896  -37.855  -14.174  1.000 0.0000000000
91897  -38.352  -13.873  0.785 0.0000000000
92811  -39.726  -12.244  11.290 0.0000000000
92812  -39.931  -12.288  11.491 0.0000000000
92813  -40.103  -12.305  11.633 0.0000000000
92822  -39.528  -12.652  10.279 0.0000000000
92823  -39.674  -12.559  10.545 0.0000000000
92824  -39.844  -12.736  10.622 0.0000000000
92825  -40.143  -12.704  10.845 0.0000000000
92826  -40.809  -12.490  10.791 0.0000000000
92827  -41.236  -12.276  10.744 0.0000000000
92836  -39.185  -12.559  10.034 0.0000000000
92837  -39.318  -12.759  10.093 0.0000000000
92838  -39.997  -13.210  10.238 0.0000000000
92839  -40.237  -13.058  10.062 0.0000000000
92840  -41.040  -12.575  9.767 0.0000000000
92841  -42.147  -12.014  9.657 0.0000000000
92842  -42.846  -11.735  9.669 0.0000000000
92850  -39.002  -12.915  9.678 0.0000000000
92851  -39.071  -13.111  9.789 0.0000000000
92852  -40.819  -13.156  8.753 0.0000000000
92853  -41.431  -12.886  8.482 0.0000000000
92854  -42.501  -11.946  8.876 0.0000000000
92861  -38.995  -13.010  9.171 0.0000000000
92862  -41.476  -13.488  7.322 0.0000000000
92863  -42.203  -12.630  7.774 0.0000000000
92872  -39.252  -13.000  8.393 0.0000000000
92873  -39.469  -12.342  8.306 0.0000000000
92874  -41.607  -14.029  6.399 0.0000000000
92875  -42.018  -13.167  6.675 0.0000000000
92881  -39.463  -13.350  7.515 0.0000000000
92882  -39.569  -12.556  7.930 0.0000000000
92883  -41.797  -14.370  5.890 0.0000000000
92884  -42.351  -13.757  5.551 0.0000000000
92885  -42.934  -13.145  5.394 0.0000000000
92895  -39.750  -13.086  6.953 0.0000000000
92896  -39.746  -12.666  7.454 0.0000000000
92897  -42.992  -14.353  4.499 0.0000000000
92898  -43.179  -13.401  4.728 0.0000000000
92899  -43.561  -12.997  4.383 0.0000000000
92913  -39.669  -13.426  6.230 0.0000000000
92914  -43.470  -14.660  4.028 0.0000000000
92915  -43.466  -14.146  3.991 0.0000000000
92916  -43.646  -13.484  3.862 0.0000000000
92931  -39.574  -13.728  5.335 0.0000000000
92932  -43.603  -14.769  3.851 0.0000000000
92933  -43.676  -14.595  3.686 0.0000000000
92934  -44.005  -14.278  3.191 0.0000000000
92947  -38.449  -14.230  3.617 0.0000000000
92948  -39.205  -14.140  4.167 0.0000000000
92949  -44.574  -14.358  2.213 0.0000000000
92966  -38.190  -14.057  3.063 0.0000000000
92967  -38.698  -13.958  3.542 0.0000000000
92985  -37.800  -14.008  2.118 0.0000000000
92986  -38.218  -13.558  1.745 0.0000000000
93003  -37.570  -14.220  1.554 0.0000000000
93004  -37.987  -13.636  1.278 0.0000000000
93017  -37.745  -14.052  1.176 0.0000000000
93018  -38.355  -13.478  0.773 0.0000000000
93915  -39.263  -11.713  11.485 0.0000000000
93916  -39.437  -11.886  11.512 0.0000000000
93917  -39.568  -11.910  12.063 0.0000000000
93918  -39.949  -11.993  12.160 0.0000000000
93919  -40.399  -11.901  12.176 0.0000000000
93920  -40.900  -11.809  12.032 0.0000000000
93928  -39.382  -11.890  10.972 0.0000000000
93929  -39.558  -12.213  10.837 0.0000000000
93930  -40.285  -12.197  11.761 0.0000000000
93931  -40.645  -12.175  11.534 0.0000000000
93932  -41.341  -11.944  11.400 0.0000000000
93933  -42.056  -11.736  11.167 0.0000000000
93934  -42.604  -11.585  10.945 0.0000000000
93942  -39.185  -12.154  10.146 0.0000000000
93943  -39.263  -11.879  10.565 0.0000000000
93944  -41.603  -12.080  10.775 0.0000000000
93945  -42.119  -11.903  10.515 0.0000000000
93946  -42.913  -11.591  10.311 0.0000000000
93953  -39.136  -12.097  9.837 0.0000000000
93954  -43.562  -11.462  9.474 0.0000000000
93955  -44.186  -11.289  9.246 0.0000000000
93962  -39.212  -12.020  9.261 0.0000000000
93963  -43.167  -11.900  8.205 0.0000000000
93964  -44.268  -11.378  8.598 0.0000000000
93965  -44.801  -11.140  8.375 0.0000000000
93973  -39.413  -11.881  8.685 0.0000000000
93974  -39.673  -11.898  8.226 0.0000000000
93975  -42.711  -12.439  7.029 0.0000000000
93976  -43.709  -11.752  7.348 0.0000000000
93977  -44.844  -11.252  7.686 0.0000000000
93978  -45.321  -11.054  7.400 0.0000000000
93985  -39.926  -12.065  7.754 0.0000000000
93986  -42.463  -12.927  6.285 0.0000000000
93987  -43.090  -12.531  6.012 0.0000000000
93988  -44.282  -11.685  6.473 0.0000000000
93989  -45.198  -11.204  6.860 0.0000000000
93996  -40.142  -12.645  6.565 0.0000000000
93997  -40.103  -12.298  7.183 0.0000000000
93998  -43.244  -12.887  5.304 0.0000000000
93999  -43.841  -12.436  5.132 0.0000000000
94000  -44.948  -11.452  5.788 0.0000000000
94008  -40.202  -12.756  5.896 0.0000000000
94009  -40.476  -12.260  5.903 0.0000000000
94010  -43.934  -12.700  3.955 0.0000000000
94011  -44.692  -11.783  4.502 0.0000000000
94023  -40.028  -12.944  4.926 0.0000000000
94024  -40.448  -12.327  5.561 0.0000000000
94025  -44.227  -13.426  3.092 0.0000000000
94026  -44.730  -12.388  3.247 0.0000000000
94043  -39.961  -13.320  4.066 0.0000000000
94044  -44.198  -13.917  2.479 0.0000000000
94045  -44.668  -13.317  1.832 0.0000000000
94064  -38.481  -13.633  2.843 0.0000000000
94065  -39.087  -13.444  3.348 0.0000000000
94084  -38.251  -13.794  2.552 0.0000000000
94085  -38.657  -13.344  2.353 0.0000000000
94103  -38.575  -13.014  1.486 0.0000000000
94124  -38.498  -12.800  0.686 0.0000000000
95039  -38.768  -11.045  13.042 0.0000000000
95040  -39.040  -11.126  13.116 0.0000000000
95041  -39.632  -11.182  13.147 0.0000000000
95042  -40.290  -11.138  12.954 0.0000000000
95043  -40.844  -11.086  12.662 0.0000000000
95047  -38.940  -11.387  11.842 0.0000000000
95048  -38.981  -11.320  12.599 0.0000000000
95049  -39.499  -11.548  12.731 0.0000000000
95050  -40.046  -11.595  12.721 0.0000000000
95051  -40.640  -11.498  12.517 0.0000000000
95052  -41.373  -11.338  12.204 0.0000000000
95053  -41.971  -11.083  11.847 0.0000000000
95058  -38.697  -10.733  11.271 0.0000000000
95059  -38.922  -11.230  11.274 0.0000000000
95060  -41.859  -11.478  11.626 0.0000000000
95061  -42.447  -11.268  11.403 0.0000000000
95062  -43.023  -11.249  10.910 0.0000000000
95067  -39.081  -11.321  10.655 0.0000000000
95068  -39.134  -11.469  10.852 0.0000000000
95069  -43.504  -11.171  10.281 0.0000000000
95070  -43.820  -10.969  9.952 0.0000000000
95075  -39.212  -11.066  10.104 0.0000000000
95076  -43.799  -11.188  9.849 0.0000000000
95077  -44.175  -11.068  9.581 0.0000000000
95078  -44.481  -10.898  9.180 0.0000000000
95082  -39.430  -10.993  9.373 0.0000000000
95083  -44.440  -11.158  9.129 0.0000000000
95084  -44.781  -11.008  8.794 0.0000000000
95088  -39.680  -11.026  8.611 0.0000000000
95089  -39.931  -11.449  8.056 0.0000000000
95090  -45.109  -10.930  8.252 0.0000000000
95091  -45.366  -10.824  7.707 0.0000000000
95095  -39.975  -10.828  8.113 0.0000000000
95096  -40.220  -11.372  7.561 0.0000000000
95097  -45.536  -10.746  7.111 0.0000000000
95102  -40.345  -12.359  6.339 0.0000000000
95103  -40.426  -11.781  6.689 0.0000000000
95104  -45.632  -10.766  6.305 0.0000000000
95109  -40.463  -12.192  6.166 0.0000000000
95110  -40.620  -11.720  5.944 0.0000000000
95111  -45.574  -10.743  5.174 0.0000000000
95116  -40.432  -12.633  4.366 0.0000000000
95117  -40.711  -11.923  5.055 0.0000000000
95118  -45.255  -11.208  3.829 0.0000000000
95125  -40.225  -12.742  3.676 0.0000000000
95127  -45.085  -11.762  2.440 0.0000000000
95135  -39.675  -12.638  2.907 0.0000000000
95146  -39.366  -12.516  2.028 0.0000000000
96135  -38.274  -10.171  12.965 0.0000000000
96136  -38.641  -10.553  13.079 0.0000000000
96137  -39.216  -10.594  13.246 0.0000000000
96138  -39.897  -10.587  13.129 0.0000000000
96139  -40.622  -10.528  12.745 0.0000000000
96140  -41.174  -10.768  12.497 0.0000000000
96147  -37.854  -9.959  12.222 0.0000000000
96148  -38.339  -10.486  12.520 0.0000000000
96149  -38.643  -10.894  12.912 0.0000000000
96150  -41.178  -10.276  12.462 0.0000000000
96151  -41.690  -10.534  12.117 0.0000000000
96152  -42.275  -10.627  11.609 0.0000000000
96158  -38.206  -10.303  11.802 0.0000000000
96159  -38.581  -10.861  11.909 0.0000000000
96160  -42.804  -10.720  11.212 0.0000000000
96161  -43.242  -10.729  10.714 0.0000000000
96167  -37.993  -9.356  10.849 0.0000000000
96168  -38.504  -10.035  11.010 0.0000000000
96169  -43.547  -10.651  10.162 0.0000000000
96170  -43.875  -10.603  9.706 0.0000000000
96176  -38.383  -9.502  10.548 0.0000000000
96177  -39.019  -9.942  10.105 0.0000000000
96178  -44.253  -10.561  9.318 0.0000000000
96179  -44.561  -10.535  8.916 0.0000000000
96183  -39.360  -10.036  9.229 0.0000000000
96184  -44.852  -10.541  8.484 0.0000000000
96188  -39.636  -10.077  8.475 0.0000000000
96189  -45.214  -10.417  7.995 0.0000000000
96190  -45.537  -10.287  7.388 0.0000000000
96194  -40.080  -10.197  7.749 0.0000000000
96195  -40.432  -10.834  7.149 0.0000000000
96196  -45.904  -10.185  6.707 0.0000000000
96200  -40.394  -10.089  7.142 0.0000000000
96201  -40.582  -10.670  6.498 0.0000000000
96202  -46.135  -10.060  5.869 0.0000000000
96203  -46.330  -9.599  5.425 0.0000000000
96207  -40.893  -10.788  5.661 0.0000000000
96208  -46.136  -9.988  5.191 0.0000000000
96209  -46.307  -9.477  4.919 0.0000000000
96216  -45.797  -10.010  4.299 0.0000000000
96217  -46.137  -9.349  4.465 0.0000000000
96225  -45.337  -10.524  3.062 0.0000000000
97198  -38.359  -9.844  13.020 0.0000000000
97199  -38.844  -9.926  13.177 0.0000000000
97200  -39.496  -9.910  13.107 0.0000000000
97201  -40.189  -9.901  12.841 0.0000000000
97202  -40.795  -9.815  12.505 0.0000000000
97212  -37.691  -9.456  12.370 0.0000000000
97213  -38.039  -9.719  12.765 0.0000000000
97214  -41.396  -9.779  12.125 0.0000000000
97215  -42.093  -9.802  11.565 0.0000000000
97216  -42.526  -10.259  11.342 0.0000000000
97222  -37.207  -8.939  11.579 0.0000000000
97223  -37.545  -9.524  11.961 0.0000000000
97224  -42.307  -9.380  11.154 0.0000000000
97225  -42.779  -9.856  10.796 0.0000000000
97226  -43.261  -10.309  10.380 0.0000000000
97230  -37.445  -9.081  11.096 0.0000000000
97231  -37.691  -9.584  11.561 0.0000000000
97232  -42.949  -9.370  10.178 0.0000000000
97233  -43.448  -9.843  9.754 0.0000000000
97234  -43.954  -10.238  9.427 0.0000000000
97240  -37.883  -8.873  10.398 0.0000000000
97241  -38.516  -9.345  10.212 0.0000000000
97242  -43.748  -9.411  9.189 0.0000000000
97243  -44.228  -9.841  8.924 0.0000000000
97244  -44.630  -10.226  8.666 0.0000000000
97250  -37.826  -8.555  9.704 0.0000000000
97251  -38.610  -9.189  9.685 0.0000000000
97252  -44.504  -9.512  8.339 0.0000000000
97253  -44.834  -9.936  8.303 0.0000000000
97258  -38.231  -8.663  9.066 0.0000000000
97259  -39.000  -9.297  8.867 0.0000000000
97260  -45.267  -9.764  7.632 0.0000000000
97261  -45.679  -9.608  6.959 0.0000000000
97266  -38.664  -8.752  8.539 0.0000000000
97267  -39.343  -9.158  8.169 0.0000000000
97268  -46.107  -9.398  6.251 0.0000000000
97269  -46.330  -8.974  5.769 0.0000000000
97273  -39.886  -9.142  7.339 0.0000000000
97274  -40.464  -9.685  6.788 0.0000000000
97275  -46.324  -9.416  5.743 0.0000000000
97276  -46.460  -9.022  5.275 0.0000000000
97280  -40.357  -8.835  6.634 0.0000000000
97281  -40.759  -9.780  6.201 0.0000000000
97282  -46.322  -8.906  4.601 0.0000000000
97286  -40.916  -8.953  6.082 0.0000000000
97289  -45.584  -9.782  3.417 0.0000000000
97290  -45.831  -9.088  3.719 0.0000000000
97300  -45.568  -8.823  2.859 0.0000000000
98293  -38.139  -9.233  12.722 0.0000000000
98294  -38.539  -9.301  12.837 0.0000000000
98295  -39.076  -9.262  12.924 0.0000000000
98296  -39.805  -9.154  12.559 0.0000000000
98297  -40.388  -9.470  12.494 0.0000000000
98310  -37.534  -8.688  12.243 0.0000000000
98311  -37.814  -9.013  12.525 0.0000000000
98312  -40.011  -8.710  12.056 0.0000000000
98313  -40.703  -9.008  11.846 0.0000000000
98314  -41.517  -9.351  11.680 0.0000000000
98326  -36.969  -8.284  11.540 0.0000000000
98327  -37.276  -8.667  11.928 0.0000000000
98328  -41.014  -8.316  11.269 0.0000000000
98329  -41.790  -8.742  11.098 0.0000000000
98330  -42.390  -9.193  10.907 0.0000000000
98341  -36.846  -8.377  11.188 0.0000000000
98342  -42.081  -8.334  10.410 0.0000000000
98343  -42.532  -8.838  10.367 0.0000000000
98344  -43.035  -8.914  9.745 0.0000000000
98353  -36.866  -8.347  10.621 0.0000000000
98354  -43.472  -8.941  9.261 0.0000000000
98355  -43.832  -8.990  8.782 0.0000000000
98361  -37.002  -8.236  9.939 0.0000000000
98362  -44.256  -9.034  8.330 0.0000000000
98363  -44.699  -9.163  7.788 0.0000000000
98368  -37.349  -8.112  9.227 0.0000000000
98369  -45.239  -8.993  7.127 0.0000000000
98370  -45.706  -8.813  6.524 0.0000000000
98376  -37.962  -8.128  8.330 0.0000000000
98377  -38.720  -8.603  8.195 0.0000000000
98378  -46.117  -8.582  5.999 0.0000000000
98379  -46.307  -8.441  5.482 0.0000000000
98384  -38.071  -7.648  7.268 0.0000000000
98385  -38.890  -8.422  7.712 0.0000000000
98386  -46.357  -8.304  4.848 0.0000000000
98390  -38.448  -7.563  6.757 0.0000000000
98391  -39.253  -7.977  6.842 0.0000000000
98392  -46.191  -8.230  4.050 0.0000000000
98400  -40.387  -7.846  6.001 0.0000000000
98403  -45.717  -8.234  3.098 0.0000000000
98415  -40.684  -7.302  5.426 0.0000000000
99371  -37.948  -8.787  12.549 0.0000000000
99372  -38.187  -8.719  12.564 0.0000000000
99373  -38.621  -8.707  12.587 0.0000000000
99374  -39.133  -8.707  12.518 0.0000000000
99384  -37.374  -8.130  11.890 0.0000000000
99385  -37.743  -8.298  12.156 0.0000000000
99386  -38.147  -8.159  12.172 0.0000000000
99387  -38.674  -8.210  12.067 0.0000000000
99388  -39.422  -8.297  11.914 0.0000000000
99389  -40.067  -8.363  11.717 0.0000000000
99401  -36.826  -7.768  11.222 0.0000000000
99402  -37.046  -7.687  11.486 0.0000000000
99403  -39.769  -7.823  11.443 0.0000000000
99404  -40.410  -7.871  11.273 0.0000000000
99405  -41.063  -7.657  10.774 0.0000000000
99417  -36.638  -7.599  10.771 0.0000000000
99418  -41.684  -7.804  10.333 0.0000000000
99419  -42.244  -7.946  9.743 0.0000000000
99420  -42.672  -8.475  9.705 0.0000000000
99434  -36.349  -7.067  9.712 0.0000000000
99435  -36.487  -7.516  10.142 0.0000000000
99436  -42.456  -7.537  9.209 0.0000000000
99437  -42.989  -8.073  9.025 0.0000000000
99438  -43.524  -8.538  8.814 0.0000000000
99450  -36.280  -6.954  9.137 0.0000000000
99451  -36.617  -7.593  9.493 0.0000000000
99452  -43.296  -7.670  8.436 0.0000000000
99453  -43.826  -8.100  8.178 0.0000000000
99454  -44.353  -8.596  7.854 0.0000000000
99459  -36.438  -6.769  8.355 0.0000000000
99460  -36.850  -7.499  8.736 0.0000000000
99461  -44.132  -7.593  7.563 0.0000000000
99462  -44.708  -8.022  7.167 0.0000000000
99463  -45.326  -8.414  6.725 0.0000000000
99469  -36.635  -6.524  7.637 0.0000000000
99470  -37.100  -7.269  7.882 0.0000000000
99471  -45.035  -7.421  6.500 0.0000000000
99472  -45.653  -7.782  6.092 0.0000000000
99473  -46.114  -8.107  5.718 0.0000000000
99479  -36.733  -6.342  7.186 0.0000000000
99480  -37.198  -6.805  7.086 0.0000000000
99481  -45.849  -7.322  5.445 0.0000000000
99482  -46.178  -7.659  5.224 0.0000000000
99492  -37.935  -7.144  6.392 0.0000000000
99493  -38.638  -7.478  6.528 0.0000000000
99494  -46.203  -7.525  4.295 0.0000000000
99505  -38.170  -6.747  5.466 0.0000000000
99506  -38.968  -7.284  6.060 0.0000000000
99507  -46.066  -7.445  3.345 0.0000000000
99520  -38.237  -6.448  4.925 0.0000000000
99521  -39.512  -6.576  5.051 0.0000000000
99536  -39.752  -5.864  4.218 0.0000000000
100493  -37.319  -7.385  11.414 0.0000000000
100494  -37.683  -7.553  11.613 0.0000000000
100495  -38.126  -7.541  11.573 0.0000000000
100496  -38.733  -7.639  11.515 0.0000000000
100497  -39.255  -7.579  11.329 0.0000000000
100506  -36.824  -6.830  10.878 0.0000000000
100507  -37.094  -6.767  11.047 0.0000000000
100508  -38.258  -7.192  11.070 0.0000000000
100509  -38.702  -7.064  10.829 0.0000000000
100510  -39.549  -7.142  10.715 0.0000000000
100511  -40.352  -7.163  10.597 0.0000000000
100512  -40.758  -7.069  10.392 0.0000000000
100522  -36.507  -5.986  10.040 0.0000000000
100523  -36.516  -6.557  10.303 0.0000000000
100524  -39.816  -6.711  10.205 0.0000000000
100525  -40.329  -6.679  9.991 0.0000000000
100526  -41.111  -6.913  9.994 0.0000000000
100527  -41.725  -7.253  9.795 0.0000000000
100538  -36.404  -6.273  9.696 0.0000000000
100539  -36.357  -6.867  9.999 0.0000000000
100540  -41.461  -6.717  9.492 0.0000000000
100541  -42.038  -6.933  9.255 0.0000000000
100542  -42.535  -7.149  8.779 0.0000000000
100556  -36.371  -6.059  8.881 0.0000000000
100557  -42.949  -7.245  8.426 0.0000000000
100558  -43.375  -7.236  8.075 0.0000000000
100568  -36.340  -5.973  8.037 0.0000000000
100569  -43.771  -7.170  7.682 0.0000000000
100570  -44.242  -7.042  7.251 0.0000000000
100573  -36.518  -5.968  7.340 0.0000000000
100574  -44.660  -6.971  6.679 0.0000000000
100575  -45.110  -6.862  6.094 0.0000000000
100582  -36.893  -6.131  6.707 0.0000000000
100583  -37.325  -6.580  6.554 0.0000000000
100584  -45.610  -6.680  5.342 0.0000000000
100585  -45.941  -7.122  5.144 0.0000000000
100594  -37.046  -5.994  6.361 0.0000000000
100595  -37.361  -6.253  6.027 0.0000000000
100596  -45.771  -6.377  4.777 0.0000000000
100597  -45.981  -6.786  4.557 0.0000000000
100605  -37.663  -6.218  5.000 0.0000000000
100606  -46.247  -6.700  3.572 0.0000000000
100617  -38.174  -6.056  4.477 0.0000000000
100618  -38.737  -5.784  3.961 0.0000000000
100629  -39.725  -5.367  3.338 0.0000000000
100659  -40.117  -4.679  1.878 0.0000000000
101512  -37.346  -6.891  11.014 0.0000000000
101513  -37.653  -6.990  10.981 0.0000000000
101514  -37.937  -7.078  10.995 0.0000000000
101519  -36.909  -5.761  10.775 0.0000000000
101520  -37.133  -6.015  10.951 0.0000000000
101521  -37.410  -5.916  10.872 0.0000000000
101522  -37.971  -6.207  10.746 0.0000000000
101523  -38.680  -6.018  10.114 0.0000000000
101524  -39.363  -6.495  10.143 0.0000000000
101531  -36.547  -5.754  10.166 0.0000000000
101532  -36.666  -5.629  10.418 0.0000000000
101533  -38.775  -5.304  9.642 0.0000000000
101534  -39.430  -5.939  9.629 0.0000000000
101535  -40.421  -5.978  9.276 0.0000000000
101536  -41.085  -6.416  9.434 0.0000000000
101545  -36.403  -5.435  9.898 0.0000000000
101546  -36.467  -5.225  10.151 0.0000000000
101547  -40.612  -5.498  8.735 0.0000000000
101548  -41.273  -6.041  8.899 0.0000000000
101549  -42.151  -6.206  8.412 0.0000000000
101550  -42.648  -6.766  8.392 0.0000000000
101562  -36.364  -5.349  9.355 0.0000000000
101563  -42.331  -5.856  7.870 0.0000000000
101564  -42.886  -6.440  7.898 0.0000000000
101565  -43.420  -6.770  7.742 0.0000000000
101577  -36.477  -5.109  8.551 0.0000000000
101578  -42.940  -5.868  7.390 0.0000000000
101579  -43.563  -6.227  7.254 0.0000000000
101580  -44.246  -6.408  6.840 0.0000000000
101587  -36.616  -5.274  7.693 0.0000000000
101588  -43.981  -5.824  6.649 0.0000000000
101589  -44.598  -6.007  6.254 0.0000000000
101590  -45.116  -6.197  5.759 0.0000000000
101597  -36.806  -5.456  7.007 0.0000000000
101598  -44.819  -5.705  5.662 0.0000000000
101599  -45.208  -5.804  5.300 0.0000000000
101609  -37.090  -5.567  6.382 0.0000000000
101610  -37.348  -5.474  5.514 0.0000000000
101611  -45.568  -5.877  4.761 0.0000000000
101612  -45.841  -6.149  4.381 0.0000000000
101623  -37.686  -5.456  4.503 0.0000000000
101624  -37.911  -5.159  3.852 0.0000000000
101625  -45.766  -5.650  4.089 0.0000000000
101626  -46.184  -5.956  3.706 0.0000000000
101635  -38.022  -5.587  3.898 0.0000000000
101636  -38.404  -5.192  3.306 0.0000000000
101649  -39.050  -4.863  2.518 0.0000000000
101663  -39.608  -4.540  1.940 0.0000000000
101677  -40.216  -4.414  1.531 0.0000000000
102539  -36.793  -4.664  10.361 0.0000000000
102540  -36.963  -4.731  10.499 0.0000000000
102541  -37.162  -4.754  10.471 0.0000000000
102542  -37.427  -4.787  10.353 0.0000000000
102543  -37.860  -4.767  10.099 0.0000000000
102550  -36.596  -4.621  10.168 0.0000000000
102551  -38.282  -4.627  9.684 0.0000000000
102552  -38.746  -4.515  9.220 0.0000000000
102553  -39.525  -5.209  9.043 0.0000000000
102560  -36.338  -4.844  9.654 0.0000000000
102561  -36.416  -4.711  9.937 0.0000000000
102562  -39.202  -4.418  8.768 0.0000000000
102563  -39.933  -4.919  8.592 0.0000000000
102564  -40.760  -5.017  8.175 0.0000000000
102565  -41.491  -5.586  8.291 0.0000000000
102574  -36.419  -4.445  9.183 0.0000000000
102575  -36.455  -4.304  9.652 0.0000000000
102577  -41.673  -5.133  7.576 0.0000000000
102578  -42.525  -5.681  7.525 0.0000000000
102590  -36.557  -4.243  8.584 0.0000000000
102592  -42.684  -5.152  6.811 0.0000000000
102593  -43.528  -5.547  6.706 0.0000000000
102603  -36.703  -4.440  7.988 0.0000000000
102604  -42.859  -4.731  6.118 0.0000000000
102605  -43.712  -5.069  6.008 0.0000000000
102606  -44.460  -5.443  5.792 0.0000000000
102618  -36.977  -4.583  7.194 0.0000000000
102619  -37.164  -4.135  6.851 0.0000000000
102620  -43.831  -4.672  5.300 0.0000000000
102621  -44.525  -5.071  5.096 0.0000000000
102622  -45.159  -5.479  4.878 0.0000000000
102629  -37.090  -5.044  6.762 0.0000000000
102630  -37.304  -4.570  6.332 0.0000000000
102631  -44.656  -4.745  4.422 0.0000000000
102632  -45.243  -5.100  4.288 0.0000000000
102642  -37.594  -4.615  5.199 0.0000000000
102643  -37.870  -4.635  4.339 0.0000000000
102656  -38.228  -4.588  3.691 0.0000000000
102672  -38.706  -4.420  2.981 0.0000000000
102683  -39.215  -4.170  2.235 0.0000000000
102692  -39.724  -3.948  1.475 0.0000000000
102693  -39.877  -3.539  1.122 0.0000000000
102699  -40.139  -4.086  1.242 0.0000000000
102700  -40.269  -3.800  0.800 0.0000000000
103572  -37.030  -3.650  10.332 0.0000000000
103573  -37.061  -3.468  10.372 0.0000000000
103574  -37.255  -3.488  10.311 0.0000000000
103575  -37.462  -3.462  10.159 0.0000000000
103576  -37.862  -3.310  9.934 0.0000000000
103577  -38.249  -2.654  9.888 0.0000000000
103584  -36.841  -3.650  10.173 0.0000000000
103585  -38.238  -3.630  9.540 0.0000000000
103586  -38.471  -3.017  9.411 0.0000000000
103595  -36.651  -3.782  9.902 0.0000000000
103596  -38.760  -3.523  8.863 0.0000000000
103597  -39.203  -3.724  8.381 0.0000000000
103598  -39.872  -4.260  8.068 0.0000000000
103609  -36.579  -3.647  8.874 0.0000000000
103610  -36.564  -3.657  9.425 0.0000000000
103611  -39.407  -3.410  7.850 0.0000000000
103624  -36.760  -3.605  8.248 0.0000000000
103625  -37.006  -3.241  7.809 0.0000000000
103644  -36.920  -3.835  7.619 0.0000000000
103645  -37.148  -3.292  7.316 0.0000000000
103665  -37.077  -3.871  7.136 0.0000000000
103666  -37.349  -3.545  6.696 0.0000000000
103682  -37.719  -3.639  5.885 0.0000000000
103694  -38.219  -3.670  5.047 0.0000000000
103695  -38.331  -3.967  4.283 0.0000000000
103705  -38.537  -3.262  4.501 0.0000000000
103706  -38.714  -3.559  3.748 0.0000000000
103719  -39.219  -3.418  2.926 0.0000000000
103730  -39.553  -3.240  2.018 0.0000000000
103731  -39.715  -2.886  1.452 0.0000000000
103741  -39.699  -3.363  1.346 0.0000000000
103742  -39.811  -3.125  0.779 0.0000000000
103751  -40.067  -3.315  0.041 0.0000000000
104604  -38.161  -0.798  11.989 0.0000000000
104605  -38.362  -0.674  12.069 0.0000000000
104610  -37.686  -1.587  11.331 0.0000000000
104611  -37.916  -1.392  11.534 0.0000000000
104612  -38.311  -1.117  11.567 0.0000000000
104613  -38.672  -0.981  11.145 0.0000000000
104614  -38.923  -0.802  10.952 0.0000000000
104617  -37.261  -2.461  10.693 0.0000000000
104618  -37.369  -2.209  10.828 0.0000000000
104619  -37.541  -2.356  10.743 0.0000000000
104620  -37.852  -2.230  10.748 0.0000000000
104621  -38.228  -1.937  10.595 0.0000000000
104622  -38.810  -1.448  10.241 0.0000000000
104623  -39.393  -0.817  10.174 0.0000000000
104626  -37.158  -2.519  10.473 0.0000000000
104627  -38.725  -2.389  9.133 0.0000000000
104628  -39.156  -1.264  9.547 0.0000000000
104631  -36.928  -2.653  10.220 0.0000000000
104632  -38.808  -2.964  8.628 0.0000000000
104633  -39.031  -2.200  8.450 0.0000000000
104642  -36.765  -2.973  9.136 0.0000000000
104643  -36.786  -2.794  9.709 0.0000000000
104655  -36.808  -3.029  8.660 0.0000000000
104656  -37.032  -2.831  8.204 0.0000000000
104672  -37.259  -2.632  7.654 0.0000000000
104688  -37.433  -2.642  6.987 0.0000000000
104705  -37.719  -2.721  6.309 0.0000000000
104721  -38.086  -2.724  5.618 0.0000000000
104735  -38.427  -2.604  4.953 0.0000000000
104736  -38.748  -2.502  4.304 0.0000000000
104752  -39.171  -2.438  3.605 0.0000000000
104760  -39.474  -2.335  2.771 0.0000000000
104761  -39.724  -2.240  2.011 0.0000000000
104773  -39.978  -2.259  1.236 0.0000000000
104785  -40.210  -2.362  0.065 0.0000000000
105627  -37.870  -0.272  12.337 0.0000000000
105628  -38.013  -0.523  12.225 0.0000000000
105629  -38.394  -0.357  12.433 0.0000000000
105630  -38.775  -0.262  12.451 0.0000000000
105637  -37.682  -0.521  11.748 0.0000000000
105638  -37.732  -0.887  11.711 0.0000000000
105639  -37.863  -1.109  11.747 0.0000000000
105640  -38.552  -0.545  12.134 0.0000000000
105641  -38.868  -0.481  11.962 0.0000000000
105642  -39.187  -0.455  11.541 0.0000000000
105643  -39.605  -0.245  11.368 0.0000000000
105647  -37.430  -1.284  11.219 0.0000000000
105648  -37.453  -1.706  11.121 0.0000000000
105649  -39.216  -0.589  10.954 0.0000000000
105650  -39.695  -0.372  10.731 0.0000000000
105653  -37.190  -1.257  10.905 0.0000000000
105654  -37.221  -1.517  10.745 0.0000000000
105655  -39.961  -0.338  10.093 0.0000000000
105656  -40.440  -0.039  9.818 0.0000000000
105660  -37.235  -1.250  10.698 0.0000000000
105661  -37.187  -1.705  10.195 0.0000000000
105662  -39.600  -0.657  9.218 0.0000000000
105663  -40.469  -0.006  9.206 0.0000000000
105664  -40.971  0.320  9.077 0.0000000000
105668  -36.982  -2.671  8.914 0.0000000000
105669  -37.322  -2.098  9.218 0.0000000000
105670  -39.597  -1.035  8.292 0.0000000000
105671  -40.389  -0.171  8.293 0.0000000000
105672  -41.133  0.415  8.850 0.0000000000
105676  -37.131  -2.539  8.648 0.0000000000
105677  -37.470  -1.969  8.255 0.0000000000
105682  -37.655  -1.853  7.384 0.0000000000
105688  -37.789  -1.909  6.642 0.0000000000
105694  -37.988  -1.923  5.975 0.0000000000
105701  -38.265  -1.845  5.344 0.0000000000
105711  -38.520  -1.703  4.709 0.0000000000
105712  -38.797  -1.503  4.042 0.0000000000
105727  -39.238  -1.314  3.316 0.0000000000
105742  -39.567  -1.292  2.574 0.0000000000
105743  -39.881  -1.276  1.922 0.0000000000
105755  -40.272  -1.240  1.124 0.0000000000
105768  -40.492  -1.213  0.272 0.0000000000
105775  -40.465  -1.504  -0.692 0.0000000000
106605  -37.866  0.319  12.781 0.0000000000
106606  -38.209  0.249  12.861 0.0000000000
106607  -38.667  0.241  12.800 0.0000000000
106608  -39.203  0.117  12.464 0.0000000000
106609  -39.453  0.336  12.298 0.0000000000
106617  -37.646  0.148  12.266 0.0000000000
106618  -37.778  -0.008  12.435 0.0000000000
106619  -39.273  -0.239  12.063 0.0000000000
106620  -39.592  0.068  11.966 0.0000000000
106621  -40.068  0.183  11.373 0.0000000000
106627  -37.624  -0.114  11.792 0.0000000000
106628  -40.655  0.312  10.651 0.0000000000
106629  -41.221  0.687  10.449 0.0000000000
106633  -37.277  -1.064  10.921 0.0000000000
106634  -37.535  -0.549  11.223 0.0000000000
106635  -40.670  0.115  10.205 0.0000000000
106636  -41.253  0.489  9.972 0.0000000000
106637  -41.820  0.816  9.677 0.0000000000
106641  -37.270  -1.015  10.685 0.0000000000
106642  -37.480  -0.747  10.696 0.0000000000
106643  -41.152  0.390  9.465 0.0000000000
106644  -41.608  0.629  9.311 0.0000000000
106647  -37.685  -0.818  9.842 0.0000000000
106648  -40.492  -0.064  7.645 0.0000000000
106649  -41.417  0.687  8.490 0.0000000000
106650  -41.946  1.067  8.351 0.0000000000
106653  -37.925  -0.873  8.850 0.0000000000
106656  -41.590  0.993  8.090 0.0000000000
106659  -38.086  -0.942  7.860 0.0000000000
106665  -38.106  -1.099  6.957 0.0000000000
106671  -38.051  -1.290  6.291 0.0000000000
106677  -38.170  -1.148  5.684 0.0000000000
106684  -38.283  -1.056  5.032 0.0000000000
106685  -38.441  -0.832  4.436 0.0000000000
106690  -38.587  -0.469  3.657 0.0000000000
106700  -38.956  -0.098  2.667 0.0000000000
106701  -39.577  -0.620  2.336 0.0000000000
106711  -38.885  0.562  2.111 0.0000000000
106712  -39.640  0.005  1.861 0.0000000000
106723  -40.334  -0.228  0.870 0.0000000000
106731  -40.636  -0.489  -0.096 0.0000000000
107478  -37.584  1.231  13.068 0.0000000000
107479  -37.925  1.015  13.170 0.0000000000
107480  -38.347  1.009  13.095 0.0000000000
107481  -38.874  0.990  12.782 0.0000000000
107482  -39.417  0.865  12.384 0.0000000000
107483  -39.553  1.170  12.171 0.0000000000
107489  -37.453  1.032  12.687 0.0000000000
107490  -37.626  0.702  12.758 0.0000000000
107491  -39.586  0.495  12.158 0.0000000000
107492  -39.841  0.821  11.881 0.0000000000
107500  -37.477  0.902  12.318 0.0000000000
107501  -40.532  0.804  11.237 0.0000000000
107502  -41.117  0.881  10.712 0.0000000000
107507  -37.557  0.649  11.791 0.0000000000
107508  -41.540  0.947  10.270 0.0000000000
107509  -41.887  1.015  9.835 0.0000000000
107513  -37.749  0.400  11.199 0.0000000000
107514  -42.198  1.142  9.334 0.0000000000
107515  -42.475  1.545  8.976 0.0000000000
107519  -38.075  0.274  10.473 0.0000000000
107520  -42.031  0.883  9.022 0.0000000000
107521  -42.319  1.275  8.648 0.0000000000
107525  -38.393  0.249  9.535 0.0000000000
107531  -38.715  0.337  8.412 0.0000000000
107532  -39.104  1.005  8.190 0.0000000000
107538  -38.637  -0.136  7.332 0.0000000000
107539  -39.121  0.825  7.691 0.0000000000
107545  -38.496  -0.459  6.280 0.0000000000
107546  -39.143  0.581  6.777 0.0000000000
107550  -38.466  -0.436  5.313 0.0000000000
107551  -38.999  0.408  5.714 0.0000000000
107558  -38.417  -0.523  4.807 0.0000000000
107559  -38.614  0.191  4.492 0.0000000000
107565  -38.715  0.545  3.283 0.0000000000
107573  -38.800  0.822  2.375 0.0000000000
107579  -39.011  0.943  1.790 0.0000000000
107580  -39.655  0.825  1.222 0.0000000000
107590  -40.392  0.549  0.424 0.0000000000
107599  -40.916  0.317  -0.452 0.0000000000
108346  -37.302  2.487  13.202 0.0000000000
108347  -37.577  2.462  13.150 0.0000000000
108348  -37.865  2.483  13.063 0.0000000000
108349  -38.004  2.650  12.931 0.0000000000
108355  -36.966  2.298  13.016 0.0000000000
108356  -37.187  2.179  13.153 0.0000000000
108357  -37.586  1.819  13.188 0.0000000000
108358  -37.955  1.769  13.207 0.0000000000
108359  -38.316  2.080  12.894 0.0000000000
108360  -38.990  1.876  12.396 0.0000000000
108361  -39.372  1.379  12.267 0.0000000000
108366  -37.083  1.913  12.747 0.0000000000
108367  -37.319  1.546  12.956 0.0000000000
108368  -39.067  2.267  11.991 0.0000000000
108369  -39.425  1.769  11.876 0.0000000000
108375  -37.213  1.797  12.238 0.0000000000
108376  -40.019  1.588  11.313 0.0000000000
108377  -40.642  1.472  10.801 0.0000000000
108384  -37.457  1.564  11.643 0.0000000000
108385  -41.217  1.473  10.292 0.0000000000
108386  -41.748  1.508  9.852 0.0000000000
108393  -37.788  1.440  10.933 0.0000000000
108394  -42.129  1.497  9.529 0.0000000000
108395  -42.456  1.802  9.131 0.0000000000
108402  -38.258  1.438  10.125 0.0000000000
108403  -42.689  2.009  8.535 0.0000000000
108409  -38.771  1.464  9.176 0.0000000000
108410  -39.062  1.874  8.635 0.0000000000
108411  -42.752  1.866  8.032 0.0000000000
108416  -39.064  1.254  8.519 0.0000000000
108417  -39.235  1.655  8.075 0.0000000000
108423  -39.460  1.590  7.266 0.0000000000
108430  -39.596  1.437  6.305 0.0000000000
108437  -39.413  1.328  5.198 0.0000000000
108445  -39.454  1.524  3.853 0.0000000000
108446  -39.337  1.379  4.000 0.0000000000
108453  -39.440  1.536  3.605 0.0000000000
108454  -39.171  1.351  3.057 0.0000000000
108462  -39.220  1.442  2.171 0.0000000000
108466  -39.531  1.476  1.535 0.0000000000
108467  -40.155  1.388  0.868 0.0000000000
108476  -40.858  1.298  0.081 0.0000000000
109236  -37.007  2.946  13.261 0.0000000000
109237  -37.214  3.176  13.230 0.0000000000
109238  -37.541  3.258  13.041 0.0000000000
109239  -37.810  2.977  12.915 0.0000000000
109246  -36.667  2.828  12.912 0.0000000000
109247  -36.710  3.125  13.101 0.0000000000
109248  -37.710  3.548  12.852 0.0000000000
109249  -38.011  3.202  12.728 0.0000000000
109250  -38.397  2.958  12.395 0.0000000000
109256  -36.305  3.435  12.491 0.0000000000
109257  -36.524  3.031  12.577 0.0000000000
109258  -38.716  2.919  11.881 0.0000000000
109259  -39.102  2.575  11.653 0.0000000000
109263  -36.351  3.359  12.236 0.0000000000
109264  -36.843  2.587  11.989 0.0000000000
109265  -38.899  3.229  11.374 0.0000000000
109266  -39.410  2.723  11.077 0.0000000000
109267  -40.048  2.182  10.756 0.0000000000
109272  -36.618  3.281  11.691 0.0000000000
109273  -37.298  2.478  11.371 0.0000000000
109274  -39.764  2.896  10.429 0.0000000000
109275  -40.422  2.395  10.138 0.0000000000
109276  -41.218  2.259  9.663 0.0000000000
109282  -37.128  3.342  11.058 0.0000000000
109283  -37.665  2.487  10.581 0.0000000000
109284  -41.975  2.265  9.276 0.0000000000
109285  -42.392  2.555  8.592 0.0000000000
109293  -37.429  3.456  10.315 0.0000000000
109294  -38.154  2.733  9.706 0.0000000000
109303  -38.703  2.535  8.889 0.0000000000
109304  -39.091  2.499  8.385 0.0000000000
109313  -39.335  2.587  7.737 0.0000000000
109319  -39.649  2.596  6.880 0.0000000000
109326  -39.939  2.420  5.872 0.0000000000
109332  -40.015  2.228  4.862 0.0000000000
109340  -39.610  1.692  3.777 0.0000000000
109341  -40.055  2.250  3.970 0.0000000000
109342  -40.549  2.787  3.556 0.0000000000
109351  -39.639  1.760  3.470 0.0000000000
109352  -39.861  2.066  2.980 0.0000000000
109353  -40.664  2.803  2.863 0.0000000000
109360  -40.174  2.256  2.110 0.0000000000
109361  -40.753  2.828  2.377 0.0000000000
109365  -40.492  2.055  1.441 0.0000000000
109366  -41.134  2.074  0.772 0.0000000000
110179  -36.723  3.869  13.143 0.0000000000
110180  -37.085  4.139  12.989 0.0000000000
110181  -37.384  4.247  12.770 0.0000000000
110187  -35.990  4.402  12.802 0.0000000000
110188  -36.219  3.841  12.916 0.0000000000
110189  -36.357  4.037  13.083 0.0000000000
110190  -37.652  4.231  12.504 0.0000000000
110191  -37.996  4.137  12.182 0.0000000000
110192  -38.376  3.704  11.978 0.0000000000
110196  -36.122  3.902  12.544 0.0000000000
110197  -36.264  3.594  12.721 0.0000000000
110198  -38.110  4.436  11.699 0.0000000000
110199  -38.498  4.045  11.415 0.0000000000
110203  -36.076  4.255  11.956 0.0000000000
110204  -36.170  4.015  11.985 0.0000000000
110205  -38.847  3.903  10.855 0.0000000000
110206  -39.293  3.746  10.381 0.0000000000
110209  -36.213  4.296  11.760 0.0000000000
110210  -36.511  4.067  11.423 0.0000000000
110211  -39.734  3.551  9.839 0.0000000000
110212  -40.391  3.398  9.277 0.0000000000
110213  -41.201  2.971  9.050 0.0000000000
110216  -36.960  4.123  10.732 0.0000000000
110217  -40.708  3.790  8.602 0.0000000000
110218  -41.497  3.417  8.332 0.0000000000
110225  -37.277  4.197  10.227 0.0000000000
110226  -37.614  3.899  9.737 0.0000000000
110235  -38.316  3.701  8.924 0.0000000000
110236  -38.765  3.007  8.587 0.0000000000
110247  -38.664  4.236  8.107 0.0000000000
110248  -38.951  3.315  8.213 0.0000000000
110258  -38.860  4.471  7.712 0.0000000000
110259  -39.267  3.844  7.492 0.0000000000
110269  -39.796  3.698  6.474 0.0000000000
110280  -40.315  3.481  5.350 0.0000000000
110281  -40.607  4.011  4.942 0.0000000000
110291  -40.330  2.833  4.656 0.0000000000
110292  -40.662  3.472  4.357 0.0000000000
110298  -41.034  3.595  3.465 0.0000000000
110305  -40.844  2.892  2.030 0.0000000000
110306  -41.276  3.522  2.556 0.0000000000
110312  -40.736  2.574  1.762 0.0000000000
110313  -41.636  3.190  1.462 0.0000000000
110314  -42.468  3.881  0.997 0.0000000000
110321  -41.742  2.731  0.599 0.0000000000
111075  -36.210  5.577  12.839 0.0000000000
111076  -36.596  5.209  12.734 0.0000000000
111077  -37.031  5.341  12.573 0.0000000000
111078  -37.301  5.296  12.317 0.0000000000
111082  -35.963  5.075  12.906 0.0000000000
111083  -36.093  4.799  12.980 0.0000000000
111084  -36.302  4.663  13.017 0.0000000000
111085  -37.580  5.295  11.970 0.0000000000
111086  -37.817  5.305  11.627 0.0000000000
111091  -35.940  4.927  12.606 0.0000000000
111092  -38.122  5.163  11.224 0.0000000000
111093  -38.418  4.954  10.764 0.0000000000
111097  -36.013  4.458  12.097 0.0000000000
111098  -35.985  4.755  12.140 0.0000000000
111099  -38.824  4.796  10.287 0.0000000000
111100  -39.243  4.670  9.828 0.0000000000
111104  -36.094  4.480  11.862 0.0000000000
111105  -36.202  4.769  11.646 0.0000000000
111106  -39.668  4.611  9.291 0.0000000000
111107  -40.090  4.730  8.663 0.0000000000
111110  -36.552  4.715  11.030 0.0000000000
111117  -36.901  4.942  10.321 0.0000000000
111118  -37.324  4.491  9.950 0.0000000000
111125  -36.882  5.447  9.877 0.0000000000
111126  -37.450  4.899  9.504 0.0000000000
111132  -38.041  4.918  8.597 0.0000000000
111139  -38.552  5.167  7.787 0.0000000000
111140  -39.004  4.637  7.509 0.0000000000
111147  -38.713  5.807  7.365 0.0000000000
111148  -39.314  5.068  7.045 0.0000000000
111157  -39.926  4.714  6.003 0.0000000000
111158  -40.372  4.596  5.248 0.0000000000
111168  -40.654  4.525  4.639 0.0000000000
111177  -41.019  4.487  3.993 0.0000000000
111187  -41.552  5.433  2.846 0.0000000000
111188  -41.431  4.673  3.187 0.0000000000
111196  -41.662  5.842  2.487 0.0000000000
111197  -42.015  4.872  2.225 0.0000000000
111198  -42.433  4.447  1.406 0.0000000000
111205  -41.691  6.123  2.224 0.0000000000
111206  -41.927  5.839  2.112 0.0000000000
111946  -36.151  6.436  13.160 0.0000000000
111947  -36.467  6.454  13.002 0.0000000000
111948  -36.937  6.567  12.895 0.0000000000
111949  -37.536  6.778  12.550 0.0000000000
111950  -38.240  7.404  12.585 0.0000000000
111954  -35.932  6.041  12.921 0.0000000000
111955  -36.103  5.866  12.951 0.0000000000
111956  -37.506  6.106  12.059 0.0000000000
111957  -38.192  6.820  11.890 0.0000000000
111958  -39.681  7.637  11.952 0.0000000000
111959  -41.214  7.871  12.443 0.0000000000
111970  -35.882  5.842  12.745 0.0000000000
111971  -38.007  5.976  11.314 0.0000000000
111972  -38.554  6.351  10.928 0.0000000000
111973  -39.946  7.469  11.201 0.0000000000
111983  -35.778  5.681  12.296 0.0000000000
111984  -38.627  5.589  10.431 0.0000000000
111985  -39.082  6.157  10.032 0.0000000000
111986  -40.400  7.609  10.530 0.0000000000
111998  -35.805  5.636  11.654 0.0000000000
111999  -39.388  5.427  9.521 0.0000000000
112000  -39.809  6.336  9.190 0.0000000000
112015  -36.055  5.568  10.865 0.0000000000
112031  -36.343  5.874  10.120 0.0000000000
112046  -36.802  6.023  9.509 0.0000000000
112047  -37.455  5.630  8.964 0.0000000000
112063  -37.131  6.432  8.837 0.0000000000
112064  -37.812  5.878  8.365 0.0000000000
112080  -37.407  6.612  8.232 0.0000000000
112081  -38.019  6.341  7.645 0.0000000000
112096  -38.626  6.476  6.766 0.0000000000
112097  -39.459  5.720  6.247 0.0000000000
112111  -39.076  6.479  5.757 0.0000000000
112112  -39.857  5.615  5.418 0.0000000000
112113  -40.339  5.217  4.872 0.0000000000
112124  -39.365  6.474  4.947 0.0000000000
112125  -40.114  5.974  4.681 0.0000000000
112126  -40.623  5.356  4.321 0.0000000000
112131  -39.729  6.647  4.380 0.0000000000
112132  -40.435  6.352  3.914 0.0000000000
112133  -41.087  5.459  3.674 0.0000000000
112139  -41.169  6.233  3.032 0.0000000000
112140  -41.359  5.475  3.217 0.0000000000
112148  -41.404  6.410  2.308 0.0000000000
112149  -42.370  5.125  1.583 0.0000000000
112150  -42.532  5.198  1.090 0.0000000000
112158  -41.689  6.328  1.929 0.0000000000
112159  -42.287  5.928  1.510 0.0000000000
112942  -38.211  8.400  14.299 0.0000000000
112943  -38.706  8.467  14.227 0.0000000000
112944  -39.667  8.553  14.297 0.0000000000
112945  -40.714  8.345  14.626 0.0000000000
112946  -41.710  8.034  14.923 0.0000000000
112952  -35.963  7.365  13.422 0.0000000000
112953  -36.066  7.032  13.370 0.0000000000
112954  -36.449  7.278  13.472 0.0000000000
112955  -36.932  7.435  13.554 0.0000000000
112956  -37.721  7.873  13.650 0.0000000000
112957  -38.607  7.991  13.335 0.0000000000
112958  -39.770  8.229  13.574 0.0000000000
112959  -40.875  8.127  13.899 0.0000000000
112960  -41.974  7.821  14.221 0.0000000000
112968  -35.817  6.774  13.111 0.0000000000
112969  -35.933  6.421  13.144 0.0000000000
112970  -38.874  7.771  12.755 0.0000000000
112971  -39.717  7.933  12.785 0.0000000000
112972  -41.005  8.025  13.135 0.0000000000
112984  -35.658  6.533  12.576 0.0000000000
112994  -35.583  6.439  11.908 0.0000000000
113004  -35.255  7.208  10.643 0.0000000000
113005  -35.456  6.614  11.017 0.0000000000
113014  -35.279  7.138  10.316 0.0000000000
113015  -35.676  6.532  10.317 0.0000000000
113022  -35.372  7.145  9.877 0.0000000000
113023  -35.917  6.640  9.769 0.0000000000
113034  -35.636  7.220  9.551 0.0000000000
113035  -36.289  7.038  9.258 0.0000000000
113045  -36.737  7.187  8.481 0.0000000000
113053  -37.197  7.139  7.762 0.0000000000
113054  -37.536  7.110  7.094 0.0000000000
113059  -37.693  7.292  6.479 0.0000000000
113066  -38.158  7.161  5.875 0.0000000000
113076  -38.561  7.117  5.106 0.0000000000
113086  -38.979  7.133  4.396 0.0000000000
113087  -39.569  7.186  3.797 0.0000000000
113098  -40.186  7.129  3.062 0.0000000000
113107  -40.801  7.107  2.147 0.0000000000
113108  -40.773  7.472  1.470 0.0000000000
113113  -41.329  6.703  1.954 0.0000000000
113114  -41.410  6.950  1.398 0.0000000000
113896  -39.205  9.265  15.482 0.0000000000
113897  -40.152  9.080  15.787 0.0000000000
113898  -41.088  8.769  16.053 0.0000000000
113899  -41.977  8.545  16.127 0.0000000000
113907  -36.841  8.754  14.546 0.0000000000
113908  -37.270  8.753  14.728 0.0000000000
113909  -37.835  8.777  14.855 0.0000000000
113910  -38.525  8.782  14.832 0.0000000000
113911  -39.485  8.870  14.984 0.0000000000
113912  -40.486  8.702  15.283 0.0000000000
113913  -41.430  8.363  15.579 0.0000000000
113914  -42.361  8.198  15.629 0.0000000000
113922  -36.236  8.048  13.706 0.0000000000
113923  -36.509  8.039  13.868 0.0000000000
113924  -36.877  8.094  14.080 0.0000000000
113925  -37.394  8.246  14.230 0.0000000000
113926  -37.919  8.417  14.411 0.0000000000
113935  -35.893  7.686  13.349 0.0000000000
113945  -35.637  7.348  12.879 0.0000000000
113955  -35.471  7.582  11.800 0.0000000000
113956  -35.530  7.121  12.232 0.0000000000
113966  -35.276  7.434  11.033 0.0000000000
113967  -35.413  7.037  11.603 0.0000000000
113975  -35.129  7.571  10.348 0.0000000000
113982  -35.120  7.538  9.957 0.0000000000
113988  -35.349  7.704  9.505 0.0000000000
113989  -35.707  7.476  9.318 0.0000000000
113993  -35.412  7.964  9.162 0.0000000000
113994  -35.821  7.803  8.900 0.0000000000
113996  -36.472  7.949  7.779 0.0000000000
113997  -36.977  7.513  7.310 0.0000000000
113999  -36.540  8.424  7.116 0.0000000000
114000  -36.962  7.910  6.779 0.0000000000
114002  -37.442  7.884  6.034 0.0000000000
114004  -37.821  7.873  5.294 0.0000000000
114006  -38.254  7.841  4.517 0.0000000000
114007  -38.655  7.771  3.749 0.0000000000
114010  -39.167  7.781  3.023 0.0000000000
114012  -39.711  7.834  2.225 0.0000000000
114013  -40.155  7.848  1.475 0.0000000000
114820  -37.086  10.051  15.504 0.0000000000
114821  -37.502  9.960  15.654 0.0000000000
114822  -38.115  9.872  15.728 0.0000000000
114823  -38.861  9.750  15.857 0.0000000000
114824  -39.731  9.607  16.036 0.0000000000
114825  -40.670  9.336  16.223 0.0000000000
114826  -41.596  9.062  16.296 0.0000000000
114827  -42.456  8.929  16.202 0.0000000000
114834  -36.880  9.460  14.918 0.0000000000
114835  -37.187  9.405  15.113 0.0000000000
114836  -37.683  9.331  15.274 0.0000000000
114837  -38.361  9.285  15.363 0.0000000000
114845  -36.347  8.930  14.179 0.0000000000
114846  -36.530  8.796  14.356 0.0000000000
114853  -36.165  8.412  13.633 0.0000000000
114860  -35.796  8.296  12.653 0.0000000000
114861  -35.894  8.215  13.160 0.0000000000
114868  -35.629  8.098  12.083 0.0000000000
114869  -35.605  7.779  12.494 0.0000000000
114877  -35.390  7.997  11.372 0.0000000000
114886  -35.173  7.966  10.605 0.0000000000
114893  -35.107  7.976  9.893 0.0000000000
114899  -35.407  8.206  9.263 0.0000000000
114900  -35.555  8.551  9.033 0.0000000000
114903  -35.538  8.133  9.021 0.0000000000
114904  -35.814  8.504  8.582 0.0000000000
114906  -36.274  8.796  7.466 0.0000000000
114908  -36.636  8.824  6.500 0.0000000000
114909  -37.047  8.369  6.241 0.0000000000
114911  -36.765  9.136  5.929 0.0000000000
114912  -37.150  8.702  5.631 0.0000000000
114914  -37.592  8.601  4.686 0.0000000000
114916  -38.032  8.546  3.884 0.0000000000
114917  -38.474  8.490  3.134 0.0000000000
114921  -38.868  8.524  2.351 0.0000000000
114924  -39.354  8.713  1.359 0.0000000000
115689  -38.792  10.659  16.330 0.0000000000
115690  -39.385  10.547  16.223 0.0000000000
115691  -39.732  10.556  16.185 0.0000000000
115695  -37.058  10.647  15.852 0.0000000000
115696  -37.350  10.538  16.038 0.0000000000
115697  -37.839  10.413  16.139 0.0000000000
115698  -38.493  10.285  16.149 0.0000000000
115699  -39.228  10.146  16.184 0.0000000000
115700  -40.090  10.088  16.299 0.0000000000
115701  -41.169  9.727  16.305 0.0000000000
115702  -42.096  9.545  16.251 0.0000000000
115703  -42.876  9.428  15.985 0.0000000000
115708  -36.744  10.090  15.044 0.0000000000
115709  -36.857  10.102  15.290 0.0000000000
115718  -36.628  9.579  14.504 0.0000000000
115719  -36.731  9.506  14.709 0.0000000000
115728  -36.319  9.126  13.926 0.0000000000
115734  -35.906  8.507  12.388 0.0000000000
115735  -36.165  8.875  13.077 0.0000000000
115744  -35.777  8.440  11.786 0.0000000000
115745  -36.220  8.905  12.335 0.0000000000
115756  -35.564  8.382  11.020 0.0000000000
115757  -36.172  8.848  11.542 0.0000000000
115767  -35.365  8.392  10.243 0.0000000000
115768  -35.986  8.817  10.712 0.0000000000
115770  -35.421  8.451  9.575 0.0000000000
115771  -35.805  8.890  9.893 0.0000000000
115773  -35.509  8.511  9.271 0.0000000000
115774  -35.711  8.972  9.002 0.0000000000
115777  -36.158  9.222  7.960 0.0000000000
115780  -36.504  9.373  6.966 0.0000000000
115782  -36.709  9.456  6.144 0.0000000000
115784  -36.961  9.405  5.542 0.0000000000
115785  -37.240  9.283  4.879 0.0000000000
115787  -37.531  9.264  4.070 0.0000000000
115789  -38.033  9.252  3.232 0.0000000000
115790  -38.348  9.024  2.598 0.0000000000
115794  -38.254  9.512  2.517 0.0000000000
115795  -38.553  9.321  1.858 0.0000000000
116508  -37.693  11.503  16.534 0.0000000000
116509  -38.011  11.298  16.664 0.0000000000
116510  -38.510  11.160  16.558 0.0000000000
116511  -39.037  11.014  16.397 0.0000000000
116512  -39.478  10.928  16.224 0.0000000000
116521  -37.195  11.328  16.075 0.0000000000
116522  -37.336  11.106  16.299 0.0000000000
116523  -37.667  10.924  16.460 0.0000000000
116524  -38.180  10.786  16.454 0.0000000000
116525  -39.985  10.775  16.110 0.0000000000
116526  -40.800  10.502  16.135 0.0000000000
116527  -41.725  10.258  16.104 0.0000000000
116528  -42.670  10.201  15.821 0.0000000000
116529  -43.182  9.807  15.777 0.0000000000
116538  -36.792  10.369  15.203 0.0000000000
116539  -36.939  10.743  15.533 0.0000000000
116540  -43.133  10.703  15.452 0.0000000000
116550  -36.791  10.180  14.790 0.0000000000
116551  -36.856  10.603  15.262 0.0000000000
116561  -36.682  9.676  13.887 0.0000000000
116571  -36.742  9.457  13.026 0.0000000000
116581  -36.904  9.343  12.164 0.0000000000
116590  -36.844  9.314  11.250 0.0000000000
116599  -36.535  9.240  10.425 0.0000000000
116601  -36.558  9.352  9.588 0.0000000000
116603  -36.501  9.621  8.486 0.0000000000
116605  -36.613  9.828  7.385 0.0000000000
116608  -36.803  9.832  6.412 0.0000000000
116611  -36.943  9.846  5.642 0.0000000000
116613  -37.145  9.773  5.020 0.0000000000
116614  -37.370  9.775  4.383 0.0000000000
116616  -37.754  9.795  3.610 0.0000000000
116618  -38.084  9.847  2.767 0.0000000000
116622  -38.315  9.839  2.038 0.0000000000
116623  -38.550  9.906  1.314 0.0000000000
117301  -37.767  12.110  16.566 0.0000000000
117302  -37.961  11.855  16.697 0.0000000000
117303  -38.306  11.680  16.656 0.0000000000
117304  -38.846  11.634  16.484 0.0000000000
117305  -39.221  11.261  16.333 0.0000000000
117309  -37.494  12.116  16.133 0.0000000000
117310  -37.524  11.791  16.342 0.0000000000
117311  -39.079  12.024  16.382 0.0000000000
117312  -39.513  11.546  16.168 0.0000000000
117313  -40.363  11.301  15.857 0.0000000000
117314  -41.431  11.133  15.679 0.0000000000
117315  -42.096  10.655  15.785 0.0000000000
117320  -37.282  11.725  15.842 0.0000000000
117321  -41.871  11.522  15.242 0.0000000000
117322  -42.513  11.125  15.344 0.0000000000
117323  -43.492  11.061  14.761 0.0000000000
117329  -37.023  10.763  14.917 0.0000000000
117330  -37.117  11.209  15.323 0.0000000000
117338  -37.177  10.450  14.458 0.0000000000
117339  -37.371  11.278  14.830 0.0000000000
117346  -37.351  10.156  13.664 0.0000000000
117347  -37.724  11.052  14.134 0.0000000000
117356  -37.537  9.965  12.822 0.0000000000
117357  -38.017  10.746  13.275 0.0000000000
117365  -37.749  10.096  11.923 0.0000000000
117366  -38.047  10.478  12.642 0.0000000000
117376  -37.769  9.854  10.744 0.0000000000
117377  -38.978  10.655  10.883 0.0000000000
117378  -39.483  11.157  10.841 0.0000000000
117380  -37.596  9.846  9.344 0.0000000000
117381  -38.671  10.340  10.084 0.0000000000
117382  -39.510  10.876  10.323 0.0000000000
117384  -37.550  10.057  8.021 0.0000000000
117385  -38.758  10.252  9.201 0.0000000000
117386  -39.358  10.600  9.816 0.0000000000
117388  -37.369  10.184  6.774 0.0000000000
117389  -37.949  10.286  6.474 0.0000000000
117392  -37.165  10.146  5.756 0.0000000000
117393  -37.749  10.314  5.874 0.0000000000
117396  -37.237  10.056  5.017 0.0000000000
117397  -37.649  10.254  5.001 0.0000000000
117399  -37.271  9.999  4.622 0.0000000000
117400  -37.689  10.068  4.116 0.0000000000
117402  -38.116  10.055  2.993 0.0000000000
117404  -38.347  10.058  2.188 0.0000000000
117408  -38.471  10.055  1.613 0.0000000000
118093  -37.818  12.511  16.585 0.0000000000
118094  -37.965  12.369  16.722 0.0000000000
118095  -38.212  12.200  16.712 0.0000000000
118096  -38.486  11.993  16.632 0.0000000000
118101  -37.599  12.561  16.177 0.0000000000
118102  -37.700  12.707  16.346 0.0000000000
118103  -37.924  12.883  16.560 0.0000000000
118104  -38.153  12.816  16.623 0.0000000000
118105  -38.649  12.488  16.498 0.0000000000
118106  -39.257  12.440  16.165 0.0000000000
118107  -39.896  12.155  15.810 0.0000000000
118108  -40.631  11.978  15.478 0.0000000000
118113  -37.533  12.722  16.002 0.0000000000
118114  -37.615  12.863  16.156 0.0000000000
118115  -41.332  11.922  15.069 0.0000000000
118116  -42.136  11.863  14.513 0.0000000000
118117  -42.865  11.503  14.638 0.0000000000
118121  -37.525  12.398  15.702 0.0000000000
118122  -42.256  12.029  13.738 0.0000000000
118123  -43.038  11.566  13.533 0.0000000000
118129  -37.649  12.228  15.217 0.0000000000
118136  -37.969  12.091  14.548 0.0000000000
118145  -38.375  11.830  13.676 0.0000000000
118153  -38.248  10.541  11.876 0.0000000000
118154  -38.625  11.338  12.445 0.0000000000
118155  -39.283  12.117  12.075 0.0000000000
118165  -38.037  10.289  11.508 0.0000000000
118166  -38.546  10.641  11.528 0.0000000000
118167  -39.369  11.592  11.447 0.0000000000
118169  -39.935  11.631  10.614 0.0000000000
118171  -38.073  10.149  7.681 0.0000000000
118172  -38.872  10.216  8.260 0.0000000000
118176  -37.763  10.184  7.386 0.0000000000
118177  -38.496  10.263  7.165 0.0000000000
118184  -38.667  10.228  6.178 0.0000000000
118191  -38.545  10.213  5.200 0.0000000000
118197  -38.424  10.281  4.184 0.0000000000
118203  -38.527  10.304  3.141 0.0000000000
118811  -37.783  13.397  16.211 0.0000000000
118812  -37.901  13.482  16.380 0.0000000000
118813  -38.074  13.533  16.433 0.0000000000
118814  -38.388  13.466  16.411 0.0000000000
118815  -38.893  13.340  16.164 0.0000000000
118816  -39.514  13.127  15.709 0.0000000000
118817  -40.131  12.676  15.459 0.0000000000
118822  -37.658  13.339  16.037 0.0000000000
118823  -37.695  13.517  16.036 0.0000000000
118824  -39.997  13.328  15.321 0.0000000000
118825  -40.626  12.867  14.924 0.0000000000
118826  -41.381  12.465  14.515 0.0000000000
118830  -37.650  13.351  15.833 0.0000000000
118831  -41.099  13.110  14.269 0.0000000000
118832  -41.639  12.620  13.638 0.0000000000
118833  -42.160  12.064  13.085 0.0000000000
118836  -37.774  13.297  15.482 0.0000000000
118837  -41.731  12.460  12.372 0.0000000000
118838  -42.270  11.808  12.010 0.0000000000
118842  -38.036  13.212  14.902 0.0000000000
118849  -38.401  13.093  14.105 0.0000000000
118858  -38.713  12.953  13.133 0.0000000000
118859  -39.059  12.896  12.354 0.0000000000
118869  -39.385  12.886  11.683 0.0000000000
118871  -39.808  12.827  10.985 0.0000000000
119503  -37.798  14.056  16.117 0.0000000000
119504  -37.921  14.282  16.308 0.0000000000
119505  -38.166  14.320  16.355 0.0000000000
119506  -38.545  14.277  16.177 0.0000000000
119507  -39.122  14.217  15.835 0.0000000000
119508  -39.627  13.860  15.456 0.0000000000
119514  -37.654  14.068  15.876 0.0000000000
119515  -37.526  14.564  16.017 0.0000000000
119516  -39.495  14.520  15.423 0.0000000000
119517  -40.002  14.084  14.911 0.0000000000
119518  -40.626  13.637  14.415 0.0000000000
119523  -37.508  14.262  15.572 0.0000000000
119524  -40.381  14.316  14.236 0.0000000000
119525  -40.857  13.780  13.545 0.0000000000
119526  -41.338  13.147  12.733 0.0000000000
119530  -37.511  14.260  15.037 0.0000000000
119531  -41.038  13.875  12.330 0.0000000000
119537  -37.810  14.233  14.327 0.0000000000
119543  -38.313  14.226  13.481 0.0000000000
119550  -38.705  14.213  12.492 0.0000000000
119551  -39.090  13.770  11.897 0.0000000000
119557  -38.703  14.560  11.655 0.0000000000
119558  -39.274  14.175  11.157 0.0000000000
120197  -37.554  15.115  16.190 0.0000000000
120198  -37.914  15.111  16.355 0.0000000000
120199  -38.259  15.132  16.319 0.0000000000
120200  -38.705  15.109  16.068 0.0000000000
120201  -39.160  15.185  15.671 0.0000000000
120209  -37.254  15.238  15.768 0.0000000000
120210  -37.346  15.250  16.010 0.0000000000
120211  -39.535  15.163  15.103 0.0000000000
120212  -39.887  15.070  14.392 0.0000000000
120220  -37.153  15.246  15.229 0.0000000000
120221  -40.247  14.907  13.655 0.0000000000
120222  -40.551  14.768  12.820 0.0000000000
120227  -37.279  15.239  14.560 0.0000000000
120232  -37.647  15.271  13.748 0.0000000000
120238  -38.028  15.340  12.823 0.0000000000
120245  -38.216  15.386  11.837 0.0000000000
120250  -38.489  15.338  11.002 0.0000000000
120251  -38.877  15.283  10.211 0.0000000000
120877  -37.427  15.775  16.096 0.0000000000
120878  -37.641  15.765  16.225 0.0000000000
120879  -37.959  15.841  16.284 0.0000000000
120880  -38.358  15.925  16.112 0.0000000000
120881  -38.775  15.750  15.832 0.0000000000
120888  -37.049  16.119  15.688 0.0000000000
120889  -37.238  15.978  15.905 0.0000000000
120890  -38.535  16.304  15.699 0.0000000000
120891  -39.024  16.182  15.249 0.0000000000
120892  -39.448  15.846  14.590 0.0000000000
120900  -36.966  16.177  15.366 0.0000000000
120901  -39.179  16.713  14.407 0.0000000000
120902  -39.682  16.119  13.602 0.0000000000
120903  -40.125  15.424  13.121 0.0000000000
120912  -36.935  16.188  14.818 0.0000000000
120913  -39.908  16.634  12.978 0.0000000000
120914  -40.312  15.946  12.462 0.0000000000
120920  -37.276  16.248  14.116 0.0000000000
120925  -37.492  16.332  13.228 0.0000000000
120930  -37.708  16.484  12.147 0.0000000000
120935  -38.034  16.266  11.182 0.0000000000
120936  -38.241  16.119  10.321 0.0000000000
121528  -37.416  16.197  16.007 0.0000000000
121529  -37.636  16.439  16.008 0.0000000000
121530  -37.950  16.563  15.964 0.0000000000
121531  -38.225  16.647  15.798 0.0000000000
121537  -36.981  16.981  15.443 0.0000000000
121538  -37.307  17.032  15.714 0.0000000000
121539  -37.646  17.286  15.726 0.0000000000
121540  -37.994  17.347  15.648 0.0000000000
121541  -38.401  17.155  15.321 0.0000000000
121542  -38.775  17.265  14.752 0.0000000000
121549  -36.772  17.117  14.929 0.0000000000
121550  -39.079  17.522  14.401 0.0000000000
121551  -39.407  17.410  13.948 0.0000000000
121562  -36.883  16.996  14.403 0.0000000000
121563  -39.792  17.359  13.288 0.0000000000
121564  -40.248  17.247  12.641 0.0000000000
121578  -37.074  17.224  13.716 0.0000000000
121579  -40.628  17.023  11.742 0.0000000000
121589  -37.440  17.329  12.875 0.0000000000
121596  -37.611  17.448  12.091 0.0000000000
121602  -37.842  17.126  11.429 0.0000000000
121603  -38.266  16.934  10.806 0.0000000000
121610  -38.961  16.842  10.196 0.0000000000
122194  -37.087  18.193  15.342 0.0000000000
122195  -37.414  18.139  15.530 0.0000000000
122196  -37.795  18.232  15.540 0.0000000000
122197  -38.194  18.213  15.400 0.0000000000
122198  -38.672  18.291  14.934 0.0000000000
122199  -38.903  17.867  14.583 0.0000000000
122203  -36.819  18.128  14.958 0.0000000000
122204  -39.022  18.948  14.779 0.0000000000
122205  -39.277  18.422  14.409 0.0000000000
122206  -39.845  18.392  13.753 0.0000000000
122210  -36.762  18.031  14.260 0.0000000000
122211  -40.353  18.331  13.119 0.0000000000
122212  -40.712  18.250  12.293 0.0000000000
122224  -37.111  18.166  13.406 0.0000000000
122241  -37.599  18.136  12.625 0.0000000000
122260  -38.307  17.940  11.785 0.0000000000
122261  -39.197  18.286  11.457 0.0000000000
122273  -38.284  17.403  11.217 0.0000000000
122274  -39.130  17.771  10.901 0.0000000000
122983  -37.089  18.883  15.252 0.0000000000
122984  -37.298  18.961  15.345 0.0000000000
122985  -37.598  19.014  15.443 0.0000000000
122986  -38.085  19.274  15.390 0.0000000000
122987  -38.404  18.847  15.257 0.0000000000
122991  -36.996  19.076  15.052 0.0000000000
122992  -37.164  19.248  15.186 0.0000000000
122993  -38.341  19.959  15.250 0.0000000000
122994  -38.703  19.499  15.027 0.0000000000
122995  -39.366  19.507  14.659 0.0000000000
122996  -39.906  19.366  14.205 0.0000000000
123001  -36.912  19.214  14.481 0.0000000000
123002  -40.462  19.316  13.650 0.0000000000
123003  -40.960  19.306  12.956 0.0000000000
123007  -37.015  19.099  13.810 0.0000000000
123008  -41.354  19.358  11.922 0.0000000000
123009  -41.725  20.000  11.580 0.0000000000
123012  -37.502  18.952  13.200 0.0000000000
123025  -38.230  18.802  12.606 0.0000000000
123026  -39.228  18.768  11.958 0.0000000000
123039  -39.929  18.801  10.971 0.0000000000
123040  -40.272  19.337  10.322 0.0000000000
123053  -39.912  18.402  10.460 0.0000000000
123054  -40.296  19.187  9.850 0.0000000000
123705  -37.266  19.463  15.202 0.0000000000
123706  -37.438  19.580  15.249 0.0000000000
123707  -37.739  19.748  15.345 0.0000000000
123715  -37.086  19.785  14.738 0.0000000000
123716  -37.260  19.899  15.018 0.0000000000
123717  -37.643  20.334  15.113 0.0000000000
123718  -38.075  20.381  15.236 0.0000000000
123719  -38.615  20.528  15.068 0.0000000000
123720  -39.242  20.442  14.807 0.0000000000
123721  -39.864  20.285  14.489 0.0000000000
123728  -37.119  20.124  14.414 0.0000000000
123729  -40.411  20.207  14.100 0.0000000000
123730  -41.006  20.246  13.578 0.0000000000
123734  -37.155  20.059  14.044 0.0000000000
123735  -41.508  20.293  12.855 0.0000000000
123736  -41.820  20.486  12.107 0.0000000000
123740  -37.504  19.944  13.525 0.0000000000
123741  -38.188  20.120  13.234 0.0000000000
123742  -42.087  20.572  11.371 0.0000000000
123745  -38.006  19.501  13.091 0.0000000000
123746  -38.966  19.660  12.674 0.0000000000
123748  -42.711  20.849  9.929 0.0000000000
123751  -40.098  19.648  11.483 0.0000000000
123752  -40.330  19.552  10.604 0.0000000000
123758  -40.371  20.262  10.170 0.0000000000
123759  -40.333  19.926  9.802 0.0000000000
123766  -40.159  20.844  8.966 0.0000000000
123767  -40.278  20.390  8.876 0.0000000000
124399  -37.312  20.486  14.585 0.0000000000
124400  -37.610  21.033  14.665 0.0000000000
124401  -37.954  21.196  14.937 0.0000000000
124402  -38.428  21.306  14.962 0.0000000000
124403  -39.054  21.353  14.862 0.0000000000
124404  -39.852  21.316  14.536 0.0000000000
124405  -40.201  20.782  14.303 0.0000000000
124414  -37.379  20.917  14.189 0.0000000000
124415  -37.467  21.039  14.414 0.0000000000
124416  -40.283  21.800  14.313 0.0000000000
124417  -40.642  21.259  14.025 0.0000000000
124418  -41.413  21.208  13.388 0.0000000000
124424  -37.502  20.828  13.820 0.0000000000
124425  -41.876  21.268  12.721 0.0000000000
124426  -42.211  21.390  11.994 0.0000000000
124433  -37.979  20.786  13.482 0.0000000000
124434  -38.890  20.650  13.123 0.0000000000
124435  -42.698  21.516  11.129 0.0000000000
124436  -43.221  22.047  10.990 0.0000000000
124441  -39.918  20.476  12.231 0.0000000000
124442  -42.727  21.149  10.412 0.0000000000
124443  -43.337  21.632  10.167 0.0000000000
124444  -43.834  22.186  9.836 0.0000000000
124447  -40.462  20.599  10.787 0.0000000000
124448  -43.331  21.258  9.297 0.0000000000
124449  -43.851  21.688  9.142 0.0000000000
124452  -40.255  21.092  9.272 0.0000000000
125057  -37.770  21.696  14.444 0.0000000000
125058  -37.940  21.826  14.592 0.0000000000
125059  -38.320  21.994  14.683 0.0000000000
125060  -38.840  22.119  14.698 0.0000000000
125061  -39.446  22.137  14.596 0.0000000000
125068  -37.503  21.385  14.108 0.0000000000
125069  -37.646  21.643  14.195 0.0000000000
125070  -39.999  22.236  14.390 0.0000000000
125071  -40.547  22.288  14.028 0.0000000000
125072  -41.156  22.120  13.579 0.0000000000
125077  -37.640  21.517  13.943 0.0000000000
125078  -37.881  22.122  13.864 0.0000000000
125079  -41.675  22.103  13.059 0.0000000000
125080  -42.136  22.166  12.533 0.0000000000
125086  -37.886  21.471  13.661 0.0000000000
125087  -38.517  21.467  13.404 0.0000000000
125088  -42.588  22.258  12.005 0.0000000000
125089  -43.103  22.489  11.522 0.0000000000
125096  -39.579  21.497  12.728 0.0000000000
125097  -40.331  21.866  11.904 0.0000000000
125098  -40.661  22.047  11.353 0.0000000000
125099  -43.488  22.604  10.919 0.0000000000
125100  -43.850  22.682  10.322 0.0000000000
125104  -40.441  21.162  11.488 0.0000000000
125105  -40.711  21.562  10.882 0.0000000000
125106  -40.915  21.876  10.669 0.0000000000
125107  -44.343  22.681  9.747 0.0000000000
125114  -40.538  21.229  9.812 0.0000000000
125115  -40.783  21.544  9.880 0.0000000000
125116  -41.018  21.765  9.978 0.0000000000
125117  -44.718  22.238  9.104 0.0000000000
125711  -37.949  22.206  14.269 0.0000000000
125712  -38.325  22.588  14.306 0.0000000000
125713  -38.701  22.713  14.435 0.0000000000
125714  -39.340  22.941  14.367 0.0000000000
125715  -39.699  22.623  14.382 0.0000000000
125721  -38.121  22.592  13.904 0.0000000000
125722  -38.193  22.676  14.116 0.0000000000
125723  -39.734  23.428  14.073 0.0000000000
125724  -40.109  23.060  14.062 0.0000000000
125725  -41.018  23.115  13.476 0.0000000000
125726  -41.441  22.641  13.231 0.0000000000
125732  -38.038  22.035  13.662 0.0000000000
125733  -38.362  22.591  13.622 0.0000000000
125734  -41.441  23.675  13.156 0.0000000000
125735  -41.907  23.170  12.785 0.0000000000
125736  -42.375  22.725  12.409 0.0000000000
125741  -38.227  21.876  13.546 0.0000000000
125742  -38.838  22.302  13.298 0.0000000000
125743  -42.402  23.672  12.411 0.0000000000
125744  -42.747  23.228  12.131 0.0000000000
125745  -43.351  23.328  11.473 0.0000000000
125752  -39.771  22.438  12.566 0.0000000000
125753  -40.437  22.505  11.935 0.0000000000
125754  -40.858  22.409  11.285 0.0000000000
125755  -43.751  23.435  10.846 0.0000000000
125756  -44.240  23.502  10.315 0.0000000000
125760  -41.136  22.169  10.525 0.0000000000
125770  -40.164  21.665  8.824 0.0000000000
125771  -40.608  21.799  9.324 0.0000000000
125772  -40.989  21.950  9.608 0.0000000000
125784  -40.540  21.967  9.046 0.0000000000
126374  -38.431  22.967  14.142 0.0000000000
126375  -38.647  23.076  14.163 0.0000000000
126376  -38.995  23.256  14.201 0.0000000000
126381  -38.387  22.963  13.815 0.0000000000
126382  -38.564  23.115  13.908 0.0000000000
126383  -39.074  23.535  13.889 0.0000000000
126384  -39.525  23.669  13.923 0.0000000000
126385  -40.100  23.857  13.802 0.0000000000
126386  -40.552  23.694  13.640 0.0000000000
126392  -38.641  23.087  13.603 0.0000000000
126393  -39.053  23.495  13.421 0.0000000000
126394  -40.543  24.152  13.513 0.0000000000
126395  -41.093  24.097  13.301 0.0000000000
126396  -41.710  24.079  12.888 0.0000000000
126401  -38.987  23.152  13.228 0.0000000000
126402  -39.433  23.520  12.799 0.0000000000
126403  -42.191  24.063  12.530 0.0000000000
126404  -42.712  24.112  12.156 0.0000000000
126405  -43.110  23.873  11.791 0.0000000000
126413  -39.368  23.000  12.879 0.0000000000
126414  -40.111  23.274  12.373 0.0000000000
126415  -40.663  22.939  11.777 0.0000000000
126416  -42.991  24.345  11.672 0.0000000000
126417  -43.500  24.222  11.224 0.0000000000
126418  -44.021  24.049  10.705 0.0000000000
126424  -40.642  23.456  11.819 0.0000000000
126425  -41.217  22.977  11.282 0.0000000000
126426  -41.595  23.088  10.738 0.0000000000
126427  -43.858  24.538  10.623 0.0000000000
126439  -41.381  22.351  10.190 0.0000000000
126440  -41.750  22.687  10.049 0.0000000000
126451  -40.551  22.109  8.703 0.0000000000
126452  -41.737  22.517  9.179 0.0000000000
127066  -39.312  23.772  13.429 0.0000000000
127067  -39.660  24.124  13.471 0.0000000000
127068  -40.067  24.262  13.521 0.0000000000
127069  -40.326  24.264  13.518 0.0000000000
127076  -39.181  23.596  13.145 0.0000000000
127077  -39.426  24.099  13.002 0.0000000000
127078  -39.893  24.562  12.897 0.0000000000
127079  -40.240  24.652  13.063 0.0000000000
127080  -40.688  24.610  13.144 0.0000000000
127081  -41.483  24.700  12.569 0.0000000000
127082  -41.907  24.413  12.524 0.0000000000
127089  -39.273  23.667  12.929 0.0000000000
127090  -39.831  24.105  12.514 0.0000000000
127091  -39.859  24.432  12.690 0.0000000000
127092  -41.773  24.985  11.982 0.0000000000
127093  -42.228  24.718  12.026 0.0000000000
127094  -42.693  24.533  11.786 0.0000000000
127101  -40.421  23.980  11.992 0.0000000000
127102  -42.322  25.196  11.466 0.0000000000
127103  -42.833  24.966  11.256 0.0000000000
127104  -43.450  24.852  10.780 0.0000000000
127113  -40.905  23.944  11.575 0.0000000000
127114  -41.448  23.803  11.176 0.0000000000
127115  -41.841  23.656  10.675 0.0000000000
127116  -43.220  25.329  10.629 0.0000000000
127130  -42.176  23.370  10.188 0.0000000000
127139  -42.562  23.630  9.839 0.0000000000
127773  -40.344  24.698  12.424 0.0000000000
127774  -40.535  24.807  12.521 0.0000000000
127775  -40.819  24.978  12.563 0.0000000000
127776  -41.070  24.956  12.548 0.0000000000
127783  -40.438  24.498  12.132 0.0000000000
127784  -40.505  24.711  12.238 0.0000000000
127785  -40.774  24.918  12.134 0.0000000000
127786  -40.967  25.224  12.066 0.0000000000
127787  -41.461  25.318  11.761 0.0000000000
127788  -42.009  25.239  11.653 0.0000000000
127797  -40.522  24.448  11.897 0.0000000000
127798  -40.718  24.806  11.747 0.0000000000
127799  -41.790  25.929  11.151 0.0000000000
127800  -42.348  25.854  11.013 0.0000000000
127801  -42.869  25.554  10.768 0.0000000000
127813  -40.685  24.339  11.673 0.0000000000
127814  -41.024  24.735  11.198 0.0000000000
127815  -41.597  24.249  10.921 0.0000000000
127829  -41.409  25.293  10.767 0.0000000000
127830  -42.014  24.697  10.493 0.0000000000
128468  -40.785  24.963  11.992 0.0000000000
128469  -40.906  25.177  11.949 0.0000000000
128470  -41.038  25.314  11.710 0.0000000000
128471  -41.223  25.512  11.508 0.0000000000
128483  -40.896  25.036  11.781 0.0000000000
128484  -40.984  25.477  11.452 0.0000000000
128485  -41.281  25.753  11.203 0.0000000000
128486  -41.572  26.040  11.072 0.0000000000
128501  -40.944  25.299  11.277 0.0000000000
128502  -41.374  25.816  10.890 0.0000000000
128517  -41.217  25.482  10.928 0.0000000000
