#!ascii label  , from subject subject001 vox2ras=TkReg
1510
84790  -52.234  -18.647  30.457 0.0000000000
84795  -52.263  -18.785  30.129 0.0000000000
84796  -52.944  -19.121  30.374 0.0000000000
84801  -52.415  -18.783  29.919 0.0000000000
84802  -52.952  -18.980  30.034 0.0000000000
84803  -53.777  -19.035  30.270 0.0000000000
85979  -51.797  -18.044  30.367 0.0000000000
85982  -51.012  -17.738  29.385 0.0000000000
85983  -51.580  -18.082  29.797 0.0000000000
85987  -51.234  -17.843  29.239 0.0000000000
85988  -51.828  -18.244  29.532 0.0000000000
85989  -52.228  -18.379  29.577 0.0000000000
85990  -52.843  -18.428  29.710 0.0000000000
85991  -53.952  -18.724  30.183 0.0000000000
86001  -51.419  -17.916  29.131 0.0000000000
86002  -51.595  -17.951  29.086 0.0000000000
86003  -51.867  -18.056  29.023 0.0000000000
86004  -52.176  -18.013  29.106 0.0000000000
87060  -49.884  -16.291  30.372 0.0000000000
87061  -50.670  -16.797  30.328 0.0000000000
87062  -51.338  -17.443  30.351 0.0000000000
87065  -49.926  -16.647  29.758 0.0000000000
87066  -50.782  -17.405  29.683 0.0000000000
87067  -51.354  -17.790  29.999 0.0000000000
87071  -50.027  -16.952  29.271 0.0000000000
87072  -50.509  -17.436  29.061 0.0000000000
87073  -52.651  -18.043  29.443 0.0000000000
87074  -53.557  -18.039  29.871 0.0000000000
87084  -50.950  -17.692  28.861 0.0000000000
87085  -51.043  -17.577  28.554 0.0000000000
87086  -51.554  -17.612  28.578 0.0000000000
87087  -52.328  -17.663  29.012 0.0000000000
87088  -52.854  -17.423  29.358 0.0000000000
87094  -50.955  -17.264  28.200 0.0000000000
87095  -51.193  -17.155  28.141 0.0000000000
87999  -39.688  -15.618  43.372 0.0000000000
88017  -42.695  -15.818  43.916 0.0000000000
88031  -43.811  -15.373  43.371 0.0000000000
88110  -46.313  -14.777  33.014 0.0000000000
88111  -46.957  -14.766  33.147 0.0000000000
88120  -45.229  -15.235  32.087 0.0000000000
88121  -45.952  -15.139  32.384 0.0000000000
88122  -47.064  -15.358  32.461 0.0000000000
88129  -44.278  -15.511  31.134 0.0000000000
88130  -44.952  -15.457  31.451 0.0000000000
88131  -46.047  -15.501  31.489 0.0000000000
88132  -47.172  -15.623  31.608 0.0000000000
88133  -48.393  -15.677  31.602 0.0000000000
88138  -43.548  -15.736  30.320 0.0000000000
88139  -44.106  -15.722  30.574 0.0000000000
88140  -45.098  -15.729  30.560 0.0000000000
88141  -46.141  -15.698  30.709 0.0000000000
88142  -47.227  -15.770  30.844 0.0000000000
88143  -48.323  -15.776  30.753 0.0000000000
88144  -49.155  -16.042  30.553 0.0000000000
88146  -43.699  -15.997  30.009 0.0000000000
88147  -44.301  -16.110  29.813 0.0000000000
88148  -45.225  -16.028  29.893 0.0000000000
88149  -46.203  -15.707  30.121 0.0000000000
88150  -47.222  -15.700  30.218 0.0000000000
88151  -48.186  -15.822  30.116 0.0000000000
88152  -49.060  -16.177  29.921 0.0000000000
88160  -44.695  -16.188  29.417 0.0000000000
88161  -45.324  -16.060  29.420 0.0000000000
88162  -46.187  -15.684  29.803 0.0000000000
88163  -47.220  -15.702  29.804 0.0000000000
88164  -48.127  -16.003  29.610 0.0000000000
88165  -49.145  -16.381  29.286 0.0000000000
88166  -49.761  -16.832  28.931 0.0000000000
88167  -53.395  -17.450  29.731 0.0000000000
88178  -44.755  -16.171  29.076 0.0000000000
88179  -45.320  -15.959  29.180 0.0000000000
88180  -46.344  -15.763  29.653 0.0000000000
88181  -47.241  -15.851  29.560 0.0000000000
88182  -48.064  -16.122  29.165 0.0000000000
88183  -49.028  -16.371  28.785 0.0000000000
88184  -50.078  -16.962  28.528 0.0000000000
88185  -50.504  -17.001  28.200 0.0000000000
88186  -51.687  -17.248  28.418 0.0000000000
88187  -52.246  -16.962  28.657 0.0000000000
88188  -53.106  -16.868  29.485 0.0000000000
88196  -45.720  -15.786  29.515 0.0000000000
88197  -46.543  -15.840  29.563 0.0000000000
88198  -47.149  -15.930  29.343 0.0000000000
88199  -48.076  -16.088  28.856 0.0000000000
88200  -49.001  -16.286  28.356 0.0000000000
88201  -49.787  -16.532  27.962 0.0000000000
88202  -50.579  -16.725  27.891 0.0000000000
88203  -51.361  -16.656  28.042 0.0000000000
88204  -51.913  -16.322  28.312 0.0000000000
89161  -38.734  -14.982  42.930 0.0000000000
89171  -38.949  -14.426  42.186 0.0000000000
89172  -39.262  -15.200  42.835 0.0000000000
89173  -40.025  -15.413  43.023 0.0000000000
89174  -40.886  -15.659  43.543 0.0000000000
89175  -41.590  -15.878  44.034 0.0000000000
89184  -39.038  -14.053  41.767 0.0000000000
89185  -39.269  -14.172  41.808 0.0000000000
89186  -39.837  -14.731  42.240 0.0000000000
89187  -40.719  -14.971  42.728 0.0000000000
89188  -41.916  -15.395  43.437 0.0000000000
89189  -42.757  -15.484  43.531 0.0000000000
89199  -39.457  -13.701  41.395 0.0000000000
89200  -39.775  -13.904  41.623 0.0000000000
89201  -40.467  -14.236  41.850 0.0000000000
89202  -41.452  -14.475  42.271 0.0000000000
89203  -42.824  -14.777  42.695 0.0000000000
89204  -44.050  -14.896  42.863 0.0000000000
89214  -43.449  -14.250  41.893 0.0000000000
89215  -44.316  -14.295  42.054 0.0000000000
89274  -43.640  -13.676  34.322 0.0000000000
89275  -44.037  -13.724  34.418 0.0000000000
89276  -44.997  -13.644  34.535 0.0000000000
89284  -43.491  -13.843  33.891 0.0000000000
89285  -44.079  -14.168  33.711 0.0000000000
89286  -45.147  -14.238  33.670 0.0000000000
89287  -46.416  -14.254  33.675 0.0000000000
89294  -41.533  -14.062  32.230 0.0000000000
89295  -41.925  -14.143  32.360 0.0000000000
89296  -42.942  -14.244  32.861 0.0000000000
89297  -44.104  -14.611  32.688 0.0000000000
89298  -45.231  -14.811  32.576 0.0000000000
89299  -45.968  -14.769  32.893 0.0000000000
89302  -40.930  -14.124  31.640 0.0000000000
89303  -41.319  -14.165  31.869 0.0000000000
89304  -42.121  -14.580  31.890 0.0000000000
89305  -43.108  -14.908  31.836 0.0000000000
89306  -44.203  -15.210  31.659 0.0000000000
89307  -44.876  -15.270  31.954 0.0000000000
89310  -40.843  -14.289  31.391 0.0000000000
89311  -41.428  -14.579  31.324 0.0000000000
89312  -42.237  -15.028  31.200 0.0000000000
89313  -43.279  -15.460  30.877 0.0000000000
89314  -43.937  -15.529  31.028 0.0000000000
89317  -40.309  -14.413  30.809 0.0000000000
89318  -40.670  -14.429  30.940 0.0000000000
89319  -41.520  -14.784  30.831 0.0000000000
89320  -42.342  -15.228  30.536 0.0000000000
89321  -43.175  -15.640  30.101 0.0000000000
89322  -43.680  -15.989  29.707 0.0000000000
89328  -40.493  -14.288  30.896 0.0000000000
89329  -40.953  -14.439  30.738 0.0000000000
89330  -41.721  -14.745  30.462 0.0000000000
89331  -42.527  -15.223  30.037 0.0000000000
89332  -43.311  -15.590  29.682 0.0000000000
89333  -44.104  -16.006  29.319 0.0000000000
89343  -42.118  -14.898  30.114 0.0000000000
89344  -42.724  -15.158  29.794 0.0000000000
89345  -43.606  -15.491  29.377 0.0000000000
89346  -44.524  -15.900  28.987 0.0000000000
89347  -45.112  -15.890  29.004 0.0000000000
89348  -52.486  -16.359  28.817 0.0000000000
89349  -53.124  -15.957  29.469 0.0000000000
89355  -44.118  -15.552  29.057 0.0000000000
89356  -44.705  -15.648  28.983 0.0000000000
89357  -45.572  -15.628  29.412 0.0000000000
89358  -46.515  -15.687  29.745 0.0000000000
89359  -47.385  -15.866  29.367 0.0000000000
89360  -48.176  -16.001  28.649 0.0000000000
89361  -49.028  -16.071  28.039 0.0000000000
89362  -49.849  -16.160  27.669 0.0000000000
89363  -50.635  -16.134  27.650 0.0000000000
89364  -51.396  -15.929  27.926 0.0000000000
89365  -52.180  -15.731  28.571 0.0000000000
89366  -52.714  -15.371  29.243 0.0000000000
90352  -38.702  -14.178  42.285 0.0000000000
90367  -38.956  -13.756  41.639 0.0000000000
90368  -39.158  -13.758  41.497 0.0000000000
90379  -39.136  -13.327  41.231 0.0000000000
90380  -39.340  -13.306  41.081 0.0000000000
90381  -39.694  -13.357  41.066 0.0000000000
90382  -40.239  -13.446  41.159 0.0000000000
90383  -41.017  -13.683  41.303 0.0000000000
90384  -41.866  -13.879  41.619 0.0000000000
90393  -39.606  -12.934  40.503 0.0000000000
90394  -39.993  -12.990  40.433 0.0000000000
90395  -40.666  -12.858  40.393 0.0000000000
90396  -41.517  -13.173  40.646 0.0000000000
90397  -42.552  -13.559  41.068 0.0000000000
90398  -43.531  -13.575  40.978 0.0000000000
90399  -44.427  -13.695  41.046 0.0000000000
90410  -41.172  -12.555  39.825 0.0000000000
90411  -41.875  -12.631  39.713 0.0000000000
90412  -42.803  -12.892  39.933 0.0000000000
90413  -43.644  -12.847  39.985 0.0000000000
90414  -44.506  -12.926  40.036 0.0000000000
90422  -42.281  -12.403  39.028 0.0000000000
90423  -42.921  -12.376  39.028 0.0000000000
90424  -43.559  -12.548  38.736 0.0000000000
90425  -44.464  -12.802  38.745 0.0000000000
90434  -42.712  -12.502  36.566 0.0000000000
90435  -43.386  -12.567  37.307 0.0000000000
90436  -44.475  -12.774  37.477 0.0000000000
90452  -42.822  -12.563  36.122 0.0000000000
90453  -43.517  -12.701  36.090 0.0000000000
90454  -44.572  -12.881  36.261 0.0000000000
90463  -40.854  -12.653  34.151 0.0000000000
90464  -41.235  -12.737  34.320 0.0000000000
90465  -42.274  -12.843  34.955 0.0000000000
90466  -43.465  -13.395  34.718 0.0000000000
90467  -44.757  -13.263  35.320 0.0000000000
90473  -40.752  -12.840  33.711 0.0000000000
90474  -41.358  -13.189  33.634 0.0000000000
90475  -42.276  -13.454  33.677 0.0000000000
90476  -42.852  -13.789  33.495 0.0000000000
90479  -39.924  -13.212  32.236 0.0000000000
90480  -40.393  -13.255  32.640 0.0000000000
90481  -41.415  -13.792  32.547 0.0000000000
90482  -42.338  -13.887  32.961 0.0000000000
90483  -42.693  -13.966  33.071 0.0000000000
90485  -39.398  -13.457  31.615 0.0000000000
90486  -39.757  -13.419  31.839 0.0000000000
90487  -40.665  -13.883  31.782 0.0000000000
90488  -41.121  -13.951  32.033 0.0000000000
90490  -39.450  -13.599  31.408 0.0000000000
90491  -39.914  -13.920  31.353 0.0000000000
90492  -40.337  -14.258  31.183 0.0000000000
90494  -39.602  -13.727  31.096 0.0000000000
90495  -40.122  -14.124  30.902 0.0000000000
90496  -40.299  -14.374  30.950 0.0000000000
90503  -40.435  -14.118  30.706 0.0000000000
90504  -40.994  -14.215  30.625 0.0000000000
90505  -41.646  -14.420  30.464 0.0000000000
90512  -42.159  -14.649  30.112 0.0000000000
90513  -42.782  -14.898  29.803 0.0000000000
90514  -43.579  -15.106  29.520 0.0000000000
90515  -44.124  -14.996  29.587 0.0000000000
90523  -44.248  -15.315  29.157 0.0000000000
90524  -44.879  -15.170  29.391 0.0000000000
90525  -45.813  -15.250  29.642 0.0000000000
90526  -46.695  -15.564  29.896 0.0000000000
90527  -47.542  -15.679  29.457 0.0000000000
90528  -48.338  -15.716  28.589 0.0000000000
90529  -49.337  -15.660  27.945 0.0000000000
90530  -50.087  -15.765  27.560 0.0000000000
90531  -50.766  -15.551  27.731 0.0000000000
90532  -51.532  -15.317  28.224 0.0000000000
90533  -52.236  -15.104  28.878 0.0000000000
90540  -49.631  -15.398  27.920 0.0000000000
90541  -49.884  -15.482  27.735 0.0000000000
90542  -50.297  -15.507  27.716 0.0000000000
91494  -38.603  -13.681  42.342 0.0000000000
91511  -38.830  -13.295  41.656 0.0000000000
91521  -39.040  -12.849  40.981 0.0000000000
91522  -39.217  -12.873  40.761 0.0000000000
91530  -39.060  -12.488  40.286 0.0000000000
91531  -39.327  -12.523  40.020 0.0000000000
91532  -39.776  -12.564  39.811 0.0000000000
91533  -40.180  -12.595  39.772 0.0000000000
91539  -39.610  -11.976  39.124 0.0000000000
91540  -40.023  -12.175  39.112 0.0000000000
91541  -40.593  -12.247  39.226 0.0000000000
91542  -41.190  -12.247  39.036 0.0000000000
91544  -39.806  -11.697  38.500 0.0000000000
91545  -40.201  -11.763  38.367 0.0000000000
91546  -40.730  -11.847  38.060 0.0000000000
91547  -41.545  -12.262  38.270 0.0000000000
91548  -42.253  -12.402  38.086 0.0000000000
91549  -42.851  -12.413  38.152 0.0000000000
91552  -40.892  -12.061  36.978 0.0000000000
91553  -41.605  -12.218  37.012 0.0000000000
91554  -42.460  -12.388  37.062 0.0000000000
91555  -43.070  -12.456  37.802 0.0000000000
91565  -40.948  -12.028  35.869 0.0000000000
91566  -41.585  -12.304  35.873 0.0000000000
91567  -42.222  -12.482  35.824 0.0000000000
91569  -39.862  -12.269  34.088 0.0000000000
91570  -40.611  -12.413  34.483 0.0000000000
91571  -41.643  -12.571  35.111 0.0000000000
91572  -42.029  -12.641  35.286 0.0000000000
91574  -38.995  -12.400  33.037 0.0000000000
91575  -39.569  -12.467  33.350 0.0000000000
91576  -40.168  -12.811  33.170 0.0000000000
91578  -38.275  -12.556  32.192 0.0000000000
91579  -38.832  -12.643  32.449 0.0000000000
91580  -39.692  -12.989  32.364 0.0000000000
91581  -40.081  -12.967  32.669 0.0000000000
91583  -38.422  -12.786  31.799 0.0000000000
91584  -39.114  -13.274  31.692 0.0000000000
91585  -39.448  -13.298  31.930 0.0000000000
91587  -38.653  -13.074  31.229 0.0000000000
91588  -39.117  -13.485  31.128 0.0000000000
91593  -38.927  -13.201  30.948 0.0000000000
91594  -39.496  -13.552  30.880 0.0000000000
91595  -39.990  -13.864  30.763 0.0000000000
91604  -39.812  -13.675  30.750 0.0000000000
91605  -40.260  -13.777  30.729 0.0000000000
91606  -41.031  -13.876  30.743 0.0000000000
91607  -41.710  -14.182  30.463 0.0000000000
91613  -41.501  -13.891  30.688 0.0000000000
91614  -42.096  -14.254  30.382 0.0000000000
91615  -42.835  -14.479  30.274 0.0000000000
91616  -43.585  -14.592  30.266 0.0000000000
91617  -44.494  -14.730  30.300 0.0000000000
91618  -45.381  -14.686  30.619 0.0000000000
91619  -46.256  -14.669  30.596 0.0000000000
91620  -47.020  -14.785  30.471 0.0000000000
91627  -45.317  -14.934  29.861 0.0000000000
91628  -46.052  -14.920  29.946 0.0000000000
91629  -46.893  -15.191  30.057 0.0000000000
91630  -47.760  -15.225  29.742 0.0000000000
91631  -48.652  -15.248  28.821 0.0000000000
91632  -49.473  -15.127  28.359 0.0000000000
91633  -50.144  -14.933  28.289 0.0000000000
91634  -50.885  -14.996  28.229 0.0000000000
91635  -51.782  -14.808  28.886 0.0000000000
91641  -49.864  -15.223  27.952 0.0000000000
91642  -50.265  -15.234  27.887 0.0000000000
91643  -50.549  -15.329  27.831 0.0000000000
92627  -38.798  -12.781  41.676 0.0000000000
92630  -38.845  -12.408  40.915 0.0000000000
92633  -38.866  -12.050  39.991 0.0000000000
92634  -39.042  -12.055  39.678 0.0000000000
92636  -38.943  -11.473  39.016 0.0000000000
92637  -39.247  -11.692  39.047 0.0000000000
92639  -38.843  -11.410  38.044 0.0000000000
92640  -39.309  -11.546  38.089 0.0000000000
92641  -39.744  -11.531  37.702 0.0000000000
92642  -40.158  -11.592  37.559 0.0000000000
92645  -38.872  -11.392  37.274 0.0000000000
92646  -39.158  -11.458  36.859 0.0000000000
92647  -39.719  -11.513  36.766 0.0000000000
92648  -40.282  -11.688  36.833 0.0000000000
92658  -39.215  -11.433  35.858 0.0000000000
92659  -39.721  -11.661  35.775 0.0000000000
92660  -40.365  -11.839  35.869 0.0000000000
92662  -38.416  -11.552  34.192 0.0000000000
92663  -38.962  -11.625  34.699 0.0000000000
92664  -39.815  -11.967  34.670 0.0000000000
92665  -40.437  -12.024  35.203 0.0000000000
92667  -38.420  -11.803  33.593 0.0000000000
92668  -38.995  -12.143  33.583 0.0000000000
92669  -39.537  -12.211  33.905 0.0000000000
92671  -38.316  -12.243  32.695 0.0000000000
92672  -38.738  -12.355  32.898 0.0000000000
92674  -37.725  -12.156  31.931 0.0000000000
92675  -37.946  -12.367  32.022 0.0000000000
92679  -37.901  -12.208  31.760 0.0000000000
92680  -38.232  -12.497  31.477 0.0000000000
92685  -38.590  -12.767  30.984 0.0000000000
92686  -39.084  -12.984  30.781 0.0000000000
92687  -39.477  -12.860  30.818 0.0000000000
92688  -42.379  -12.481  31.674 0.0000000000
92689  -42.795  -12.597  31.792 0.0000000000
92690  -43.332  -12.669  31.911 0.0000000000
92698  -39.680  -13.345  30.827 0.0000000000
92699  -40.197  -13.115  31.107 0.0000000000
92700  -41.105  -13.296  31.254 0.0000000000
92701  -41.731  -13.221  31.347 0.0000000000
92702  -42.342  -13.077  31.533 0.0000000000
92703  -43.164  -13.239  31.628 0.0000000000
92704  -43.986  -13.118  31.897 0.0000000000
92705  -45.076  -13.183  32.013 0.0000000000
92706  -46.149  -13.358  31.976 0.0000000000
92707  -47.167  -13.631  31.863 0.0000000000
92708  -48.175  -13.793  31.624 0.0000000000
92709  -49.117  -13.848  31.341 0.0000000000
92710  -49.869  -13.990  31.105 0.0000000000
92718  -41.701  -13.721  30.899 0.0000000000
92719  -42.245  -13.774  30.855 0.0000000000
92720  -42.960  -13.841  30.883 0.0000000000
92721  -43.765  -13.979  31.104 0.0000000000
92722  -44.687  -14.043  31.324 0.0000000000
92723  -45.668  -14.115  31.401 0.0000000000
92724  -46.629  -14.285  31.282 0.0000000000
92725  -47.652  -14.565  30.839 0.0000000000
92726  -48.610  -14.508  30.574 0.0000000000
92727  -49.459  -14.440  30.281 0.0000000000
92728  -50.381  -14.312  30.235 0.0000000000
92729  -51.082  -14.345  29.855 0.0000000000
92730  -51.667  -14.124  30.114 0.0000000000
92739  -48.295  -14.867  29.778 0.0000000000
92740  -49.019  -14.826  29.386 0.0000000000
92741  -49.831  -14.714  29.138 0.0000000000
92742  -50.619  -14.649  29.027 0.0000000000
92743  -51.387  -14.528  29.207 0.0000000000
93761  -38.700  -12.002  40.914 0.0000000000
93764  -38.774  -11.657  40.055 0.0000000000
93766  -38.741  -11.273  39.074 0.0000000000
93768  -38.590  -11.164  37.989 0.0000000000
93771  -38.606  -11.165  36.885 0.0000000000
93772  -38.788  -11.261  36.510 0.0000000000
93783  -38.659  -11.081  35.738 0.0000000000
93784  -38.884  -11.238  35.825 0.0000000000
93786  -38.462  -11.303  34.809 0.0000000000
93787  -38.850  -11.378  35.288 0.0000000000
93789  -37.942  -11.338  33.408 0.0000000000
93790  -38.084  -11.467  33.740 0.0000000000
93793  -37.968  -11.532  32.923 0.0000000000
93794  -38.036  -11.845  32.866 0.0000000000
93797  -37.778  -11.944  32.232 0.0000000000
93798  -37.912  -12.127  32.387 0.0000000000
93804  -37.736  -11.996  31.734 0.0000000000
93805  -37.991  -12.182  31.518 0.0000000000
93810  -37.963  -11.948  31.502 0.0000000000
93811  -38.315  -12.140  31.220 0.0000000000
93812  -38.905  -12.208  30.929 0.0000000000
93813  -39.210  -12.465  30.821 0.0000000000
93814  -41.586  -11.972  31.406 0.0000000000
93815  -41.966  -12.200  31.531 0.0000000000
93816  -42.522  -11.987  31.692 0.0000000000
93817  -43.145  -11.963  31.878 0.0000000000
93818  -43.711  -11.669  31.822 0.0000000000
93819  -46.057  -11.591  32.320 0.0000000000
93820  -46.520  -11.726  32.466 0.0000000000
93821  -47.437  -11.849  32.708 0.0000000000
93822  -48.512  -12.010  32.869 0.0000000000
93823  -49.596  -12.215  32.799 0.0000000000
93824  -50.422  -12.306  32.639 0.0000000000
93828  -39.339  -11.806  30.856 0.0000000000
93829  -39.751  -12.088  30.967 0.0000000000
93830  -40.550  -12.207  31.214 0.0000000000
93831  -41.378  -12.351  31.373 0.0000000000
93832  -41.842  -12.732  31.472 0.0000000000
93833  -43.707  -12.298  31.908 0.0000000000
93834  -44.496  -11.989  31.926 0.0000000000
93835  -45.725  -12.066  32.291 0.0000000000
93836  -46.760  -12.611  32.452 0.0000000000
93837  -47.782  -12.875  32.491 0.0000000000
93838  -48.829  -13.036  32.323 0.0000000000
93839  -49.899  -13.193  32.082 0.0000000000
93840  -51.003  -12.779  32.086 0.0000000000
93852  -50.492  -13.639  31.307 0.0000000000
93853  -51.284  -13.707  30.927 0.0000000000
94890  -38.804  -11.642  40.889 0.0000000000
94891  -38.760  -11.690  41.178 0.0000000000
94894  -38.784  -11.371  40.115 0.0000000000
94896  -38.592  -11.057  39.196 0.0000000000
94899  -38.471  -10.804  38.045 0.0000000000
94902  -38.483  -10.832  36.914 0.0000000000
94913  -38.647  -10.805  35.217 0.0000000000
94914  -38.638  -10.846  35.698 0.0000000000
94916  -38.305  -10.893  34.668 0.0000000000
94917  -38.297  -11.074  34.837 0.0000000000
94919  -37.967  -11.162  33.956 0.0000000000
94920  -38.101  -11.236  34.320 0.0000000000
94923  -37.920  -11.285  33.117 0.0000000000
94925  -37.821  -11.490  32.493 0.0000000000
94931  -37.737  -11.617  31.999 0.0000000000
94932  -37.915  -11.460  31.731 0.0000000000
94936  -37.854  -11.755  31.662 0.0000000000
94937  -38.238  -11.602  31.434 0.0000000000
94938  -38.873  -11.489  31.043 0.0000000000
94939  -41.395  -11.777  31.318 0.0000000000
94940  -41.642  -11.549  31.310 0.0000000000
94941  -42.158  -11.396  31.431 0.0000000000
94942  -42.776  -11.310  31.566 0.0000000000
94943  -43.333  -11.280  31.680 0.0000000000
94944  -45.825  -11.384  32.167 0.0000000000
94945  -46.210  -11.156  32.214 0.0000000000
94946  -47.031  -11.015  32.474 0.0000000000
94947  -48.182  -10.739  32.666 0.0000000000
94948  -49.409  -11.088  32.892 0.0000000000
94949  -50.567  -11.382  32.956 0.0000000000
94950  -51.560  -11.295  33.025 0.0000000000
94954  -39.382  -11.255  30.759 0.0000000000
94955  -39.791  -10.970  30.474 0.0000000000
94956  -40.255  -11.143  30.665 0.0000000000
94957  -41.067  -11.247  30.972 0.0000000000
94958  -41.753  -10.821  30.961 0.0000000000
94959  -42.434  -10.704  31.067 0.0000000000
94960  -43.156  -10.720  31.228 0.0000000000
94961  -44.012  -10.894  31.517 0.0000000000
94962  -45.370  -10.697  31.689 0.0000000000
94963  -46.560  -10.422  31.849 0.0000000000
94964  -47.461  -10.150  32.178 0.0000000000
94965  -48.004  -9.956  32.376 0.0000000000
94966  -51.083  -11.972  32.891 0.0000000000
94977  -40.187  -10.318  29.958 0.0000000000
94978  -40.671  -10.315  30.041 0.0000000000
94979  -41.347  -10.290  30.108 0.0000000000
94980  -42.096  -10.291  30.114 0.0000000000
94981  -42.869  -10.191  30.296 0.0000000000
94982  -43.704  -10.190  30.515 0.0000000000
94983  -44.566  -10.107  30.800 0.0000000000
94984  -45.091  -9.965  30.941 0.0000000000
95919  -38.862  -11.485  41.205 0.0000000000
95929  -38.753  -11.113  40.106 0.0000000000
95930  -38.844  -11.114  40.436 0.0000000000
95931  -39.021  -11.076  40.794 0.0000000000
95934  -38.672  -10.890  39.389 0.0000000000
95935  -38.727  -10.792  39.593 0.0000000000
95937  -38.560  -10.567  38.443 0.0000000000
95938  -38.682  -10.575  38.887 0.0000000000
95941  -38.437  -10.421  37.700 0.0000000000
95944  -38.395  -10.453  37.011 0.0000000000
95955  -38.720  -10.601  35.260 0.0000000000
95956  -38.697  -10.579  35.847 0.0000000000
95960  -38.540  -10.772  34.761 0.0000000000
95961  -38.702  -10.578  35.040 0.0000000000
95963  -38.038  -10.915  34.147 0.0000000000
95964  -38.396  -10.699  34.385 0.0000000000
95967  -37.911  -11.049  33.406 0.0000000000
95968  -38.036  -10.814  33.677 0.0000000000
95970  -37.873  -11.207  32.698 0.0000000000
95971  -37.958  -10.947  32.920 0.0000000000
95977  -37.795  -11.357  32.284 0.0000000000
95978  -37.920  -11.149  32.146 0.0000000000
95980  -38.299  -11.162  31.608 0.0000000000
95981  -38.896  -11.000  31.141 0.0000000000
95982  -48.456  -9.810  32.409 0.0000000000
95983  -49.272  -9.910  32.580 0.0000000000
95984  -50.406  -10.118  32.667 0.0000000000
95985  -51.491  -10.489  32.856 0.0000000000
95989  -39.608  -10.469  30.449 0.0000000000
95990  -39.776  -10.605  30.357 0.0000000000
95991  -45.497  -9.760  30.887 0.0000000000
95992  -46.168  -9.695  31.162 0.0000000000
95993  -47.098  -9.535  31.415 0.0000000000
95994  -48.077  -9.265  31.817 0.0000000000
95995  -48.883  -9.306  32.119 0.0000000000
95996  -50.792  -9.445  32.346 0.0000000000
96004  -39.931  -9.901  29.705 0.0000000000
96005  -40.097  -9.778  29.466 0.0000000000
96006  -40.485  -9.680  29.105 0.0000000000
96007  -41.012  -9.733  29.072 0.0000000000
96008  -41.712  -9.744  29.077 0.0000000000
96009  -42.526  -9.673  29.164 0.0000000000
96010  -43.382  -9.529  29.447 0.0000000000
96011  -44.270  -9.529  29.754 0.0000000000
96012  -45.142  -9.554  30.103 0.0000000000
96013  -45.971  -9.303  30.179 0.0000000000
96014  -46.886  -8.922  30.367 0.0000000000
96015  -47.614  -8.811  30.965 0.0000000000
96022  -40.317  -9.079  28.417 0.0000000000
96023  -40.464  -8.996  28.135 0.0000000000
96024  -40.795  -9.186  28.172 0.0000000000
96025  -41.328  -9.231  28.158 0.0000000000
96026  -42.118  -9.054  28.108 0.0000000000
96027  -43.043  -8.977  28.206 0.0000000000
96028  -44.020  -8.922  28.562 0.0000000000
96029  -44.915  -9.035  29.037 0.0000000000
96030  -45.719  -8.946  29.305 0.0000000000
96031  -46.438  -8.723  29.488 0.0000000000
96040  -40.547  -8.565  27.461 0.0000000000
96041  -40.728  -8.734  27.530 0.0000000000
96042  -41.057  -8.827  27.444 0.0000000000
96043  -41.567  -8.801  27.507 0.0000000000
96044  -43.159  -8.630  27.726 0.0000000000
96045  -43.510  -8.609  27.858 0.0000000000
96062  -49.951  -7.872  21.135 0.0000000000
96063  -50.623  -7.976  21.053 0.0000000000
96064  -51.063  -8.090  20.871 0.0000000000
96071  -47.806  -8.009  20.651 0.0000000000
96072  -48.239  -8.142  20.650 0.0000000000
96073  -48.861  -8.198  20.656 0.0000000000
96074  -49.462  -8.162  20.693 0.0000000000
96075  -49.982  -8.275  20.538 0.0000000000
96076  -50.644  -8.265  20.377 0.0000000000
96080  -47.709  -8.210  20.336 0.0000000000
96081  -47.985  -8.393  20.229 0.0000000000
96082  -48.490  -8.511  20.131 0.0000000000
96083  -49.238  -8.548  20.082 0.0000000000
96084  -49.997  -8.552  19.788 0.0000000000
96085  -50.763  -8.496  19.591 0.0000000000
96088  -47.820  -8.406  19.952 0.0000000000
96089  -48.240  -8.565  19.719 0.0000000000
96090  -48.740  -8.721  19.485 0.0000000000
96091  -49.364  -8.845  19.234 0.0000000000
96092  -50.103  -8.840  18.972 0.0000000000
96093  -50.946  -8.715  18.744 0.0000000000
96094  -51.424  -8.553  18.467 0.0000000000
96098  -48.153  -8.474  19.434 0.0000000000
96099  -48.514  -8.706  19.136 0.0000000000
96100  -48.908  -8.974  18.778 0.0000000000
96101  -49.484  -9.068  18.444 0.0000000000
96102  -50.239  -9.000  18.143 0.0000000000
96103  -51.114  -8.686  17.846 0.0000000000
96104  -51.618  -8.472  18.203 0.0000000000
96107  -48.428  -8.589  18.952 0.0000000000
96108  -48.727  -8.804  18.493 0.0000000000
96109  -49.031  -9.072  18.045 0.0000000000
96110  -49.601  -9.026  17.645 0.0000000000
96111  -50.337  -8.854  17.284 0.0000000000
96112  -50.952  -8.676  16.976 0.0000000000
96117  -48.879  -8.926  17.850 0.0000000000
96118  -49.169  -8.879  17.292 0.0000000000
96119  -49.787  -8.786  16.815 0.0000000000
96120  -50.510  -8.676  16.406 0.0000000000
96121  -50.995  -8.654  16.512 0.0000000000
96127  -49.454  -8.589  16.433 0.0000000000
96128  -49.970  -8.601  15.949 0.0000000000
96129  -50.388  -8.615  15.901 0.0000000000
96141  -49.632  -8.461  15.818 0.0000000000
96142  -49.818  -8.461  15.597 0.0000000000
96972  -39.381  -10.969  40.981 0.0000000000
96973  -40.163  -10.588  40.624 0.0000000000
96991  -38.858  -10.685  39.753 0.0000000000
96992  -39.272  -10.475  39.930 0.0000000000
96993  -39.846  -10.256  39.979 0.0000000000
96998  -38.876  -10.396  39.028 0.0000000000
96999  -39.173  -10.212  39.121 0.0000000000
97001  -38.486  -10.259  37.869 0.0000000000
97002  -38.544  -10.157  38.077 0.0000000000
97005  -38.373  -10.173  37.242 0.0000000000
97006  -38.429  -10.006  37.402 0.0000000000
97009  -38.532  -10.242  36.306 0.0000000000
97020  -38.732  -10.420  35.499 0.0000000000
97024  -38.676  -10.496  34.818 0.0000000000
97026  -38.297  -10.635  34.026 0.0000000000
97027  -38.340  -10.606  33.464 0.0000000000
97030  -38.148  -10.736  33.223 0.0000000000
97031  -38.430  -10.646  32.802 0.0000000000
97034  -38.177  -10.815  32.471 0.0000000000
97035  -38.698  -10.655  32.015 0.0000000000
97041  -38.435  -10.869  31.816 0.0000000000
97042  -39.144  -10.547  31.327 0.0000000000
97044  -38.856  -10.814  31.345 0.0000000000
97045  -39.482  -10.231  30.668 0.0000000000
97046  -49.953  -9.581  32.404 0.0000000000
97047  -50.372  -9.363  32.288 0.0000000000
97050  -39.931  -9.661  29.726 0.0000000000
97051  -40.082  -9.117  29.004 0.0000000000
97052  -48.969  -8.735  31.527 0.0000000000
97053  -49.811  -8.904  31.926 0.0000000000
97054  -50.948  -8.717  31.963 0.0000000000
97060  -40.104  -9.461  29.301 0.0000000000
97061  -40.218  -8.926  28.594 0.0000000000
97062  -47.764  -8.356  30.057 0.0000000000
97063  -48.511  -8.275  30.719 0.0000000000
97064  -49.691  -7.866  30.858 0.0000000000
97065  -50.591  -7.839  31.260 0.0000000000
97072  -40.426  -8.537  27.775 0.0000000000
97073  -40.580  -8.644  27.616 0.0000000000
97074  -42.675  -8.697  27.642 0.0000000000
97075  -42.923  -8.651  27.665 0.0000000000
97076  -44.766  -8.505  28.369 0.0000000000
97077  -45.492  -8.426  28.625 0.0000000000
97078  -46.305  -8.276  28.821 0.0000000000
97079  -47.300  -7.960  29.092 0.0000000000
97080  -48.367  -7.539  29.560 0.0000000000
97081  -49.192  -7.315  30.051 0.0000000000
97089  -40.508  -8.202  27.329 0.0000000000
97090  -40.659  -8.396  27.291 0.0000000000
97091  -40.925  -8.408  27.036 0.0000000000
97092  -41.404  -8.447  27.019 0.0000000000
97093  -42.170  -8.527  27.225 0.0000000000
97094  -43.115  -8.382  27.420 0.0000000000
97095  -44.188  -8.192  27.815 0.0000000000
97096  -45.195  -7.846  28.207 0.0000000000
97097  -46.033  -7.690  28.457 0.0000000000
97098  -46.728  -7.593  28.585 0.0000000000
97108  -51.268  -7.114  22.293 0.0000000000
97109  -52.088  -7.031  22.482 0.0000000000
97110  -52.878  -6.817  22.747 0.0000000000
97111  -53.302  -6.638  22.846 0.0000000000
97115  -49.148  -7.261  21.584 0.0000000000
97116  -49.771  -7.429  21.626 0.0000000000
97117  -50.538  -7.478  21.787 0.0000000000
97118  -51.518  -7.751  21.542 0.0000000000
97119  -52.625  -7.398  21.992 0.0000000000
97120  -53.314  -7.045  22.469 0.0000000000
97126  -47.590  -7.539  21.025 0.0000000000
97127  -47.986  -7.674  21.055 0.0000000000
97128  -48.587  -7.600  21.199 0.0000000000
97129  -49.294  -7.769  21.125 0.0000000000
97130  -51.438  -8.133  20.369 0.0000000000
97131  -52.418  -7.842  20.964 0.0000000000
97132  -53.460  -7.405  21.537 0.0000000000
97133  -53.987  -7.241  21.214 0.0000000000
97137  -47.377  -7.581  20.539 0.0000000000
97138  -47.536  -7.699  20.687 0.0000000000
97139  -51.470  -8.379  19.343 0.0000000000
97140  -52.201  -8.003  19.816 0.0000000000
97141  -53.133  -7.688  20.271 0.0000000000
97142  -53.734  -7.437  20.761 0.0000000000
97146  -47.400  -7.721  20.231 0.0000000000
97147  -47.527  -8.072  20.235 0.0000000000
97148  -51.463  -8.521  18.825 0.0000000000
97149  -51.985  -8.261  18.738 0.0000000000
97150  -52.821  -7.820  19.225 0.0000000000
97155  -47.607  -7.930  19.706 0.0000000000
97156  -47.703  -8.226  19.760 0.0000000000
97157  -51.481  -8.552  17.228 0.0000000000
97158  -51.965  -8.347  17.781 0.0000000000
97159  -52.897  -7.840  18.249 0.0000000000
97160  -53.490  -7.616  18.014 0.0000000000
97166  -47.786  -8.051  19.359 0.0000000000
97167  -48.133  -8.305  19.037 0.0000000000
97168  -48.548  -8.580  18.657 0.0000000000
97169  -51.404  -8.546  16.651 0.0000000000
97170  -52.009  -8.376  16.936 0.0000000000
97171  -52.641  -8.029  17.308 0.0000000000
97172  -53.297  -7.698  17.511 0.0000000000
97178  -48.448  -8.337  18.566 0.0000000000
97179  -48.754  -8.537  18.056 0.0000000000
97180  -48.947  -8.792  17.503 0.0000000000
97181  -50.709  -8.597  15.848 0.0000000000
97182  -51.183  -8.569  16.085 0.0000000000
97183  -51.877  -8.331  16.242 0.0000000000
97184  -52.599  -7.966  16.491 0.0000000000
97185  -53.097  -7.770  16.926 0.0000000000
97188  -48.839  -8.367  17.259 0.0000000000
97189  -49.038  -8.499  16.854 0.0000000000
97190  -50.013  -8.443  15.391 0.0000000000
97191  -50.460  -8.460  15.462 0.0000000000
97192  -51.083  -8.387  15.478 0.0000000000
97193  -51.690  -8.211  15.624 0.0000000000
97194  -52.328  -7.893  15.766 0.0000000000
97203  -49.331  -8.310  15.911 0.0000000000
97204  -49.721  -8.239  15.293 0.0000000000
97205  -50.285  -8.182  14.795 0.0000000000
97206  -50.925  -8.191  14.952 0.0000000000
97207  -51.549  -7.947  15.011 0.0000000000
97208  -52.086  -7.820  15.261 0.0000000000
97217  -50.495  -7.851  14.271 0.0000000000
97218  -50.928  -7.901  14.466 0.0000000000
97219  -51.270  -7.912  14.669 0.0000000000
98040  -40.802  -10.228  40.382 0.0000000000
98041  -41.537  -9.961  40.212 0.0000000000
98066  -39.747  -10.137  39.593 0.0000000000
98067  -40.385  -9.938  39.745 0.0000000000
98068  -41.177  -9.497  39.344 0.0000000000
98076  -39.074  -10.069  38.797 0.0000000000
98077  -39.598  -9.780  38.794 0.0000000000
98078  -40.540  -9.452  38.919 0.0000000000
98079  -41.064  -9.338  38.847 0.0000000000
98081  -38.881  -9.913  38.241 0.0000000000
98082  -39.216  -9.561  37.508 0.0000000000
98084  -38.378  -9.976  37.096 0.0000000000
98085  -38.576  -9.848  37.186 0.0000000000
98086  -39.047  -9.664  36.444 0.0000000000
98088  -38.467  -10.017  36.608 0.0000000000
98089  -38.632  -9.926  36.097 0.0000000000
98090  -39.044  -9.939  35.529 0.0000000000
98101  -38.736  -10.224  35.636 0.0000000000
98102  -38.824  -10.255  35.143 0.0000000000
98103  -39.256  -10.258  34.617 0.0000000000
98104  -39.775  -10.424  33.933 0.0000000000
98108  -38.651  -10.476  34.571 0.0000000000
98109  -38.754  -10.356  34.211 0.0000000000
98110  -39.284  -10.416  33.636 0.0000000000
98111  -40.118  -10.442  33.046 0.0000000000
98112  -40.765  -10.301  32.289 0.0000000000
98114  -38.462  -10.483  33.923 0.0000000000
98115  -38.739  -10.517  33.301 0.0000000000
98116  -39.491  -10.483  32.655 0.0000000000
98117  -40.270  -10.318  32.005 0.0000000000
98120  -39.040  -10.557  32.304 0.0000000000
98121  -39.786  -10.268  31.681 0.0000000000
98125  -39.427  -10.331  31.438 0.0000000000
98126  -40.097  -9.636  30.785 0.0000000000
98133  -39.769  -9.810  30.642 0.0000000000
98134  -40.532  -8.896  29.784 0.0000000000
98137  -40.088  -9.392  29.835 0.0000000000
98138  -40.490  -8.506  29.135 0.0000000000
98142  -40.140  -9.018  29.227 0.0000000000
98143  -40.366  -8.384  28.606 0.0000000000
98149  -40.343  -8.097  27.948 0.0000000000
98150  -50.424  -7.210  30.672 0.0000000000
98159  -40.410  -7.984  27.419 0.0000000000
98160  -48.066  -6.604  28.984 0.0000000000
98161  -49.070  -6.364  29.405 0.0000000000
98162  -50.208  -6.456  29.983 0.0000000000
98163  -50.956  -6.004  30.031 0.0000000000
98170  -40.536  -7.979  27.110 0.0000000000
98171  -40.798  -8.017  26.883 0.0000000000
98172  -41.254  -8.075  26.727 0.0000000000
98173  -41.822  -8.141  26.829 0.0000000000
98174  -42.588  -8.039  27.029 0.0000000000
98175  -43.543  -7.483  27.588 0.0000000000
98176  -44.807  -7.171  28.141 0.0000000000
98177  -45.854  -6.940  28.374 0.0000000000
98178  -46.642  -6.925  28.459 0.0000000000
98179  -47.247  -6.874  28.675 0.0000000000
98183  -41.656  -7.934  26.727 0.0000000000
98184  -42.177  -7.831  26.858 0.0000000000
98185  -42.773  -7.636  27.102 0.0000000000
98186  -43.067  -7.169  27.418 0.0000000000
98187  -50.115  -5.102  22.436 0.0000000000
98188  -50.481  -5.188  22.547 0.0000000000
98189  -51.325  -5.194  22.849 0.0000000000
98190  -52.233  -4.992  23.247 0.0000000000
98191  -53.039  -4.819  23.519 0.0000000000
98192  -53.683  -4.686  23.729 0.0000000000
98196  -48.999  -5.731  22.049 0.0000000000
98197  -49.651  -5.561  22.254 0.0000000000
98198  -50.581  -6.409  22.329 0.0000000000
98199  -51.689  -6.225  22.706 0.0000000000
98200  -52.556  -6.088  23.029 0.0000000000
98201  -53.324  -5.940  23.204 0.0000000000
98202  -54.044  -5.237  23.451 0.0000000000
98203  -54.561  -5.158  23.414 0.0000000000
98209  -47.263  -6.385  21.339 0.0000000000
98210  -47.629  -6.372  21.445 0.0000000000
98211  -48.611  -6.390  21.733 0.0000000000
98212  -49.627  -6.764  21.971 0.0000000000
98213  -50.117  -7.090  21.981 0.0000000000
98214  -53.671  -6.408  22.890 0.0000000000
98215  -54.232  -6.117  22.884 0.0000000000
98216  -54.832  -5.539  22.902 0.0000000000
98222  -46.946  -6.629  21.082 0.0000000000
98223  -47.163  -6.810  21.177 0.0000000000
98224  -47.782  -7.092  21.339 0.0000000000
98225  -48.181  -7.266  21.382 0.0000000000
98226  -53.842  -6.870  22.404 0.0000000000
98227  -54.413  -6.708  21.898 0.0000000000
98228  -55.313  -5.810  22.162 0.0000000000
98229  -55.810  -5.373  22.027 0.0000000000
98233  -46.942  -6.612  20.784 0.0000000000
98234  -47.086  -6.951  20.822 0.0000000000
98235  -47.199  -7.343  20.842 0.0000000000
98236  -53.766  -7.452  20.140 0.0000000000
98237  -54.302  -7.137  20.662 0.0000000000
98238  -55.039  -6.512  21.057 0.0000000000
98239  -55.670  -5.859  21.321 0.0000000000
98242  -47.050  -6.476  20.654 0.0000000000
98243  -47.323  -7.139  20.389 0.0000000000
98244  -53.496  -7.570  19.449 0.0000000000
98245  -54.195  -7.333  19.631 0.0000000000
98246  -54.898  -6.876  19.999 0.0000000000
98247  -55.590  -6.324  20.382 0.0000000000
98252  -47.740  -7.711  19.593 0.0000000000
98253  -47.944  -7.744  19.308 0.0000000000
98254  -53.260  -7.672  18.875 0.0000000000
98255  -53.842  -7.484  18.617 0.0000000000
98256  -54.798  -7.150  19.013 0.0000000000
98257  -55.524  -6.633  19.407 0.0000000000
98264  -47.922  -8.055  19.154 0.0000000000
98265  -48.215  -8.051  18.769 0.0000000000
98266  -48.524  -8.084  18.312 0.0000000000
98267  -53.923  -7.429  17.714 0.0000000000
98268  -54.643  -7.169  18.077 0.0000000000
98269  -55.423  -6.775  18.455 0.0000000000
98275  -48.583  -8.305  18.313 0.0000000000
98276  -48.768  -8.192  17.798 0.0000000000
98277  -53.223  -7.591  16.454 0.0000000000
98278  -53.742  -7.436  16.893 0.0000000000
98279  -54.494  -7.092  17.211 0.0000000000
98280  -55.228  -6.721  17.535 0.0000000000
98284  -49.015  -8.043  16.426 0.0000000000
98285  -49.132  -8.161  16.065 0.0000000000
98286  -53.019  -7.528  15.872 0.0000000000
98287  -53.678  -7.173  16.101 0.0000000000
98288  -54.320  -6.910  16.421 0.0000000000
98289  -55.007  -6.619  16.657 0.0000000000
98298  -49.240  -7.657  15.595 0.0000000000
98299  -49.363  -7.698  15.149 0.0000000000
98300  -49.857  -7.847  14.535 0.0000000000
98301  -50.174  -7.923  14.330 0.0000000000
98302  -52.149  -7.592  14.794 0.0000000000
98303  -52.728  -7.394  15.133 0.0000000000
98304  -53.527  -6.970  15.348 0.0000000000
98305  -54.315  -6.679  15.616 0.0000000000
98306  -54.804  -6.584  16.017 0.0000000000
98315  -49.335  -7.192  14.343 0.0000000000
98316  -49.620  -7.232  13.962 0.0000000000
98317  -50.276  -7.531  13.925 0.0000000000
98318  -50.971  -7.508  13.973 0.0000000000
98319  -51.691  -7.495  14.312 0.0000000000
98320  -52.628  -7.118  14.377 0.0000000000
98321  -53.405  -6.821  14.570 0.0000000000
98322  -54.209  -6.571  14.753 0.0000000000
98331  -49.808  -6.787  13.464 0.0000000000
98332  -50.275  -6.789  13.343 0.0000000000
98333  -50.920  -6.974  13.468 0.0000000000
98334  -51.640  -6.948  13.612 0.0000000000
98335  -52.429  -6.804  13.751 0.0000000000
98336  -53.366  -6.558  13.772 0.0000000000
98337  -54.072  -6.518  14.068 0.0000000000
98345  -50.576  -6.369  13.065 0.0000000000
98346  -50.900  -6.390  13.025 0.0000000000
98347  -51.572  -6.418  13.040 0.0000000000
98348  -52.297  -6.405  13.148 0.0000000000
98349  -52.962  -6.330  13.267 0.0000000000
99122  -42.014  -9.422  39.525 0.0000000000
99141  -40.301  -9.285  38.318 0.0000000000
99142  -40.928  -9.218  38.413 0.0000000000
99143  -41.696  -9.198  38.730 0.0000000000
99144  -42.587  -9.131  39.098 0.0000000000
99156  -39.954  -9.279  37.654 0.0000000000
99157  -40.701  -9.179  37.729 0.0000000000
99158  -41.440  -9.152  37.899 0.0000000000
99161  -39.758  -9.486  36.651 0.0000000000
99162  -40.562  -9.423  36.853 0.0000000000
99163  -41.226  -9.375  37.138 0.0000000000
99170  -39.595  -9.823  35.707 0.0000000000
99171  -40.422  -9.847  35.782 0.0000000000
99172  -41.489  -9.895  36.040 0.0000000000
99173  -42.642  -10.213  35.613 0.0000000000
99174  -43.612  -10.305  35.478 0.0000000000
99189  -39.450  -10.067  35.139 0.0000000000
99190  -40.101  -10.279  34.610 0.0000000000
99191  -41.243  -10.391  34.562 0.0000000000
99192  -42.399  -10.481  34.428 0.0000000000
99200  -40.255  -10.438  33.688 0.0000000000
99201  -41.031  -10.357  33.106 0.0000000000
99235  -40.834  -7.466  28.606 0.0000000000
99239  -40.692  -7.381  28.161 0.0000000000
99248  -40.671  -7.383  27.709 0.0000000000
99249  -40.881  -7.226  27.527 0.0000000000
99250  -47.211  -5.049  28.704 0.0000000000
99251  -47.630  -5.466  28.754 0.0000000000
99252  -48.691  -5.063  29.072 0.0000000000
99253  -49.786  -4.941  29.439 0.0000000000
99254  -51.003  -4.998  29.803 0.0000000000
99262  -40.633  -7.687  27.313 0.0000000000
99263  -40.879  -7.500  27.214 0.0000000000
99264  -41.236  -7.569  26.995 0.0000000000
99265  -41.564  -7.449  27.015 0.0000000000
99266  -43.566  -6.488  27.926 0.0000000000
99267  -44.502  -6.192  28.287 0.0000000000
99268  -45.605  -5.905  28.573 0.0000000000
99269  -46.676  -5.754  28.704 0.0000000000
99270  -47.070  -6.321  28.650 0.0000000000
99271  -52.841  -2.801  24.864 0.0000000000
99272  -53.221  -2.844  25.026 0.0000000000
99273  -53.826  -2.893  25.343 0.0000000000
99279  -41.455  -7.794  26.791 0.0000000000
99280  -41.858  -7.560  26.949 0.0000000000
99281  -42.502  -7.258  27.225 0.0000000000
99282  -42.987  -6.686  27.591 0.0000000000
99283  -50.216  -4.447  22.513 0.0000000000
99284  -50.995  -4.103  22.908 0.0000000000
99285  -51.844  -3.810  23.481 0.0000000000
99286  -52.698  -3.490  24.206 0.0000000000
99287  -53.502  -3.674  24.325 0.0000000000
99288  -54.274  -3.555  24.588 0.0000000000
99289  -54.950  -3.487  24.699 0.0000000000
99294  -48.389  -4.766  21.943 0.0000000000
99295  -48.804  -5.099  22.084 0.0000000000
99296  -49.575  -4.452  22.364 0.0000000000
99297  -54.594  -4.360  23.972 0.0000000000
99298  -55.174  -4.184  23.949 0.0000000000
99305  -46.768  -5.324  21.222 0.0000000000
99306  -47.189  -5.729  21.328 0.0000000000
99307  -48.103  -5.381  21.753 0.0000000000
99308  -48.472  -5.673  21.900 0.0000000000
99309  -55.432  -4.850  23.097 0.0000000000
99315  -46.341  -4.374  20.904 0.0000000000
99316  -46.435  -4.941  21.041 0.0000000000
99317  -46.792  -5.924  21.100 0.0000000000
99318  -46.989  -6.231  21.219 0.0000000000
99319  -55.720  -5.031  22.581 0.0000000000
99325  -46.344  -4.804  20.863 0.0000000000
99326  -46.737  -5.741  20.836 0.0000000000
99327  -46.840  -6.365  20.902 0.0000000000
99333  -47.178  -6.273  20.645 0.0000000000
99334  -47.532  -6.887  20.325 0.0000000000
99335  -56.145  -5.632  20.779 0.0000000000
99342  -47.884  -7.351  19.820 0.0000000000
99343  -48.166  -7.678  19.140 0.0000000000
99344  -56.224  -6.063  19.856 0.0000000000
99345  -56.742  -5.521  19.402 0.0000000000
99350  -48.383  -7.911  18.582 0.0000000000
99351  -48.767  -7.981  18.064 0.0000000000
99352  -56.194  -6.300  18.888 0.0000000000
99353  -56.674  -5.638  18.420 0.0000000000
99357  -48.974  -7.903  17.021 0.0000000000
99358  -56.025  -6.307  17.926 0.0000000000
99359  -56.479  -5.561  17.428 0.0000000000
99364  -49.231  -7.611  15.905 0.0000000000
99365  -55.697  -6.102  16.970 0.0000000000
99366  -56.343  -5.479  16.413 0.0000000000
99375  -49.281  -7.192  14.962 0.0000000000
99376  -49.233  -7.085  14.515 0.0000000000
99377  -54.888  -6.455  15.613 0.0000000000
99378  -55.475  -6.118  15.836 0.0000000000
99379  -56.354  -5.313  15.401 0.0000000000
99390  -49.166  -6.714  14.282 0.0000000000
99391  -49.272  -6.701  13.902 0.0000000000
99392  -49.579  -6.688  13.564 0.0000000000
99393  -54.947  -6.306  15.056 0.0000000000
99394  -55.717  -5.699  14.728 0.0000000000
99395  -56.460  -4.964  14.518 0.0000000000
99406  -49.516  -6.285  13.441 0.0000000000
99407  -49.983  -6.223  13.141 0.0000000000
99408  -50.349  -6.328  13.097 0.0000000000
99409  -54.211  -6.209  13.517 0.0000000000
99410  -54.997  -6.031  13.938 0.0000000000
99411  -56.084  -5.191  13.788 0.0000000000
99412  -56.654  -4.698  13.916 0.0000000000
99421  -50.214  -5.795  12.736 0.0000000000
99422  -50.597  -5.954  12.741 0.0000000000
99423  -51.459  -5.777  12.439 0.0000000000
99424  -52.211  -5.922  12.568 0.0000000000
99425  -52.940  -5.917  12.709 0.0000000000
99426  -53.751  -5.929  12.960 0.0000000000
99427  -54.742  -5.690  12.988 0.0000000000
99428  -55.672  -5.254  13.003 0.0000000000
99439  -51.757  -5.357  12.043 0.0000000000
99440  -52.137  -5.406  12.074 0.0000000000
99441  -52.807  -5.422  12.128 0.0000000000
99442  -53.566  -5.373  12.228 0.0000000000
99443  -54.429  -5.241  12.298 0.0000000000
99444  -55.253  -5.053  12.389 0.0000000000
100252  -42.011  -9.165  38.144 0.0000000000
100253  -42.553  -9.161  38.437 0.0000000000
100269  -41.991  -9.285  37.699 0.0000000000
100270  -42.526  -9.317  37.800 0.0000000000
100271  -43.270  -9.352  37.921 0.0000000000
100282  -41.759  -9.420  37.265 0.0000000000
100283  -42.377  -9.534  37.202 0.0000000000
100284  -43.121  -9.642  37.187 0.0000000000
100296  -41.616  -9.563  36.796 0.0000000000
100297  -42.108  -9.740  36.599 0.0000000000
100298  -42.919  -9.943  36.455 0.0000000000
100299  -43.793  -10.038  36.371 0.0000000000
100352  -41.335  -6.335  28.484 0.0000000000
100359  -41.149  -6.498  28.285 0.0000000000
100360  -41.133  -6.583  27.967 0.0000000000
100361  -47.011  -4.756  28.583 0.0000000000
100362  -47.537  -4.205  28.491 0.0000000000
100363  -48.438  -3.669  28.497 0.0000000000
100364  -49.504  -3.472  28.540 0.0000000000
100365  -50.584  -3.694  28.913 0.0000000000
100366  -51.632  -3.670  29.187 0.0000000000
100375  -41.187  -6.696  27.739 0.0000000000
100376  -41.335  -6.841  27.510 0.0000000000
100377  -41.746  -6.723  27.418 0.0000000000
100378  -42.391  -6.072  27.782 0.0000000000
100379  -43.124  -5.810  28.336 0.0000000000
100380  -44.183  -5.174  28.464 0.0000000000
100381  -45.373  -4.612  28.529 0.0000000000
100382  -46.507  -4.537  28.510 0.0000000000
100383  -47.106  -4.171  28.415 0.0000000000
100384  -48.828  -2.796  27.780 0.0000000000
100385  -49.117  -2.936  27.983 0.0000000000
100386  -52.147  -2.285  25.734 0.0000000000
100387  -52.681  -2.473  25.648 0.0000000000
100388  -53.449  -2.510  26.263 0.0000000000
100397  -41.786  -7.240  27.172 0.0000000000
100398  -42.137  -6.942  27.310 0.0000000000
100399  -42.633  -6.565  27.552 0.0000000000
100400  -50.501  -3.278  23.192 0.0000000000
100401  -51.190  -2.843  23.854 0.0000000000
100402  -52.053  -2.558  24.762 0.0000000000
100403  -52.605  -2.740  24.810 0.0000000000
100412  -47.970  -3.385  22.088 0.0000000000
100413  -48.454  -3.798  22.082 0.0000000000
100414  -49.247  -3.616  22.412 0.0000000000
100415  -49.923  -3.470  22.695 0.0000000000
100423  -45.901  -3.286  21.305 0.0000000000
100424  -46.288  -3.528  21.173 0.0000000000
100425  -46.887  -4.247  21.145 0.0000000000
100426  -47.765  -4.120  21.594 0.0000000000
100427  -48.187  -4.547  21.822 0.0000000000
100434  -46.214  -3.801  21.000 0.0000000000
100435  -46.408  -4.647  21.120 0.0000000000
100436  -46.593  -5.112  21.164 0.0000000000
100444  -46.172  -4.104  20.941 0.0000000000
100445  -46.545  -4.813  20.736 0.0000000000
100451  -46.451  -4.269  20.840 0.0000000000
100452  -46.751  -5.206  20.614 0.0000000000
100453  -47.332  -6.077  20.633 0.0000000000
100459  -47.134  -5.561  20.571 0.0000000000
100460  -47.693  -6.425  20.544 0.0000000000
100461  -48.342  -7.105  19.752 0.0000000000
100462  -48.918  -7.336  18.943 0.0000000000
100468  -48.565  -7.651  18.705 0.0000000000
100469  -49.141  -7.708  17.806 0.0000000000
100470  -57.126  -4.802  17.980 0.0000000000
100475  -49.355  -7.530  16.377 0.0000000000
100476  -57.030  -4.769  16.976 0.0000000000
100481  -49.360  -7.032  15.235 0.0000000000
100482  -57.044  -4.735  15.993 0.0000000000
100486  -49.187  -6.486  14.411 0.0000000000
100487  -57.063  -4.553  15.080 0.0000000000
100498  -49.149  -6.050  13.778 0.0000000000
100499  -49.326  -6.075  13.504 0.0000000000
100500  -57.190  -4.420  14.263 0.0000000000
100513  -49.285  -5.623  13.299 0.0000000000
100514  -49.567  -5.664  12.992 0.0000000000
100515  -49.975  -5.671  12.731 0.0000000000
100516  -56.573  -4.697  13.553 0.0000000000
100517  -57.183  -4.259  13.501 0.0000000000
100528  -49.868  -5.268  12.537 0.0000000000
100529  -50.318  -5.280  12.330 0.0000000000
100530  -50.967  -5.341  12.139 0.0000000000
100531  -51.475  -5.250  11.980 0.0000000000
100532  -56.496  -4.624  13.089 0.0000000000
100533  -57.209  -3.681  12.710 0.0000000000
100543  -50.728  -4.822  11.904 0.0000000000
100544  -51.269  -4.672  11.732 0.0000000000
100545  -51.915  -4.892  11.716 0.0000000000
100546  -52.606  -4.857  11.664 0.0000000000
100547  -53.322  -4.812  11.667 0.0000000000
100548  -54.112  -4.688  11.707 0.0000000000
100549  -55.083  -4.365  11.707 0.0000000000
100550  -56.137  -4.224  12.254 0.0000000000
100551  -56.774  -3.514  12.218 0.0000000000
100559  -51.756  -4.209  11.389 0.0000000000
100560  -52.359  -4.218  11.278 0.0000000000
100561  -53.049  -4.182  11.179 0.0000000000
100562  -53.761  -4.057  11.240 0.0000000000
100563  -54.479  -3.910  11.324 0.0000000000
100564  -54.915  -3.770  11.373 0.0000000000
101374  -41.126  -5.321  28.840 0.0000000000
101379  -41.329  -5.338  28.714 0.0000000000
101380  -41.053  -4.763  28.697 0.0000000000
101383  -41.484  -5.978  28.539 0.0000000000
101384  -41.555  -5.438  28.554 0.0000000000
101385  -41.909  -4.724  28.555 0.0000000000
101386  -42.363  -4.170  28.392 0.0000000000
101387  -43.070  -3.678  28.301 0.0000000000
101388  -43.565  -3.299  28.218 0.0000000000
101389  -48.023  -3.241  28.152 0.0000000000
101390  -48.428  -2.995  27.995 0.0000000000
101391  -50.416  -2.722  27.883 0.0000000000
101392  -51.299  -2.712  28.056 0.0000000000
101393  -52.218  -2.627  28.293 0.0000000000
101400  -41.438  -6.257  27.885 0.0000000000
101401  -41.690  -5.934  27.935 0.0000000000
101402  -42.110  -5.425  28.027 0.0000000000
101403  -42.766  -4.901  28.477 0.0000000000
101404  -43.766  -4.044  28.409 0.0000000000
101405  -44.797  -3.802  28.370 0.0000000000
101406  -45.591  -3.380  28.176 0.0000000000
101407  -46.326  -3.389  28.126 0.0000000000
101408  -47.348  -3.177  28.017 0.0000000000
101409  -48.458  -2.504  27.374 0.0000000000
101410  -49.725  -2.145  26.817 0.0000000000
101411  -51.045  -2.236  26.788 0.0000000000
101412  -52.009  -2.313  26.800 0.0000000000
101413  -52.852  -2.391  27.200 0.0000000000
101421  -49.258  -2.033  23.802 0.0000000000
101422  -49.750  -2.163  23.958 0.0000000000
101423  -50.271  -2.191  24.484 0.0000000000
101424  -51.040  -2.022  25.357 0.0000000000
101425  -51.690  -2.143  25.861 0.0000000000
101432  -46.507  -2.128  22.419 0.0000000000
101433  -47.228  -2.138  22.644 0.0000000000
101434  -48.033  -2.445  22.613 0.0000000000
101435  -48.862  -2.411  22.984 0.0000000000
101436  -49.562  -2.672  23.138 0.0000000000
101437  -50.055  -2.707  23.429 0.0000000000
101444  -45.160  -2.172  21.717 0.0000000000
101445  -45.682  -2.686  21.604 0.0000000000
101446  -46.238  -2.736  21.752 0.0000000000
101447  -47.116  -3.004  21.753 0.0000000000
101448  -47.634  -3.039  22.114 0.0000000000
101456  -45.056  -2.218  21.498 0.0000000000
101457  -45.585  -2.919  21.391 0.0000000000
101464  -45.175  -2.439  21.387 0.0000000000
101465  -45.646  -3.181  21.262 0.0000000000
101470  -45.209  -2.651  21.291 0.0000000000
101471  -45.858  -3.374  21.138 0.0000000000
101472  -46.249  -4.152  20.911 0.0000000000
101477  -46.681  -4.782  20.594 0.0000000000
101478  -47.249  -5.337  20.584 0.0000000000
101479  -48.070  -6.028  20.592 0.0000000000
101480  -49.121  -6.615  19.888 0.0000000000
101481  -49.823  -6.317  19.861 0.0000000000
101487  -49.564  -7.289  18.456 0.0000000000
101488  -50.064  -6.737  19.069 0.0000000000
101494  -49.738  -7.425  17.024 0.0000000000
101495  -50.324  -7.177  17.731 0.0000000000
101500  -49.705  -6.871  15.571 0.0000000000
101501  -50.252  -7.008  16.404 0.0000000000
101506  -49.360  -6.253  14.598 0.0000000000
101515  -49.185  -5.625  13.865 0.0000000000
101525  -49.200  -5.072  13.127 0.0000000000
101526  -49.333  -5.286  12.948 0.0000000000
101537  -49.248  -4.489  12.621 0.0000000000
101538  -49.555  -4.723  12.409 0.0000000000
101539  -49.993  -4.903  12.251 0.0000000000
101551  -49.727  -4.136  11.838 0.0000000000
101552  -50.265  -4.269  11.741 0.0000000000
101553  -50.851  -4.364  11.678 0.0000000000
101554  -55.254  -3.540  11.401 0.0000000000
101555  -55.756  -3.612  11.635 0.0000000000
101556  -56.532  -2.871  11.761 0.0000000000
101566  -50.533  -3.556  11.263 0.0000000000
101567  -51.131  -3.659  11.216 0.0000000000
101568  -52.016  -3.623  10.828 0.0000000000
101569  -52.743  -3.546  10.694 0.0000000000
101570  -53.480  -3.335  10.640 0.0000000000
101571  -54.190  -3.272  10.820 0.0000000000
101572  -54.871  -3.071  11.099 0.0000000000
101573  -55.674  -2.673  11.256 0.0000000000
101581  -51.654  -2.991  10.320 0.0000000000
101582  -52.410  -2.921  10.197 0.0000000000
101583  -53.116  -2.780  10.163 0.0000000000
101584  -53.544  -2.652  10.217 0.0000000000
102416  -40.213  -4.499  28.786 0.0000000000
102421  -39.468  -3.776  28.576 0.0000000000
102422  -40.253  -4.218  28.587 0.0000000000
102423  -40.693  -4.133  28.490 0.0000000000
102425  -41.181  -3.852  28.330 0.0000000000
102426  -41.843  -3.416  28.189 0.0000000000
102427  -42.592  -3.018  28.108 0.0000000000
102428  -43.351  -2.775  27.995 0.0000000000
102429  -44.033  -2.803  28.009 0.0000000000
102430  -44.643  -2.555  27.697 0.0000000000
102432  -44.518  -3.124  28.151 0.0000000000
102433  -45.237  -2.707  27.804 0.0000000000
102434  -46.085  -2.616  27.633 0.0000000000
102435  -46.901  -2.326  27.183 0.0000000000
102436  -47.962  -2.002  26.565 0.0000000000
102437  -48.950  -1.947  25.866 0.0000000000
102438  -49.639  -1.925  25.256 0.0000000000
102440  -47.403  -1.664  25.762 0.0000000000
102441  -48.501  -1.723  24.617 0.0000000000
102442  -49.335  -1.920  24.647 0.0000000000
102443  -49.761  -2.018  24.573 0.0000000000
102447  -41.737  -1.524  23.377 0.0000000000
102448  -42.224  -1.409  23.331 0.0000000000
102449  -43.201  -1.273  23.195 0.0000000000
102450  -44.301  -1.362  23.044 0.0000000000
102451  -45.530  -1.578  22.798 0.0000000000
102452  -46.425  -1.448  23.446 0.0000000000
102453  -47.429  -1.466  24.051 0.0000000000
102454  -48.283  -1.825  23.482 0.0000000000
102459  -42.028  -1.417  23.067 0.0000000000
102460  -42.891  -1.231  22.766 0.0000000000
102461  -44.237  -1.462  22.234 0.0000000000
102462  -45.108  -1.843  22.165 0.0000000000
102463  -45.633  -2.210  22.036 0.0000000000
102469  -42.465  -1.158  22.648 0.0000000000
102470  -43.374  -1.172  22.272 0.0000000000
102471  -44.461  -1.624  21.734 0.0000000000
102476  -43.986  -1.261  21.959 0.0000000000
102477  -44.714  -1.925  21.532 0.0000000000
102482  -45.161  -2.769  21.143 0.0000000000
102483  -45.717  -3.314  20.942 0.0000000000
102484  -46.258  -3.953  20.884 0.0000000000
102489  -46.796  -4.385  20.788 0.0000000000
102490  -47.437  -4.811  20.627 0.0000000000
102491  -48.397  -5.303  20.623 0.0000000000
102492  -49.459  -5.689  20.428 0.0000000000
102493  -50.557  -6.048  19.789 0.0000000000
102494  -51.731  -6.089  18.959 0.0000000000
102495  -52.439  -5.963  18.144 0.0000000000
102501  -50.977  -6.699  18.424 0.0000000000
102502  -51.810  -6.414  17.662 0.0000000000
102503  -52.467  -6.010  17.173 0.0000000000
102509  -51.006  -6.788  16.887 0.0000000000
102510  -51.762  -6.138  16.274 0.0000000000
102511  -52.333  -5.914  16.566 0.0000000000
102517  -49.637  -6.149  14.785 0.0000000000
102518  -50.433  -6.113  15.092 0.0000000000
102519  -51.345  -5.822  15.341 0.0000000000
102524  -49.443  -5.291  14.084 0.0000000000
102525  -49.796  -5.187  14.205 0.0000000000
102532  -49.175  -4.649  13.286 0.0000000000
102544  -49.152  -4.209  12.661 0.0000000000
102554  -49.278  -4.028  12.216 0.0000000000
102555  -49.483  -3.985  11.884 0.0000000000
102566  -49.845  -3.492  11.392 0.0000000000
102567  -50.259  -3.529  11.291 0.0000000000
102579  -49.948  -2.874  10.846 0.0000000000
102580  -50.478  -2.937  10.597 0.0000000000
102581  -51.104  -2.996  10.434 0.0000000000
102582  -53.969  -2.563  10.305 0.0000000000
102583  -54.600  -2.398  10.469 0.0000000000
102594  -50.625  -2.426  9.726 0.0000000000
102595  -51.166  -2.447  9.536 0.0000000000
102596  -52.093  -2.383  9.545 0.0000000000
102597  -52.869  -2.188  9.587 0.0000000000
102598  -53.689  -1.914  9.674 0.0000000000
102599  -54.437  -1.795  9.855 0.0000000000
102607  -51.366  -1.997  8.816 0.0000000000
102608  -51.865  -1.904  8.846 0.0000000000
102609  -52.651  -1.616  8.922 0.0000000000
102610  -53.312  -1.452  9.050 0.0000000000
103460  -39.423  -3.374  28.254 0.0000000000
103461  -40.025  -3.675  28.329 0.0000000000
103467  -40.020  -2.920  27.961 0.0000000000
103468  -41.125  -2.654  27.703 0.0000000000
103469  -42.070  -2.386  27.613 0.0000000000
103470  -42.943  -2.215  27.518 0.0000000000
103471  -43.874  -2.106  27.256 0.0000000000
103472  -44.388  -2.318  27.498 0.0000000000
103474  -43.732  -1.443  25.917 0.0000000000
103475  -44.224  -1.585  26.366 0.0000000000
103476  -44.955  -1.875  27.037 0.0000000000
103477  -45.892  -2.081  27.064 0.0000000000
103478  -46.386  -2.187  27.105 0.0000000000
103480  -40.106  -1.334  24.769 0.0000000000
103481  -40.789  -1.340  24.713 0.0000000000
103482  -41.645  -1.284  24.756 0.0000000000
103483  -42.528  -1.215  24.868 0.0000000000
103484  -43.430  -1.280  25.158 0.0000000000
103485  -44.396  -1.350  25.248 0.0000000000
103486  -45.196  -1.466  25.664 0.0000000000
103487  -45.955  -1.607  26.133 0.0000000000
103488  -46.576  -1.845  26.485 0.0000000000
103491  -40.577  -1.281  24.175 0.0000000000
103492  -41.498  -1.389  23.937 0.0000000000
103493  -42.384  -1.270  24.001 0.0000000000
103494  -43.363  -1.152  24.041 0.0000000000
103495  -44.405  -1.174  24.079 0.0000000000
103496  -45.380  -1.225  24.322 0.0000000000
103497  -46.214  -1.354  24.843 0.0000000000
103498  -46.747  -1.507  25.469 0.0000000000
103500  -40.980  -1.333  23.593 0.0000000000
103501  -41.414  -1.434  23.461 0.0000000000
103506  -41.168  -1.291  23.401 0.0000000000
103507  -41.795  -1.349  23.100 0.0000000000
103508  -42.660  -1.180  22.521 0.0000000000
103514  -42.257  -1.304  22.717 0.0000000000
103515  -42.901  -1.223  22.399 0.0000000000
103516  -43.860  -1.481  22.028 0.0000000000
103522  -44.628  -2.085  21.632 0.0000000000
103523  -45.114  -2.565  21.012 0.0000000000
103524  -45.835  -3.144  20.776 0.0000000000
103525  -46.155  -2.977  20.698 0.0000000000
103530  -46.427  -3.786  20.902 0.0000000000
103531  -46.739  -3.681  20.910 0.0000000000
103532  -47.666  -4.119  20.809 0.0000000000
103533  -48.693  -4.417  20.740 0.0000000000
103534  -49.940  -4.854  20.673 0.0000000000
103535  -51.450  -5.117  20.193 0.0000000000
103536  -52.581  -5.433  19.005 0.0000000000
103541  -53.290  -5.465  17.831 0.0000000000
103542  -53.973  -4.977  17.572 0.0000000000
103546  -52.238  -5.781  16.228 0.0000000000
103547  -52.805  -5.638  16.508 0.0000000000
103548  -53.714  -5.074  16.644 0.0000000000
103553  -51.134  -5.410  14.614 0.0000000000
103554  -52.078  -5.465  15.487 0.0000000000
103555  -53.103  -5.120  15.703 0.0000000000
103556  -53.669  -4.795  15.858 0.0000000000
103561  -49.580  -4.497  13.700 0.0000000000
103562  -50.196  -4.932  14.136 0.0000000000
103567  -49.276  -4.151  13.241 0.0000000000
103578  -49.153  -3.744  12.642 0.0000000000
103587  -49.133  -3.386  12.023 0.0000000000
103588  -49.381  -3.439  11.692 0.0000000000
103599  -49.292  -2.953  11.476 0.0000000000
103600  -49.611  -2.817  11.088 0.0000000000
103614  -49.971  -2.370  10.205 0.0000000000
103615  -50.338  -2.317  9.745 0.0000000000
103629  -50.123  -1.969  9.110 0.0000000000
103630  -50.567  -2.085  9.026 0.0000000000
103631  -51.028  -1.973  8.714 0.0000000000
103632  -54.468  -1.124  9.158 0.0000000000
103649  -50.259  -1.735  8.405 0.0000000000
103650  -50.725  -1.576  8.065 0.0000000000
103651  -51.535  -1.546  8.198 0.0000000000
103652  -52.470  -1.227  8.145 0.0000000000
103653  -53.497  -0.828  8.104 0.0000000000
103654  -54.008  -0.984  8.732 0.0000000000
103670  -51.305  -1.181  7.384 0.0000000000
103671  -52.201  -0.831  7.386 0.0000000000
103672  -53.172  -0.557  7.383 0.0000000000
103673  -53.757  -0.520  7.340 0.0000000000
104530  -39.058  -2.168  26.823 0.0000000000
104531  -40.346  -1.811  26.985 0.0000000000
104532  -41.529  -1.753  27.096 0.0000000000
104533  -42.485  -1.632  27.090 0.0000000000
104534  -43.279  -1.622  26.985 0.0000000000
104535  -43.742  -1.644  26.805 0.0000000000
104540  -39.556  -1.629  26.036 0.0000000000
104541  -40.390  -1.481  26.021 0.0000000000
104542  -41.164  -1.387  26.346 0.0000000000
104543  -42.094  -1.374  26.404 0.0000000000
104544  -43.025  -1.386  26.304 0.0000000000
104545  -43.594  -1.526  26.493 0.0000000000
104551  -40.151  -1.420  25.331 0.0000000000
104552  -40.970  -1.351  25.462 0.0000000000
104553  -41.822  -1.325  25.589 0.0000000000
104554  -42.578  -1.310  25.681 0.0000000000
104568  -41.324  -1.258  23.244 0.0000000000
104569  -41.974  -1.223  23.013 0.0000000000
104572  -42.493  -1.148  22.523 0.0000000000
104573  -43.220  -1.419  22.346 0.0000000000
104574  -44.052  -1.485  21.800 0.0000000000
104577  -44.725  -1.855  21.460 0.0000000000
104578  -45.165  -2.246  20.906 0.0000000000
104579  -45.732  -2.422  20.630 0.0000000000
104580  -46.624  -2.660  20.630 0.0000000000
104581  -47.133  -2.334  20.594 0.0000000000
104583  -47.165  -3.394  20.850 0.0000000000
104584  -47.754  -3.071  20.782 0.0000000000
104585  -49.059  -3.517  20.964 0.0000000000
104586  -50.376  -3.962  21.203 0.0000000000
104587  -51.575  -4.110  20.970 0.0000000000
104588  -52.897  -4.528  19.916 0.0000000000
104589  -53.838  -4.163  19.673 0.0000000000
104591  -53.337  -5.090  18.881 0.0000000000
104592  -54.221  -4.544  18.594 0.0000000000
104593  -54.820  -3.886  18.278 0.0000000000
104595  -54.390  -4.549  17.182 0.0000000000
104596  -54.836  -3.951  17.644 0.0000000000
104598  -51.742  -4.997  14.473 0.0000000000
104599  -52.554  -4.768  14.724 0.0000000000
104600  -53.526  -4.564  15.139 0.0000000000
104601  -54.271  -4.374  15.955 0.0000000000
104602  -54.783  -3.938  16.705 0.0000000000
104606  -49.979  -3.997  13.476 0.0000000000
104607  -51.052  -4.516  13.774 0.0000000000
104608  -51.979  -4.612  13.992 0.0000000000
104615  -49.485  -3.659  13.100 0.0000000000
104624  -49.274  -3.280  12.604 0.0000000000
104629  -49.101  -2.903  12.071 0.0000000000
104634  -49.259  -2.517  11.378 0.0000000000
104635  -49.403  -2.603  11.161 0.0000000000
104646  -49.308  -2.157  10.864 0.0000000000
104647  -49.539  -2.179  10.571 0.0000000000
104660  -49.829  -1.794  9.350 0.0000000000
104661  -54.687  -0.643  8.415 0.0000000000
104676  -49.944  -1.528  8.031 0.0000000000
104677  -50.271  -1.526  7.810 0.0000000000
104678  -54.212  -0.440  7.264 0.0000000000
104679  -54.637  -0.470  7.661 0.0000000000
104680  -55.355  -0.448  7.709 0.0000000000
104692  -49.957  -1.177  7.184 0.0000000000
104693  -50.537  -1.091  6.807 0.0000000000
104694  -51.862  -0.596  6.506 0.0000000000
104695  -53.076  -0.260  6.476 0.0000000000
104696  -54.135  -0.247  6.594 0.0000000000
104697  -55.065  -0.327  6.582 0.0000000000
104698  -55.837  -0.596  6.616 0.0000000000
104709  -50.679  -0.583  5.408 0.0000000000
104710  -51.533  -0.481  5.451 0.0000000000
104711  -52.857  -0.078  5.395 0.0000000000
104724  -50.653  -0.424  4.753 0.0000000000
104725  -51.243  -0.392  4.297 0.0000000000
104726  -52.474  -0.015  4.364 0.0000000000
104739  -51.433  -0.273  3.528 0.0000000000
104740  -52.117  -0.060  3.484 0.0000000000
105607  -50.765  -3.019  21.307 0.0000000000
105608  -52.150  -3.463  21.065 0.0000000000
105609  -53.425  -3.647  20.431 0.0000000000
105610  -54.440  -3.638  19.558 0.0000000000
105614  -54.814  -3.739  18.721 0.0000000000
105621  -52.425  -4.413  14.045 0.0000000000
105622  -53.049  -4.206  14.213 0.0000000000
105623  -54.246  -3.794  14.576 0.0000000000
105624  -55.130  -3.460  15.809 0.0000000000
105631  -49.780  -3.392  13.042 0.0000000000
105632  -50.481  -3.259  12.953 0.0000000000
105633  -52.039  -3.855  13.466 0.0000000000
105634  -53.299  -3.525  13.607 0.0000000000
105635  -54.062  -3.308  13.728 0.0000000000
105644  -49.574  -2.773  12.649 0.0000000000
105645  -50.005  -2.473  12.590 0.0000000000
105651  -49.233  -2.485  12.148 0.0000000000
105657  -49.204  -2.142  11.579 0.0000000000
105658  -49.319  -1.718  11.004 0.0000000000
105665  -49.239  -1.971  10.993 0.0000000000
105666  -49.496  -1.607  10.444 0.0000000000
105673  -49.436  -1.887  10.550 0.0000000000
105674  -49.647  -1.528  9.721 0.0000000000
105680  -49.659  -1.298  8.476 0.0000000000
105685  -49.765  -1.085  7.446 0.0000000000
105691  -49.943  -0.811  6.537 0.0000000000
105692  -50.202  -0.707  5.935 0.0000000000
105697  -49.988  -0.519  5.772 0.0000000000
105698  -50.274  -0.382  5.171 0.0000000000
105705  -50.642  -0.279  4.125 0.0000000000
105706  -51.101  -0.339  3.540 0.0000000000
105716  -51.039  -0.118  3.091 0.0000000000
106591  -52.673  -2.767  21.306 0.0000000000
106601  -55.126  -3.164  14.849 0.0000000000
106610  -51.516  -2.969  12.723 0.0000000000
106611  -52.578  -3.053  12.895 0.0000000000
106612  -53.730  -2.806  13.011 0.0000000000
106613  -54.774  -2.915  13.978 0.0000000000
106622  -49.786  -2.078  12.412 0.0000000000
106623  -50.641  -2.086  12.319 0.0000000000
106624  -52.036  -2.449  12.338 0.0000000000
106625  -52.859  -2.568  12.575 0.0000000000
106630  -49.433  -2.014  12.127 0.0000000000
106631  -49.853  -1.551  11.991 0.0000000000
106638  -49.253  -2.012  11.862 0.0000000000
106639  -49.500  -1.579  11.410 0.0000000000
106645  -49.552  -1.315  10.546 0.0000000000
106651  -49.546  -1.132  9.757 0.0000000000
106657  -49.533  -0.971  8.789 0.0000000000
106662  -49.619  -0.791  7.727 0.0000000000
106668  -49.791  -0.648  6.868 0.0000000000
106673  -49.831  -0.298  5.826 0.0000000000
106674  -49.983  -0.321  5.372 0.0000000000
106680  -49.923  0.072  5.101 0.0000000000
106681  -50.148  -0.088  4.664 0.0000000000
106688  -50.542  0.031  3.484 0.0000000000
107484  -54.044  -2.260  12.687 0.0000000000
107485  -54.726  -2.299  13.241 0.0000000000
107493  -50.942  -1.547  11.908 0.0000000000
107494  -51.653  -1.775  11.946 0.0000000000
107495  -53.115  -1.989  12.186 0.0000000000
107496  -54.478  -1.825  12.604 0.0000000000
107503  -50.489  -1.316  11.756 0.0000000000
107504  -51.285  -1.202  11.533 0.0000000000
107505  -52.212  -1.396  11.683 0.0000000000
107510  -50.057  -1.034  11.235 0.0000000000
107511  -50.668  -0.924  11.267 0.0000000000
107516  -49.756  -0.986  10.665 0.0000000000
107522  -49.666  -0.829  9.955 0.0000000000
107528  -49.609  -0.624  9.106 0.0000000000
107535  -49.668  -0.415  8.080 0.0000000000
107542  -49.755  -0.153  6.829 0.0000000000
107548  -49.858  0.278  5.576 0.0000000000
107553  -50.213  0.470  4.287 0.0000000000
107554  -50.345  0.202  3.898 0.0000000000
108370  -52.961  -1.210  11.710 0.0000000000
108371  -54.004  -1.305  11.978 0.0000000000
108378  -51.221  -0.707  11.102 0.0000000000
108379  -52.179  -0.793  11.286 0.0000000000
108380  -53.417  -0.732  11.464 0.0000000000
108387  -50.060  -0.649  10.583 0.0000000000
108388  -50.628  -0.487  10.729 0.0000000000
108389  -51.584  -0.255  10.728 0.0000000000
108390  -52.835  -0.218  10.860 0.0000000000
108396  -49.886  -0.612  10.151 0.0000000000
108397  -50.216  -0.235  10.065 0.0000000000
108398  -50.950  0.189  10.077 0.0000000000
108399  -52.027  0.232  10.306 0.0000000000
108405  -49.856  -0.337  9.519 0.0000000000
108406  -50.301  0.220  9.234 0.0000000000
108407  -50.959  0.488  9.337 0.0000000000
108413  -49.867  -0.084  8.597 0.0000000000
108414  -50.258  0.395  8.139 0.0000000000
108420  -49.903  0.178  7.481 0.0000000000
108421  -50.329  0.693  6.999 0.0000000000
108426  -49.922  0.582  6.293 0.0000000000
109286  -51.594  0.471  9.701 0.0000000000
109297  -50.715  0.587  8.696 0.0000000000
