#!ascii label  , from subject subject001 vox2ras=TkReg
1259
28148  -47.272  -68.968  -26.955 0.0000000000
29384  -45.747  -68.360  -27.562 0.0000000000
29385  -46.530  -67.962  -27.293 0.0000000000
29386  -47.908  -67.970  -26.499 0.0000000000
29387  -49.011  -67.393  -25.961 0.0000000000
29401  -45.324  -67.876  -27.646 0.0000000000
29402  -45.937  -67.418  -27.426 0.0000000000
30682  -49.942  -66.828  -25.620 0.0000000000
30688  -47.260  -67.405  -26.893 0.0000000000
30689  -48.014  -66.894  -26.511 0.0000000000
30690  -49.044  -66.668  -25.960 0.0000000000
30698  -44.480  -67.506  -27.970 0.0000000000
30699  -45.427  -67.143  -27.644 0.0000000000
30700  -46.645  -66.954  -27.223 0.0000000000
30701  -47.481  -66.509  -26.958 0.0000000000
32041  -50.556  -66.383  -25.451 0.0000000000
32048  -48.758  -66.392  -26.237 0.0000000000
32049  -49.756  -65.973  -25.760 0.0000000000
32054  -44.110  -67.401  -28.337 0.0000000000
32055  -44.713  -66.988  -28.034 0.0000000000
32056  -45.775  -66.579  -27.726 0.0000000000
32057  -47.033  -66.207  -27.404 0.0000000000
32058  -48.308  -66.109  -26.643 0.0000000000
32059  -49.156  -65.736  -26.352 0.0000000000
32065  -43.755  -67.316  -28.672 0.0000000000
32066  -45.064  -66.565  -28.221 0.0000000000
32067  -46.081  -66.120  -27.919 0.0000000000
32068  -46.753  -65.940  -27.761 0.0000000000
32077  -43.340  -67.294  -28.995 0.0000000000
32108  -45.352  -68.304  -29.467 0.0000000000
33431  -50.444  -65.440  -25.617 0.0000000000
33443  -47.869  -65.913  -27.123 0.0000000000
33444  -48.693  -65.598  -26.807 0.0000000000
33445  -49.926  -65.309  -26.020 0.0000000000
33456  -44.670  -66.652  -28.658 0.0000000000
33457  -45.583  -66.193  -28.399 0.0000000000
33458  -46.533  -65.850  -28.041 0.0000000000
33459  -47.543  -65.890  -27.551 0.0000000000
33460  -48.370  -65.681  -27.258 0.0000000000
33470  -43.945  -67.126  -28.956 0.0000000000
33471  -45.040  -66.449  -28.901 0.0000000000
33472  -46.241  -65.965  -28.576 0.0000000000
33473  -47.282  -65.754  -27.981 0.0000000000
33474  -47.939  -65.841  -27.611 0.0000000000
33486  -43.345  -67.595  -29.217 0.0000000000
33487  -44.306  -67.328  -29.296 0.0000000000
33488  -45.768  -66.464  -29.185 0.0000000000
33489  -46.551  -66.370  -29.197 0.0000000000
33490  -47.466  -66.403  -28.777 0.0000000000
33491  -48.600  -66.370  -28.319 0.0000000000
33504  -44.400  -67.858  -29.442 0.0000000000
33505  -45.043  -67.400  -29.517 0.0000000000
33506  -45.974  -67.088  -29.435 0.0000000000
33507  -46.954  -67.075  -29.174 0.0000000000
33526  -44.821  -63.803  -36.389 0.0000000000
33541  -44.907  -64.738  -37.175 0.0000000000
33542  -45.450  -65.524  -37.550 0.0000000000
33563  -45.937  -65.539  -37.722 0.0000000000
34792  -49.463  -65.278  -26.530 0.0000000000
34793  -50.130  -65.006  -26.286 0.0000000000
34817  -49.216  -65.301  -26.868 0.0000000000
34818  -50.224  -64.971  -26.689 0.0000000000
34837  -46.496  -66.001  -28.875 0.0000000000
34838  -47.182  -65.862  -28.333 0.0000000000
34839  -48.630  -65.690  -27.516 0.0000000000
34840  -50.405  -65.141  -27.132 0.0000000000
34856  -46.421  -66.119  -29.098 0.0000000000
34857  -46.933  -66.086  -28.775 0.0000000000
34858  -47.948  -66.057  -28.198 0.0000000000
34859  -49.331  -65.827  -27.694 0.0000000000
34888  -44.633  -63.110  -35.893 0.0000000000
34889  -44.984  -62.887  -35.885 0.0000000000
34895  -45.007  -63.871  -36.531 0.0000000000
34896  -45.380  -63.916  -37.114 0.0000000000
34897  -45.903  -63.354  -37.447 0.0000000000
34910  -46.040  -64.948  -38.004 0.0000000000
34911  -46.704  -64.363  -38.286 0.0000000000
36155  -44.309  -62.512  -34.335 0.0000000000
36156  -44.918  -62.515  -34.924 0.0000000000
36169  -45.335  -62.534  -35.681 0.0000000000
36170  -45.828  -62.620  -36.467 0.0000000000
36192  -46.465  -62.834  -37.401 0.0000000000
36193  -47.511  -63.180  -38.572 0.0000000000
36271  -44.252  -61.987  -36.678 0.0000000000
36281  -44.787  -62.549  -37.420 0.0000000000
36288  -45.531  -61.362  -38.874 0.0000000000
37423  -44.543  -61.932  -34.232 0.0000000000
37424  -45.214  -61.908  -34.806 0.0000000000
37442  -45.779  -61.883  -35.511 0.0000000000
37443  -46.334  -61.948  -36.300 0.0000000000
37468  -47.052  -62.088  -37.334 0.0000000000
37469  -48.076  -62.197  -38.539 0.0000000000
37511  -43.776  -61.244  -36.090 0.0000000000
37524  -44.120  -61.487  -36.388 0.0000000000
37536  -44.519  -61.439  -37.026 0.0000000000
37543  -44.391  -60.121  -38.718 0.0000000000
37544  -44.793  -60.946  -38.011 0.0000000000
37551  -43.575  -59.492  -39.499 0.0000000000
37552  -44.019  -59.852  -39.387 0.0000000000
37553  -44.803  -60.427  -38.946 0.0000000000
37561  -43.746  -59.366  -39.534 0.0000000000
37562  -44.141  -59.620  -39.933 0.0000000000
37563  -44.737  -60.283  -39.857 0.0000000000
37573  -44.523  -59.614  -40.459 0.0000000000
37574  -44.887  -59.962  -41.065 0.0000000000
38680  -44.225  -61.470  -33.835 0.0000000000
38694  -44.177  -61.026  -33.846 0.0000000000
38695  -44.744  -61.247  -34.367 0.0000000000
38696  -45.592  -61.317  -34.987 0.0000000000
38717  -46.063  -61.360  -35.645 0.0000000000
38718  -46.626  -61.425  -36.425 0.0000000000
38741  -47.303  -61.460  -37.409 0.0000000000
38742  -48.357  -61.424  -38.442 0.0000000000
38762  -49.531  -61.524  -39.161 0.0000000000
38778  -43.568  -60.613  -36.208 0.0000000000
38779  -43.930  -60.901  -36.454 0.0000000000
38790  -43.802  -60.214  -37.048 0.0000000000
38791  -44.219  -60.912  -36.809 0.0000000000
38802  -43.319  -59.354  -38.604 0.0000000000
38803  -43.873  -59.649  -37.989 0.0000000000
38804  -44.358  -60.529  -37.447 0.0000000000
38812  -43.232  -59.241  -39.005 0.0000000000
38813  -43.762  -59.674  -38.821 0.0000000000
38814  -44.359  -60.101  -38.173 0.0000000000
38824  -43.350  -59.162  -39.299 0.0000000000
38825  -43.544  -59.440  -39.269 0.0000000000
38837  -43.526  -59.232  -39.458 0.0000000000
38838  -43.828  -59.227  -39.746 0.0000000000
38852  -44.315  -59.228  -40.214 0.0000000000
38853  -45.075  -59.164  -40.695 0.0000000000
38868  -46.041  -58.827  -41.526 0.0000000000
39903  -43.490  -60.451  -33.755 0.0000000000
39904  -43.920  -60.774  -33.748 0.0000000000
39926  -43.803  -60.161  -34.229 0.0000000000
39927  -44.299  -60.535  -34.213 0.0000000000
39928  -45.342  -60.664  -34.968 0.0000000000
39929  -45.851  -61.050  -35.293 0.0000000000
39950  -45.630  -60.466  -35.544 0.0000000000
39951  -46.209  -60.918  -35.941 0.0000000000
39952  -46.798  -61.133  -36.688 0.0000000000
39977  -46.310  -60.551  -36.531 0.0000000000
39978  -47.177  -60.822  -37.326 0.0000000000
39979  -48.477  -60.982  -38.347 0.0000000000
39998  -47.828  -60.665  -38.154 0.0000000000
39999  -49.162  -60.954  -38.601 0.0000000000
40000  -50.683  -61.598  -38.265 0.0000000000
40008  -43.304  -59.571  -36.373 0.0000000000
40009  -43.425  -59.672  -36.966 0.0000000000
40020  -42.886  -59.017  -37.665 0.0000000000
40021  -43.333  -59.365  -37.766 0.0000000000
40032  -42.429  -58.982  -39.021 0.0000000000
40033  -42.765  -58.996  -38.659 0.0000000000
40034  -43.264  -59.305  -38.287 0.0000000000
40046  -42.557  -59.001  -38.851 0.0000000000
40047  -42.924  -58.987  -39.073 0.0000000000
40059  -43.253  -58.937  -39.350 0.0000000000
40060  -43.544  -58.776  -39.552 0.0000000000
40072  -43.548  -59.029  -39.638 0.0000000000
40073  -44.130  -58.694  -39.917 0.0000000000
40074  -45.117  -58.125  -40.200 0.0000000000
40087  -44.856  -58.695  -40.378 0.0000000000
40088  -45.830  -57.992  -40.835 0.0000000000
41155  -43.401  -59.778  -34.496 0.0000000000
41156  -44.202  -59.891  -34.654 0.0000000000
41157  -44.725  -60.189  -34.776 0.0000000000
41177  -43.428  -59.232  -35.289 0.0000000000
41178  -43.902  -59.299  -35.237 0.0000000000
41179  -44.902  -59.709  -35.655 0.0000000000
41180  -45.829  -60.350  -36.063 0.0000000000
41207  -44.949  -59.168  -36.564 0.0000000000
41208  -45.871  -59.851  -37.114 0.0000000000
41209  -47.002  -60.433  -37.796 0.0000000000
41224  -43.099  -58.960  -35.767 0.0000000000
41225  -45.934  -59.370  -37.906 0.0000000000
41226  -47.130  -60.156  -38.532 0.0000000000
41227  -48.696  -60.698  -38.815 0.0000000000
41228  -52.226  -59.511  -36.424 0.0000000000
41234  -42.723  -58.642  -36.481 0.0000000000
41245  -42.595  -58.486  -37.387 0.0000000000
41258  -42.649  -58.934  -38.814 0.0000000000
41259  -42.555  -58.614  -38.349 0.0000000000
41273  -42.703  -58.916  -38.986 0.0000000000
41274  -43.081  -58.557  -38.938 0.0000000000
41275  -43.463  -57.893  -39.172 0.0000000000
41293  -43.348  -58.663  -39.356 0.0000000000
41294  -43.933  -58.045  -39.469 0.0000000000
41295  -45.098  -57.294  -39.690 0.0000000000
41317  -44.753  -57.885  -39.914 0.0000000000
42402  -43.154  -59.411  -34.616 0.0000000000
42424  -42.987  -58.929  -35.202 0.0000000000
42425  -43.160  -58.915  -35.399 0.0000000000
42426  -43.503  -58.619  -35.742 0.0000000000
42427  -44.063  -58.813  -35.825 0.0000000000
42428  -52.001  -57.461  -34.764 0.0000000000
42452  -43.029  -58.535  -35.677 0.0000000000
42453  -42.952  -58.713  -35.474 0.0000000000
42454  -42.787  -57.920  -35.613 0.0000000000
42455  -43.803  -58.089  -35.996 0.0000000000
42456  -44.268  -58.214  -36.446 0.0000000000
42457  -44.948  -58.745  -36.960 0.0000000000
42458  -51.962  -57.536  -35.003 0.0000000000
42459  -52.190  -58.491  -35.386 0.0000000000
42469  -42.368  -58.007  -36.026 0.0000000000
42470  -44.539  -57.956  -37.090 0.0000000000
42471  -45.092  -58.520  -37.612 0.0000000000
42472  -45.675  -58.818  -38.399 0.0000000000
42473  -51.886  -57.231  -35.263 0.0000000000
42474  -52.011  -57.986  -35.597 0.0000000000
42477  -42.208  -57.816  -36.376 0.0000000000
42478  -46.345  -59.233  -39.236 0.0000000000
42480  -52.226  -58.911  -36.198 0.0000000000
42485  -42.144  -57.728  -37.040 0.0000000000
42488  -52.540  -59.910  -36.579 0.0000000000
42495  -42.506  -57.712  -37.943 0.0000000000
42496  -43.167  -57.230  -38.083 0.0000000000
42511  -42.756  -58.118  -38.523 0.0000000000
42512  -43.651  -57.391  -38.664 0.0000000000
42513  -44.758  -56.474  -38.790 0.0000000000
42530  -43.966  -57.572  -39.148 0.0000000000
42531  -45.063  -56.535  -39.388 0.0000000000
43678  -42.992  -57.674  -35.607 0.0000000000
43679  -43.231  -57.719  -35.719 0.0000000000
43680  -43.511  -57.566  -35.889 0.0000000000
43681  -52.000  -56.782  -34.757 0.0000000000
43697  -42.439  -57.827  -35.877 0.0000000000
43698  -42.383  -57.295  -35.911 0.0000000000
43699  -42.725  -57.129  -35.734 0.0000000000
43700  -43.671  -57.346  -36.266 0.0000000000
43701  -43.813  -56.975  -36.552 0.0000000000
43702  -51.870  -56.602  -35.088 0.0000000000
43707  -42.008  -57.221  -36.242 0.0000000000
43708  -42.033  -56.886  -36.144 0.0000000000
43709  -44.134  -57.061  -36.864 0.0000000000
43710  -44.438  -57.211  -37.422 0.0000000000
43711  -44.849  -57.503  -38.039 0.0000000000
43712  -51.870  -56.799  -35.444 0.0000000000
43713  -52.034  -57.351  -35.880 0.0000000000
43718  -41.918  -57.037  -36.720 0.0000000000
43719  -42.325  -56.580  -37.059 0.0000000000
43720  -45.412  -57.789  -38.671 0.0000000000
43721  -52.385  -58.038  -36.426 0.0000000000
43722  -52.909  -57.936  -36.937 0.0000000000
43730  -42.252  -57.042  -37.310 0.0000000000
43731  -43.151  -56.411  -37.439 0.0000000000
43732  -44.352  -55.961  -37.744 0.0000000000
43735  -52.968  -59.092  -36.819 0.0000000000
43748  -42.944  -57.039  -37.707 0.0000000000
43749  -43.965  -56.662  -37.955 0.0000000000
43750  -44.715  -55.644  -38.331 0.0000000000
43770  -44.570  -56.361  -38.479 0.0000000000
44887  -43.182  -56.896  -35.787 0.0000000000
44888  -43.350  -56.888  -35.962 0.0000000000
44889  -43.464  -57.004  -36.150 0.0000000000
44902  -42.711  -56.621  -35.917 0.0000000000
44903  -43.297  -56.407  -35.898 0.0000000000
44904  -43.491  -56.058  -35.735 0.0000000000
44905  -43.749  -56.327  -36.083 0.0000000000
44906  -44.208  -56.053  -36.218 0.0000000000
44907  -51.771  -55.590  -34.906 0.0000000000
44913  -42.009  -56.781  -36.373 0.0000000000
44914  -42.561  -56.487  -36.325 0.0000000000
44915  -43.311  -56.075  -36.180 0.0000000000
44916  -44.482  -56.062  -36.732 0.0000000000
44917  -44.783  -56.239  -37.293 0.0000000000
44918  -45.100  -56.415  -37.924 0.0000000000
44919  -51.725  -55.704  -35.211 0.0000000000
44920  -51.872  -56.000  -35.592 0.0000000000
44929  -41.838  -56.847  -36.501 0.0000000000
44930  -42.348  -56.505  -36.708 0.0000000000
44931  -45.693  -56.586  -38.469 0.0000000000
44932  -52.096  -56.434  -36.062 0.0000000000
44933  -52.578  -56.755  -36.600 0.0000000000
44944  -43.109  -56.108  -37.075 0.0000000000
44945  -44.216  -55.672  -37.444 0.0000000000
44948  -53.384  -57.073  -37.236 0.0000000000
44963  -44.524  -54.828  -38.237 0.0000000000
46132  -51.648  -54.380  -34.691 0.0000000000
46146  -43.692  -55.243  -36.031 0.0000000000
46147  -43.840  -55.255  -35.809 0.0000000000
46148  -44.038  -55.135  -35.708 0.0000000000
46149  -44.366  -55.087  -35.784 0.0000000000
46150  -51.472  -54.577  -34.961 0.0000000000
46161  -42.912  -56.083  -36.689 0.0000000000
46162  -43.933  -55.489  -36.712 0.0000000000
46163  -44.757  -54.988  -35.980 0.0000000000
46164  -45.146  -54.979  -36.384 0.0000000000
46165  -45.328  -55.454  -36.996 0.0000000000
46166  -51.544  -54.800  -35.236 0.0000000000
46167  -51.874  -55.084  -35.678 0.0000000000
46178  -43.387  -55.829  -36.915 0.0000000000
46179  -44.415  -54.850  -37.295 0.0000000000
46180  -45.420  -54.636  -36.726 0.0000000000
46181  -45.627  -55.173  -37.486 0.0000000000
46182  -52.364  -55.469  -36.147 0.0000000000
46183  -53.109  -55.673  -36.666 0.0000000000
46197  -44.171  -55.506  -37.183 0.0000000000
46198  -44.434  -54.379  -37.914 0.0000000000
46199  -46.159  -55.353  -38.321 0.0000000000
46201  -54.162  -55.839  -37.404 0.0000000000
47388  -51.320  -53.213  -34.360 0.0000000000
47399  -44.038  -54.556  -36.087 0.0000000000
47400  -44.370  -54.336  -36.233 0.0000000000
47401  -44.582  -54.217  -36.184 0.0000000000
47402  -44.776  -54.064  -36.158 0.0000000000
47403  -51.215  -53.505  -34.551 0.0000000000
47412  -44.370  -54.293  -36.734 0.0000000000
47413  -44.508  -54.069  -36.588 0.0000000000
47414  -45.062  -53.853  -36.050 0.0000000000
47415  -45.250  -53.771  -36.403 0.0000000000
47416  -51.205  -53.720  -34.831 0.0000000000
47417  -51.420  -53.897  -35.279 0.0000000000
47424  -43.741  -53.059  -38.224 0.0000000000
47425  -44.459  -53.903  -37.478 0.0000000000
47426  -45.434  -53.842  -36.971 0.0000000000
47427  -45.802  -54.001  -37.729 0.0000000000
47428  -52.136  -54.078  -35.940 0.0000000000
47429  -52.739  -54.866  -36.251 0.0000000000
47444  -44.229  -53.569  -38.023 0.0000000000
47447  -52.730  -53.541  -36.181 0.0000000000
47448  -53.424  -54.314  -36.609 0.0000000000
47467  -54.504  -54.591  -37.977 0.0000000000
48543  -51.192  -52.435  -33.793 0.0000000000
48558  -51.071  -52.623  -34.003 0.0000000000
48575  -44.537  -53.665  -36.644 0.0000000000
48576  -44.516  -53.511  -36.412 0.0000000000
48577  -44.640  -53.245  -36.231 0.0000000000
48578  -51.013  -52.773  -34.293 0.0000000000
48590  -44.369  -53.355  -37.310 0.0000000000
48591  -44.414  -53.320  -36.924 0.0000000000
48592  -44.824  -52.907  -36.102 0.0000000000
48593  -45.131  -52.634  -36.215 0.0000000000
48594  -45.406  -52.274  -36.444 0.0000000000
48595  -51.128  -52.858  -34.708 0.0000000000
48596  -51.549  -52.877  -35.293 0.0000000000
48606  -43.786  -52.914  -38.039 0.0000000000
48607  -45.387  -52.957  -36.440 0.0000000000
48608  -45.547  -52.789  -37.080 0.0000000000
48609  -52.374  -52.683  -35.976 0.0000000000
48610  -53.144  -52.552  -36.493 0.0000000000
48628  -46.083  -52.949  -38.006 0.0000000000
48630  -53.102  -53.200  -36.459 0.0000000000
48631  -53.655  -53.127  -37.181 0.0000000000
48648  -54.187  -53.137  -38.529 0.0000000000
49695  -51.045  -51.986  -33.541 0.0000000000
49696  -51.262  -51.596  -33.282 0.0000000000
49702  -50.929  -51.984  -33.765 0.0000000000
49720  -44.323  -53.047  -36.663 0.0000000000
49721  -44.326  -52.655  -36.470 0.0000000000
49722  -44.497  -52.377  -36.253 0.0000000000
49723  -50.927  -52.010  -34.141 0.0000000000
49738  -44.045  -52.783  -37.430 0.0000000000
49739  -43.963  -52.332  -37.000 0.0000000000
49740  -44.085  -51.807  -36.528 0.0000000000
49741  -44.535  -51.778  -36.359 0.0000000000
49742  -45.078  -51.625  -36.528 0.0000000000
49743  -45.481  -51.945  -36.775 0.0000000000
49744  -51.191  -51.904  -34.570 0.0000000000
49745  -51.805  -51.930  -35.189 0.0000000000
49758  -43.474  -52.567  -37.981 0.0000000000
49759  -43.453  -51.905  -37.488 0.0000000000
49760  -45.324  -51.555  -37.026 0.0000000000
49761  -45.674  -52.102  -37.468 0.0000000000
49762  -52.368  -51.763  -35.634 0.0000000000
49763  -52.884  -51.898  -36.213 0.0000000000
49779  -45.461  -51.744  -37.759 0.0000000000
49782  -53.451  -52.140  -36.867 0.0000000000
49797  -53.783  -52.278  -37.843 0.0000000000
49798  -54.196  -52.528  -38.701 0.0000000000
50800  -51.387  -50.798  -33.103 0.0000000000
50805  -51.169  -51.206  -33.301 0.0000000000
50806  -51.316  -51.136  -33.131 0.0000000000
50811  -50.935  -51.286  -33.675 0.0000000000
50812  -51.005  -50.958  -33.749 0.0000000000
50825  -50.939  -51.364  -34.065 0.0000000000
50826  -51.123  -50.896  -34.051 0.0000000000
50840  -43.628  -51.554  -36.950 0.0000000000
50841  -43.799  -51.106  -36.794 0.0000000000
50842  -44.343  -50.982  -36.802 0.0000000000
50843  -44.922  -51.102  -36.880 0.0000000000
50844  -51.082  -51.294  -34.292 0.0000000000
50845  -51.509  -51.124  -34.616 0.0000000000
50846  -52.131  -50.957  -34.957 0.0000000000
50863  -44.516  -50.857  -37.259 0.0000000000
50864  -45.041  -51.343  -37.470 0.0000000000
50865  -52.098  -51.358  -35.185 0.0000000000
50866  -52.743  -51.166  -35.710 0.0000000000
50867  -53.398  -51.334  -36.334 0.0000000000
50884  -44.620  -51.360  -37.992 0.0000000000
50887  -53.348  -51.591  -36.528 0.0000000000
50888  -53.711  -51.621  -36.995 0.0000000000
50908  -53.667  -51.790  -37.264 0.0000000000
50909  -54.053  -51.913  -38.031 0.0000000000
51892  -51.448  -50.546  -33.089 0.0000000000
51893  -51.760  -49.885  -32.732 0.0000000000
51896  -51.252  -50.745  -33.321 0.0000000000
51897  -51.551  -50.031  -32.988 0.0000000000
51901  -51.074  -50.855  -33.532 0.0000000000
51902  -51.400  -50.406  -33.488 0.0000000000
51919  -51.604  -50.376  -34.102 0.0000000000
51920  -52.062  -50.251  -34.358 0.0000000000
51935  -43.761  -50.761  -37.050 0.0000000000
51936  -43.977  -50.725  -37.221 0.0000000000
51937  -51.888  -50.617  -34.587 0.0000000000
51938  -52.533  -50.594  -34.875 0.0000000000
51939  -53.129  -50.580  -35.252 0.0000000000
51940  -53.787  -50.670  -35.560 0.0000000000
51958  -52.888  -50.777  -35.486 0.0000000000
51959  -53.368  -50.968  -35.927 0.0000000000
51960  -54.418  -51.311  -36.161 0.0000000000
51961  -55.693  -51.929  -36.603 0.0000000000
51978  -53.852  -51.397  -36.722 0.0000000000
51979  -54.792  -51.836  -37.438 0.0000000000
51997  -54.040  -51.575  -37.476 0.0000000000
51998  -54.336  -51.826  -37.918 0.0000000000
52976  -52.068  -49.229  -32.566 0.0000000000
52977  -52.181  -48.957  -32.209 0.0000000000
52979  -51.803  -49.524  -32.972 0.0000000000
52983  -51.951  -49.639  -33.546 0.0000000000
52984  -52.434  -49.453  -33.524 0.0000000000
53001  -51.990  -49.992  -34.041 0.0000000000
53002  -52.745  -49.908  -34.116 0.0000000000
53003  -54.175  -49.739  -34.452 0.0000000000
53004  -55.441  -49.987  -34.520 0.0000000000
53005  -56.250  -49.795  -34.254 0.0000000000
53016  -52.960  -50.380  -34.732 0.0000000000
53017  -53.564  -50.281  -34.896 0.0000000000
53018  -54.934  -50.667  -35.302 0.0000000000
53019  -56.987  -50.793  -34.917 0.0000000000
53033  -55.295  -51.404  -35.950 0.0000000000
53034  -56.353  -51.548  -35.934 0.0000000000
54070  -52.172  -48.865  -32.282 0.0000000000
54071  -52.489  -48.598  -32.096 0.0000000000
54073  -52.204  -48.892  -32.544 0.0000000000
54074  -53.099  -48.297  -32.258 0.0000000000
54075  -53.775  -47.856  -32.207 0.0000000000
54079  -52.022  -49.173  -33.008 0.0000000000
54080  -52.642  -48.969  -33.077 0.0000000000
54081  -54.180  -48.405  -32.735 0.0000000000
54082  -56.009  -48.496  -32.993 0.0000000000
54083  -57.054  -48.595  -33.007 0.0000000000
54100  -52.765  -49.382  -33.534 0.0000000000
54101  -53.552  -49.240  -33.590 0.0000000000
54102  -55.251  -49.159  -33.835 0.0000000000
54103  -57.665  -49.551  -33.792 0.0000000000
54104  -60.259  -50.007  -33.950 0.0000000000
54117  -58.320  -50.725  -34.648 0.0000000000
54118  -59.524  -50.581  -34.837 0.0000000000
55222  -53.222  -48.026  -31.852 0.0000000000
55223  -53.893  -47.609  -31.826 0.0000000000
55224  -55.075  -47.259  -31.671 0.0000000000
55225  -56.505  -47.463  -31.657 0.0000000000
55226  -57.835  -47.916  -31.607 0.0000000000
55232  -54.358  -47.611  -32.139 0.0000000000
55233  -55.409  -47.691  -32.301 0.0000000000
55234  -56.993  -48.083  -32.336 0.0000000000
55235  -58.918  -48.567  -31.776 0.0000000000
55254  -57.978  -48.814  -32.690 0.0000000000
55255  -59.601  -49.244  -32.729 0.0000000000
55272  -54.021  -45.504  -36.881 0.0000000000
55273  -55.089  -45.112  -37.119 0.0000000000
55274  -55.888  -44.850  -37.889 0.0000000000
55285  -53.036  -45.735  -37.049 0.0000000000
55286  -53.597  -46.057  -37.093 0.0000000000
55287  -54.599  -45.977  -37.509 0.0000000000
55288  -56.115  -45.399  -39.005 0.0000000000
56392  -55.419  -43.791  -36.269 0.0000000000
56393  -55.805  -43.703  -36.674 0.0000000000
56411  -53.386  -44.675  -36.348 0.0000000000
56412  -53.848  -44.822  -36.313 0.0000000000
56413  -55.036  -44.095  -36.370 0.0000000000
56414  -56.269  -44.087  -37.570 0.0000000000
56415  -57.682  -43.649  -39.076 0.0000000000
56416  -59.336  -43.477  -39.984 0.0000000000
56428  -53.141  -44.973  -36.569 0.0000000000
56429  -53.396  -45.430  -36.751 0.0000000000
56430  -56.639  -44.405  -38.794 0.0000000000
56431  -58.105  -44.462  -39.650 0.0000000000
57499  -54.778  -43.342  -35.616 0.0000000000
57500  -55.590  -43.348  -36.231 0.0000000000
57501  -57.042  -42.837  -37.804 0.0000000000
57502  -58.424  -42.191  -38.761 0.0000000000
57519  -53.440  -44.232  -36.181 0.0000000000
57520  -54.157  -43.834  -35.740 0.0000000000
57521  -54.804  -43.719  -35.831 0.0000000000
57522  -57.391  -43.344  -38.310 0.0000000000
57523  -58.528  -42.601  -39.152 0.0000000000
57539  -53.059  -44.429  -36.605 0.0000000000
58703  -55.124  -41.968  -35.213 0.0000000000
58704  -56.154  -41.686  -36.078 0.0000000000
58705  -56.940  -41.365  -36.782 0.0000000000
58720  -53.937  -42.487  -35.577 0.0000000000
58721  -54.391  -42.850  -35.347 0.0000000000
58722  -55.398  -42.608  -35.730 0.0000000000
58723  -56.866  -41.932  -37.012 0.0000000000
58724  -58.868  -41.656  -38.504 0.0000000000
58738  -53.432  -43.319  -36.146 0.0000000000
58739  -53.827  -43.377  -35.792 0.0000000000
58740  -58.865  -41.987  -39.052 0.0000000000
58741  -59.546  -41.989  -39.131 0.0000000000
59913  -54.296  -40.899  -34.936 0.0000000000
59914  -54.918  -41.130  -34.888 0.0000000000
59915  -55.850  -41.094  -35.631 0.0000000000
59916  -57.370  -40.706  -36.957 0.0000000000
59917  -58.677  -40.398  -37.493 0.0000000000
59932  -54.010  -41.419  -35.277 0.0000000000
59933  -54.369  -41.816  -35.161 0.0000000000
59934  -57.476  -41.116  -37.223 0.0000000000
59935  -58.794  -40.810  -37.776 0.0000000000
59947  -53.718  -41.977  -35.827 0.0000000000
61091  -54.909  -39.828  -34.705 0.0000000000
61092  -55.145  -39.868  -34.865 0.0000000000
61103  -54.243  -40.323  -34.819 0.0000000000
61104  -54.712  -40.135  -34.774 0.0000000000
61105  -55.542  -40.340  -35.234 0.0000000000
61106  -56.707  -40.310  -36.154 0.0000000000
61107  -58.702  -40.151  -37.032 0.0000000000
61116  -54.065  -40.494  -34.994 0.0000000000
61125  -53.894  -40.788  -35.447 0.0000000000
62231  -55.143  -39.465  -34.765 0.0000000000
62232  -55.940  -39.526  -35.327 0.0000000000
62233  -56.625  -39.253  -35.667 0.0000000000
62241  -54.331  -39.719  -34.809 0.0000000000
62242  -54.753  -39.398  -34.680 0.0000000000
62243  -56.290  -39.979  -35.669 0.0000000000
62244  -57.321  -39.583  -36.316 0.0000000000
62251  -54.022  -39.807  -35.131 0.0000000000
63390  -55.239  -38.746  -35.037 0.0000000000
63391  -55.812  -38.810  -35.258 0.0000000000
63392  -56.439  -38.870  -35.442 0.0000000000
63403  -54.422  -38.928  -34.995 0.0000000000
63404  -54.707  -39.021  -34.786 0.0000000000
63405  -57.160  -38.927  -35.947 0.0000000000
63416  -54.107  -39.098  -35.376 0.0000000000
64589  -55.730  -37.937  -35.392 0.0000000000
64590  -55.914  -38.011  -35.984 0.0000000000
64591  -56.600  -38.055  -35.613 0.0000000000
64592  -57.307  -37.864  -35.516 0.0000000000
64604  -54.834  -38.305  -35.228 0.0000000000
64605  -55.097  -38.388  -35.194 0.0000000000
64606  -56.987  -38.479  -35.551 0.0000000000
64620  -54.610  -38.467  -35.312 0.0000000000
64631  -54.461  -38.583  -35.555 0.0000000000
65827  -56.745  -36.321  -35.835 0.0000000000
65828  -56.971  -36.242  -35.747 0.0000000000
65829  -57.414  -36.218  -35.466 0.0000000000
65837  -56.246  -37.316  -35.734 0.0000000000
65838  -56.632  -36.786  -35.706 0.0000000000
65839  -57.076  -37.083  -35.524 0.0000000000
65851  -55.261  -38.043  -35.563 0.0000000000
65852  -55.941  -37.446  -35.537 0.0000000000
65866  -55.422  -37.878  -35.565 0.0000000000
65867  -56.061  -37.270  -35.836 0.0000000000
65877  -55.060  -38.068  -35.430 0.0000000000
65878  -55.219  -38.148  -35.603 0.0000000000
67026  -56.856  -35.909  -35.757 0.0000000000
67027  -57.101  -35.421  -35.254 0.0000000000
67028  -58.235  -35.597  -35.122 0.0000000000
67041  -56.631  -36.305  -35.734 0.0000000000
67042  -56.823  -35.706  -35.600 0.0000000000
67043  -56.878  -35.396  -35.533 0.0000000000
67056  -56.450  -36.547  -35.733 0.0000000000
67067  -55.660  -37.471  -35.662 0.0000000000
67068  -56.368  -36.765  -35.790 0.0000000000
67079  -55.525  -37.827  -35.623 0.0000000000
67080  -55.984  -37.272  -35.805 0.0000000000
68148  -56.953  -34.721  -34.739 0.0000000000
68149  -57.428  -34.685  -34.387 0.0000000000
68157  -56.674  -35.653  -35.490 0.0000000000
68158  -56.728  -35.413  -35.273 0.0000000000
68159  -56.771  -34.838  -34.994 0.0000000000
68172  -56.515  -35.868  -35.528 0.0000000000
68185  -56.735  -35.761  -35.601 0.0000000000
68195  -56.579  -36.033  -35.645 0.0000000000
69195  -56.663  -34.328  -34.028 0.0000000000
69196  -57.400  -34.017  -33.247 0.0000000000
69201  -56.779  -35.189  -35.242 0.0000000000
69202  -56.596  -34.488  -34.723 0.0000000000
69203  -56.184  -33.959  -34.134 0.0000000000
69216  -56.808  -34.841  -35.053 0.0000000000
69217  -56.247  -33.996  -34.523 0.0000000000
69225  -56.778  -34.987  -35.248 0.0000000000
70343  -56.350  -33.521  -33.414 0.0000000000
70358  -55.474  -33.556  -34.068 0.0000000000
70359  -55.693  -33.516  -33.745 0.0000000000
70375  -56.410  -34.135  -34.830 0.0000000000
70376  -55.358  -33.579  -34.476 0.0000000000
71513  -56.092  -33.159  -33.368 0.0000000000
71514  -56.656  -33.084  -33.038 0.0000000000
71534  -55.092  -33.260  -33.850 0.0000000000
71535  -55.560  -33.125  -33.668 0.0000000000
71536  -56.196  -32.762  -33.322 0.0000000000
71549  -54.944  -33.116  -34.003 0.0000000000
71550  -55.142  -32.687  -33.869 0.0000000000
71555  -55.030  -33.232  -34.625 0.0000000000
72688  -57.121  -32.804  -32.777 0.0000000000
72709  -55.629  -32.480  -33.678 0.0000000000
72710  -56.488  -32.346  -33.399 0.0000000000
72711  -57.542  -32.536  -32.819 0.0000000000
72718  -54.926  -32.612  -33.949 0.0000000000
72719  -55.254  -32.238  -33.936 0.0000000000
72720  -55.867  -32.015  -33.882 0.0000000000
72722  -55.039  -32.596  -34.250 0.0000000000
72723  -55.392  -32.090  -34.191 0.0000000000
72731  -55.147  -32.716  -34.911 0.0000000000
72732  -55.498  -32.577  -35.067 0.0000000000
73968  -56.484  -31.939  -33.814 0.0000000000
73969  -57.256  -32.216  -33.425 0.0000000000
73980  -55.706  -31.853  -34.082 0.0000000000
73981  -56.187  -31.789  -34.038 0.0000000000
73984  -55.420  -32.261  -34.561 0.0000000000
73985  -55.953  -31.946  -34.337 0.0000000000
73986  -56.007  -31.766  -34.186 0.0000000000
73989  -55.455  -32.420  -34.850 0.0000000000
73990  -55.984  -32.336  -34.827 0.0000000000
74002  -56.927  -32.703  -35.074 0.0000000000
75183  -56.709  -31.878  -33.837 0.0000000000
75184  -57.081  -32.020  -33.866 0.0000000000
75185  -58.109  -32.178  -33.680 0.0000000000
75199  -56.762  -31.947  -34.036 0.0000000000
75200  -57.856  -32.167  -34.244 0.0000000000
75201  -59.125  -32.019  -34.177 0.0000000000
75209  -56.363  -32.018  -34.288 0.0000000000
75210  -56.911  -32.093  -34.272 0.0000000000
75211  -58.313  -32.164  -34.652 0.0000000000
75214  -56.537  -32.160  -34.452 0.0000000000
75215  -57.610  -32.300  -34.669 0.0000000000
75223  -56.974  -32.424  -34.736 0.0000000000
75224  -58.123  -32.446  -35.222 0.0000000000
75225  -59.135  -32.278  -35.706 0.0000000000
76313  -59.184  -31.856  -34.804 0.0000000000
76314  -60.218  -31.553  -34.816 0.0000000000
76324  -58.459  -32.140  -34.861 0.0000000000
76325  -59.366  -31.804  -35.188 0.0000000000
76326  -60.502  -31.352  -35.583 0.0000000000
76335  -58.783  -32.111  -35.207 0.0000000000
76336  -59.830  -31.652  -35.553 0.0000000000
76337  -60.139  -31.499  -35.627 0.0000000000
76343  -58.962  -32.166  -35.420 0.0000000000
76344  -59.863  -31.812  -35.873 0.0000000000
77490  -61.064  -31.066  -35.958 0.0000000000
77491  -61.326  -30.496  -36.160 0.0000000000
77499  -60.564  -31.431  -35.804 0.0000000000
77500  -60.971  -30.934  -36.130 0.0000000000
77501  -61.185  -29.624  -36.286 0.0000000000
77507  -60.743  -31.328  -35.955 0.0000000000
77508  -61.330  -30.471  -36.360 0.0000000000
77509  -61.291  -29.673  -36.816 0.0000000000
77516  -61.021  -31.266  -36.218 0.0000000000
78678  -61.313  -29.584  -36.470 0.0000000000
78689  -61.176  -29.395  -36.810 0.0000000000
80901  -54.453  -21.607  -38.328 0.0000000000
80902  -54.807  -21.493  -38.352 0.0000000000
80918  -55.197  -21.805  -39.014 0.0000000000
80919  -55.847  -21.517  -39.690 0.0000000000
80920  -56.481  -21.265  -40.143 0.0000000000
80946  -54.984  -21.799  -40.550 0.0000000000
80947  -55.639  -21.467  -41.221 0.0000000000
80948  -56.672  -21.053  -41.446 0.0000000000
80949  -57.356  -20.686  -42.290 0.0000000000
80965  -55.852  -21.597  -42.470 0.0000000000
80966  -56.425  -21.468  -43.424 0.0000000000
80967  -57.722  -20.634  -43.931 0.0000000000
80968  -58.935  -20.385  -44.893 0.0000000000
80986  -57.011  -22.165  -44.796 0.0000000000
80987  -58.120  -22.084  -45.856 0.0000000000
80988  -60.012  -21.301  -46.143 0.0000000000
81934  -56.730  -20.593  -34.972 0.0000000000
81935  -57.019  -20.665  -35.068 0.0000000000
81936  -57.737  -20.734  -35.253 0.0000000000
81937  -58.522  -20.811  -35.423 0.0000000000
81943  -55.696  -20.067  -35.774 0.0000000000
81944  -55.913  -20.156  -35.694 0.0000000000
81945  -56.487  -20.398  -35.390 0.0000000000
81946  -57.143  -20.539  -35.773 0.0000000000
81947  -57.987  -20.763  -36.005 0.0000000000
81948  -59.123  -21.012  -36.078 0.0000000000
81949  -60.240  -21.332  -36.423 0.0000000000
81950  -61.211  -21.314  -36.658 0.0000000000
81957  -55.468  -20.139  -36.270 0.0000000000
81958  -55.704  -20.250  -36.569 0.0000000000
81959  -56.404  -20.281  -36.665 0.0000000000
81960  -57.236  -20.414  -36.858 0.0000000000
81961  -58.237  -20.730  -37.019 0.0000000000
81962  -59.384  -20.955  -37.170 0.0000000000
81963  -60.593  -21.176  -37.344 0.0000000000
81964  -62.028  -21.099  -37.456 0.0000000000
81975  -53.792  -21.511  -38.053 0.0000000000
81976  -54.700  -20.805  -37.689 0.0000000000
81977  -55.533  -20.734  -37.830 0.0000000000
81978  -56.461  -20.542  -37.825 0.0000000000
81979  -57.334  -20.510  -38.074 0.0000000000
81980  -58.381  -20.481  -38.273 0.0000000000
81981  -59.604  -20.642  -38.431 0.0000000000
81982  -61.023  -20.663  -38.573 0.0000000000
81983  -62.631  -20.412  -38.828 0.0000000000
82000  -54.270  -21.752  -38.319 0.0000000000
82001  -55.932  -21.101  -38.636 0.0000000000
82002  -56.551  -20.819  -38.981 0.0000000000
82003  -57.379  -20.685  -39.617 0.0000000000
82004  -58.555  -20.354  -39.733 0.0000000000
82005  -59.812  -20.034  -39.976 0.0000000000
82006  -61.407  -19.823  -40.250 0.0000000000
82025  -57.793  -20.821  -40.901 0.0000000000
82026  -58.623  -20.329  -41.636 0.0000000000
82027  -60.140  -19.591  -41.870 0.0000000000
82046  -59.138  -20.045  -43.298 0.0000000000
82047  -60.549  -19.837  -44.032 0.0000000000
83114  -56.013  -20.395  -34.370 0.0000000000
83115  -56.236  -20.476  -34.323 0.0000000000
83116  -56.550  -20.493  -34.323 0.0000000000
83117  -57.192  -20.529  -34.337 0.0000000000
83118  -58.050  -20.495  -34.389 0.0000000000
83119  -59.060  -20.494  -34.459 0.0000000000
83120  -60.249  -20.334  -34.611 0.0000000000
83121  -61.454  -19.876  -34.730 0.0000000000
83141  -55.965  -20.271  -34.626 0.0000000000
83142  -56.228  -20.395  -34.693 0.0000000000
83143  -56.682  -20.552  -34.740 0.0000000000
83144  -57.479  -20.625  -34.748 0.0000000000
83145  -58.365  -20.684  -34.874 0.0000000000
83146  -59.475  -20.844  -35.161 0.0000000000
83147  -61.020  -20.763  -35.374 0.0000000000
83155  -55.256  -19.982  -36.160 0.0000000000
83156  -55.738  -20.082  -35.501 0.0000000000
83157  -56.247  -20.386  -35.073 0.0000000000
83158  -56.460  -20.493  -34.969 0.0000000000
83159  -60.161  -21.228  -35.730 0.0000000000
83160  -60.952  -21.199  -36.073 0.0000000000
83161  -62.351  -20.726  -36.370 0.0000000000
83169  -54.327  -20.407  -37.363 0.0000000000
83170  -54.764  -20.217  -36.838 0.0000000000
83171  -55.141  -20.232  -36.600 0.0000000000
83172  -62.905  -20.792  -37.146 0.0000000000
83183  -54.348  -20.673  -37.564 0.0000000000
83184  -54.744  -20.426  -37.184 0.0000000000
84301  -56.005  -20.092  -33.904 0.0000000000
84302  -56.614  -20.169  -33.788 0.0000000000
84303  -57.394  -20.089  -33.692 0.0000000000
84304  -58.292  -19.871  -33.581 0.0000000000
84305  -59.276  -19.584  -33.422 0.0000000000
84306  -60.414  -19.131  -33.366 0.0000000000
84307  -61.745  -18.799  -33.206 0.0000000000
84326  -55.416  -19.650  -34.832 0.0000000000
84327  -55.886  -20.178  -34.364 0.0000000000
84328  -56.290  -20.404  -34.042 0.0000000000
84329  -56.905  -20.403  -33.988 0.0000000000
84330  -57.713  -20.315  -33.980 0.0000000000
84331  -58.649  -20.141  -33.983 0.0000000000
84332  -59.715  -19.870  -34.014 0.0000000000
84333  -60.980  -19.450  -34.060 0.0000000000
84354  -54.619  -19.454  -35.836 0.0000000000
84355  -55.199  -19.603  -35.452 0.0000000000
84356  -55.619  -19.973  -35.019 0.0000000000
84366  -54.369  -19.768  -36.554 0.0000000000
84367  -54.916  -19.817  -36.185 0.0000000000
84368  -55.419  -19.829  -35.660 0.0000000000
84379  -54.090  -20.287  -37.350 0.0000000000
84380  -54.499  -20.101  -36.843 0.0000000000
85481  -56.869  -19.504  -33.574 0.0000000000
85482  -57.656  -19.365  -33.282 0.0000000000
85483  -58.609  -19.065  -32.744 0.0000000000
85484  -59.650  -18.590  -32.278 0.0000000000
85485  -60.783  -18.329  -31.816 0.0000000000
85486  -61.957  -18.195  -31.450 0.0000000000
85506  -55.839  -19.756  -33.882 0.0000000000
85507  -56.332  -19.794  -33.721 0.0000000000
85508  -57.108  -19.809  -33.558 0.0000000000
85509  -57.979  -19.612  -33.328 0.0000000000
85510  -58.915  -19.322  -32.973 0.0000000000
85511  -59.966  -18.832  -32.766 0.0000000000
85512  -61.156  -18.525  -32.502 0.0000000000
85535  -55.172  -19.314  -34.812 0.0000000000
85536  -55.591  -19.671  -34.296 0.0000000000
85559  -54.310  -19.132  -35.591 0.0000000000
85560  -54.821  -19.249  -35.235 0.0000000000
85572  -53.760  -19.080  -36.405 0.0000000000
85573  -54.044  -19.285  -36.207 0.0000000000
85580  -53.793  -19.513  -36.988 0.0000000000
85581  -54.014  -19.806  -36.941 0.0000000000
86594  -62.414  -17.763  -28.990 0.0000000000
86611  -59.783  -18.097  -31.406 0.0000000000
86612  -60.411  -17.970  -30.987 0.0000000000
86613  -61.801  -17.728  -29.956 0.0000000000
86627  -56.727  -19.307  -33.614 0.0000000000
86628  -57.171  -19.194  -33.510 0.0000000000
86629  -58.216  -18.907  -32.815 0.0000000000
86630  -59.392  -18.376  -31.944 0.0000000000
86631  -60.572  -18.135  -31.249 0.0000000000
86632  -61.792  -18.003  -30.704 0.0000000000
86648  -55.969  -19.580  -33.777 0.0000000000
86649  -56.302  -19.341  -33.777 0.0000000000
86650  -56.682  -19.150  -33.698 0.0000000000
86666  -55.175  -19.142  -34.676 0.0000000000
86667  -55.617  -19.377  -34.136 0.0000000000
86668  -55.767  -19.279  -33.984 0.0000000000
86685  -54.278  -18.861  -35.347 0.0000000000
86686  -54.693  -18.951  -35.062 0.0000000000
86697  -53.727  -18.738  -36.036 0.0000000000
86698  -53.955  -18.834  -35.639 0.0000000000
86702  -53.466  -18.469  -36.566 0.0000000000
86703  -53.575  -18.765  -36.537 0.0000000000
86711  -53.468  -18.664  -36.802 0.0000000000
87660  -62.058  -17.830  -28.965 0.0000000000
87661  -62.956  -17.704  -28.224 0.0000000000
87676  -61.629  -17.879  -29.754 0.0000000000
87677  -62.243  -17.823  -28.822 0.0000000000
87690  -60.066  -17.867  -31.105 0.0000000000
87691  -61.117  -17.687  -30.350 0.0000000000
87692  -61.822  -17.657  -29.582 0.0000000000
87701  -57.796  -18.834  -33.145 0.0000000000
87702  -58.727  -18.423  -32.376 0.0000000000
87703  -59.414  -18.126  -31.700 0.0000000000
87718  -56.380  -19.049  -33.842 0.0000000000
87719  -57.006  -19.004  -33.665 0.0000000000
87736  -54.974  -19.009  -34.706 0.0000000000
87737  -55.486  -19.127  -34.381 0.0000000000
87738  -55.861  -19.093  -34.094 0.0000000000
87752  -53.700  -18.064  -35.507 0.0000000000
87753  -54.081  -18.423  -35.365 0.0000000000
87754  -54.686  -18.718  -35.144 0.0000000000
87768  -53.668  -18.283  -35.634 0.0000000000
87769  -53.961  -18.620  -35.459 0.0000000000
87775  -53.399  -18.215  -36.366 0.0000000000
87776  -53.448  -18.221  -36.029 0.0000000000
87787  -53.394  -18.268  -36.666 0.0000000000
88813  -62.132  -17.707  -29.166 0.0000000000
88814  -62.654  -17.695  -28.521 0.0000000000
88830  -61.666  -17.662  -29.715 0.0000000000
88831  -62.099  -17.626  -29.377 0.0000000000
88843  -59.955  -17.590  -31.141 0.0000000000
88844  -60.866  -17.563  -30.516 0.0000000000
88858  -57.842  -18.638  -33.284 0.0000000000
88859  -58.285  -18.339  -32.888 0.0000000000
88860  -59.243  -17.916  -31.799 0.0000000000
88875  -56.666  -18.908  -33.869 0.0000000000
88876  -57.336  -18.696  -33.733 0.0000000000
88877  -57.978  -18.416  -33.407 0.0000000000
88889  -55.184  -18.932  -34.769 0.0000000000
88890  -55.409  -18.857  -34.657 0.0000000000
88891  -56.052  -18.827  -34.374 0.0000000000
88892  -56.346  -18.631  -34.681 0.0000000000
88904  -53.654  -17.839  -35.514 0.0000000000
88905  -54.094  -18.106  -35.357 0.0000000000
88906  -54.753  -18.479  -35.191 0.0000000000
88907  -55.106  -18.430  -35.145 0.0000000000
88908  -55.463  -18.406  -35.118 0.0000000000
88909  -55.718  -18.384  -35.181 0.0000000000
88924  -53.457  -17.756  -35.634 0.0000000000
88933  -53.230  -17.823  -36.075 0.0000000000
88934  -53.282  -17.639  -35.775 0.0000000000
88947  -53.293  -17.887  -36.518 0.0000000000
89951  -62.627  -17.562  -28.772 0.0000000000
89968  -61.738  -17.444  -29.692 0.0000000000
89969  -62.121  -17.289  -29.371 0.0000000000
89985  -60.271  -17.260  -30.914 0.0000000000
89986  -61.143  -17.217  -30.237 0.0000000000
89987  -61.410  -16.957  -30.110 0.0000000000
90002  -59.008  -17.750  -32.234 0.0000000000
90003  -59.623  -17.468  -31.529 0.0000000000
90016  -57.772  -18.431  -33.650 0.0000000000
90017  -58.308  -18.111  -33.259 0.0000000000
90028  -57.326  -18.539  -34.169 0.0000000000
90029  -57.721  -18.445  -34.236 0.0000000000
90040  -53.612  -17.562  -35.578 0.0000000000
90041  -53.943  -17.625  -35.453 0.0000000000
90042  -54.340  -17.706  -35.461 0.0000000000
90043  -54.665  -17.764  -35.506 0.0000000000
90044  -55.094  -17.972  -35.555 0.0000000000
90045  -56.098  -18.413  -35.317 0.0000000000
90063  -52.936  -17.134  -35.687 0.0000000000
90064  -53.166  -17.186  -35.573 0.0000000000
90080  -53.050  -17.265  -35.919 0.0000000000
90081  -53.057  -17.339  -35.681 0.0000000000
91132  -62.241  -16.927  -29.293 0.0000000000
91150  -60.468  -17.039  -30.774 0.0000000000
91151  -60.857  -16.906  -30.656 0.0000000000
91152  -61.817  -16.675  -30.135 0.0000000000
91167  -59.457  -17.422  -31.848 0.0000000000
91168  -59.993  -17.123  -31.408 0.0000000000
91169  -60.780  -16.715  -31.313 0.0000000000
91170  -61.399  -16.476  -30.884 0.0000000000
91184  -59.206  -17.511  -32.335 0.0000000000
91185  -59.759  -17.264  -32.335 0.0000000000
91186  -60.551  -17.101  -32.645 0.0000000000
91196  -58.800  -17.814  -33.283 0.0000000000
91197  -59.523  -17.703  -33.592 0.0000000000
91206  -53.358  -17.029  -35.593 0.0000000000
91207  -53.760  -16.916  -35.600 0.0000000000
91208  -54.037  -16.873  -35.629 0.0000000000
91209  -54.307  -16.919  -35.756 0.0000000000
91210  -54.807  -17.437  -35.895 0.0000000000
91234  -53.032  -16.951  -35.843 0.0000000000
91235  -53.176  -16.706  -35.851 0.0000000000
91236  -54.319  -16.517  -35.931 0.0000000000
92258  -62.386  -16.364  -30.279 0.0000000000
92276  -61.325  -16.502  -31.201 0.0000000000
92277  -62.073  -16.316  -31.012 0.0000000000
92295  -61.389  -16.592  -31.865 0.0000000000
92320  -53.491  -16.210  -35.964 0.0000000000
92321  -53.708  -16.142  -35.862 0.0000000000
92322  -53.805  -15.912  -35.846 0.0000000000
92323  -54.035  -16.024  -35.843 0.0000000000
93441  -62.202  -12.584  -35.724 0.0000000000
93442  -62.876  -12.577  -35.967 0.0000000000
93460  -61.152  -12.570  -36.448 0.0000000000
93461  -61.647  -12.554  -36.571 0.0000000000
93462  -62.666  -12.692  -36.600 0.0000000000
93491  -62.253  -12.635  -37.712 0.0000000000
93492  -63.160  -12.890  -38.150 0.0000000000
93493  -64.374  -13.429  -38.621 0.0000000000
93513  -63.150  -13.232  -39.072 0.0000000000
94515  -58.109  -10.348  -31.372 0.0000000000
94516  -58.226  -10.339  -31.567 0.0000000000
94517  -59.645  -10.426  -31.891 0.0000000000
94518  -60.618  -10.409  -32.393 0.0000000000
94539  -57.991  -10.018  -31.745 0.0000000000
94540  -58.161  -10.203  -31.768 0.0000000000
94541  -58.626  -10.447  -32.155 0.0000000000
94542  -59.609  -10.680  -32.662 0.0000000000
94543  -61.109  -11.273  -33.457 0.0000000000
94558  -58.208  -10.113  -32.110 0.0000000000
94559  -58.664  -10.428  -32.582 0.0000000000
94560  -59.431  -10.880  -33.418 0.0000000000
94561  -60.411  -11.773  -34.188 0.0000000000
94562  -61.886  -12.178  -34.977 0.0000000000
94579  -58.575  -10.263  -32.744 0.0000000000
94580  -59.258  -10.794  -33.744 0.0000000000
94581  -60.290  -12.101  -35.181 0.0000000000
94582  -61.294  -12.385  -35.494 0.0000000000
94583  -61.890  -12.542  -35.639 0.0000000000
94608  -59.843  -11.710  -35.103 0.0000000000
94609  -61.098  -12.435  -36.650 0.0000000000
94626  -62.605  -12.949  -39.256 0.0000000000
95534  -60.780  -9.335  -30.714 0.0000000000
95547  -58.330  -10.173  -30.956 0.0000000000
95548  -58.904  -10.142  -30.960 0.0000000000
95549  -59.826  -9.807  -30.980 0.0000000000
95570  -57.818  -9.993  -31.258 0.0000000000
95571  -57.991  -10.168  -31.208 0.0000000000
95572  -58.474  -10.372  -31.423 0.0000000000
95573  -59.245  -10.292  -31.347 0.0000000000
95574  -60.219  -10.021  -31.618 0.0000000000
95596  -57.671  -9.636  -31.470 0.0000000000
95597  -57.822  -9.887  -31.457 0.0000000000
95598  -57.964  -10.164  -31.431 0.0000000000
95599  -58.800  -10.527  -31.928 0.0000000000
95600  -59.027  -10.500  -31.773 0.0000000000
95616  -57.619  -9.514  -31.581 0.0000000000
95617  -57.855  -9.798  -31.747 0.0000000000
95629  -58.218  -10.003  -32.336 0.0000000000
95630  -58.727  -10.289  -33.143 0.0000000000
95650  -59.352  -10.820  -34.285 0.0000000000
95651  -60.107  -11.780  -35.771 0.0000000000
95670  -61.680  -12.701  -37.945 0.0000000000
96621  -59.244  -9.467  -30.582 0.0000000000
96622  -59.864  -9.379  -30.640 0.0000000000
96636  -57.047  -9.106  -30.977 0.0000000000
96637  -57.215  -9.249  -30.919 0.0000000000
96638  -57.848  -9.663  -30.876 0.0000000000
96639  -58.815  -9.663  -30.684 0.0000000000
96640  -59.272  -9.816  -30.792 0.0000000000
96654  -57.191  -9.230  -31.121 0.0000000000
96655  -57.563  -9.662  -31.103 0.0000000000
96656  -57.720  -9.901  -31.068 0.0000000000
96670  -57.502  -9.229  -31.349 0.0000000000
96671  -57.564  -9.501  -31.295 0.0000000000
96683  -57.572  -9.318  -31.662 0.0000000000
96684  -57.835  -9.667  -31.940 0.0000000000
96698  -58.262  -9.937  -32.579 0.0000000000
96699  -58.783  -10.253  -33.532 0.0000000000
96714  -59.429  -10.723  -34.725 0.0000000000
96715  -60.112  -11.245  -36.061 0.0000000000
96732  -60.896  -11.581  -36.749 0.0000000000
97713  -58.630  -8.768  -30.429 0.0000000000
97714  -59.201  -9.087  -30.510 0.0000000000
97715  -60.903  -8.966  -30.269 0.0000000000
97728  -57.283  -8.829  -30.952 0.0000000000
97729  -57.565  -8.787  -30.765 0.0000000000
97730  -58.339  -9.060  -30.539 0.0000000000
97731  -58.739  -9.341  -30.540 0.0000000000
97747  -57.525  -7.867  -31.094 0.0000000000
97748  -57.333  -8.606  -31.061 0.0000000000
97760  -57.515  -8.221  -31.292 0.0000000000
97761  -57.324  -8.908  -31.470 0.0000000000
97773  -57.525  -8.499  -31.559 0.0000000000
97774  -57.498  -9.046  -31.823 0.0000000000
97775  -57.904  -9.550  -32.158 0.0000000000
97788  -57.783  -9.225  -32.135 0.0000000000
97789  -58.303  -9.720  -32.754 0.0000000000
97790  -58.871  -10.167  -33.928 0.0000000000
97800  -59.390  -10.525  -35.022 0.0000000000
97801  -60.001  -10.679  -35.769 0.0000000000
98796  -57.719  -7.054  -30.500 0.0000000000
98797  -58.176  -7.471  -30.359 0.0000000000
98798  -58.756  -8.211  -30.324 0.0000000000
98799  -59.940  -8.441  -30.422 0.0000000000
98811  -57.298  -6.748  -30.605 0.0000000000
98812  -57.587  -7.491  -30.748 0.0000000000
98813  -58.040  -8.121  -30.543 0.0000000000
98814  -58.395  -8.570  -30.433 0.0000000000
98828  -57.535  -7.249  -30.888 0.0000000000
98829  -57.500  -8.164  -30.947 0.0000000000
98842  -57.537  -7.245  -31.128 0.0000000000
98858  -57.615  -7.680  -31.403 0.0000000000
98859  -57.623  -8.149  -31.672 0.0000000000
98870  -57.616  -8.534  -31.981 0.0000000000
98871  -58.076  -8.982  -32.398 0.0000000000
98872  -58.668  -9.576  -33.162 0.0000000000
98881  -59.230  -9.920  -34.437 0.0000000000
98882  -60.230  -10.092  -35.416 0.0000000000
99900  -56.602  -6.208  -29.925 0.0000000000
99901  -57.129  -6.435  -29.978 0.0000000000
99902  -57.870  -6.764  -30.160 0.0000000000
99903  -58.601  -7.250  -30.180 0.0000000000
99904  -59.459  -7.680  -30.352 0.0000000000
99918  -56.077  -6.084  -30.253 0.0000000000
99919  -56.633  -6.304  -30.235 0.0000000000
99920  -57.170  -6.555  -30.346 0.0000000000
99932  -55.978  -6.032  -30.476 0.0000000000
99933  -56.692  -6.361  -30.519 0.0000000000
99944  -55.883  -5.909  -30.662 0.0000000000
99945  -56.632  -6.281  -30.835 0.0000000000
99961  -57.160  -6.564  -31.107 0.0000000000
99962  -57.613  -7.191  -31.397 0.0000000000
99971  -57.668  -7.603  -31.729 0.0000000000
99972  -57.939  -7.946  -32.076 0.0000000000
99973  -58.790  -8.606  -32.607 0.0000000000
99974  -59.463  -8.495  -32.703 0.0000000000
99983  -59.070  -9.439  -33.355 0.0000000000
99984  -59.926  -9.207  -33.558 0.0000000000
100968  -55.987  -5.673  -29.828 0.0000000000
100969  -56.578  -5.814  -29.682 0.0000000000
100970  -57.384  -6.095  -29.686 0.0000000000
100971  -58.335  -6.472  -29.865 0.0000000000
100986  -55.605  -5.670  -30.163 0.0000000000
100987  -55.896  -5.863  -30.061 0.0000000000
100998  -55.527  -5.549  -30.425 0.0000000000
101010  -55.745  -5.679  -30.742 0.0000000000
101011  -56.071  -5.907  -31.062 0.0000000000
101027  -56.322  -5.999  -31.199 0.0000000000
101028  -57.183  -6.267  -31.272 0.0000000000
101029  -57.322  -6.025  -31.434 0.0000000000
101030  -58.651  -6.627  -32.139 0.0000000000
101031  -58.964  -6.408  -32.192 0.0000000000
101038  -57.639  -6.933  -31.502 0.0000000000
101039  -57.714  -6.720  -31.669 0.0000000000
101040  -58.306  -7.136  -32.196 0.0000000000
101041  -59.546  -7.422  -32.341 0.0000000000
101042  -61.117  -7.310  -32.690 0.0000000000
101052  -59.868  -8.448  -32.767 0.0000000000
101053  -60.643  -8.334  -33.015 0.0000000000
101978  -54.957  -4.308  -29.746 0.0000000000
101979  -55.349  -4.693  -29.723 0.0000000000
101980  -56.064  -4.903  -29.623 0.0000000000
101981  -56.930  -5.050  -29.491 0.0000000000
101993  -55.110  -4.830  -30.011 0.0000000000
101994  -55.515  -5.378  -29.926 0.0000000000
102008  -55.273  -5.005  -30.472 0.0000000000
102020  -55.536  -5.202  -30.811 0.0000000000
102021  -55.780  -5.447  -31.104 0.0000000000
102036  -56.150  -5.647  -31.302 0.0000000000
102037  -56.671  -5.621  -31.546 0.0000000000
102038  -57.482  -5.691  -31.703 0.0000000000
102039  -58.420  -5.807  -31.990 0.0000000000
102040  -59.536  -5.867  -32.162 0.0000000000
102050  -58.072  -6.341  -31.773 0.0000000000
102051  -58.340  -6.459  -31.969 0.0000000000
102052  -60.495  -6.515  -32.292 0.0000000000
103005  -56.032  -3.474  -29.433 0.0000000000
103025  -55.184  -3.800  -29.647 0.0000000000
103026  -55.599  -3.865  -29.476 0.0000000000
103027  -56.243  -4.210  -29.484 0.0000000000
103035  -55.065  -3.834  -29.849 0.0000000000
103049  -55.043  -4.019  -30.243 0.0000000000
103050  -55.059  -3.666  -30.420 0.0000000000
103065  -55.242  -4.666  -30.587 0.0000000000
103066  -55.440  -4.416  -30.821 0.0000000000
103067  -56.119  -4.152  -31.249 0.0000000000
103068  -56.777  -3.946  -31.703 0.0000000000
103069  -57.263  -3.743  -31.998 0.0000000000
103084  -55.755  -5.180  -31.145 0.0000000000
103085  -56.017  -5.030  -31.317 0.0000000000
103086  -56.664  -4.854  -31.701 0.0000000000
103087  -57.630  -4.505  -32.104 0.0000000000
103088  -58.833  -4.749  -32.279 0.0000000000
104056  -55.900  -2.830  -29.388 0.0000000000
104057  -56.286  -2.779  -29.224 0.0000000000
104075  -55.489  -2.817  -29.739 0.0000000000
104076  -55.657  -2.869  -29.561 0.0000000000
104086  -55.332  -1.960  -29.825 0.0000000000
104087  -55.306  -2.646  -29.881 0.0000000000
104099  -55.360  -2.161  -29.969 0.0000000000
104100  -55.276  -2.859  -30.187 0.0000000000
104101  -55.281  -3.182  -30.512 0.0000000000
104115  -55.778  -3.292  -30.833 0.0000000000
104116  -56.393  -3.225  -31.289 0.0000000000
104117  -57.075  -3.167  -31.746 0.0000000000
104118  -57.879  -3.345  -32.078 0.0000000000
104134  -58.446  -3.926  -32.262 0.0000000000
105101  -55.389  -1.533  -28.784 0.0000000000
105102  -55.862  -1.912  -28.797 0.0000000000
105120  -54.958  -1.460  -29.273 0.0000000000
105121  -55.331  -1.818  -29.239 0.0000000000
105122  -55.642  -2.180  -29.146 0.0000000000
105135  -55.140  -1.589  -29.592 0.0000000000
105136  -55.413  -2.014  -29.612 0.0000000000
105147  -55.107  -1.558  -29.838 0.0000000000
105148  -55.254  -1.803  -30.027 0.0000000000
105149  -55.405  -2.373  -30.260 0.0000000000
105167  -55.364  -1.731  -30.235 0.0000000000
105168  -55.595  -2.236  -30.516 0.0000000000
105169  -56.080  -2.338  -31.010 0.0000000000
105170  -56.768  -2.341  -31.502 0.0000000000
105171  -57.624  -2.369  -31.961 0.0000000000
106039  -55.520  -0.117  -28.173 0.0000000000
106040  -55.944  -0.287  -28.094 0.0000000000
106053  -54.992  -0.881  -28.672 0.0000000000
106054  -55.435  -0.738  -28.382 0.0000000000
106055  -56.214  -1.129  -28.354 0.0000000000
106072  -54.704  -0.800  -29.204 0.0000000000
106073  -54.779  -0.873  -28.942 0.0000000000
106087  -54.741  -0.843  -29.540 0.0000000000
106099  -54.852  -0.935  -29.824 0.0000000000
106100  -55.009  -1.061  -30.082 0.0000000000
106117  -55.338  -1.222  -30.363 0.0000000000
106118  -55.804  -1.389  -30.786 0.0000000000
106119  -56.481  -1.447  -31.242 0.0000000000
106120  -57.373  -1.473  -31.605 0.0000000000
106961  -54.888  0.767  -27.970 0.0000000000
106962  -55.608  0.507  -28.001 0.0000000000
106963  -56.478  0.451  -28.128 0.0000000000
106974  -54.396  0.681  -28.435 0.0000000000
106975  -54.874  0.151  -28.405 0.0000000000
106976  -55.246  0.118  -28.233 0.0000000000
106992  -54.508  0.150  -28.837 0.0000000000
106993  -54.755  -0.136  -28.685 0.0000000000
107007  -54.558  0.051  -29.181 0.0000000000
107022  -54.694  -0.026  -29.479 0.0000000000
107023  -54.843  -0.188  -29.771 0.0000000000
107037  -55.091  -0.354  -30.102 0.0000000000
107038  -55.548  -0.483  -30.517 0.0000000000
107039  -56.183  -0.550  -31.011 0.0000000000
107040  -57.073  -0.557  -31.415 0.0000000000
107838  -54.484  1.599  -27.708 0.0000000000
107839  -55.276  1.452  -27.774 0.0000000000
107840  -56.205  1.392  -28.025 0.0000000000
107851  -53.808  1.485  -28.108 0.0000000000
107852  -54.311  1.066  -28.041 0.0000000000
107868  -53.956  1.200  -28.557 0.0000000000
107881  -54.185  0.875  -28.917 0.0000000000
107897  -54.312  0.950  -29.192 0.0000000000
107898  -54.584  0.807  -29.478 0.0000000000
107915  -54.879  0.577  -29.771 0.0000000000
107916  -55.305  0.389  -30.162 0.0000000000
107917  -55.896  0.292  -30.652 0.0000000000
107918  -56.750  0.280  -31.087 0.0000000000
108725  -53.645  2.498  -27.574 0.0000000000
108726  -54.107  2.357  -27.419 0.0000000000
108727  -54.907  2.335  -27.490 0.0000000000
108728  -55.909  2.342  -27.737 0.0000000000
108740  -53.040  2.564  -28.158 0.0000000000
108741  -53.373  2.328  -27.880 0.0000000000
108742  -53.880  1.859  -27.769 0.0000000000
108758  -53.001  2.519  -28.539 0.0000000000
108759  -53.389  2.004  -28.332 0.0000000000
108771  -52.934  2.605  -28.811 0.0000000000
108772  -53.475  1.975  -28.904 0.0000000000
108788  -53.908  1.790  -29.376 0.0000000000
108789  -54.418  1.551  -29.593 0.0000000000
108807  -54.966  1.264  -29.845 0.0000000000
108808  -55.576  1.091  -30.260 0.0000000000
108809  -56.410  1.010  -30.563 0.0000000000
108810  -57.401  1.051  -30.863 0.0000000000
109639  -55.906  3.853  -27.343 0.0000000000
109640  -56.453  3.931  -27.428 0.0000000000
109650  -53.360  2.987  -27.593 0.0000000000
109651  -53.756  3.084  -27.321 0.0000000000
109652  -54.488  3.077  -27.209 0.0000000000
109653  -55.573  3.376  -27.353 0.0000000000
109654  -56.757  3.235  -27.684 0.0000000000
109668  -52.871  3.008  -28.286 0.0000000000
109669  -53.045  3.174  -27.897 0.0000000000
109678  -52.788  3.078  -28.645 0.0000000000
109688  -52.877  2.904  -28.975 0.0000000000
109689  -53.240  2.687  -29.263 0.0000000000
109709  -53.760  2.572  -29.542 0.0000000000
109710  -54.481  2.133  -29.761 0.0000000000
109726  -55.208  1.840  -29.915 0.0000000000
109727  -56.004  1.758  -30.239 0.0000000000
109728  -57.002  1.726  -30.399 0.0000000000
109729  -58.049  1.832  -30.732 0.0000000000
109744  -58.812  2.229  -31.014 0.0000000000
110579  -53.439  4.833  -27.174 0.0000000000
110580  -53.845  4.645  -26.985 0.0000000000
110581  -54.713  4.495  -26.979 0.0000000000
110582  -55.788  4.269  -27.183 0.0000000000
110593  -52.829  4.559  -27.897 0.0000000000
110594  -53.269  4.076  -27.528 0.0000000000
110595  -54.090  3.804  -27.067 0.0000000000
110596  -54.946  3.772  -27.150 0.0000000000
110597  -55.395  3.788  -27.226 0.0000000000
110604  -52.837  3.879  -28.203 0.0000000000
110605  -53.027  3.671  -27.865 0.0000000000
110614  -52.748  3.740  -28.794 0.0000000000
110623  -52.882  3.513  -29.087 0.0000000000
110624  -53.180  3.352  -29.315 0.0000000000
110640  -53.573  3.360  -29.398 0.0000000000
110641  -54.240  3.064  -29.635 0.0000000000
110642  -55.303  3.150  -29.499 0.0000000000
110643  -56.385  3.189  -29.654 0.0000000000
110644  -57.197  3.119  -30.013 0.0000000000
110655  -54.891  2.486  -29.703 0.0000000000
110656  -55.680  2.449  -29.826 0.0000000000
110657  -56.626  2.412  -30.000 0.0000000000
110658  -57.613  2.507  -30.314 0.0000000000
110676  -58.410  2.544  -30.689 0.0000000000
110677  -59.309  2.745  -30.955 0.0000000000
111466  -53.599  5.515  -26.948 0.0000000000
111467  -54.450  5.365  -26.787 0.0000000000
111468  -55.514  5.277  -26.838 0.0000000000
111476  -52.870  5.286  -27.685 0.0000000000
111477  -53.208  5.149  -27.304 0.0000000000
111482  -52.693  5.003  -28.144 0.0000000000
111489  -52.721  4.690  -28.569 0.0000000000
111496  -52.800  4.427  -28.889 0.0000000000
111497  -52.965  4.081  -29.064 0.0000000000
111509  -53.326  4.060  -29.084 0.0000000000
111510  -53.980  3.923  -28.996 0.0000000000
111511  -54.920  3.916  -29.002 0.0000000000
111512  -56.111  4.038  -29.243 0.0000000000
111513  -57.724  4.164  -29.615 0.0000000000
111514  -59.677  4.882  -29.507 0.0000000000
111530  -58.013  3.273  -30.217 0.0000000000
111531  -59.008  3.971  -30.395 0.0000000000
111548  -58.151  2.853  -30.457 0.0000000000
111549  -58.733  3.142  -30.623 0.0000000000
111550  -59.842  3.489  -30.798 0.0000000000
112440  -53.552  6.434  -26.924 0.0000000000
112441  -54.192  6.266  -26.696 0.0000000000
112442  -55.173  6.162  -26.602 0.0000000000
112452  -52.851  6.230  -27.658 0.0000000000
112453  -53.121  6.101  -27.267 0.0000000000
112458  -52.721  5.931  -27.982 0.0000000000
112460  -52.818  5.646  -28.307 0.0000000000
112465  -52.937  5.403  -28.600 0.0000000000
112466  -53.161  5.148  -28.904 0.0000000000
112467  -54.098  5.625  -28.719 0.0000000000
112483  -53.705  4.689  -28.861 0.0000000000
112484  -54.511  4.798  -28.845 0.0000000000
112485  -55.636  4.931  -28.962 0.0000000000
112486  -57.047  5.163  -29.085 0.0000000000
113411  -53.311  7.150  -27.067 0.0000000000
113412  -53.926  7.204  -26.756 0.0000000000
113413  -54.835  7.068  -26.548 0.0000000000
113424  -52.817  6.847  -27.816 0.0000000000
113425  -52.978  7.010  -27.428 0.0000000000
113430  -52.871  6.598  -28.136 0.0000000000
113433  -53.024  6.356  -28.370 0.0000000000
113445  -53.205  6.308  -28.543 0.0000000000
