#!ascii label  , from subject subject001 vox2ras=TkReg
954
14040  -41.661  -80.794  -25.787 0.0000000000
14041  -41.914  -81.622  -25.092 0.0000000000
14051  -41.564  -80.386  -26.015 0.0000000000
14052  -41.874  -81.098  -25.615 0.0000000000
14061  -42.421  -81.043  -26.190 0.0000000000
14062  -43.266  -80.930  -26.532 0.0000000000
14072  -43.993  -80.090  -26.738 0.0000000000
14073  -44.755  -79.975  -27.001 0.0000000000
14131  -44.974  -78.593  -34.306 0.0000000000
14132  -46.108  -78.525  -33.722 0.0000000000
14152  -44.826  -78.695  -35.125 0.0000000000
14153  -45.995  -78.417  -34.858 0.0000000000
14168  -44.772  -78.704  -35.524 0.0000000000
14169  -45.398  -78.532  -35.617 0.0000000000
15117  -41.731  -79.662  -25.698 0.0000000000
15118  -42.065  -80.993  -25.080 0.0000000000
15133  -41.649  -79.918  -25.742 0.0000000000
15134  -41.888  -81.080  -25.354 0.0000000000
15147  -41.565  -80.032  -26.017 0.0000000000
15148  -41.718  -80.960  -25.609 0.0000000000
15155  -41.714  -79.485  -26.396 0.0000000000
15156  -42.077  -79.939  -26.566 0.0000000000
15163  -42.229  -78.698  -26.702 0.0000000000
15164  -42.973  -79.062  -26.853 0.0000000000
15165  -43.574  -79.656  -26.780 0.0000000000
15176  -43.490  -78.169  -27.422 0.0000000000
15177  -44.003  -78.882  -27.067 0.0000000000
15178  -44.948  -78.544  -27.756 0.0000000000
15205  -44.691  -76.673  -31.765 0.0000000000
15206  -45.655  -76.972  -31.429 0.0000000000
15221  -42.961  -76.963  -32.666 0.0000000000
15222  -43.831  -77.099  -32.423 0.0000000000
15223  -45.200  -77.466  -32.214 0.0000000000
15238  -42.475  -77.199  -32.868 0.0000000000
15239  -42.809  -77.682  -33.227 0.0000000000
15240  -44.370  -78.171  -33.413 0.0000000000
15256  -41.739  -78.308  -34.580 0.0000000000
15257  -42.434  -78.275  -34.246 0.0000000000
15258  -43.870  -78.686  -34.694 0.0000000000
15267  -41.591  -78.382  -35.180 0.0000000000
15268  -42.784  -78.566  -35.530 0.0000000000
15269  -44.303  -78.798  -35.867 0.0000000000
15270  -45.694  -78.392  -36.493 0.0000000000
15284  -41.839  -78.495  -36.375 0.0000000000
15285  -43.095  -78.689  -36.767 0.0000000000
15286  -44.488  -78.638  -37.157 0.0000000000
15297  -42.294  -78.446  -37.424 0.0000000000
15298  -43.478  -78.645  -37.813 0.0000000000
15306  -42.865  -78.413  -38.128 0.0000000000
16269  -41.703  -78.909  -25.767 0.0000000000
16270  -42.252  -79.819  -25.399 0.0000000000
16287  -41.432  -78.692  -25.958 0.0000000000
16293  -41.472  -78.877  -26.120 0.0000000000
16300  -41.534  -78.379  -26.485 0.0000000000
16311  -41.855  -77.839  -26.922 0.0000000000
16312  -42.473  -77.596  -27.305 0.0000000000
16324  -43.127  -77.416  -27.677 0.0000000000
16325  -43.919  -77.471  -28.159 0.0000000000
16326  -44.791  -77.272  -29.123 0.0000000000
16327  -45.529  -77.336  -29.475 0.0000000000
16337  -45.054  -76.532  -30.099 0.0000000000
16338  -45.800  -77.085  -30.107 0.0000000000
16348  -43.019  -75.781  -32.049 0.0000000000
16349  -43.677  -76.071  -31.897 0.0000000000
16350  -44.953  -76.265  -31.029 0.0000000000
16351  -45.991  -76.981  -30.819 0.0000000000
16360  -40.442  -76.726  -33.466 0.0000000000
16361  -41.172  -76.664  -33.044 0.0000000000
16362  -42.535  -76.245  -32.489 0.0000000000
16363  -43.283  -76.454  -32.403 0.0000000000
16372  -39.905  -76.913  -34.110 0.0000000000
16373  -40.796  -77.277  -33.807 0.0000000000
16374  -41.847  -77.478  -33.365 0.0000000000
16375  -42.173  -77.964  -33.652 0.0000000000
16381  -39.486  -77.440  -34.986 0.0000000000
16382  -40.371  -77.574  -34.680 0.0000000000
16383  -41.362  -78.015  -34.338 0.0000000000
16384  -41.884  -78.043  -33.853 0.0000000000
16390  -39.385  -77.384  -35.710 0.0000000000
16391  -40.144  -77.676  -35.508 0.0000000000
16392  -40.786  -78.035  -35.155 0.0000000000
16403  -39.459  -77.230  -36.280 0.0000000000
16404  -40.181  -77.624  -36.239 0.0000000000
16405  -40.830  -78.184  -35.958 0.0000000000
16412  -39.545  -77.106  -36.510 0.0000000000
16413  -40.362  -77.343  -36.792 0.0000000000
16414  -41.161  -78.054  -36.873 0.0000000000
16417  -40.838  -77.333  -37.226 0.0000000000
16418  -42.031  -77.895  -37.849 0.0000000000
16419  -43.122  -78.292  -38.411 0.0000000000
16422  -43.043  -77.782  -38.485 0.0000000000
16428  -43.289  -77.731  -38.546 0.0000000000
17338  -41.391  -77.914  -25.855 0.0000000000
17339  -41.569  -77.825  -25.724 0.0000000000
17340  -42.336  -78.535  -25.473 0.0000000000
17355  -41.236  -77.437  -26.104 0.0000000000
17356  -41.345  -77.523  -25.882 0.0000000000
17365  -40.731  -76.258  -26.961 0.0000000000
17366  -41.290  -77.351  -26.498 0.0000000000
17376  -40.943  -76.381  -27.129 0.0000000000
17377  -41.376  -76.821  -27.126 0.0000000000
17388  -42.043  -76.310  -27.721 0.0000000000
17389  -42.681  -76.534  -27.936 0.0000000000
17397  -42.399  -75.808  -28.556 0.0000000000
17398  -43.030  -76.160  -28.885 0.0000000000
17399  -43.917  -76.271  -29.444 0.0000000000
17400  -44.476  -76.193  -29.981 0.0000000000
17407  -43.197  -75.623  -30.094 0.0000000000
17408  -43.844  -75.765  -30.501 0.0000000000
17409  -44.512  -75.988  -30.640 0.0000000000
17414  -40.580  -75.312  -32.488 0.0000000000
17415  -41.193  -75.253  -32.273 0.0000000000
17416  -42.655  -75.477  -31.551 0.0000000000
17417  -44.060  -75.864  -31.109 0.0000000000
17418  -44.525  -75.968  -30.952 0.0000000000
17427  -39.167  -75.983  -33.096 0.0000000000
17428  -40.070  -75.941  -33.002 0.0000000000
17429  -41.664  -75.822  -32.466 0.0000000000
17430  -42.319  -75.723  -32.264 0.0000000000
17440  -38.856  -76.192  -33.494 0.0000000000
17441  -39.276  -76.496  -34.007 0.0000000000
17447  -38.439  -76.626  -34.464 0.0000000000
17448  -39.065  -77.059  -34.591 0.0000000000
17459  -38.201  -76.737  -35.208 0.0000000000
17460  -38.777  -77.170  -35.164 0.0000000000
17470  -38.351  -76.568  -35.630 0.0000000000
17471  -38.777  -77.048  -35.766 0.0000000000
17474  -38.452  -76.395  -35.778 0.0000000000
17475  -39.017  -76.801  -36.239 0.0000000000
17476  -39.705  -77.046  -36.629 0.0000000000
17479  -39.321  -76.683  -36.435 0.0000000000
17480  -39.983  -76.982  -36.758 0.0000000000
17481  -41.070  -77.248  -37.374 0.0000000000
17484  -42.288  -77.356  -38.016 0.0000000000
17485  -42.753  -77.263  -38.240 0.0000000000
17487  -42.934  -77.568  -38.423 0.0000000000
17488  -43.418  -77.532  -38.475 0.0000000000
18398  -40.608  -75.891  -25.922 0.0000000000
18399  -40.960  -76.321  -25.850 0.0000000000
18400  -41.676  -76.929  -25.689 0.0000000000
18401  -42.595  -77.447  -25.550 0.0000000000
18402  -43.759  -77.940  -25.561 0.0000000000
18415  -40.264  -75.337  -26.842 0.0000000000
18416  -40.557  -75.932  -26.247 0.0000000000
18417  -41.213  -76.950  -26.029 0.0000000000
18426  -40.430  -75.590  -27.068 0.0000000000
18427  -40.791  -76.489  -26.530 0.0000000000
18436  -40.764  -75.443  -27.741 0.0000000000
18437  -41.061  -76.026  -27.436 0.0000000000
18445  -40.977  -74.783  -28.854 0.0000000000
18446  -41.341  -75.618  -27.928 0.0000000000
18451  -41.073  -74.475  -29.469 0.0000000000
18452  -41.644  -75.045  -29.260 0.0000000000
18453  -42.377  -75.509  -29.217 0.0000000000
18458  -40.868  -74.340  -31.290 0.0000000000
18459  -41.664  -74.623  -30.663 0.0000000000
18460  -42.395  -75.265  -30.125 0.0000000000
18467  -38.196  -74.627  -32.580 0.0000000000
18468  -39.305  -74.729  -32.396 0.0000000000
18469  -40.418  -74.907  -32.197 0.0000000000
18470  -41.518  -74.825  -31.539 0.0000000000
18471  -42.095  -74.920  -31.048 0.0000000000
18481  -36.583  -75.003  -33.038 0.0000000000
18482  -37.477  -75.274  -33.046 0.0000000000
18483  -38.763  -75.591  -32.943 0.0000000000
18484  -39.610  -75.341  -32.577 0.0000000000
18490  -36.440  -75.053  -33.426 0.0000000000
18491  -36.909  -75.377  -33.568 0.0000000000
18492  -37.835  -75.884  -33.790 0.0000000000
18500  -36.488  -75.142  -33.842 0.0000000000
18501  -37.044  -75.675  -34.258 0.0000000000
18502  -37.628  -76.264  -34.694 0.0000000000
18512  -36.694  -75.325  -34.478 0.0000000000
18513  -37.136  -75.854  -34.900 0.0000000000
18514  -37.712  -76.268  -35.261 0.0000000000
18518  -36.916  -75.521  -34.898 0.0000000000
18519  -37.340  -75.845  -35.279 0.0000000000
18520  -37.940  -76.206  -35.559 0.0000000000
18523  -37.697  -75.967  -35.504 0.0000000000
18524  -38.311  -76.192  -35.738 0.0000000000
18525  -38.917  -76.330  -36.118 0.0000000000
18531  -39.540  -76.483  -36.480 0.0000000000
18532  -40.328  -76.754  -36.792 0.0000000000
18533  -41.241  -76.926  -37.256 0.0000000000
18534  -41.874  -76.953  -37.187 0.0000000000
18535  -42.695  -77.123  -37.102 0.0000000000
18545  -41.917  -77.177  -37.695 0.0000000000
18546  -42.469  -77.070  -37.996 0.0000000000
18547  -43.327  -76.964  -38.063 0.0000000000
18557  -43.142  -77.271  -38.270 0.0000000000
19558  -40.589  -75.561  -25.999 0.0000000000
19559  -41.079  -75.771  -25.766 0.0000000000
19560  -41.901  -76.085  -25.671 0.0000000000
19561  -43.008  -76.493  -25.777 0.0000000000
19562  -44.290  -76.835  -26.034 0.0000000000
19563  -45.670  -77.159  -26.603 0.0000000000
19564  -47.197  -77.627  -27.303 0.0000000000
19577  -40.240  -74.986  -26.908 0.0000000000
19578  -40.367  -75.305  -26.343 0.0000000000
19585  -40.574  -74.298  -28.486 0.0000000000
19586  -40.328  -74.910  -27.514 0.0000000000
19589  -40.512  -74.051  -29.013 0.0000000000
19590  -40.491  -74.786  -28.101 0.0000000000
19593  -40.185  -73.674  -29.608 0.0000000000
19594  -40.661  -74.354  -28.860 0.0000000000
19597  -39.896  -73.602  -29.996 0.0000000000
19598  -40.554  -73.918  -29.890 0.0000000000
19599  -41.088  -74.379  -29.764 0.0000000000
19603  -36.876  -73.687  -31.769 0.0000000000
19604  -37.546  -73.514  -31.614 0.0000000000
19605  -39.412  -73.819  -31.328 0.0000000000
19606  -40.330  -73.889  -30.927 0.0000000000
19607  -41.056  -74.289  -30.332 0.0000000000
19614  -35.925  -74.301  -32.109 0.0000000000
19615  -36.525  -74.251  -32.109 0.0000000000
19616  -37.725  -73.880  -32.098 0.0000000000
19617  -38.874  -74.101  -32.010 0.0000000000
19618  -39.879  -74.270  -31.701 0.0000000000
19628  -35.632  -74.297  -32.551 0.0000000000
19629  -36.176  -74.613  -32.544 0.0000000000
19630  -37.019  -74.675  -32.548 0.0000000000
19639  -35.440  -74.205  -32.991 0.0000000000
19640  -35.993  -74.676  -33.213 0.0000000000
19651  -35.669  -74.261  -33.343 0.0000000000
19652  -36.185  -74.696  -33.915 0.0000000000
19658  -36.627  -75.059  -34.607 0.0000000000
19664  -36.977  -75.391  -35.049 0.0000000000
19665  -37.403  -75.603  -35.305 0.0000000000
19666  -37.714  -75.574  -35.409 0.0000000000
19676  -37.838  -75.838  -35.556 0.0000000000
19677  -38.290  -75.775  -35.673 0.0000000000
19678  -39.125  -75.860  -36.068 0.0000000000
19679  -39.877  -75.741  -35.986 0.0000000000
19680  -40.667  -75.885  -35.700 0.0000000000
19681  -41.597  -76.256  -35.162 0.0000000000
19682  -42.761  -76.371  -34.700 0.0000000000
19692  -39.832  -76.203  -36.433 0.0000000000
19693  -40.474  -76.345  -36.498 0.0000000000
19694  -41.270  -76.486  -36.419 0.0000000000
19695  -42.193  -76.676  -36.103 0.0000000000
19696  -43.296  -76.907  -35.858 0.0000000000
20789  -40.754  -75.125  -25.983 0.0000000000
20790  -41.297  -74.999  -26.077 0.0000000000
20791  -42.353  -75.395  -26.104 0.0000000000
20792  -43.523  -75.745  -26.465 0.0000000000
20793  -44.764  -76.032  -27.053 0.0000000000
20794  -46.143  -75.979  -27.882 0.0000000000
20806  -40.590  -74.278  -27.610 0.0000000000
20807  -40.547  -74.788  -26.573 0.0000000000
20808  -40.817  -74.791  -26.270 0.0000000000
20809  -46.170  -75.125  -28.523 0.0000000000
20810  -47.242  -75.454  -28.591 0.0000000000
20817  -40.631  -73.905  -28.815 0.0000000000
20818  -40.535  -74.341  -28.044 0.0000000000
20821  -40.501  -73.819  -29.104 0.0000000000
20823  -38.890  -73.116  -29.991 0.0000000000
20824  -39.834  -73.464  -29.564 0.0000000000
20826  -38.304  -72.985  -30.480 0.0000000000
20827  -39.111  -73.395  -30.177 0.0000000000
20828  -39.651  -73.573  -30.313 0.0000000000
20833  -35.783  -73.490  -31.724 0.0000000000
20834  -36.265  -73.438  -31.630 0.0000000000
20835  -37.645  -73.129  -31.151 0.0000000000
20836  -38.889  -73.536  -30.932 0.0000000000
20837  -39.785  -73.693  -30.682 0.0000000000
20843  -35.642  -73.803  -31.948 0.0000000000
20844  -36.144  -73.993  -31.857 0.0000000000
20845  -38.090  -73.496  -31.504 0.0000000000
20846  -38.614  -73.707  -31.600 0.0000000000
20853  -35.131  -73.577  -32.781 0.0000000000
20854  -35.199  -73.755  -32.649 0.0000000000
20859  -35.078  -73.635  -33.004 0.0000000000
20860  -35.290  -73.809  -33.096 0.0000000000
20870  -35.710  -73.961  -33.586 0.0000000000
20871  -36.281  -74.476  -34.146 0.0000000000
20872  -41.010  -73.536  -32.770 0.0000000000
20873  -41.460  -73.627  -32.773 0.0000000000
20882  -36.780  -74.892  -34.754 0.0000000000
20883  -37.298  -74.743  -34.707 0.0000000000
20884  -38.031  -74.611  -34.359 0.0000000000
20885  -38.838  -74.470  -33.848 0.0000000000
20886  -39.290  -74.408  -33.536 0.0000000000
20887  -40.925  -74.030  -32.913 0.0000000000
20888  -42.227  -74.121  -32.849 0.0000000000
20889  -43.559  -74.590  -32.793 0.0000000000
20899  -37.065  -75.270  -35.162 0.0000000000
20900  -37.303  -75.251  -35.166 0.0000000000
20901  -37.946  -75.239  -35.233 0.0000000000
20902  -38.651  -75.038  -34.720 0.0000000000
20903  -39.517  -74.715  -34.108 0.0000000000
20904  -40.533  -74.767  -33.771 0.0000000000
20905  -41.643  -74.826  -33.387 0.0000000000
20906  -42.852  -75.059  -33.093 0.0000000000
20915  -38.215  -75.540  -35.487 0.0000000000
20916  -38.539  -75.491  -35.476 0.0000000000
20917  -39.272  -75.377  -35.286 0.0000000000
20918  -40.122  -75.309  -34.982 0.0000000000
20919  -41.083  -75.446  -34.502 0.0000000000
20920  -42.181  -75.620  -34.015 0.0000000000
20921  -43.206  -75.880  -33.499 0.0000000000
22003  -41.369  -74.457  -26.584 0.0000000000
22004  -41.905  -74.626  -26.648 0.0000000000
22005  -42.887  -74.924  -27.069 0.0000000000
22006  -44.024  -75.295  -27.765 0.0000000000
22007  -44.948  -75.485  -27.951 0.0000000000
22016  -40.678  -73.863  -28.055 0.0000000000
22017  -40.735  -73.971  -27.600 0.0000000000
22018  -40.998  -74.263  -26.911 0.0000000000
22019  -41.596  -74.129  -27.277 0.0000000000
22020  -42.399  -74.237  -27.679 0.0000000000
22021  -43.447  -74.514  -28.300 0.0000000000
22022  -44.948  -74.578  -28.534 0.0000000000
22023  -46.401  -74.344  -28.668 0.0000000000
22034  -40.635  -73.698  -28.957 0.0000000000
22035  -40.649  -73.752  -28.640 0.0000000000
22036  -40.787  -73.668  -28.463 0.0000000000
22037  -44.898  -73.911  -28.837 0.0000000000
22038  -45.310  -73.771  -28.783 0.0000000000
22044  -40.238  -73.445  -29.200 0.0000000000
22045  -40.300  -73.215  -29.120 0.0000000000
22048  -38.366  -72.711  -30.291 0.0000000000
22049  -39.040  -72.872  -29.737 0.0000000000
22052  -36.926  -72.343  -30.908 0.0000000000
22053  -37.474  -72.499  -30.763 0.0000000000
22060  -35.667  -73.075  -31.631 0.0000000000
22061  -36.600  -72.587  -31.150 0.0000000000
22062  -37.242  -72.717  -31.060 0.0000000000
22070  -35.234  -73.246  -32.112 0.0000000000
22078  -35.096  -73.355  -32.806 0.0000000000
22079  -35.077  -73.224  -32.497 0.0000000000
22086  -35.117  -73.383  -33.026 0.0000000000
22087  -35.319  -73.388  -33.178 0.0000000000
22096  -35.565  -73.332  -33.455 0.0000000000
22097  -36.074  -73.664  -33.898 0.0000000000
22098  -36.786  -73.393  -33.771 0.0000000000
22099  -37.743  -73.234  -33.258 0.0000000000
22100  -38.724  -73.235  -32.876 0.0000000000
22101  -39.624  -73.238  -32.742 0.0000000000
22102  -40.495  -73.293  -32.738 0.0000000000
22103  -41.170  -73.159  -32.797 0.0000000000
22112  -36.441  -74.366  -34.264 0.0000000000
22113  -36.720  -74.224  -34.274 0.0000000000
22114  -37.428  -74.025  -34.033 0.0000000000
22115  -38.332  -73.932  -33.470 0.0000000000
22116  -39.299  -73.994  -33.091 0.0000000000
22117  -40.062  -73.783  -32.842 0.0000000000
22118  -41.951  -73.327  -32.828 0.0000000000
22119  -42.981  -73.713  -32.891 0.0000000000
22131  -39.522  -74.361  -33.401 0.0000000000
22132  -39.964  -74.315  -33.198 0.0000000000
23267  -40.868  -73.690  -28.234 0.0000000000
23268  -40.958  -73.654  -28.056 0.0000000000
23269  -41.338  -73.671  -28.130 0.0000000000
23270  -42.017  -73.642  -28.388 0.0000000000
23271  -42.881  -73.752  -28.742 0.0000000000
23272  -43.808  -73.838  -28.804 0.0000000000
23273  -45.997  -73.361  -28.714 0.0000000000
23274  -47.172  -73.374  -28.464 0.0000000000
23284  -40.598  -73.389  -28.973 0.0000000000
23285  -40.812  -73.364  -28.874 0.0000000000
23286  -41.058  -73.193  -29.026 0.0000000000
23287  -41.614  -73.187  -29.102 0.0000000000
23288  -42.369  -73.111  -29.264 0.0000000000
23289  -43.325  -73.114  -29.201 0.0000000000
23290  -44.510  -73.350  -28.972 0.0000000000
23291  -45.309  -72.907  -28.768 0.0000000000
23299  -39.597  -72.731  -29.443 0.0000000000
23300  -40.100  -72.699  -29.201 0.0000000000
23301  -40.524  -72.521  -29.200 0.0000000000
23302  -40.881  -72.381  -29.265 0.0000000000
23309  -38.065  -72.149  -30.279 0.0000000000
23310  -38.748  -72.095  -29.821 0.0000000000
23318  -36.739  -71.982  -30.741 0.0000000000
23319  -37.377  -72.028  -30.549 0.0000000000
23329  -35.568  -72.110  -31.294 0.0000000000
23330  -36.139  -72.070  -30.978 0.0000000000
23340  -34.940  -72.325  -32.212 0.0000000000
23341  -35.140  -72.546  -31.855 0.0000000000
23350  -35.026  -72.815  -32.588 0.0000000000
23351  -35.040  -72.840  -32.248 0.0000000000
23357  -35.046  -73.047  -32.869 0.0000000000
23358  -35.106  -72.916  -33.007 0.0000000000
23362  -35.318  -72.825  -33.150 0.0000000000
23363  -35.667  -72.800  -33.399 0.0000000000
23364  -36.255  -72.659  -33.525 0.0000000000
23365  -37.098  -72.430  -33.410 0.0000000000
23366  -38.157  -72.427  -32.964 0.0000000000
23367  -39.117  -72.501  -32.902 0.0000000000
23368  -40.002  -72.466  -32.911 0.0000000000
23369  -40.710  -72.650  -32.951 0.0000000000
23375  -40.306  -71.588  -33.715 0.0000000000
23376  -40.465  -71.894  -33.486 0.0000000000
23377  -41.415  -72.420  -33.342 0.0000000000
23378  -42.457  -72.824  -33.480 0.0000000000
23379  -43.493  -73.175  -33.750 0.0000000000
23386  -40.413  -71.408  -33.958 0.0000000000
23387  -41.031  -71.430  -34.259 0.0000000000
23388  -42.029  -71.815  -34.253 0.0000000000
23389  -42.933  -72.297  -34.583 0.0000000000
23400  -41.624  -71.185  -35.084 0.0000000000
23401  -42.379  -71.421  -35.577 0.0000000000
23402  -43.384  -71.709  -35.519 0.0000000000
23412  -42.897  -71.225  -36.384 0.0000000000
23413  -43.731  -71.272  -36.491 0.0000000000
24510  -45.314  -71.890  -28.569 0.0000000000
24511  -45.874  -72.315  -28.463 0.0000000000
24523  -41.272  -72.602  -29.252 0.0000000000
24524  -41.771  -72.282  -29.388 0.0000000000
24525  -42.692  -72.244  -29.369 0.0000000000
24526  -43.777  -72.253  -29.180 0.0000000000
24527  -44.922  -72.127  -28.781 0.0000000000
24528  -45.347  -72.453  -28.684 0.0000000000
24539  -39.270  -71.882  -29.615 0.0000000000
24540  -39.822  -71.716  -29.472 0.0000000000
24541  -40.484  -71.731  -29.360 0.0000000000
24542  -41.121  -71.846  -29.310 0.0000000000
24543  -41.517  -71.600  -29.365 0.0000000000
24555  -38.068  -71.476  -30.043 0.0000000000
24556  -38.592  -71.418  -29.780 0.0000000000
24569  -35.874  -70.853  -30.734 0.0000000000
24570  -36.512  -71.171  -30.568 0.0000000000
24571  -37.301  -71.488  -30.368 0.0000000000
24581  -35.411  -71.225  -31.159 0.0000000000
24582  -35.966  -71.563  -30.895 0.0000000000
24595  -34.897  -71.938  -32.237 0.0000000000
24596  -35.036  -71.637  -31.817 0.0000000000
24609  -34.995  -72.239  -32.518 0.0000000000
24610  -35.025  -71.649  -32.356 0.0000000000
24620  -35.100  -72.646  -32.776 0.0000000000
24621  -35.199  -72.189  -32.804 0.0000000000
24626  -35.417  -72.307  -33.070 0.0000000000
24627  -35.821  -71.994  -33.166 0.0000000000
24628  -36.610  -71.633  -33.205 0.0000000000
24629  -37.602  -71.451  -33.194 0.0000000000
24630  -38.604  -71.597  -33.239 0.0000000000
24631  -39.513  -71.737  -33.320 0.0000000000
24632  -40.051  -71.853  -33.351 0.0000000000
24633  -40.051  -71.427  -33.744 0.0000000000
24634  -40.193  -71.738  -33.519 0.0000000000
24637  -39.831  -70.582  -35.218 0.0000000000
24638  -40.142  -70.858  -34.837 0.0000000000
24639  -40.987  -70.852  -35.287 0.0000000000
24646  -39.921  -70.464  -35.587 0.0000000000
24647  -40.498  -70.466  -36.167 0.0000000000
24648  -41.508  -70.823  -36.288 0.0000000000
24649  -42.274  -70.991  -36.720 0.0000000000
24661  -40.909  -70.440  -37.426 0.0000000000
24662  -41.789  -70.715  -37.495 0.0000000000
24663  -42.834  -70.886  -37.351 0.0000000000
24674  -40.783  -70.170  -38.041 0.0000000000
24675  -41.241  -70.319  -38.146 0.0000000000
24676  -42.145  -70.361  -38.094 0.0000000000
25701  -44.650  -70.736  -28.301 0.0000000000
25702  -45.200  -71.239  -28.403 0.0000000000
25703  -46.395  -71.156  -27.781 0.0000000000
25716  -38.882  -70.059  -28.838 0.0000000000
25717  -39.337  -70.275  -28.917 0.0000000000
25718  -40.175  -70.424  -29.079 0.0000000000
25719  -41.022  -70.683  -29.129 0.0000000000
25720  -41.878  -71.256  -29.281 0.0000000000
25721  -43.033  -71.283  -29.144 0.0000000000
25722  -44.208  -71.197  -28.573 0.0000000000
25723  -44.779  -71.505  -28.595 0.0000000000
25737  -37.201  -70.023  -29.398 0.0000000000
25738  -37.529  -70.169  -29.421 0.0000000000
25739  -38.667  -70.669  -29.390 0.0000000000
25740  -39.861  -70.963  -29.339 0.0000000000
25741  -40.664  -71.124  -29.326 0.0000000000
25742  -41.291  -71.291  -29.303 0.0000000000
25743  -41.556  -71.355  -29.337 0.0000000000
25761  -37.032  -70.116  -29.590 0.0000000000
25762  -37.495  -70.768  -29.901 0.0000000000
25763  -38.197  -71.069  -29.803 0.0000000000
25778  -35.814  -70.448  -30.586 0.0000000000
25779  -36.377  -70.382  -30.152 0.0000000000
25780  -36.914  -70.933  -30.279 0.0000000000
25786  -35.529  -70.579  -30.913 0.0000000000
25791  -35.309  -70.776  -31.397 0.0000000000
25805  -35.198  -70.747  -32.015 0.0000000000
25806  -35.554  -70.280  -32.054 0.0000000000
25821  -35.348  -71.239  -32.601 0.0000000000
25822  -35.796  -70.332  -32.397 0.0000000000
25824  -35.447  -71.703  -32.956 0.0000000000
25825  -36.168  -70.840  -32.900 0.0000000000
25826  -37.162  -70.528  -33.236 0.0000000000
25827  -38.120  -70.370  -33.644 0.0000000000
25828  -39.084  -70.967  -33.682 0.0000000000
25829  -39.591  -71.205  -33.697 0.0000000000
25831  -38.324  -69.583  -34.435 0.0000000000
25832  -38.948  -70.176  -34.288 0.0000000000
25833  -39.625  -70.734  -34.201 0.0000000000
25835  -38.732  -69.534  -35.140 0.0000000000
25836  -39.498  -70.318  -35.183 0.0000000000
25837  -39.734  -70.669  -34.723 0.0000000000
25842  -39.088  -69.448  -36.111 0.0000000000
25843  -39.728  -70.034  -36.472 0.0000000000
25844  -40.248  -70.156  -37.187 0.0000000000
25851  -39.364  -69.306  -37.024 0.0000000000
25852  -39.873  -69.563  -37.671 0.0000000000
25853  -40.433  -69.936  -37.868 0.0000000000
25863  -40.211  -69.537  -38.217 0.0000000000
25864  -40.669  -69.626  -38.412 0.0000000000
25865  -41.482  -69.624  -38.496 0.0000000000
25879  -40.881  -69.190  -38.722 0.0000000000
25880  -41.273  -68.930  -38.755 0.0000000000
26918  -42.090  -70.039  -28.567 0.0000000000
26919  -42.531  -70.032  -28.649 0.0000000000
26920  -42.772  -69.913  -28.683 0.0000000000
26921  -44.945  -70.395  -28.175 0.0000000000
26922  -45.631  -70.136  -27.830 0.0000000000
26923  -46.817  -70.008  -27.365 0.0000000000
26936  -39.018  -69.833  -28.579 0.0000000000
26937  -39.572  -69.745  -28.604 0.0000000000
26938  -40.565  -69.965  -28.689 0.0000000000
26939  -41.545  -70.199  -28.739 0.0000000000
26940  -42.395  -70.433  -28.915 0.0000000000
26941  -43.216  -70.241  -28.693 0.0000000000
26942  -44.300  -70.162  -28.229 0.0000000000
26943  -44.941  -69.851  -28.019 0.0000000000
26955  -37.208  -69.781  -29.366 0.0000000000
26956  -37.851  -69.787  -29.108 0.0000000000
26957  -38.539  -69.682  -28.701 0.0000000000
26958  -38.947  -69.471  -28.413 0.0000000000
26970  -36.725  -69.731  -29.666 0.0000000000
26982  -35.779  -70.130  -30.586 0.0000000000
26983  -36.219  -69.555  -30.143 0.0000000000
26997  -35.504  -70.282  -31.010 0.0000000000
26998  -35.800  -69.709  -30.888 0.0000000000
27008  -35.478  -70.247  -31.420 0.0000000000
27009  -35.818  -69.709  -31.514 0.0000000000
27025  -35.547  -70.169  -31.801 0.0000000000
27026  -35.967  -69.785  -32.033 0.0000000000
27044  -36.393  -69.565  -32.445 0.0000000000
27052  -36.523  -69.803  -32.746 0.0000000000
27053  -37.168  -69.420  -33.325 0.0000000000
27054  -37.502  -69.827  -33.601 0.0000000000
27056  -37.442  -68.672  -34.020 0.0000000000
27057  -37.690  -69.164  -34.231 0.0000000000
27059  -38.061  -68.991  -35.060 0.0000000000
27063  -38.389  -68.835  -35.942 0.0000000000
27067  -38.837  -68.679  -36.920 0.0000000000
27068  -39.350  -68.778  -37.824 0.0000000000
27073  -40.020  -68.924  -38.609 0.0000000000
27074  -40.535  -69.091  -38.731 0.0000000000
27091  -40.299  -68.239  -38.975 0.0000000000
27092  -40.784  -68.560  -38.945 0.0000000000
27093  -41.711  -68.254  -38.860 0.0000000000
28143  -41.772  -69.804  -28.533 0.0000000000
28144  -42.249  -69.800  -28.585 0.0000000000
28145  -42.548  -69.813  -28.641 0.0000000000
28146  -45.258  -69.377  -27.809 0.0000000000
28147  -46.049  -69.041  -27.522 0.0000000000
28160  -39.205  -69.185  -28.369 0.0000000000
28161  -40.016  -69.363  -28.539 0.0000000000
28162  -41.066  -69.530  -28.513 0.0000000000
28163  -41.894  -69.464  -28.543 0.0000000000
28164  -42.754  -69.537  -28.751 0.0000000000
28165  -43.718  -69.384  -28.469 0.0000000000
28166  -44.614  -69.289  -28.105 0.0000000000
28167  -45.173  -68.694  -27.744 0.0000000000
28178  -37.000  -69.493  -29.445 0.0000000000
28179  -37.367  -69.310  -29.244 0.0000000000
28180  -37.944  -69.237  -28.748 0.0000000000
28181  -38.607  -69.108  -28.473 0.0000000000
28194  -36.828  -69.214  -29.622 0.0000000000
28195  -37.150  -69.110  -29.385 0.0000000000
28208  -36.565  -68.994  -30.092 0.0000000000
28223  -36.320  -69.059  -30.644 0.0000000000
28242  -36.256  -69.145  -31.280 0.0000000000
28243  -43.506  -71.219  -32.779 0.0000000000
28258  -36.297  -69.250  -31.778 0.0000000000
28273  -36.605  -69.006  -32.296 0.0000000000
28285  -36.870  -68.772  -32.952 0.0000000000
28286  -37.264  -68.281  -33.783 0.0000000000
28295  -37.428  -68.139  -34.825 0.0000000000
28296  -37.708  -68.611  -34.937 0.0000000000
28304  -37.732  -67.563  -35.982 0.0000000000
28305  -37.827  -68.334  -35.591 0.0000000000
28313  -37.969  -67.036  -36.832 0.0000000000
28314  -38.260  -67.878  -36.628 0.0000000000
28318  -38.240  -67.158  -37.366 0.0000000000
28319  -38.775  -67.772  -37.829 0.0000000000
28320  -39.445  -68.250  -38.388 0.0000000000
28325  -39.306  -67.660  -38.473 0.0000000000
28326  -39.835  -67.940  -38.821 0.0000000000
28337  -40.308  -67.746  -39.063 0.0000000000
28338  -40.759  -67.856  -39.164 0.0000000000
28339  -41.472  -67.775  -39.183 0.0000000000
29394  -38.969  -68.954  -28.357 0.0000000000
29395  -39.421  -68.980  -28.408 0.0000000000
29396  -40.345  -69.014  -28.520 0.0000000000
29397  -41.300  -69.058  -28.511 0.0000000000
29398  -42.170  -68.957  -28.740 0.0000000000
29399  -43.132  -68.722  -28.660 0.0000000000
29400  -44.258  -68.410  -28.177 0.0000000000
29409  -37.631  -69.028  -28.937 0.0000000000
29410  -38.012  -68.940  -28.831 0.0000000000
29411  -38.766  -68.820  -28.674 0.0000000000
29412  -39.547  -68.854  -28.555 0.0000000000
29413  -40.001  -68.917  -28.667 0.0000000000
29424  -37.008  -68.965  -29.516 0.0000000000
29425  -37.381  -68.938  -29.343 0.0000000000
29426  -37.862  -68.762  -29.299 0.0000000000
29427  -38.299  -68.706  -29.409 0.0000000000
29441  -36.909  -68.835  -29.783 0.0000000000
29442  -37.229  -68.648  -29.881 0.0000000000
29443  -37.667  -68.612  -30.056 0.0000000000
29444  -38.091  -68.686  -29.855 0.0000000000
29458  -36.776  -68.538  -30.541 0.0000000000
29459  -37.116  -68.404  -30.494 0.0000000000
29460  -37.344  -68.416  -30.619 0.0000000000
29483  -36.542  -68.584  -31.172 0.0000000000
29484  -40.754  -69.401  -33.858 0.0000000000
29485  -41.291  -69.963  -33.331 0.0000000000
29486  -42.062  -70.493  -32.850 0.0000000000
29487  -42.812  -71.216  -32.272 0.0000000000
29488  -43.716  -71.538  -31.638 0.0000000000
29506  -36.639  -68.492  -31.952 0.0000000000
29507  -40.703  -68.862  -34.854 0.0000000000
29508  -41.226  -69.317  -34.386 0.0000000000
29509  -41.926  -69.659  -34.064 0.0000000000
29510  -42.829  -70.247  -33.824 0.0000000000
29529  -36.787  -68.048  -32.836 0.0000000000
29530  -40.755  -68.649  -35.589 0.0000000000
29531  -41.170  -68.952  -35.352 0.0000000000
29532  -41.614  -69.237  -34.935 0.0000000000
29533  -43.556  -69.484  -35.232 0.0000000000
29545  -36.972  -67.756  -33.552 0.0000000000
29546  -37.171  -67.520  -34.335 0.0000000000
29547  -43.582  -68.759  -36.290 0.0000000000
29557  -37.493  -67.205  -35.443 0.0000000000
29568  -38.046  -66.659  -36.805 0.0000000000
29569  -37.907  -66.901  -36.510 0.0000000000
29579  -37.950  -66.422  -36.906 0.0000000000
29580  -37.907  -66.423  -37.078 0.0000000000
29590  -38.036  -66.506  -37.476 0.0000000000
29591  -38.351  -66.679  -37.958 0.0000000000
29602  -38.960  -66.855  -38.469 0.0000000000
29603  -39.595  -67.275  -38.646 0.0000000000
29621  -39.580  -66.663  -38.704 0.0000000000
29622  -40.097  -67.104  -38.962 0.0000000000
29623  -40.710  -67.242  -39.221 0.0000000000
29624  -41.480  -67.207  -39.347 0.0000000000
29625  -42.209  -67.254  -39.590 0.0000000000
29632  -42.234  -66.913  -39.763 0.0000000000
30694  -40.914  -68.885  -28.581 0.0000000000
30695  -41.427  -68.653  -28.612 0.0000000000
30696  -42.259  -68.235  -28.552 0.0000000000
30697  -43.340  -67.745  -28.396 0.0000000000
30706  -39.231  -68.734  -28.699 0.0000000000
30707  -39.642  -68.802  -28.780 0.0000000000
30708  -40.519  -68.796  -28.760 0.0000000000
30709  -41.500  -68.301  -28.810 0.0000000000
30710  -42.350  -67.790  -28.616 0.0000000000
30711  -42.912  -67.548  -28.611 0.0000000000
30716  -39.007  -68.690  -29.025 0.0000000000
30717  -39.605  -68.817  -29.221 0.0000000000
30718  -40.594  -68.851  -29.249 0.0000000000
30719  -41.228  -68.407  -29.064 0.0000000000
30728  -37.965  -68.668  -30.158 0.0000000000
30729  -38.497  -68.838  -29.894 0.0000000000
30730  -39.352  -69.311  -30.015 0.0000000000
30731  -40.221  -69.532  -30.067 0.0000000000
30745  -36.928  -68.302  -30.933 0.0000000000
30746  -37.114  -68.278  -31.128 0.0000000000
30747  -37.662  -68.556  -30.922 0.0000000000
30748  -38.372  -69.138  -31.153 0.0000000000
30749  -39.249  -69.647  -31.324 0.0000000000
30750  -40.276  -70.114  -31.109 0.0000000000
30751  -41.225  -70.221  -30.943 0.0000000000
30752  -42.083  -70.138  -30.431 0.0000000000
30753  -42.928  -70.153  -29.778 0.0000000000
30754  -43.838  -69.921  -29.609 0.0000000000
30773  -36.939  -68.137  -31.700 0.0000000000
30774  -37.281  -67.891  -32.232 0.0000000000
30775  -37.878  -68.367  -32.301 0.0000000000
30776  -38.640  -68.842  -32.430 0.0000000000
30777  -39.498  -69.136  -32.858 0.0000000000
30778  -40.581  -69.898  -32.629 0.0000000000
30779  -41.485  -70.504  -31.953 0.0000000000
30780  -42.363  -70.696  -31.292 0.0000000000
30781  -43.235  -70.870  -30.686 0.0000000000
30782  -44.123  -70.995  -30.237 0.0000000000
30798  -36.892  -67.638  -32.769 0.0000000000
30799  -37.154  -67.371  -32.901 0.0000000000
30800  -39.617  -68.460  -33.778 0.0000000000
30801  -40.139  -68.761  -34.069 0.0000000000
30802  -42.051  -69.294  -34.874 0.0000000000
30803  -42.340  -69.565  -34.445 0.0000000000
30824  -36.920  -67.345  -33.538 0.0000000000
30825  -37.108  -67.004  -33.620 0.0000000000
30826  -40.050  -67.659  -36.449 0.0000000000
30827  -40.255  -68.280  -35.831 0.0000000000
30828  -41.056  -68.485  -36.147 0.0000000000
30829  -41.799  -69.001  -35.890 0.0000000000
30830  -42.567  -69.334  -35.170 0.0000000000
30850  -36.973  -67.288  -33.970 0.0000000000
30851  -37.244  -67.009  -34.489 0.0000000000
30852  -40.159  -67.461  -36.718 0.0000000000
30853  -40.392  -67.543  -36.721 0.0000000000
30854  -40.875  -67.770  -36.867 0.0000000000
30855  -41.705  -68.000  -36.916 0.0000000000
30856  -42.858  -68.404  -36.585 0.0000000000
30857  -43.924  -67.972  -36.807 0.0000000000
30871  -37.674  -66.891  -35.555 0.0000000000
30885  -38.042  -66.712  -36.580 0.0000000000
30886  -38.020  -66.709  -36.373 0.0000000000
30894  -38.089  -66.460  -36.702 0.0000000000
30895  -37.967  -66.047  -37.037 0.0000000000
30901  -38.001  -65.828  -37.601 0.0000000000
30902  -38.102  -66.053  -37.950 0.0000000000
30913  -38.134  -65.535  -38.103 0.0000000000
30914  -38.440  -65.833  -38.420 0.0000000000
30931  -39.162  -65.915  -38.761 0.0000000000
30932  -39.960  -66.094  -38.918 0.0000000000
30933  -40.686  -66.401  -39.257 0.0000000000
30934  -41.208  -66.751  -39.354 0.0000000000
30937  -41.337  -66.251  -39.473 0.0000000000
30938  -41.921  -66.495  -39.659 0.0000000000
30939  -42.795  -66.555  -40.015 0.0000000000
32063  -41.961  -67.879  -28.751 0.0000000000
32064  -42.492  -67.638  -28.747 0.0000000000
32074  -41.085  -68.535  -29.182 0.0000000000
32075  -41.656  -68.167  -29.025 0.0000000000
32076  -42.561  -67.726  -29.085 0.0000000000
32086  -41.057  -68.903  -29.417 0.0000000000
32087  -41.654  -68.736  -29.439 0.0000000000
32088  -42.184  -68.575  -29.411 0.0000000000
32089  -42.725  -68.389  -29.346 0.0000000000
32090  -43.348  -68.132  -29.409 0.0000000000
32102  -40.936  -69.440  -29.922 0.0000000000
32103  -41.374  -69.528  -29.978 0.0000000000
32104  -42.014  -69.388  -29.802 0.0000000000
32105  -42.753  -69.281  -29.357 0.0000000000
32106  -43.720  -68.654  -29.490 0.0000000000
32107  -44.507  -68.517  -29.527 0.0000000000
32115  -37.458  -67.147  -33.146 0.0000000000
32116  -37.843  -67.292  -33.127 0.0000000000
32117  -38.497  -67.681  -33.330 0.0000000000
32118  -38.913  -68.430  -33.180 0.0000000000
32120  -37.524  -66.738  -33.712 0.0000000000
32121  -37.812  -66.761  -33.483 0.0000000000
32122  -38.927  -67.174  -33.800 0.0000000000
32123  -39.308  -67.755  -33.999 0.0000000000
32124  -39.704  -68.231  -34.137 0.0000000000
32133  -37.517  -66.690  -34.464 0.0000000000
32134  -39.627  -67.651  -35.793 0.0000000000
32135  -39.725  -68.196  -34.857 0.0000000000
32136  -43.076  -65.934  -37.570 0.0000000000
32137  -43.464  -65.850  -37.505 0.0000000000
32138  -44.725  -65.972  -37.483 0.0000000000
32148  -37.746  -66.768  -35.328 0.0000000000
32149  -40.064  -67.201  -36.894 0.0000000000
32150  -40.635  -67.034  -37.467 0.0000000000
32151  -41.394  -67.033  -37.539 0.0000000000
32152  -42.402  -66.879  -37.627 0.0000000000
32153  -43.485  -66.700  -37.323 0.0000000000
32154  -44.289  -66.610  -37.290 0.0000000000
32155  -44.750  -66.657  -37.268 0.0000000000
32161  -38.102  -66.751  -36.147 0.0000000000
32169  -38.119  -66.003  -36.845 0.0000000000
32178  -38.198  -65.521  -37.296 0.0000000000
32186  -38.180  -65.374  -37.586 0.0000000000
32204  -38.148  -65.131  -37.998 0.0000000000
32205  -38.325  -65.016  -38.458 0.0000000000
32221  -38.761  -65.041  -38.883 0.0000000000
32222  -39.532  -65.146  -39.099 0.0000000000
32223  -40.563  -65.410  -39.224 0.0000000000
32224  -41.349  -65.358  -39.359 0.0000000000
32227  -41.136  -65.821  -39.398 0.0000000000
32228  -41.875  -65.739  -39.571 0.0000000000
32229  -42.782  -65.935  -39.854 0.0000000000
33469  -43.145  -67.415  -29.091 0.0000000000
33485  -42.772  -67.830  -29.226 0.0000000000
33513  -38.159  -66.764  -33.575 0.0000000000
33514  -38.280  -67.001  -33.469 0.0000000000
33517  -37.854  -66.569  -34.572 0.0000000000
33518  -38.141  -66.684  -34.206 0.0000000000
33519  -38.673  -66.878  -33.972 0.0000000000
33520  -39.016  -67.086  -34.049 0.0000000000
33521  -41.633  -64.251  -36.275 0.0000000000
33522  -42.203  -64.098  -36.277 0.0000000000
33523  -42.976  -63.754  -36.379 0.0000000000
33524  -43.810  -63.698  -36.333 0.0000000000
33525  -44.492  -63.805  -36.362 0.0000000000
33532  -37.981  -66.590  -35.318 0.0000000000
33533  -38.335  -66.651  -35.404 0.0000000000
33534  -38.774  -66.824  -35.274 0.0000000000
33535  -39.079  -67.119  -34.891 0.0000000000
33536  -41.174  -64.957  -36.937 0.0000000000
33537  -41.723  -65.105  -37.044 0.0000000000
33538  -42.516  -65.231  -37.236 0.0000000000
33539  -43.438  -65.039  -37.163 0.0000000000
33540  -44.231  -65.170  -37.213 0.0000000000
33554  -38.199  -66.699  -35.969 0.0000000000
33555  -38.527  -66.537  -36.375 0.0000000000
33556  -38.981  -66.468  -36.550 0.0000000000
33557  -39.515  -66.648  -36.691 0.0000000000
33558  -40.467  -65.894  -37.406 0.0000000000
33559  -41.160  -66.069  -37.563 0.0000000000
33560  -41.807  -66.107  -37.641 0.0000000000
33561  -43.755  -65.752  -37.476 0.0000000000
33562  -43.999  -66.067  -37.515 0.0000000000
33569  -38.331  -66.387  -36.636 0.0000000000
33570  -38.627  -65.785  -36.902 0.0000000000
33577  -38.381  -65.603  -37.006 0.0000000000
33578  -38.679  -65.294  -37.098 0.0000000000
33587  -38.371  -65.296  -37.326 0.0000000000
33605  -38.358  -64.970  -37.671 0.0000000000
33606  -38.431  -64.449  -37.941 0.0000000000
33626  -38.286  -64.850  -37.905 0.0000000000
33627  -38.413  -64.485  -38.242 0.0000000000
33633  -38.642  -64.400  -38.733 0.0000000000
33634  -39.210  -64.411  -39.023 0.0000000000
33635  -40.129  -64.569  -39.071 0.0000000000
33636  -41.361  -64.775  -39.087 0.0000000000
33637  -42.659  -64.803  -38.962 0.0000000000
33644  -41.980  -65.181  -39.317 0.0000000000
33645  -42.837  -65.328  -39.441 0.0000000000
34876  -42.339  -62.673  -34.440 0.0000000000
34877  -42.896  -62.631  -34.116 0.0000000000
34878  -43.246  -62.573  -33.957 0.0000000000
34882  -40.991  -63.867  -35.925 0.0000000000
34883  -41.344  -63.821  -35.843 0.0000000000
34884  -41.952  -63.450  -35.376 0.0000000000
34885  -42.623  -63.244  -35.106 0.0000000000
34886  -43.424  -62.991  -34.714 0.0000000000
34887  -44.146  -63.108  -35.077 0.0000000000
34893  -40.726  -64.512  -36.793 0.0000000000
34894  -40.886  -64.695  -36.784 0.0000000000
34906  -39.081  -65.740  -36.989 0.0000000000
34907  -39.881  -65.392  -37.300 0.0000000000
34908  -40.306  -65.328  -37.307 0.0000000000
34909  -40.610  -65.138  -37.187 0.0000000000
34921  -39.020  -65.218  -37.125 0.0000000000
34922  -39.596  -64.989  -37.305 0.0000000000
34933  -38.591  -65.145  -37.293 0.0000000000
34934  -38.973  -64.819  -37.338 0.0000000000
34935  -39.303  -64.821  -37.365 0.0000000000
34954  -38.515  -65.026  -37.448 0.0000000000
34955  -38.743  -64.664  -37.533 0.0000000000
34977  -38.545  -64.850  -37.598 0.0000000000
34978  -38.659  -64.314  -37.757 0.0000000000
34988  -38.744  -63.936  -38.080 0.0000000000
34989  -39.119  -63.692  -38.279 0.0000000000
34990  -39.681  -63.655  -38.367 0.0000000000
34991  -40.607  -63.749  -38.218 0.0000000000
34992  -41.942  -63.805  -37.911 0.0000000000
34993  -43.520  -63.783  -37.642 0.0000000000
34994  -44.511  -63.560  -37.965 0.0000000000
34996  -38.721  -64.006  -38.455 0.0000000000
34997  -39.090  -63.912  -38.728 0.0000000000
34998  -39.810  -63.987  -38.822 0.0000000000
34999  -40.922  -64.165  -38.674 0.0000000000
35000  -42.309  -64.322  -38.427 0.0000000000
35001  -43.735  -64.352  -38.281 0.0000000000
36140  -41.987  -62.130  -34.404 0.0000000000
36141  -42.223  -62.013  -34.063 0.0000000000
36142  -42.616  -62.011  -33.770 0.0000000000
36143  -43.149  -62.145  -33.619 0.0000000000
36144  -43.683  -62.187  -33.643 0.0000000000
36145  -44.001  -62.330  -33.763 0.0000000000
36150  -41.052  -63.319  -35.478 0.0000000000
36151  -41.375  -63.028  -35.050 0.0000000000
36152  -41.805  -62.828  -34.758 0.0000000000
36153  -43.493  -62.507  -33.879 0.0000000000
36154  -43.886  -62.636  -34.045 0.0000000000
36168  -40.815  -63.793  -36.078 0.0000000000
36190  -40.352  -64.606  -37.174 0.0000000000
36191  -40.545  -64.280  -36.729 0.0000000000
36210  -40.180  -64.519  -37.318 0.0000000000
36229  -39.107  -64.428  -37.545 0.0000000000
36230  -39.805  -64.260  -37.552 0.0000000000
36250  -39.176  -64.095  -37.695 0.0000000000
36251  -40.038  -63.649  -37.614 0.0000000000
36252  -42.833  -62.308  -36.117 0.0000000000
36253  -43.290  -62.240  -36.108 0.0000000000
36254  -43.939  -62.019  -36.220 0.0000000000
36266  -39.243  -63.733  -37.823 0.0000000000
36267  -40.180  -63.413  -37.600 0.0000000000
36268  -40.863  -62.987  -37.215 0.0000000000
36269  -42.433  -62.609  -36.514 0.0000000000
36270  -43.796  -62.492  -36.505 0.0000000000
36276  -39.317  -63.575  -37.977 0.0000000000
36277  -39.819  -63.484  -37.881 0.0000000000
36278  -40.403  -63.527  -37.775 0.0000000000
36279  -41.502  -63.347  -37.402 0.0000000000
36280  -43.157  -63.267  -36.972 0.0000000000
37405  -42.205  -61.590  -34.073 0.0000000000
37406  -42.284  -61.445  -33.862 0.0000000000
37407  -42.464  -61.364  -33.616 0.0000000000
37408  -42.846  -61.421  -33.457 0.0000000000
37409  -43.415  -61.582  -33.482 0.0000000000
37410  -44.054  -61.921  -33.621 0.0000000000
37421  -41.235  -62.862  -35.143 0.0000000000
37422  -41.746  -62.244  -34.691 0.0000000000
37440  -41.029  -63.070  -35.480 0.0000000000
37441  -41.488  -62.424  -34.991 0.0000000000
37466  -40.459  -64.077  -36.925 0.0000000000
37467  -40.748  -63.234  -36.079 0.0000000000
37489  -40.454  -63.662  -36.893 0.0000000000
37490  -40.837  -62.817  -36.140 0.0000000000
37507  -40.498  -63.149  -36.820 0.0000000000
37508  -41.004  -62.581  -36.138 0.0000000000
37509  -43.045  -61.660  -35.620 0.0000000000
37510  -43.353  -61.457  -35.759 0.0000000000
37520  -40.561  -62.942  -36.928 0.0000000000
37521  -41.948  -62.315  -36.166 0.0000000000
37522  -42.767  -62.059  -35.861 0.0000000000
37523  -43.612  -61.764  -35.972 0.0000000000
37533  -40.850  -62.762  -36.794 0.0000000000
37534  -41.558  -62.542  -36.481 0.0000000000
37535  -42.155  -62.362  -36.246 0.0000000000
38675  -42.335  -61.245  -33.676 0.0000000000
38676  -42.448  -60.961  -33.585 0.0000000000
38677  -42.665  -60.886  -33.451 0.0000000000
38678  -43.133  -60.917  -33.394 0.0000000000
38679  -43.785  -61.130  -33.530 0.0000000000
38692  -42.275  -61.174  -33.915 0.0000000000
38693  -42.495  -60.778  -33.529 0.0000000000
38715  -41.315  -62.596  -35.308 0.0000000000
38716  -42.020  -61.778  -34.777 0.0000000000
38739  -41.373  -62.431  -35.463 0.0000000000
38740  -41.998  -61.807  -35.143 0.0000000000
38760  -41.525  -62.294  -35.611 0.0000000000
38761  -42.413  -61.561  -35.242 0.0000000000
38775  -40.901  -62.657  -36.397 0.0000000000
38776  -41.661  -62.283  -35.824 0.0000000000
38777  -42.914  -61.388  -35.529 0.0000000000
38787  -41.119  -62.542  -36.369 0.0000000000
38788  -41.946  -62.272  -35.948 0.0000000000
38789  -42.511  -61.915  -35.675 0.0000000000
38800  -41.354  -62.486  -36.346 0.0000000000
38801  -41.643  -62.391  -36.236 0.0000000000
39901  -42.660  -60.631  -33.517 0.0000000000
39902  -42.870  -60.467  -33.504 0.0000000000
39923  -42.509  -60.625  -33.719 0.0000000000
39924  -42.709  -60.417  -33.608 0.0000000000
39925  -42.733  -60.297  -33.498 0.0000000000
39948  -42.548  -60.470  -34.261 0.0000000000
39949  -42.619  -60.360  -33.841 0.0000000000
39976  -42.773  -60.645  -34.963 0.0000000000
39997  -43.122  -60.105  -35.598 0.0000000000
41129  -42.846  -60.263  -33.668 0.0000000000
41130  -43.077  -60.172  -33.673 0.0000000000
41153  -42.900  -59.932  -33.985 0.0000000000
41154  -42.978  -60.054  -33.844 0.0000000000
41175  -42.832  -59.882  -34.512 0.0000000000
41176  -42.825  -60.003  -34.164 0.0000000000
41205  -42.921  -59.518  -35.045 0.0000000000
41206  -42.948  -59.556  -34.781 0.0000000000
42400  -42.952  -59.779  -34.200 0.0000000000
42401  -43.047  -59.638  -34.379 0.0000000000
42423  -43.128  -59.450  -34.646 0.0000000000
